  0.000000e+00  36.453804  36.453804
  2.500000e-03  33.771793  33.620341
  5.000000e-03  30.973478  32.207420  
  7.500000e-03  29.127190  31.438404  
  1.000000e-02  28.368977  30.853505  
  1.250000e-02  28.294906  30.266566  
  1.500000e-02  28.390430  29.648448  
  1.750000e-02  28.319085  29.044316  
  2.000000e-02  27.989093  28.494878  
  2.250000e-02  27.473173  28.008086  
  2.500000e-02  26.899509  27.571729  
  2.750000e-02  26.377215  27.171855  
  3.000000e-02  25.961626  26.798563  
  3.250000e-02  25.649644  26.445031  
  3.500000e-02  25.399994  26.108206  
  3.750000e-02  25.165731  25.788844  
  4.000000e-02  24.918403  25.488462  
  4.250000e-02  24.653333  25.206499  
  4.500000e-02  24.381055  24.939912  
  4.750000e-02  24.115249  24.684275  
  5.000000e-02  23.864277  24.435104  
  5.250000e-02  23.628639  24.188978  
  5.500000e-02  23.403255  23.944198  
  5.750000e-02  23.181776  23.700743  
  6.000000e-02  22.960093  23.459644  
  6.250000e-02  22.737528  23.222147  
  6.500000e-02  22.515892  22.989115  
  6.750000e-02  22.297599  22.760833  
  7.000000e-02  22.084140  22.537145  
  7.250000e-02  21.875572  22.317708  
  7.500000e-02  21.670920  22.102184  
  7.750000e-02  21.468971  21.890304  
  8.000000e-02  21.268899  21.681828  
  8.250000e-02  21.070468  21.476489  
  8.500000e-02  20.873874  21.273983  
  8.750000e-02  20.679454  21.074019  
  9.000000e-02  20.487479  20.876386  
  9.250000e-02  20.298099  20.681008  
  9.500000e-02  20.111415  20.487958  
  9.750000e-02  19.927577  20.297435  
  1.000000e-01  19.746835  20.109711  
  1.025000e-01  19.569525  19.925091  
  1.050000e-01  19.396018  19.743874  
  1.075000e-01  19.226668  19.566338  
  1.100000e-01  19.061779  19.392738  
  1.125000e-01  18.901609  19.223307  
  1.150000e-01  18.746384  19.058259  
  1.175000e-01  18.596318  18.897793  
  1.200000e-01  18.451616  18.742096  
  1.225000e-01  18.312472  18.591342  
  1.250000e-01  18.179058  18.445695  
  1.275000e-01  18.051509  18.305306  
  1.300000e-01  17.929920  18.170312  
  1.325000e-01  17.814337  18.040828  
  1.350000e-01  17.704764  17.916948  
  1.375000e-01  17.601165  17.798736  
  1.400000e-01  17.503466  17.686222  
  1.425000e-01  17.411567  17.579405  
  1.450000e-01  17.325337  17.478250  
  1.475000e-01  17.244624  17.382689  
  1.500000e-01  17.169258  17.292627  
  1.525000e-01  17.099046  17.207941  
  1.550000e-01  17.033785  17.128490  
  1.575000e-01  16.973257  17.054112  
  1.600000e-01  16.917237  16.984630  
  1.625000e-01  16.865493  16.919856  
  1.650000e-01  16.817791  16.859595  
  1.675000e-01  16.773899  16.803641  
  1.700000e-01  16.733585  16.751787  
  1.725000e-01  16.696622  16.703822  
  1.750000e-01  16.662788  16.659534  
  1.775000e-01  16.631867  16.618710  
  1.800000e-01  16.603650  16.581144  
  1.825000e-01  16.577934  16.546627  
  1.850000e-01  16.554526  16.514960  
  1.875000e-01  16.533240  16.485947  
  1.900000e-01  16.513900  16.459398  
  1.925000e-01  16.496340  16.435131  
  1.950000e-01  16.480401  16.412971  
  1.975000e-01  16.465934  16.392751  
  2.000000e-01  16.452801  16.374312  
  2.025000e-01  16.440870  16.357503  
  2.050000e-01  16.430022  16.342184  
  2.075000e-01  16.420145  16.328219  
  2.100000e-01  16.411135  16.315485  
  2.125000e-01  16.402899  16.303865  
  2.150000e-01  16.395350  16.293252  
  2.175000e-01  16.388411  16.283545  
  2.200000e-01  16.382012  16.274652  
  2.225000e-01  16.376088  16.266489  
  2.250000e-01  16.370584  16.258978  
  2.275000e-01  16.365449  16.252050  
  2.300000e-01  16.360637  16.245639  
  2.325000e-01  16.356109  16.239689  
  2.350000e-01  16.351828  16.234147  
  2.375000e-01  16.347765  16.228965  
  2.400000e-01  16.343890  16.224103  
  2.425000e-01  16.340181  16.219521  
  2.450000e-01  16.336616  16.215188  
  2.475000e-01  16.333177  16.211072  
  2.500000e-01  16.329846  16.207147  
  2.525000e-01  16.326611  16.203391  
  2.550000e-01  16.323459  16.199781  
  2.575000e-01  16.320379  16.196301  
  2.600000e-01  16.317362  16.192933  
  2.625000e-01  16.314401  16.189665  
  2.650000e-01  16.311487  16.186483  
  2.675000e-01  16.308616  16.183377  
  2.700000e-01  16.305781  16.180338  
  2.725000e-01  16.302980  16.177357  
  2.750000e-01  16.300208  16.174427  
  2.775000e-01  16.297461  16.171543  
  2.800000e-01  16.294738  16.168699  
  2.825000e-01  16.292036  16.165890  
  2.850000e-01  16.289353  16.163113  
  2.875000e-01  16.286687  16.160364  
  2.900000e-01  16.284038  16.157641  
  2.925000e-01  16.281404  16.154940  
  2.950000e-01  16.278784  16.152260  
  2.975000e-01  16.276177  16.149600  
  3.000000e-01  16.273584  16.146957  
  3.025000e-01  16.271003  16.144331  
  3.050000e-01  16.268434  16.141720  
  3.075000e-01  16.265877  16.139123  
  3.100000e-01  16.263332  16.136541  
  3.125000e-01  16.260798  16.133972  
  3.150000e-01  16.258275  16.131416  
  3.175000e-01  16.255763  16.128872  
  3.200000e-01  16.253263  16.126341  
  3.225000e-01  16.250773  16.123821  
  3.250000e-01  16.248294  16.121313  
  3.275000e-01  16.245826  16.118816  
  3.300000e-01  16.243369  16.116331  
  3.325000e-01  16.240923  16.113857  
  3.350000e-01  16.238488  16.111394  
  3.375000e-01  16.236064  16.108943  
  3.400000e-01  16.233650  16.106502  
  3.425000e-01  16.231248  16.104073  
  3.450000e-01  16.228856  16.101654  
  3.475000e-01  16.226476  16.099247  
  3.500000e-01  16.224106  16.096850  
  3.525000e-01  16.221747  16.094465  
  3.550000e-01  16.219399  16.092090  
  3.575000e-01  16.217062  16.089727  
  3.600000e-01  16.214736  16.087374  
  3.625000e-01  16.212421  16.085033  
  3.650000e-01  16.210116  16.082702  
  3.675000e-01  16.207823  16.080382  
  3.700000e-01  16.205541  16.078074  
  3.725000e-01  16.203270  16.075776  
  3.750000e-01  16.201009  16.073490  
  3.775000e-01  16.198760  16.071214  
  3.800000e-01  16.196522  16.068949  
  3.825000e-01  16.194294  16.066696  
  3.850000e-01  16.192078  16.064453  
  3.875000e-01  16.189873  16.062222  
  3.900000e-01  16.187678  16.060001  
  3.925000e-01  16.185495  16.057791  
  3.950000e-01  16.183323  16.055593  
  3.975000e-01  16.181161  16.053405  
  4.000000e-01  16.179011  16.051228  
  4.025000e-01  16.176871  16.049063  
  4.050000e-01  16.174743  16.046908  
  4.075000e-01  16.172625  16.044764  
  4.100000e-01  16.170519  16.042632  
  4.125000e-01  16.168423  16.040510  
  4.150000e-01  16.166339  16.038399  
  4.175000e-01  16.164265  16.036299  
  4.200000e-01  16.162202  16.034211  
  4.225000e-01  16.160150  16.032133  
  4.250000e-01  16.158109  16.030066  
  4.275000e-01  16.156079  16.028010  
  4.300000e-01  16.154060  16.025964  
  4.325000e-01  16.152052  16.023930  
  4.350000e-01  16.150055  16.021907  
  4.375000e-01  16.148068  16.019894  
  4.400000e-01  16.146092  16.017893  
  4.425000e-01  16.144128  16.015902  
  4.450000e-01  16.142174  16.013922  
  4.475000e-01  16.140230  16.011953  
  4.500000e-01  16.138298  16.009994  
  4.525000e-01  16.136376  16.008047  
  4.550000e-01  16.134465  16.006110  
  4.575000e-01  16.132565  16.004184  
  4.600000e-01  16.130675  16.002269  
  4.625000e-01  16.128797  16.000365  
  4.650000e-01  16.126928  15.998471  
  4.675000e-01  16.125071  15.996588  
  4.700000e-01  16.123224  15.994716  
  4.725000e-01  16.121388  15.992854  
  4.750000e-01  16.119562  15.991003  
  4.775000e-01  16.117747  15.989162  
  4.800000e-01  16.115942  15.987332  
  4.825000e-01  16.114148  15.985513  
  4.850000e-01  16.112365  15.983704  
  4.875000e-01  16.110591  15.981906  
  4.900000e-01  16.108829  15.980118  
  4.925000e-01  16.107076  15.978341  
  4.950000e-01  16.105334  15.976574  
  4.975000e-01  16.103603  15.974817  
  5.000000e-01  16.101881  15.973071  
  5.025000e-01  16.100170  15.971335  
  5.050000e-01  16.098469  15.969610  
  5.075000e-01  16.096779  15.967894  
  5.100000e-01  16.095098  15.966189  
  5.125000e-01  16.093428  15.964495  
  5.150000e-01  16.091768  15.962810  
  5.175000e-01  16.090117  15.961136  
  5.200000e-01  16.088477  15.959471  
  5.225000e-01  16.086847  15.957817  
  5.250000e-01  16.085227  15.956173  
  5.275000e-01  16.083617  15.954539  
  5.300000e-01  16.082016  15.952914  
  5.325000e-01  16.080426  15.951300  
  5.350000e-01  16.078845  15.949696  
  5.375000e-01  16.077274  15.948101  
  5.400000e-01  16.075713  15.946516  
  5.425000e-01  16.074161  15.944941  
  5.450000e-01  16.072619  15.943376  
  5.475000e-01  16.071087  15.941821  
  5.500000e-01  16.069564  15.940275  
  5.525000e-01  16.068051  15.938739  
  5.550000e-01  16.066547  15.937212  
  5.575000e-01  16.065053  15.935695  
  5.600000e-01  16.063568  15.934187  
  5.625000e-01  16.062093  15.932689  
  5.650000e-01  16.060626  15.931200  
  5.675000e-01  16.059169  15.929721  
  5.700000e-01  16.057722  15.928251  
  5.725000e-01  16.056283  15.926790  
  5.750000e-01  16.054854  15.925338  
  5.775000e-01  16.053433  15.923896  
  5.800000e-01  16.052022  15.922463  
  5.825000e-01  16.050619  15.921039  
  5.850000e-01  16.049226  15.919623  
  5.875000e-01  16.047841  15.918217  
  5.900000e-01  16.046466  15.916820  
  5.925000e-01  16.045099  15.915432  
  5.950000e-01  16.043741  15.914053  
  5.975000e-01  16.042391  15.912682  
  6.000000e-01  16.041051  15.911320  
  6.025000e-01  16.039719  15.909967  
  6.050000e-01  16.038395  15.908623  
  6.075000e-01  16.037080  15.907287  
  6.100000e-01  16.035773  15.905960  
  6.125000e-01  16.034475  15.904642  
  6.150000e-01  16.033186  15.903331  
  6.175000e-01  16.031904  15.902030  
  6.200000e-01  16.030631  15.900737  
  6.225000e-01  16.029366  15.899452  
  6.250000e-01  16.028109  15.898175  
  6.275000e-01  16.026861  15.896907  
  6.300000e-01  16.025620  15.895646  
  6.325000e-01  16.024388  15.894394  
  6.350000e-01  16.023163  15.893151  
  6.375000e-01  16.021947  15.891915  
  6.400000e-01  16.020738  15.890687  
  6.425000e-01  16.019537  15.889467  
  6.450000e-01  16.018344  15.888255  
  6.475000e-01  16.017159  15.887051  
  6.500000e-01  16.015982  15.885855  
  6.525000e-01  16.014812  15.884666  
  6.550000e-01  16.013650  15.883485  
  6.575000e-01  16.012495  15.882312  
  6.600000e-01  16.011348  15.881147  
  6.625000e-01  16.010208  15.879989  
  6.650000e-01  16.009076  15.878839  
  6.675000e-01  16.007951  15.877696  
  6.700000e-01  16.006833  15.876560  
  6.725000e-01  16.005723  15.875432  
  6.750000e-01  16.004620  15.874311  
  6.775000e-01  16.003524  15.873198  
  6.800000e-01  16.002435  15.872092  
  6.825000e-01  16.001353  15.870993  
  6.850000e-01  16.000278  15.869901  
  6.875000e-01  15.999211  15.868816  
  6.900000e-01  15.998150  15.867738  
  6.925000e-01  15.997096  15.866668  
  6.950000e-01  15.996049  15.865604  
  6.975000e-01  15.995009  15.864547  
  7.000000e-01  15.993975  15.863497  
  7.025000e-01  15.992948  15.862454  
  7.050000e-01  15.991928  15.861418  
  7.075000e-01  15.990915  15.860388  
  7.100000e-01  15.989908  15.859365  
  7.125000e-01  15.988908  15.858349  
  7.150000e-01  15.987914  15.857339  
  7.175000e-01  15.986926  15.856336  
  7.200000e-01  15.985945  15.855339  
  7.225000e-01  15.984971  15.854349  
  7.250000e-01  15.984002  15.853365  
  7.275000e-01  15.983040  15.852388  
  7.300000e-01  15.982084  15.851417  
  7.325000e-01  15.981134  15.850452  
  7.350000e-01  15.980191  15.849493  
  7.375000e-01  15.979253  15.848541  
  7.400000e-01  15.978322  15.847595  
  7.425000e-01  15.977397  15.846655  
  7.450000e-01  15.976477  15.845721  
  7.475000e-01  15.975564  15.844793  
  7.500000e-01  15.974656  15.843871  
  7.525000e-01  15.973754  15.842955  
  7.550000e-01  15.972858  15.842045  
  7.575000e-01  15.971968  15.841140  
  7.600000e-01  15.971083  15.840242  
  7.625000e-01  15.970204  15.839349  
  7.650000e-01  15.969331  15.838462  
  7.675000e-01  15.968464  15.837581  
  7.700000e-01  15.967602  15.836705  
  7.725000e-01  15.966745  15.835835  
  7.750000e-01  15.965894  15.834971  
  7.775000e-01  15.965048  15.834112  
  7.800000e-01  15.964208  15.833258  
  7.825000e-01  15.963373  15.832410  
  7.850000e-01  15.962544  15.831568  
  7.875000e-01  15.961719  15.830730  
  7.900000e-01  15.960900  15.829899  
  7.925000e-01  15.960086  15.829072  
  7.950000e-01  15.959278  15.828251  
  7.975000e-01  15.958474  15.827435  
  8.000000e-01  15.957676  15.826624  
  8.025000e-01  15.956882  15.825818  
  8.050000e-01  15.956094  15.825017  
  8.075000e-01  15.955311  15.824222  
  8.100000e-01  15.954532  15.823431  
  8.125000e-01  15.953759  15.822646  
  8.150000e-01  15.952990  15.821865  
  8.175000e-01  15.952227  15.821090  
  8.200000e-01  15.951468  15.820319  
  8.225000e-01  15.950713  15.819553  
  8.250000e-01  15.949964  15.818792  
  8.275000e-01  15.949219  15.818036  
  8.300000e-01  15.948479  15.817284  
  8.325000e-01  15.947744  15.816538  
  8.350000e-01  15.947013  15.815796  
  8.375000e-01  15.946287  15.815058  
  8.400000e-01  15.945565  15.814325  
  8.425000e-01  15.944848  15.813597  
  8.450000e-01  15.944135  15.812873  
  8.475000e-01  15.943427  15.812154  
  8.500000e-01  15.942723  15.811440  
  8.525000e-01  15.942023  15.810729  
  8.550000e-01  15.941328  15.810024  
  8.575000e-01  15.940637  15.809322  
  8.600000e-01  15.939951  15.808625  
  8.625000e-01  15.939269  15.807932  
  8.650000e-01  15.938590  15.807244  
  8.675000e-01  15.937917  15.806560  
  8.700000e-01  15.937247  15.805880  
  8.725000e-01  15.936581  15.805204  
  8.750000e-01  15.935920  15.804533  
  8.775000e-01  15.935262  15.803865  
  8.800000e-01  15.934609  15.803202  
  8.825000e-01  15.933960  15.802543  
  8.850000e-01  15.933314  15.801888  
  8.875000e-01  15.932673  15.801237  
  8.900000e-01  15.932035  15.800590  
  8.925000e-01  15.931402  15.799947  
  8.950000e-01  15.930772  15.799307  
  8.975000e-01  15.930146  15.798672  
  9.000000e-01  15.929524  15.798041  
  9.025000e-01  15.928906  15.797413  
  9.050000e-01  15.928291  15.796789  
  9.075000e-01  15.927681  15.796170  
  9.100000e-01  15.927074  15.795553  
  9.125000e-01  15.926470  15.794941  
  9.150000e-01  15.925871  15.794332  
  9.175000e-01  15.925274  15.793727  
  9.200000e-01  15.924682  15.793126  
  9.225000e-01  15.924093  15.792529  
  9.250000e-01  15.923508  15.791934  
  9.275000e-01  15.922926  15.791344  
  9.300000e-01  15.922348  15.790757  
  9.325000e-01  15.921773  15.790174  
  9.350000e-01  15.921202  15.789594  
  9.375000e-01  15.920634  15.789018  
  9.400000e-01  15.920069  15.788445  
  9.425000e-01  15.919508  15.787875  
  9.450000e-01  15.918950  15.787309  
  9.475000e-01  15.918396  15.786747  
  9.500000e-01  15.917845  15.786188  
  9.525000e-01  15.917297  15.785632  
  9.550000e-01  15.916752  15.785079  
  9.575000e-01  15.916211  15.784530  
  9.600000e-01  15.915673  15.783984  
  9.625000e-01  15.915138  15.783441  
  9.650000e-01  15.914606  15.782902  
  9.675000e-01  15.914078  15.782365  
  9.700000e-01  15.913552  15.781832  
  9.725000e-01  15.913030  15.781302  
  9.750000e-01  15.912510  15.780775  
  9.775000e-01  15.911994  15.780252  
  9.800000e-01  15.911481  15.779731  
  9.825000e-01  15.910971  15.779214  
  9.850000e-01  15.910464  15.778699  
  9.875000e-01  15.909960  15.778188  
  9.900000e-01  15.909459  15.777679  
  9.925000e-01  15.908960  15.777174  
  9.950000e-01  15.908465  15.776671  
  9.975000e-01  15.907973  15.776172  
  1.000000e+00  15.907483  15.775675  
  1.002500e+00  15.906997  15.775182  
  1.005000e+00  15.906513  15.774691  
  1.007500e+00  15.906032  15.774203  
  1.010000e+00  15.905554  15.773718  
  1.012500e+00  15.905078  15.773236  
  1.015000e+00  15.904606  15.772756  
  1.017500e+00  15.904136  15.772280  
  1.020000e+00  15.903669  15.771806  
  1.022500e+00  15.903204  15.771335  
  1.025000e+00  15.902742  15.770867  
  1.027500e+00  15.902283  15.770401  
  1.030000e+00  15.901827  15.769938  
  1.032500e+00  15.901373  15.769478  
  1.035000e+00  15.900922  15.769020  
  1.037500e+00  15.900473  15.768565  
  1.040000e+00  15.900027  15.768113  
  1.042500e+00  15.899584  15.767663  
  1.045000e+00  15.899143  15.767216  
  1.047500e+00  15.898705  15.766772  
  1.050000e+00  15.898269  15.766330  
  1.052500e+00  15.897836  15.765890  
  1.055000e+00  15.897405  15.765453  
  1.057500e+00  15.896976  15.765019  
  1.060000e+00  15.896551  15.764587  
  1.062500e+00  15.896127  15.764158  
  1.065000e+00  15.895706  15.763731  
  1.067500e+00  15.895287  15.763306  
  1.070000e+00  15.894871  15.762884  
  1.072500e+00  15.894457  15.762464  
  1.075000e+00  15.894046  15.762047  
  1.077500e+00  15.893636  15.761632  
  1.080000e+00  15.893229  15.761220  
  1.082500e+00  15.892825  15.760809  
  1.085000e+00  15.892423  15.760401  
  1.087500e+00  15.892023  15.759996  
  1.090000e+00  15.891625  15.759593  
  1.092500e+00  15.891229  15.759192  
  1.095000e+00  15.890836  15.758793  
  1.097500e+00  15.890445  15.758396  
  1.100000e+00  15.890056  15.758002  
  1.102500e+00  15.889669  15.757610  
  1.105000e+00  15.889285  15.757220  
  1.107500e+00  15.888903  15.756833  
  1.110000e+00  15.888523  15.756447  
  1.112500e+00  15.888144  15.756064  
  1.115000e+00  15.887769  15.755683  
  1.117500e+00  15.887395  15.755304  
  1.120000e+00  15.887023  15.754927  
  1.122500e+00  15.886653  15.754552  
  1.125000e+00  15.886286  15.754180  
  1.127500e+00  15.885920  15.753809  
  1.130000e+00  15.885557  15.753441  
  1.132500e+00  15.885195  15.753074  
  1.135000e+00  15.884836  15.752710  
  1.137500e+00  15.884478  15.752348  
  1.140000e+00  15.884123  15.751987  
  1.142500e+00  15.883769  15.751629  
  1.145000e+00  15.883418  15.751273  
  1.147500e+00  15.883068  15.750918  
  1.150000e+00  15.882721  15.750566  
  1.152500e+00  15.882375  15.750215  
  1.155000e+00  15.882031  15.749867  
  1.157500e+00  15.881689  15.749520  
  1.160000e+00  15.881349  15.749176  
  1.162500e+00  15.881011  15.748833  
  1.165000e+00  15.880675  15.748492  
  1.167500e+00  15.880340  15.748153  
  1.170000e+00  15.880008  15.747816  
  1.172500e+00  15.879677  15.747481  
  1.175000e+00  15.879348  15.747148  
  1.177500e+00  15.879021  15.746816  
  1.180000e+00  15.878696  15.746486  
  1.182500e+00  15.878372  15.746158  
  1.185000e+00  15.878050  15.745832  
  1.187500e+00  15.877730  15.745508  
  1.190000e+00  15.877412  15.745185  
  1.192500e+00  15.877096  15.744865  
  1.195000e+00  15.876781  15.744546  
  1.197500e+00  15.876468  15.744228  
  1.200000e+00  15.876156  15.743913  
  1.202500e+00  15.875847  15.743599  
  1.205000e+00  15.875539  15.743287  
  1.207500e+00  15.875232  15.742976  
  1.210000e+00  15.874928  15.742668  
  1.212500e+00  15.874625  15.742361  
  1.215000e+00  15.874323  15.742055  
  1.217500e+00  15.874024  15.741752  
  1.220000e+00  15.873725  15.741449  
  1.222500e+00  15.873429  15.741149  
  1.225000e+00  15.873134  15.740850  
  1.227500e+00  15.872841  15.740553  
  1.230000e+00  15.872549  15.740258  
  1.232500e+00  15.872259  15.739964  
  1.235000e+00  15.871970  15.739671  
  1.237500e+00  15.871683  15.739380  
  1.240000e+00  15.871398  15.739091  
  1.242500e+00  15.871114  15.738803  
  1.245000e+00  15.870832  15.738517  
  1.247500e+00  15.870551  15.738233  
  1.250000e+00  15.870271  15.737950  
  1.252500e+00  15.869994  15.737668  
  1.255000e+00  15.869717  15.737388  
  1.257500e+00  15.869442  15.737110  
  1.260000e+00  15.869169  15.736833  
  1.262500e+00  15.868897  15.736557  
  1.265000e+00  15.868626  15.736283  
  1.267500e+00  15.868357  15.736010  
  1.270000e+00  15.868090  15.735739  
  1.272500e+00  15.867824  15.735470  
  1.275000e+00  15.867559  15.735201  
  1.277500e+00  15.867296  15.734935  
  1.280000e+00  15.867034  15.734669  
  1.282500e+00  15.866773  15.734405  
  1.285000e+00  15.866514  15.734143  
  1.287500e+00  15.866256  15.733882  
  1.290000e+00  15.866000  15.733622  
  1.292500e+00  15.865745  15.733363  
  1.295000e+00  15.865491  15.733106  
  1.297500e+00  15.865238  15.732851  
  1.300000e+00  15.864987  15.732596  
  1.302500e+00  15.864738  15.732343  
  1.305000e+00  15.864489  15.732092  
  1.307500e+00  15.864242  15.731842  
  1.310000e+00  15.863996  15.731593  
  1.312500e+00  15.863752  15.731345  
  1.315000e+00  15.863509  15.731099  
  1.317500e+00  15.863267  15.730854  
  1.320000e+00  15.863026  15.730610  
  1.322500e+00  15.862787  15.730367  
  1.325000e+00  15.862549  15.730126  
  1.327500e+00  15.862312  15.729886  
  1.330000e+00  15.862076  15.729648  
  1.332500e+00  15.861842  15.729410  
  1.335000e+00  15.861609  15.729174  
  1.337500e+00  15.861377  15.728939  
  1.340000e+00  15.861146  15.728706  
  1.342500e+00  15.860917  15.728473  
  1.345000e+00  15.860689  15.728242  
  1.347500e+00  15.860461  15.728012  
  1.350000e+00  15.860236  15.727783  
  1.352500e+00  15.860011  15.727556  
  1.355000e+00  15.859787  15.727329  
  1.357500e+00  15.859565  15.727104  
  1.360000e+00  15.859344  15.726880  
  1.362500e+00  15.859124  15.726657  
  1.365000e+00  15.858905  15.726435  
  1.367500e+00  15.858687  15.726215  
  1.370000e+00  15.858470  15.725995  
  1.372500e+00  15.858255  15.725777  
  1.375000e+00  15.858040  15.725560  
  1.377500e+00  15.857827  15.725344  
  1.380000e+00  15.857615  15.725129  
  1.382500e+00  15.857404  15.724915  
  1.385000e+00  15.857194  15.724702  
  1.387500e+00  15.856985  15.724491  
  1.390000e+00  15.856777  15.724280  
  1.392500e+00  15.856570  15.724071  
  1.395000e+00  15.856364  15.723863  
  1.397500e+00  15.856160  15.723655  
  1.400000e+00  15.855956  15.723449  
  1.402500e+00  15.855754  15.723244  
  1.405000e+00  15.855552  15.723040  
  1.407500e+00  15.855352  15.722837  
  1.410000e+00  15.855152  15.722635  
  1.412500e+00  15.854954  15.722434  
  1.415000e+00  15.854757  15.722235  
  1.417500e+00  15.854560  15.722036  
  1.420000e+00  15.854365  15.721838  
  1.422500e+00  15.854171  15.721641  
  1.425000e+00  15.853977  15.721445  
  1.427500e+00  15.853785  15.721250  
  1.430000e+00  15.853593  15.721057  
  1.432500e+00  15.853403  15.720864  
  1.435000e+00  15.853214  15.720672  
  1.437500e+00  15.853025  15.720481  
  1.440000e+00  15.852838  15.720291  
  1.442500e+00  15.852651  15.720103  
  1.445000e+00  15.852466  15.719915  
  1.447500e+00  15.852281  15.719728  
  1.450000e+00  15.852097  15.719542  
  1.452500e+00  15.851914  15.719357  
  1.455000e+00  15.851733  15.719173  
  1.457500e+00  15.851552  15.718989  
  1.460000e+00  15.851372  15.718807  
  1.462500e+00  15.851193  15.718626  
  1.465000e+00  15.851014  15.718445  
  1.467500e+00  15.850837  15.718266  
  1.470000e+00  15.850661  15.718087  
  1.472500e+00  15.850485  15.717910  
  1.475000e+00  15.850311  15.717733  
  1.477500e+00  15.850137  15.717557  
  1.480000e+00  15.849964  15.717382  
  1.482500e+00  15.849792  15.717208  
  1.485000e+00  15.849621  15.717035  
  1.487500e+00  15.849451  15.716863  
  1.490000e+00  15.849282  15.716691  
  1.492500e+00  15.849113  15.716520  
  1.495000e+00  15.848945  15.716351  
  1.497500e+00  15.848779  15.716182  
  1.500000e+00  15.848613  15.716014  
  1.502500e+00  15.848447  15.715847  
  1.505000e+00  15.848283  15.715680  
  1.507500e+00  15.848120  15.715515  
  1.510000e+00  15.847957  15.715350  
  1.512500e+00  15.847795  15.715186  
  1.515000e+00  15.847634  15.715023  
  1.517500e+00  15.847474  15.714861  
  1.520000e+00  15.847314  15.714700  
  1.522500e+00  15.847156  15.714539  
  1.525000e+00  15.846998  15.714379  
  1.527500e+00  15.846841  15.714220  
  1.530000e+00  15.846685  15.714062  
  1.532500e+00  15.846529  15.713905  
  1.535000e+00  15.846374  15.713748  
  1.537500e+00  15.846220  15.713592  
  1.540000e+00  15.846067  15.713437  
  1.542500e+00  15.845915  15.713283  
  1.545000e+00  15.845763  15.713129  
  1.547500e+00  15.845612  15.712977  
  1.550000e+00  15.845462  15.712825  
  1.552500e+00  15.845313  15.712673  
  1.555000e+00  15.845164  15.712523  
  1.557500e+00  15.845016  15.712373  
  1.560000e+00  15.844869  15.712224  
  1.562500e+00  15.844722  15.712076  
  1.565000e+00  15.844576  15.711928  
  1.567500e+00  15.844431  15.711781  
  1.570000e+00  15.844287  15.711635  
  1.572500e+00  15.844143  15.711490  
  1.575000e+00  15.844001  15.711345  
  1.577500e+00  15.843858  15.711201  
  1.580000e+00  15.843717  15.711058  
  1.582500e+00  15.843576  15.710916  
  1.585000e+00  15.843436  15.710774  
  1.587500e+00  15.843297  15.710633  
  1.590000e+00  15.843158  15.710492  
  1.592500e+00  15.843020  15.710353  
  1.595000e+00  15.842882  15.710214  
  1.597500e+00  15.842746  15.710075  
  1.600000e+00  15.842610  15.709938  
  1.602500e+00  15.842474  15.709801  
  1.605000e+00  15.842340  15.709664  
  1.607500e+00  15.842205  15.709529  
  1.610000e+00  15.842072  15.709394  
  1.612500e+00  15.841939  15.709259  
  1.615000e+00  15.841807  15.709126  
  1.617500e+00  15.841676  15.708993  
  1.620000e+00  15.841545  15.708860  
  1.622500e+00  15.841415  15.708728  
  1.625000e+00  15.841285  15.708597  
  1.627500e+00  15.841156  15.708467  
  1.630000e+00  15.841028  15.708337  
  1.632500e+00  15.840900  15.708208  
  1.635000e+00  15.840773  15.708079  
  1.637500e+00  15.840647  15.707951  
  1.640000e+00  15.840521  15.707824  
  1.642500e+00  15.840396  15.707697  
  1.645000e+00  15.840271  15.707571  
  1.647500e+00  15.840147  15.707446  
  1.650000e+00  15.840024  15.707321  
  1.652500e+00  15.839901  15.707197  
  1.655000e+00  15.839779  15.707073  
  1.657500e+00  15.839657  15.706950  
  1.660000e+00  15.839536  15.706828  
  1.662500e+00  15.839416  15.706706  
  1.665000e+00  15.839296  15.706584  
  1.667500e+00  15.839177  15.706464  
  1.670000e+00  15.839058  15.706344  
  1.672500e+00  15.838940  15.706224  
  1.675000e+00  15.838822  15.706105  
  1.677500e+00  15.838705  15.705987  
  1.680000e+00  15.838589  15.705869  
  1.682500e+00  15.838473  15.705752  
  1.685000e+00  15.838358  15.705635  
  1.687500e+00  15.838243  15.705519  
  1.690000e+00  15.838129  15.705403  
  1.692500e+00  15.838015  15.705288  
  1.695000e+00  15.837902  15.705174  
  1.697500e+00  15.837789  15.705060  
  1.700000e+00  15.837677  15.704946  
  1.702500e+00  15.837565  15.704834  
  1.705000e+00  15.837454  15.704721  
  1.707500e+00  15.837344  15.704610  
  1.710000e+00  15.837234  15.704498  
  1.712500e+00  15.837125  15.704388  
  1.715000e+00  15.837016  15.704277  
  1.717500e+00  15.836907  15.704168  
  1.720000e+00  15.836799  15.704059  
  1.722500e+00  15.836692  15.703950  
  1.725000e+00  15.836585  15.703842  
  1.727500e+00  15.836479  15.703734  
  1.730000e+00  15.836373  15.703627  
  1.732500e+00  15.836268  15.703521  
  1.735000e+00  15.836163  15.703415  
  1.737500e+00  15.836058  15.703309  
  1.740000e+00  15.835955  15.703204  
  1.742500e+00  15.835851  15.703099  
  1.745000e+00  15.835748  15.702995  
  1.747500e+00  15.835646  15.702892  
  1.750000e+00  15.835544  15.702789  
  1.752500e+00  15.835442  15.702686  
  1.755000e+00  15.835342  15.702584  
  1.757500e+00  15.835241  15.702482  
  1.760000e+00  15.835141  15.702381  
  1.762500e+00  15.835041  15.702280  
  1.765000e+00  15.834942  15.702180  
  1.767500e+00  15.834844  15.702080  
  1.770000e+00  15.834746  15.701981  
  1.772500e+00  15.834648  15.701882  
  1.775000e+00  15.834551  15.701784  
  1.777500e+00  15.834454  15.701686  
  1.780000e+00  15.834357  15.701588  
  1.782500e+00  15.834262  15.701491  
  1.785000e+00  15.834166  15.701395  
  1.787500e+00  15.834071  15.701299  
  1.790000e+00  15.833977  15.701203  
  1.792500e+00  15.833882  15.701108  
  1.795000e+00  15.833789  15.701013  
  1.797500e+00  15.833695  15.700919  
  1.800000e+00  15.833603  15.700825  
  1.802500e+00  15.833510  15.700732  
  1.805000e+00  15.833418  15.700639  
  1.807500e+00  15.833327  15.700546  
  1.810000e+00  15.833236  15.700454  
  1.812500e+00  15.833145  15.700362  
  1.815000e+00  15.833055  15.700271  
  1.817500e+00  15.832965  15.700180  
  1.820000e+00  15.832875  15.700089  
  1.822500e+00  15.832786  15.699999  
  1.825000e+00  15.832698  15.699910  
  1.827500e+00  15.832609  15.699821  
  1.830000e+00  15.832522  15.699732  
  1.832500e+00  15.832434  15.699643  
  1.835000e+00  15.832347  15.699555  
  1.837500e+00  15.832261  15.699468  
  1.840000e+00  15.832174  15.699381  
  1.842500e+00  15.832089  15.699294  
  1.845000e+00  15.832003  15.699207  
  1.847500e+00  15.831918  15.699122  
  1.850000e+00  15.831834  15.699036  
  1.852500e+00  15.831749  15.698951  
  1.855000e+00  15.831665  15.698866  
  1.857500e+00  15.831582  15.698781  
  1.860000e+00  15.831499  15.698697  
  1.862500e+00  15.831416  15.698614  
  1.865000e+00  15.831334  15.698530  
  1.867500e+00  15.831252  15.698448  
  1.870000e+00  15.831170  15.698365  
  1.872500e+00  15.831089  15.698283  
  1.875000e+00  15.831008  15.698201  
  1.877500e+00  15.830927  15.698120  
  1.880000e+00  15.830847  15.698039  
  1.882500e+00  15.830768  15.697958  
  1.885000e+00  15.830688  15.697878  
  1.887500e+00  15.830609  15.697798  
  1.890000e+00  15.830530  15.697718  
  1.892500e+00  15.830452  15.697639  
  1.895000e+00  15.830374  15.697560  
  1.897500e+00  15.830296  15.697482  
  1.900000e+00  15.830219  15.697403  
  1.902500e+00  15.830142  15.697326  
  1.905000e+00  15.830066  15.697248  
  1.907500e+00  15.829989  15.697171  
  1.910000e+00  15.829913  15.697094  
  1.912500e+00  15.829838  15.697018  
  1.915000e+00  15.829763  15.696942  
  1.917500e+00  15.829688  15.696866  
  1.920000e+00  15.829613  15.696791  
  1.922500e+00  15.829539  15.696716  
  1.925000e+00  15.829465  15.696641  
  1.927500e+00  15.829391  15.696567  
  1.930000e+00  15.829318  15.696493  
  1.932500e+00  15.829245  15.696419  
  1.935000e+00  15.829173  15.696345  
  1.937500e+00  15.829100  15.696272  
  1.940000e+00  15.829028  15.696200  
  1.942500e+00  15.828957  15.696127  
  1.945000e+00  15.828885  15.696055  
  1.947500e+00  15.828814  15.695983  
  1.950000e+00  15.828744  15.695912  
  1.952500e+00  15.828673  15.695841  
  1.955000e+00  15.828603  15.695770  
  1.957500e+00  15.828533  15.695699  
  1.960000e+00  15.828464  15.695629  
  1.962500e+00  15.828395  15.695559  
  1.965000e+00  15.828326  15.695490  
  1.967500e+00  15.828258  15.695420  
  1.970000e+00  15.828189  15.695351  
  1.972500e+00  15.828121  15.695283  
  1.975000e+00  15.828054  15.695214  
  1.977500e+00  15.827986  15.695146  
  1.980000e+00  15.827919  15.695079  
  1.982500e+00  15.827853  15.695011  
  1.985000e+00  15.827786  15.694944  
  1.987500e+00  15.827720  15.694877  
  1.990000e+00  15.827654  15.694811  
  1.992500e+00  15.827589  15.694744  
  1.995000e+00  15.827523  15.694678  
  1.997500e+00  15.827458  15.694613  
  2.000000e+00  15.827393  15.694547  
