  0.000000e+00  36.453804  36.453804
  1.250000e-03  34.010298  33.919382
  2.500000e-03  31.402546  32.258459  
  3.750000e-03  29.564523  31.265397  
  5.000000e-03  28.658711  30.506959  
  6.250000e-03  28.387877  29.849706  
  7.500000e-03  28.352474  29.262165  
  8.750000e-03  28.282521  28.755923  
  1.000000e-02  28.086880  28.333679  
  1.125000e-02  27.790265  27.976812  
  1.250000e-02  27.454461  27.660188  
  1.375000e-02  27.131839  27.367472  
  1.500000e-02  26.850642  27.093907  
  1.625000e-02  26.616252  26.840523  
  1.750000e-02  26.418717  26.608373  
  1.875000e-02  26.242444  26.396336  
  2.000000e-02  26.074338  26.201376  
  2.125000e-02  25.907524  26.019592  
  2.250000e-02  25.740760  25.847265  
  2.375000e-02  25.575818  25.681525  
  2.500000e-02  25.414949  25.520488  
  2.625000e-02  25.259422  25.363056  
  2.750000e-02  25.109174  25.208625  
  2.875000e-02  24.963228  25.056886  
  3.000000e-02  24.820369  24.907711  
  3.125000e-02  24.679704  24.761089  
  3.250000e-02  24.540876  24.617073  
  3.375000e-02  24.403973  24.475730  
  3.500000e-02  24.269263  24.337107  
  3.625000e-02  24.136961  24.201207  
  3.750000e-02  24.007106  24.067975  
  3.875000e-02  23.879560  23.937298  
  4.000000e-02  23.754092  23.809010  
  4.125000e-02  23.630454  23.682905  
  4.250000e-02  23.508434  23.558761  
  4.375000e-02  23.387872  23.436354  
  4.500000e-02  23.268644  23.315478  
  4.625000e-02  23.150644  23.195956  
  4.750000e-02  23.033774  23.077645  
  4.875000e-02  22.917940  22.960430  
  5.000000e-02  22.803059  22.844229  
  5.125000e-02  22.689062  22.728977  
  5.250000e-02  22.575897  22.614626  
  5.375000e-02  22.463522  22.501137  
  5.500000e-02  22.351905  22.388476  
  5.625000e-02  22.241016  22.276610  
  5.750000e-02  22.130828  22.165509  
  5.875000e-02  22.021310  22.055141  
  6.000000e-02  21.912435  21.945474  
  6.125000e-02  21.804177  21.836479  
  6.250000e-02  21.696516  21.728127  
  6.375000e-02  21.589434  21.620396  
  6.500000e-02  21.482921  21.513265  
  6.625000e-02  21.376973  21.406721  
  6.750000e-02  21.271588  21.300755  
  6.875000e-02  21.166773  21.195366  
  7.000000e-02  21.062537  21.090556  
  7.125000e-02  20.958892  20.986335  
  7.250000e-02  20.855859  20.882717  
  7.375000e-02  20.753459  20.779721  
  7.500000e-02  20.651720  20.677371  
  7.625000e-02  20.550672  20.575692  
  7.750000e-02  20.450348  20.474715  
  7.875000e-02  20.350787  20.374473  
  8.000000e-02  20.252026  20.275003  
  8.125000e-02  20.154110  20.176342  
  8.250000e-02  20.057082  20.078532  
  8.375000e-02  19.960989  19.981616  
  8.500000e-02  19.865878  19.885638  
  8.625000e-02  19.771799  19.790646  
  8.750000e-02  19.678802  19.696687  
  8.875000e-02  19.586937  19.603809  
  9.000000e-02  19.496254  19.512063  
  9.125000e-02  19.406804  19.421496  
  9.250000e-02  19.318636  19.332159  
  9.375000e-02  19.231798  19.244098  
  9.500000e-02  19.146336  19.157361  
  9.625000e-02  19.062295  19.071993  
  9.750000e-02  18.979716  18.988037  
  9.875000e-02  18.898639  18.905533  
  1.000000e-01  18.819099  18.824520  
  1.012500e-01  18.741131  18.745034  
  1.025000e-01  18.664764  18.667106  
  1.037500e-01  18.590023  18.590767  
  1.050000e-01  18.516932  18.516040  
  1.062500e-01  18.445509  18.442950  
  1.075000e-01  18.375769  18.371514  
  1.087500e-01  18.307724  18.301747  
  1.100000e-01  18.241380  18.233660  
  1.112500e-01  18.176741  18.167262  
  1.125000e-01  18.113808  18.102556  
  1.137500e-01  18.052577  18.039543  
  1.150000e-01  17.993041  17.978220  
  1.162500e-01  17.935192  17.918581  
  1.175000e-01  17.879015  17.860617  
  1.187500e-01  17.824496  17.804316  
  1.200000e-01  17.771616  17.749663  
  1.212500e-01  17.720355  17.696641  
  1.225000e-01  17.670691  17.645230  
  1.237500e-01  17.622598  17.595408  
  1.250000e-01  17.576050  17.547152  
  1.262500e-01  17.531019  17.500435  
  1.275000e-01  17.487477  17.455231  
  1.287500e-01  17.445391  17.411511  
  1.300000e-01  17.404731  17.369245  
  1.312500e-01  17.365465  17.328403  
  1.325000e-01  17.327559  17.288952  
  1.337500e-01  17.290980  17.250860  
  1.350000e-01  17.255693  17.214094  
  1.362500e-01  17.221665  17.178621  
  1.375000e-01  17.188861  17.144406  
  1.387500e-01  17.157246  17.111416  
  1.400000e-01  17.126786  17.079616  
  1.412500e-01  17.097447  17.048974  
  1.425000e-01  17.069194  17.019453  
  1.437500e-01  17.041994  16.991021  
  1.450000e-01  17.015814  16.963645  
  1.462500e-01  16.990620  16.937290  
  1.475000e-01  16.966380  16.911925  
  1.487500e-01  16.943062  16.887517  
  1.500000e-01  16.920634  16.864033  
  1.512500e-01  16.899066  16.841444  
  1.525000e-01  16.878328  16.819718  
  1.537500e-01  16.858390  16.798824  
  1.550000e-01  16.839223  16.778734  
  1.562500e-01  16.820799  16.759419  
  1.575000e-01  16.803091  16.740851  
  1.587500e-01  16.786071  16.723002  
  1.600000e-01  16.769714  16.705845  
  1.612500e-01  16.753995  16.689355  
  1.625000e-01  16.738888  16.673506  
  1.637500e-01  16.724371  16.658273  
  1.650000e-01  16.710419  16.643634  
  1.662500e-01  16.697012  16.629564  
  1.675000e-01  16.684126  16.616041  
  1.687500e-01  16.671740  16.603043  
  1.700000e-01  16.659836  16.590550  
  1.712500e-01  16.648393  16.578541  
  1.725000e-01  16.637391  16.566997  
  1.737500e-01  16.626814  16.555898  
  1.750000e-01  16.616643  16.545226  
  1.762500e-01  16.606861  16.534964  
  1.775000e-01  16.597452  16.525094  
  1.787500e-01  16.588400  16.515600  
  1.800000e-01  16.579690  16.506466  
  1.812500e-01  16.571308  16.497678  
  1.825000e-01  16.563239  16.489219  
  1.837500e-01  16.555470  16.481077  
  1.850000e-01  16.547987  16.473237  
  1.862500e-01  16.540780  16.465688  
  1.875000e-01  16.533835  16.458415  
  1.887500e-01  16.527141  16.451407  
  1.900000e-01  16.520688  16.444653  
  1.912500e-01  16.514464  16.438142  
  1.925000e-01  16.508459  16.431862  
  1.937500e-01  16.502664  16.425804  
  1.950000e-01  16.497070  16.419958  
  1.962500e-01  16.491668  16.414314  
  1.975000e-01  16.486448  16.408864  
  1.987500e-01  16.481403  16.403599  
  2.000000e-01  16.476526  16.398511  
  2.012500e-01  16.471808  16.393592  
  2.025000e-01  16.467242  16.388834  
  2.037500e-01  16.462823  16.384230  
  2.050000e-01  16.458542  16.379773  
  2.062500e-01  16.454394  16.375457  
  2.075000e-01  16.450373  16.371276  
  2.087500e-01  16.446473  16.367222  
  2.100000e-01  16.442688  16.363291  
  2.112500e-01  16.439014  16.359477  
  2.125000e-01  16.435445  16.355775  
  2.137500e-01  16.431977  16.352179  
  2.150000e-01  16.428605  16.348685  
  2.162500e-01  16.425325  16.345288  
  2.175000e-01  16.422132  16.341984  
  2.187500e-01  16.419023  16.338768  
  2.200000e-01  16.415994  16.335637  
  2.212500e-01  16.413041  16.332587  
  2.225000e-01  16.410160  16.329614  
  2.237500e-01  16.407349  16.326715  
  2.250000e-01  16.404605  16.323885  
  2.262500e-01  16.401923  16.321123  
  2.275000e-01  16.399302  16.318425  
  2.287500e-01  16.396739  16.315788  
  2.300000e-01  16.394231  16.313210  
  2.312500e-01  16.391775  16.310687  
  2.325000e-01  16.389370  16.308217  
  2.337500e-01  16.387012  16.305798  
  2.350000e-01  16.384701  16.303428  
  2.362500e-01  16.382433  16.301105  
  2.375000e-01  16.380207  16.298825  
  2.387500e-01  16.378020  16.296588  
  2.400000e-01  16.375873  16.294391  
  2.412500e-01  16.373761  16.292233  
  2.425000e-01  16.371684  16.290112  
  2.437500e-01  16.369641  16.288026  
  2.450000e-01  16.367629  16.285974  
  2.462500e-01  16.365648  16.283954  
  2.475000e-01  16.363696  16.281965  
  2.487500e-01  16.361772  16.280005  
  2.500000e-01  16.359875  16.278073  
  2.512500e-01  16.358002  16.276169  
  2.525000e-01  16.356155  16.274290  
  2.537500e-01  16.354330  16.272436  
  2.550000e-01  16.352528  16.270605  
  2.562500e-01  16.350747  16.268797  
  2.575000e-01  16.348987  16.267011  
  2.587500e-01  16.347247  16.265246  
  2.600000e-01  16.345525  16.263500  
  2.612500e-01  16.343821  16.261773  
  2.625000e-01  16.342134  16.260065  
  2.637500e-01  16.340464  16.258374  
  2.650000e-01  16.338810  16.256699  
  2.662500e-01  16.337171  16.255041  
  2.675000e-01  16.335547  16.253398  
  2.687500e-01  16.333937  16.251770  
  2.700000e-01  16.332340  16.250157  
  2.712500e-01  16.330756  16.248557  
  2.725000e-01  16.329185  16.246970  
  2.737500e-01  16.327625  16.245395  
  2.750000e-01  16.326077  16.243833  
  2.762500e-01  16.324541  16.242282  
  2.775000e-01  16.323014  16.240743  
  2.787500e-01  16.321499  16.239214  
  2.800000e-01  16.319993  16.237696  
  2.812500e-01  16.318496  16.236188  
  2.825000e-01  16.317009  16.234689  
  2.837500e-01  16.315531  16.233200  
  2.850000e-01  16.314061  16.231720  
  2.862500e-01  16.312600  16.230248  
  2.875000e-01  16.311147  16.228785  
  2.887500e-01  16.309701  16.227330  
  2.900000e-01  16.308263  16.225883  
  2.912500e-01  16.306833  16.224443  
  2.925000e-01  16.305409  16.223011  
  2.937500e-01  16.303992  16.221586  
  2.950000e-01  16.302582  16.220168  
  2.962500e-01  16.301178  16.218756  
  2.975000e-01  16.299780  16.217351  
  2.987500e-01  16.298389  16.215952  
  3.000000e-01  16.297003  16.214560  
  3.012500e-01  16.295623  16.213173  
  3.025000e-01  16.294249  16.211792  
  3.037500e-01  16.292880  16.210417  
  3.050000e-01  16.291516  16.209047  
  3.062500e-01  16.290158  16.207682  
  3.075000e-01  16.288805  16.206323  
  3.087500e-01  16.287456  16.204969  
  3.100000e-01  16.286113  16.203620  
  3.112500e-01  16.284774  16.202276  
  3.125000e-01  16.283439  16.200936  
  3.137500e-01  16.282110  16.199601  
  3.150000e-01  16.280784  16.198271  
  3.162500e-01  16.279463  16.196945  
  3.175000e-01  16.278146  16.195623  
  3.187500e-01  16.276834  16.194306  
  3.200000e-01  16.275525  16.192993  
  3.212500e-01  16.274221  16.191684  
  3.225000e-01  16.272920  16.190379  
  3.237500e-01  16.271624  16.189078  
  3.250000e-01  16.270331  16.187781  
  3.262500e-01  16.269042  16.186488  
  3.275000e-01  16.267757  16.185199  
  3.287500e-01  16.266475  16.183913  
  3.300000e-01  16.265197  16.182631  
  3.312500e-01  16.263923  16.181353  
  3.325000e-01  16.262652  16.180078  
  3.337500e-01  16.261385  16.178807  
  3.350000e-01  16.260121  16.177539  
  3.362500e-01  16.258860  16.176275  
  3.375000e-01  16.257603  16.175015  
  3.387500e-01  16.256349  16.173757  
  3.400000e-01  16.255099  16.172503  
  3.412500e-01  16.253852  16.171253  
  3.425000e-01  16.252608  16.170005  
  3.437500e-01  16.251367  16.168761  
  3.450000e-01  16.250129  16.167520  
  3.462500e-01  16.248895  16.166283  
  3.475000e-01  16.247664  16.165048  
  3.487500e-01  16.246436  16.163817  
  3.500000e-01  16.245211  16.162589  
  3.512500e-01  16.243989  16.161364  
  3.525000e-01  16.242770  16.160142  
  3.537500e-01  16.241554  16.158923  
  3.550000e-01  16.240341  16.157707  
  3.562500e-01  16.239132  16.156494  
  3.575000e-01  16.237925  16.155284  
  3.587500e-01  16.236721  16.154078  
  3.600000e-01  16.235520  16.152874  
  3.612500e-01  16.234322  16.151673  
  3.625000e-01  16.233128  16.150475  
  3.637500e-01  16.231936  16.149280  
  3.650000e-01  16.230747  16.148088  
  3.662500e-01  16.229560  16.146899  
  3.675000e-01  16.228377  16.145713  
  3.687500e-01  16.227197  16.144530  
  3.700000e-01  16.226019  16.143350  
  3.712500e-01  16.224845  16.142172  
  3.725000e-01  16.223673  16.140998  
  3.737500e-01  16.222504  16.139826  
  3.750000e-01  16.221338  16.138658  
  3.762500e-01  16.220175  16.137492  
  3.775000e-01  16.219015  16.136329  
  3.787500e-01  16.217857  16.135168  
  3.800000e-01  16.216703  16.134011  
  3.812500e-01  16.215551  16.132856  
  3.825000e-01  16.214402  16.131705  
  3.837500e-01  16.213256  16.130556  
  3.850000e-01  16.212112  16.129410  
  3.862500e-01  16.210972  16.128266  
  3.875000e-01  16.209834  16.127126  
  3.887500e-01  16.208699  16.125988  
  3.900000e-01  16.207567  16.124853  
  3.912500e-01  16.206437  16.123721  
  3.925000e-01  16.205311  16.122592  
  3.937500e-01  16.204187  16.121466  
  3.950000e-01  16.203066  16.120342  
  3.962500e-01  16.201948  16.119221  
  3.975000e-01  16.200832  16.118103  
  3.987500e-01  16.199719  16.116987  
  4.000000e-01  16.198610  16.115875  
  4.012500e-01  16.197502  16.114765  
  4.025000e-01  16.196398  16.113658  
  4.037500e-01  16.195296  16.112554  
  4.050000e-01  16.194197  16.111452  
  4.062500e-01  16.193101  16.110353  
  4.075000e-01  16.192008  16.109257  
  4.087500e-01  16.190917  16.108164  
  4.100000e-01  16.189829  16.107074  
  4.112500e-01  16.188744  16.105986  
  4.125000e-01  16.187662  16.104901  
  4.137500e-01  16.186582  16.103819  
  4.150000e-01  16.185505  16.102739  
  4.162500e-01  16.184431  16.101663  
  4.175000e-01  16.183360  16.100589  
  4.187500e-01  16.182291  16.099518  
  4.200000e-01  16.181225  16.098449  
  4.212500e-01  16.180162  16.097383  
  4.225000e-01  16.179102  16.096320  
  4.237500e-01  16.178044  16.095260  
  4.250000e-01  16.176989  16.094203  
  4.262500e-01  16.175937  16.093148  
  4.275000e-01  16.174888  16.092096  
  4.287500e-01  16.173841  16.091047  
  4.300000e-01  16.172797  16.090000  
  4.312500e-01  16.171756  16.088956  
  4.325000e-01  16.170717  16.087915  
  4.337500e-01  16.169681  16.086877  
  4.350000e-01  16.168648  16.085841  
  4.362500e-01  16.167618  16.084808  
  4.375000e-01  16.166590  16.083778  
  4.387500e-01  16.165565  16.082750  
  4.400000e-01  16.164543  16.081726  
  4.412500e-01  16.163523  16.080704  
  4.425000e-01  16.162506  16.079684  
  4.437500e-01  16.161492  16.078668  
  4.450000e-01  16.160481  16.077654  
  4.462500e-01  16.159472  16.076643  
  4.475000e-01  16.158466  16.075634  
  4.487500e-01  16.157463  16.074628  
  4.500000e-01  16.156463  16.073625  
  4.512500e-01  16.155465  16.072625  
  4.525000e-01  16.154470  16.071627  
  4.537500e-01  16.153477  16.070632  
  4.550000e-01  16.152487  16.069640  
  4.562500e-01  16.151500  16.068650  
  4.575000e-01  16.150516  16.067664  
  4.587500e-01  16.149534  16.066679  
  4.600000e-01  16.148555  16.065698  
  4.612500e-01  16.147579  16.064719  
  4.625000e-01  16.146606  16.063743  
  4.637500e-01  16.145635  16.062770  
  4.650000e-01  16.144666  16.061799  
  4.662500e-01  16.143701  16.060831  
  4.675000e-01  16.142738  16.059866  
  4.687500e-01  16.141778  16.058903  
  4.700000e-01  16.140820  16.057943  
  4.712500e-01  16.139865  16.056986  
  4.725000e-01  16.138913  16.056031  
  4.737500e-01  16.137964  16.055079  
  4.750000e-01  16.137017  16.054130  
  4.762500e-01  16.136073  16.053183  
  4.775000e-01  16.135131  16.052239  
  4.787500e-01  16.134192  16.051298  
  4.800000e-01  16.133256  16.050359  
  4.812500e-01  16.132322  16.049423  
  4.825000e-01  16.131391  16.048489  
  4.837500e-01  16.130463  16.047559  
  4.850000e-01  16.129537  16.046630  
  4.862500e-01  16.128614  16.045705  
  4.875000e-01  16.127694  16.044782  
  4.887500e-01  16.126776  16.043862  
  4.900000e-01  16.125861  16.042944  
  4.912500e-01  16.124949  16.042029  
  4.925000e-01  16.124039  16.041117  
  4.937500e-01  16.123131  16.040207  
  4.950000e-01  16.122227  16.039300  
  4.962500e-01  16.121325  16.038396  
  4.975000e-01  16.120425  16.037494  
  4.987500e-01  16.119528  16.036595  
  5.000000e-01  16.118634  16.035698  
  5.012500e-01  16.117743  16.034804  
  5.025000e-01  16.116854  16.033913  
  5.037500e-01  16.115967  16.033024  
  5.050000e-01  16.115083  16.032138  
  5.062500e-01  16.114202  16.031254  
  5.075000e-01  16.113323  16.030373  
  5.087500e-01  16.112447  16.029495  
  5.100000e-01  16.111574  16.028619  
  5.112500e-01  16.110703  16.027745  
  5.125000e-01  16.109834  16.026875  
  5.137500e-01  16.108969  16.026006  
  5.150000e-01  16.108105  16.025141  
  5.162500e-01  16.107245  16.024278  
  5.175000e-01  16.106386  16.023417  
  5.187500e-01  16.105531  16.022559  
  5.200000e-01  16.104678  16.021704  
  5.212500e-01  16.103827  16.020851  
  5.225000e-01  16.102979  16.020001  
  5.237500e-01  16.102134  16.019153  
  5.250000e-01  16.101291  16.018307  
  5.262500e-01  16.100450  16.017465  
  5.275000e-01  16.099612  16.016625  
  5.287500e-01  16.098777  16.015787  
  5.300000e-01  16.097944  16.014952  
  5.312500e-01  16.097114  16.014119  
  5.325000e-01  16.096286  16.013289  
  5.337500e-01  16.095461  16.012461  
  5.350000e-01  16.094638  16.011636  
  5.362500e-01  16.093817  16.010813  
  5.375000e-01  16.092999  16.009993  
  5.387500e-01  16.092184  16.009175  
  5.400000e-01  16.091371  16.008360  
  5.412500e-01  16.090561  16.007547  
  5.425000e-01  16.089753  16.006737  
  5.437500e-01  16.088947  16.005929  
  5.450000e-01  16.088144  16.005124  
  5.462500e-01  16.087343  16.004321  
  5.475000e-01  16.086545  16.003520  
  5.487500e-01  16.085749  16.002722  
  5.500000e-01  16.084956  16.001927  
  5.512500e-01  16.084165  16.001134  
  5.525000e-01  16.083376  16.000343  
  5.537500e-01  16.082590  15.999555  
  5.550000e-01  16.081807  15.998769  
  5.562500e-01  16.081026  15.997985  
  5.575000e-01  16.080247  15.997204  
  5.587500e-01  16.079470  15.996426  
  5.600000e-01  16.078696  15.995649  
  5.612500e-01  16.077925  15.994875  
  5.625000e-01  16.077155  15.994104  
  5.637500e-01  16.076388  15.993335  
  5.650000e-01  16.075624  15.992568  
  5.662500e-01  16.074862  15.991804  
  5.675000e-01  16.074102  15.991042  
  5.687500e-01  16.073345  15.990282  
  5.700000e-01  16.072590  15.989525  
  5.712500e-01  16.071837  15.988770  
  5.725000e-01  16.071087  15.988018  
  5.737500e-01  16.070339  15.987268  
  5.750000e-01  16.069593  15.986520  
  5.762500e-01  16.068850  15.985774  
  5.775000e-01  16.068109  15.985031  
  5.787500e-01  16.067370  15.984290  
  5.800000e-01  16.066633  15.983552  
  5.812500e-01  16.065899  15.982816  
  5.825000e-01  16.065168  15.982082  
  5.837500e-01  16.064438  15.981350  
  5.850000e-01  16.063711  15.980621  
  5.862500e-01  16.062986  15.979894  
  5.875000e-01  16.062263  15.979169  
  5.887500e-01  16.061543  15.978446  
  5.900000e-01  16.060825  15.977726  
  5.912500e-01  16.060109  15.977008  
  5.925000e-01  16.059395  15.976293  
  5.937500e-01  16.058684  15.975579  
  5.950000e-01  16.057975  15.974868  
  5.962500e-01  16.057268  15.974159  
  5.975000e-01  16.056563  15.973453  
  5.987500e-01  16.055861  15.972748  
  6.000000e-01  16.055161  15.972046  
  6.012500e-01  16.054463  15.971346  
  6.025000e-01  16.053767  15.970648  
  6.037500e-01  16.053074  15.969953  
  6.050000e-01  16.052382  15.969259  
  6.062500e-01  16.051693  15.968568  
  6.075000e-01  16.051006  15.967879  
  6.087500e-01  16.050322  15.967192  
  6.100000e-01  16.049639  15.966508  
  6.112500e-01  16.048959  15.965825  
  6.125000e-01  16.048280  15.965145  
  6.137500e-01  16.047604  15.964467  
  6.150000e-01  16.046930  15.963791  
  6.162500e-01  16.046258  15.963117  
  6.175000e-01  16.045589  15.962446  
  6.187500e-01  16.044921  15.961776  
  6.200000e-01  16.044256  15.961109  
  6.212500e-01  16.043593  15.960444  
  6.225000e-01  16.042932  15.959780  
  6.237500e-01  16.042273  15.959119  
  6.250000e-01  16.041616  15.958461  
  6.262500e-01  16.040961  15.957804  
  6.275000e-01  16.040308  15.957149  
  6.287500e-01  16.039657  15.956497  
  6.300000e-01  16.039009  15.955846  
  6.312500e-01  16.038362  15.955198  
  6.325000e-01  16.037718  15.954551  
  6.337500e-01  16.037076  15.953907  
  6.350000e-01  16.036435  15.953265  
  6.362500e-01  16.035797  15.952625  
  6.375000e-01  16.035161  15.951987  
  6.387500e-01  16.034527  15.951351  
  6.400000e-01  16.033895  15.950717  
  6.412500e-01  16.033265  15.950085  
  6.425000e-01  16.032637  15.949455  
  6.437500e-01  16.032011  15.948827  
  6.450000e-01  16.031387  15.948201  
  6.462500e-01  16.030765  15.947577  
  6.475000e-01  16.030145  15.946956  
  6.487500e-01  16.029527  15.946336  
  6.500000e-01  16.028911  15.945718  
  6.512500e-01  16.028297  15.945102  
  6.525000e-01  16.027684  15.944488  
  6.537500e-01  16.027074  15.943876  
  6.550000e-01  16.026466  15.943266  
  6.562500e-01  16.025860  15.942658  
  6.575000e-01  16.025256  15.942052  
  6.587500e-01  16.024654  15.941448  
  6.600000e-01  16.024053  15.940846  
  6.612500e-01  16.023455  15.940246  
  6.625000e-01  16.022858  15.939647  
  6.637500e-01  16.022264  15.939051  
  6.650000e-01  16.021671  15.938457  
  6.662500e-01  16.021080  15.937864  
  6.675000e-01  16.020492  15.937274  
  6.687500e-01  16.019905  15.936685  
  6.700000e-01  16.019320  15.936098  
  6.712500e-01  16.018737  15.935513  
  6.725000e-01  16.018155  15.934930  
  6.737500e-01  16.017576  15.934349  
  6.750000e-01  16.016998  15.933770  
  6.762500e-01  16.016423  15.933193  
  6.775000e-01  16.015849  15.932617  
  6.787500e-01  16.015277  15.932044  
  6.800000e-01  16.014707  15.931472  
  6.812500e-01  16.014139  15.930902  
  6.825000e-01  16.013572  15.930334  
  6.837500e-01  16.013008  15.929767  
  6.850000e-01  16.012445  15.929203  
  6.862500e-01  16.011884  15.928640  
  6.875000e-01  16.011325  15.928080  
  6.887500e-01  16.010768  15.927521  
  6.900000e-01  16.010212  15.926963  
  6.912500e-01  16.009658  15.926408  
  6.925000e-01  16.009106  15.925854  
  6.937500e-01  16.008556  15.925303  
  6.950000e-01  16.008008  15.924753  
  6.962500e-01  16.007461  15.924204  
  6.975000e-01  16.006916  15.923658  
  6.987500e-01  16.006373  15.923113  
  7.000000e-01  16.005832  15.922570  
  7.012500e-01  16.005292  15.922029  
  7.025000e-01  16.004755  15.921489  
  7.037500e-01  16.004219  15.920952  
  7.050000e-01  16.003684  15.920416  
  7.062500e-01  16.003151  15.919882  
  7.075000e-01  16.002621  15.919349  
  7.087500e-01  16.002091  15.918818  
  7.100000e-01  16.001564  15.918289  
  7.112500e-01  16.001038  15.917762  
  7.125000e-01  16.000514  15.917236  
  7.137500e-01  15.999991  15.916712  
  7.150000e-01  15.999471  15.916190  
  7.162500e-01  15.998952  15.915669  
  7.175000e-01  15.998434  15.915150  
  7.187500e-01  15.997919  15.914633  
  7.200000e-01  15.997405  15.914117  
  7.212500e-01  15.996892  15.913603  
  7.225000e-01  15.996381  15.913091  
  7.237500e-01  15.995872  15.912580  
  7.250000e-01  15.995365  15.912071  
  7.262500e-01  15.994859  15.911564  
  7.275000e-01  15.994355  15.911058  
  7.287500e-01  15.993852  15.910554  
  7.300000e-01  15.993351  15.910052  
  7.312500e-01  15.992852  15.909551  
  7.325000e-01  15.992354  15.909052  
  7.337500e-01  15.991858  15.908554  
  7.350000e-01  15.991364  15.908058  
  7.362500e-01  15.990871  15.907564  
  7.375000e-01  15.990379  15.907071  
  7.387500e-01  15.989889  15.906580  
  7.400000e-01  15.989401  15.906090  
  7.412500e-01  15.988915  15.905602  
  7.425000e-01  15.988429  15.905115  
  7.437500e-01  15.987946  15.904630  
  7.450000e-01  15.987464  15.904147  
  7.462500e-01  15.986984  15.903665  
  7.475000e-01  15.986505  15.903185  
  7.487500e-01  15.986027  15.902706  
  7.500000e-01  15.985552  15.902229  
  7.512500e-01  15.985077  15.901753  
  7.525000e-01  15.984605  15.901279  
  7.537500e-01  15.984133  15.900806  
  7.550000e-01  15.983664  15.900335  
  7.562500e-01  15.983195  15.899866  
  7.575000e-01  15.982729  15.899398  
  7.587500e-01  15.982263  15.898931  
  7.600000e-01  15.981800  15.898466  
  7.612500e-01  15.981337  15.898002  
  7.625000e-01  15.980877  15.897540  
  7.637500e-01  15.980417  15.897079  
  7.650000e-01  15.979960  15.896620  
  7.662500e-01  15.979503  15.896162  
  7.675000e-01  15.979048  15.895706  
  7.687500e-01  15.978595  15.895251  
  7.700000e-01  15.978143  15.894798  
  7.712500e-01  15.977692  15.894346  
  7.725000e-01  15.977243  15.893896  
  7.737500e-01  15.976795  15.893447  
  7.750000e-01  15.976349  15.892999  
  7.762500e-01  15.975904  15.892553  
  7.775000e-01  15.975461  15.892108  
  7.787500e-01  15.975019  15.891665  
  7.800000e-01  15.974578  15.891223  
  7.812500e-01  15.974139  15.890782  
  7.825000e-01  15.973701  15.890343  
  7.837500e-01  15.973265  15.889906  
  7.850000e-01  15.972830  15.889469  
  7.862500e-01  15.972396  15.889034  
  7.875000e-01  15.971964  15.888601  
  7.887500e-01  15.971533  15.888169  
  7.900000e-01  15.971104  15.887738  
  7.912500e-01  15.970675  15.887308  
  7.925000e-01  15.970249  15.886880  
  7.937500e-01  15.969823  15.886454  
  7.950000e-01  15.969399  15.886028  
  7.962500e-01  15.968976  15.885604  
  7.975000e-01  15.968555  15.885182  
  7.987500e-01  15.968135  15.884760  
  8.000000e-01  15.967716  15.884340  
  8.012500e-01  15.967299  15.883922  
  8.025000e-01  15.966883  15.883504  
  8.037500e-01  15.966468  15.883088  
  8.050000e-01  15.966054  15.882674  
  8.062500e-01  15.965642  15.882260  
  8.075000e-01  15.965231  15.881848  
  8.087500e-01  15.964822  15.881438  
  8.100000e-01  15.964414  15.881028  
  8.112500e-01  15.964007  15.880620  
  8.125000e-01  15.963601  15.880213  
  8.137500e-01  15.963197  15.879807  
  8.150000e-01  15.962794  15.879403  
  8.162500e-01  15.962392  15.879000  
  8.175000e-01  15.961991  15.878598  
  8.187500e-01  15.961592  15.878198  
  8.200000e-01  15.961194  15.877799  
  8.212500e-01  15.960797  15.877401  
  8.225000e-01  15.960401  15.877004  
  8.237500e-01  15.960007  15.876608  
  8.250000e-01  15.959614  15.876214  
  8.262500e-01  15.959222  15.875821  
  8.275000e-01  15.958831  15.875429  
  8.287500e-01  15.958442  15.875039  
  8.300000e-01  15.958054  15.874650  
  8.312500e-01  15.957667  15.874261  
  8.325000e-01  15.957281  15.873875  
  8.337500e-01  15.956897  15.873489  
  8.350000e-01  15.956513  15.873104  
  8.362500e-01  15.956131  15.872721  
  8.375000e-01  15.955750  15.872339  
  8.387500e-01  15.955370  15.871958  
  8.400000e-01  15.954992  15.871579  
  8.412500e-01  15.954615  15.871200  
  8.425000e-01  15.954238  15.870823  
  8.437500e-01  15.953863  15.870447  
  8.450000e-01  15.953489  15.870072  
  8.462500e-01  15.953117  15.869698  
  8.475000e-01  15.952745  15.869325  
  8.487500e-01  15.952375  15.868954  
  8.500000e-01  15.952006  15.868584  
  8.512500e-01  15.951638  15.868215  
  8.525000e-01  15.951271  15.867847  
  8.537500e-01  15.950905  15.867480  
  8.550000e-01  15.950540  15.867114  
  8.562500e-01  15.950177  15.866749  
  8.575000e-01  15.949814  15.866386  
  8.587500e-01  15.949453  15.866024  
  8.600000e-01  15.949093  15.865663  
  8.612500e-01  15.948734  15.865303  
  8.625000e-01  15.948376  15.864944  
  8.637500e-01  15.948019  15.864586  
  8.650000e-01  15.947664  15.864229  
  8.662500e-01  15.947309  15.863873  
  8.675000e-01  15.946956  15.863519  
  8.687500e-01  15.946603  15.863165  
  8.700000e-01  15.946252  15.862813  
  8.712500e-01  15.945902  15.862462  
  8.725000e-01  15.945553  15.862112  
  8.737500e-01  15.945205  15.861763  
  8.750000e-01  15.944858  15.861415  
  8.762500e-01  15.944512  15.861068  
  8.775000e-01  15.944167  15.860722  
  8.787500e-01  15.943823  15.860377  
  8.800000e-01  15.943480  15.860033  
  8.812500e-01  15.943139  15.859691  
  8.825000e-01  15.942798  15.859349  
  8.837500e-01  15.942458  15.859009  
  8.850000e-01  15.942120  15.858669  
  8.862500e-01  15.941782  15.858331  
  8.875000e-01  15.941446  15.857993  
  8.887500e-01  15.941111  15.857657  
  8.900000e-01  15.940776  15.857322  
  8.912500e-01  15.940443  15.856987  
  8.925000e-01  15.940110  15.856654  
  8.937500e-01  15.939779  15.856322  
  8.950000e-01  15.939449  15.855990  
  8.962500e-01  15.939120  15.855660  
  8.975000e-01  15.938791  15.855331  
  8.987500e-01  15.938464  15.855003  
  9.000000e-01  15.938138  15.854675  
  9.012500e-01  15.937812  15.854349  
  9.025000e-01  15.937488  15.854024  
  9.037500e-01  15.937165  15.853700  
  9.050000e-01  15.936842  15.853376  
  9.062500e-01  15.936521  15.853054  
  9.075000e-01  15.936201  15.852733  
  9.087500e-01  15.935881  15.852413  
  9.100000e-01  15.935563  15.852093  
  9.112500e-01  15.935245  15.851775  
  9.125000e-01  15.934929  15.851458  
  9.137500e-01  15.934613  15.851141  
  9.150000e-01  15.934299  15.850826  
  9.162500e-01  15.933985  15.850511  
  9.175000e-01  15.933673  15.850198  
  9.187500e-01  15.933361  15.849885  
  9.200000e-01  15.933050  15.849573  
  9.212500e-01  15.932740  15.849263  
  9.225000e-01  15.932431  15.848953  
  9.237500e-01  15.932124  15.848644  
  9.250000e-01  15.931816  15.848336  
  9.262500e-01  15.931510  15.848029  
  9.275000e-01  15.931205  15.847723  
  9.287500e-01  15.930901  15.847418  
  9.300000e-01  15.930598  15.847114  
  9.312500e-01  15.930295  15.846811  
  9.325000e-01  15.929994  15.846508  
  9.337500e-01  15.929693  15.846207  
  9.350000e-01  15.929394  15.845906  
  9.362500e-01  15.929095  15.845607  
  9.375000e-01  15.928797  15.845308  
  9.387500e-01  15.928500  15.845010  
  9.400000e-01  15.928204  15.844713  
  9.412500e-01  15.927909  15.844417  
  9.425000e-01  15.927614  15.844122  
  9.437500e-01  15.927321  15.843828  
  9.450000e-01  15.927028  15.843534  
  9.462500e-01  15.926737  15.843242  
  9.475000e-01  15.926446  15.842950  
  9.487500e-01  15.926156  15.842660  
  9.500000e-01  15.925867  15.842370  
  9.512500e-01  15.925579  15.842081  
  9.525000e-01  15.925291  15.841792  
  9.537500e-01  15.925005  15.841505  
  9.550000e-01  15.924719  15.841219  
  9.562500e-01  15.924434  15.840933  
  9.575000e-01  15.924151  15.840649  
  9.587500e-01  15.923867  15.840365  
  9.600000e-01  15.923585  15.840082  
  9.612500e-01  15.923304  15.839799  
  9.625000e-01  15.923023  15.839518  
  9.637500e-01  15.922744  15.839238  
  9.650000e-01  15.922465  15.838958  
  9.662500e-01  15.922187  15.838679  
  9.675000e-01  15.921909  15.838401  
  9.687500e-01  15.921633  15.838124  
  9.700000e-01  15.921357  15.837848  
  9.712500e-01  15.921083  15.837572  
  9.725000e-01  15.920809  15.837297  
  9.737500e-01  15.920536  15.837023  
  9.750000e-01  15.920263  15.836750  
  9.762500e-01  15.919992  15.836478  
  9.775000e-01  15.919721  15.836207  
  9.787500e-01  15.919451  15.835936  
  9.800000e-01  15.919182  15.835666  
  9.812500e-01  15.918914  15.835397  
  9.825000e-01  15.918646  15.835129  
  9.837500e-01  15.918380  15.834861  
  9.850000e-01  15.918114  15.834595  
  9.862500e-01  15.917848  15.834329  
  9.875000e-01  15.917584  15.834064  
  9.887500e-01  15.917320  15.833799  
  9.900000e-01  15.917058  15.833536  
  9.912500e-01  15.916796  15.833273  
  9.925000e-01  15.916534  15.833011  
  9.937500e-01  15.916274  15.832750  
  9.950000e-01  15.916014  15.832489  
  9.962500e-01  15.915755  15.832230  
  9.975000e-01  15.915497  15.831971  
  9.987500e-01  15.915239  15.831712  
  1.000000e+00  15.914983  15.831455  
  1.001250e+00  15.914727  15.831198  
  1.002500e+00  15.914472  15.830942  
  1.003750e+00  15.914217  15.830687  
  1.005000e+00  15.913963  15.830433  
  1.006250e+00  15.913710  15.830179  
  1.007500e+00  15.913458  15.829926  
  1.008750e+00  15.913207  15.829674  
  1.010000e+00  15.912956  15.829423  
  1.011250e+00  15.912706  15.829172  
  1.012500e+00  15.912457  15.828922  
  1.013750e+00  15.912208  15.828673  
  1.015000e+00  15.911960  15.828424  
  1.016250e+00  15.911713  15.828176  
  1.017500e+00  15.911467  15.827929  
  1.018750e+00  15.911221  15.827683  
  1.020000e+00  15.910976  15.827437  
  1.021250e+00  15.910732  15.827192  
  1.022500e+00  15.910488  15.826948  
  1.023750e+00  15.910246  15.826705  
  1.025000e+00  15.910003  15.826462  
  1.026250e+00  15.909762  15.826220  
  1.027500e+00  15.909521  15.825979  
  1.028750e+00  15.909281  15.825738  
  1.030000e+00  15.909042  15.825498  
  1.031250e+00  15.908803  15.825259  
  1.032500e+00  15.908565  15.825020  
  1.033750e+00  15.908328  15.824782  
  1.035000e+00  15.908092  15.824545  
  1.036250e+00  15.907856  15.824308  
  1.037500e+00  15.907620  15.824073  
  1.038750e+00  15.907386  15.823837  
  1.040000e+00  15.907152  15.823603  
  1.041250e+00  15.906919  15.823369  
  1.042500e+00  15.906686  15.823136  
  1.043750e+00  15.906455  15.822903  
  1.045000e+00  15.906223  15.822672  
  1.046250e+00  15.905993  15.822441  
  1.047500e+00  15.905763  15.822210  
  1.048750e+00  15.905534  15.821980  
  1.050000e+00  15.905306  15.821751  
  1.051250e+00  15.905078  15.821523  
  1.052500e+00  15.904850  15.821295  
  1.053750e+00  15.904624  15.821068  
  1.055000e+00  15.904398  15.820841  
  1.056250e+00  15.904173  15.820615  
  1.057500e+00  15.903948  15.820390  
  1.058750e+00  15.903724  15.820166  
  1.060000e+00  15.903501  15.819942  
  1.061250e+00  15.903278  15.819719  
  1.062500e+00  15.903056  15.819496  
  1.063750e+00  15.902835  15.819274  
  1.065000e+00  15.902614  15.819053  
  1.066250e+00  15.902394  15.818832  
  1.067500e+00  15.902175  15.818612  
  1.068750e+00  15.901956  15.818392  
  1.070000e+00  15.901737  15.818173  
  1.071250e+00  15.901520  15.817955  
  1.072500e+00  15.901303  15.817738  
  1.073750e+00  15.901086  15.817521  
  1.075000e+00  15.900871  15.817304  
  1.076250e+00  15.900656  15.817089  
  1.077500e+00  15.900441  15.816873  
  1.078750e+00  15.900227  15.816659  
  1.080000e+00  15.900014  15.816445  
  1.081250e+00  15.899801  15.816232  
  1.082500e+00  15.899589  15.816019  
  1.083750e+00  15.899377  15.815807  
  1.085000e+00  15.899167  15.815596  
  1.086250e+00  15.898956  15.815385  
  1.087500e+00  15.898747  15.815174  
  1.088750e+00  15.898537  15.814965  
  1.090000e+00  15.898329  15.814756  
  1.091250e+00  15.898121  15.814547  
  1.092500e+00  15.897914  15.814339  
  1.093750e+00  15.897707  15.814132  
  1.095000e+00  15.897501  15.813925  
  1.096250e+00  15.897295  15.813719  
  1.097500e+00  15.897090  15.813514  
  1.098750e+00  15.896886  15.813309  
  1.100000e+00  15.896682  15.813104  
  1.101250e+00  15.896479  15.812900  
  1.102500e+00  15.896276  15.812697  
  1.103750e+00  15.896074  15.812495  
  1.105000e+00  15.895872  15.812292  
  1.106250e+00  15.895671  15.812091  
  1.107500e+00  15.895471  15.811890  
  1.108750e+00  15.895271  15.811690  
  1.110000e+00  15.895072  15.811490  
  1.111250e+00  15.894873  15.811290  
  1.112500e+00  15.894675  15.811092  
  1.113750e+00  15.894477  15.810894  
  1.115000e+00  15.894280  15.810696  
  1.116250e+00  15.894084  15.810499  
  1.117500e+00  15.893888  15.810303  
  1.118750e+00  15.893692  15.810107  
  1.120000e+00  15.893497  15.809911  
  1.121250e+00  15.893303  15.809716  
  1.122500e+00  15.893109  15.809522  
  1.123750e+00  15.892916  15.809328  
  1.125000e+00  15.892723  15.809135  
  1.126250e+00  15.892531  15.808943  
  1.127500e+00  15.892340  15.808750  
  1.128750e+00  15.892149  15.808559  
  1.130000e+00  15.891958  15.808368  
  1.131250e+00  15.891768  15.808177  
  1.132500e+00  15.891579  15.807987  
  1.133750e+00  15.891390  15.807798  
  1.135000e+00  15.891201  15.807609  
  1.136250e+00  15.891013  15.807421  
  1.137500e+00  15.890826  15.807233  
  1.138750e+00  15.890639  15.807045  
  1.140000e+00  15.890453  15.806859  
  1.141250e+00  15.890267  15.806672  
  1.142500e+00  15.890082  15.806487  
  1.143750e+00  15.889897  15.806301  
  1.145000e+00  15.889713  15.806117  
  1.146250e+00  15.889529  15.805932  
  1.147500e+00  15.889346  15.805749  
  1.148750e+00  15.889163  15.805565  
  1.150000e+00  15.888981  15.805383  
  1.151250e+00  15.888799  15.805201  
  1.152500e+00  15.888618  15.805019  
  1.153750e+00  15.888437  15.804838  
  1.155000e+00  15.888257  15.804657  
  1.156250e+00  15.888077  15.804477  
  1.157500e+00  15.887898  15.804297  
  1.158750e+00  15.887719  15.804118  
  1.160000e+00  15.887541  15.803939  
  1.161250e+00  15.887364  15.803761  
  1.162500e+00  15.887186  15.803583  
  1.163750e+00  15.887010  15.803406  
  1.165000e+00  15.886833  15.803229  
  1.166250e+00  15.886658  15.803053  
  1.167500e+00  15.886482  15.802878  
  1.168750e+00  15.886307  15.802702  
  1.170000e+00  15.886133  15.802527  
  1.171250e+00  15.885959  15.802353  
  1.172500e+00  15.885786  15.802179  
  1.173750e+00  15.885613  15.802006  
  1.175000e+00  15.885441  15.801833  
  1.176250e+00  15.885269  15.801661  
  1.177500e+00  15.885097  15.801489  
  1.178750e+00  15.884926  15.801318  
  1.180000e+00  15.884756  15.801147  
  1.181250e+00  15.884586  15.800976  
  1.182500e+00  15.884416  15.800806  
  1.183750e+00  15.884247  15.800636  
  1.185000e+00  15.884078  15.800467  
  1.186250e+00  15.883910  15.800299  
  1.187500e+00  15.883743  15.800131  
  1.188750e+00  15.883575  15.799963  
  1.190000e+00  15.883409  15.799796  
  1.191250e+00  15.883242  15.799629  
  1.192500e+00  15.883076  15.799463  
  1.193750e+00  15.882911  15.799297  
  1.195000e+00  15.882746  15.799131  
  1.196250e+00  15.882581  15.798966  
  1.197500e+00  15.882417  15.798802  
  1.198750e+00  15.882254  15.798638  
  1.200000e+00  15.882090  15.798474  
  1.201250e+00  15.881928  15.798311  
  1.202500e+00  15.881765  15.798148  
  1.203750e+00  15.881604  15.797986  
  1.205000e+00  15.881442  15.797824  
  1.206250e+00  15.881281  15.797663  
  1.207500e+00  15.881121  15.797502  
  1.208750e+00  15.880961  15.797341  
  1.210000e+00  15.880801  15.797181  
  1.211250e+00  15.880642  15.797022  
  1.212500e+00  15.880483  15.796862  
  1.213750e+00  15.880325  15.796704  
  1.215000e+00  15.880167  15.796545  
  1.216250e+00  15.880009  15.796387  
  1.217500e+00  15.879852  15.796230  
  1.218750e+00  15.879695  15.796073  
  1.220000e+00  15.879539  15.795916  
  1.221250e+00  15.879383  15.795760  
  1.222500e+00  15.879228  15.795604  
  1.223750e+00  15.879073  15.795449  
  1.225000e+00  15.878919  15.795294  
  1.226250e+00  15.878764  15.795140  
  1.227500e+00  15.878611  15.794985  
  1.228750e+00  15.878458  15.794832  
  1.230000e+00  15.878305  15.794679  
  1.231250e+00  15.878152  15.794526  
  1.232500e+00  15.878000  15.794373  
  1.233750e+00  15.877849  15.794221  
  1.235000e+00  15.877697  15.794070  
  1.236250e+00  15.877547  15.793918  
  1.237500e+00  15.877396  15.793768  
  1.238750e+00  15.877246  15.793617  
  1.240000e+00  15.877097  15.793467  
  1.241250e+00  15.876947  15.793318  
  1.242500e+00  15.876799  15.793169  
  1.243750e+00  15.876650  15.793020  
  1.245000e+00  15.876502  15.792871  
  1.246250e+00  15.876355  15.792723  
  1.247500e+00  15.876207  15.792576  
  1.248750e+00  15.876061  15.792429  
  1.250000e+00  15.875914  15.792282  
  1.251250e+00  15.875768  15.792136  
  1.252500e+00  15.875623  15.791990  
  1.253750e+00  15.875477  15.791844  
  1.255000e+00  15.875333  15.791699  
  1.256250e+00  15.875188  15.791554  
  1.257500e+00  15.875044  15.791410  
  1.258750e+00  15.874901  15.791266  
  1.260000e+00  15.874757  15.791122  
  1.261250e+00  15.874614  15.790979  
  1.262500e+00  15.874472  15.790836  
  1.263750e+00  15.874330  15.790693  
  1.265000e+00  15.874188  15.790551  
  1.266250e+00  15.874047  15.790410  
  1.267500e+00  15.873906  15.790268  
  1.268750e+00  15.873765  15.790127  
  1.270000e+00  15.873625  15.789987  
  1.271250e+00  15.873485  15.789846  
  1.272500e+00  15.873345  15.789707  
  1.273750e+00  15.873206  15.789567  
  1.275000e+00  15.873068  15.789428  
  1.276250e+00  15.872929  15.789289  
  1.277500e+00  15.872791  15.789151  
  1.278750e+00  15.872654  15.789013  
  1.280000e+00  15.872516  15.788875  
  1.281250e+00  15.872379  15.788738  
  1.282500e+00  15.872243  15.788601  
  1.283750e+00  15.872107  15.788465  
  1.285000e+00  15.871971  15.788329  
  1.286250e+00  15.871836  15.788193  
  1.287500e+00  15.871700  15.788057  
  1.288750e+00  15.871566  15.787922  
  1.290000e+00  15.871431  15.787788  
  1.291250e+00  15.871297  15.787653  
  1.292500e+00  15.871164  15.787519  
  1.293750e+00  15.871030  15.787386  
  1.295000e+00  15.870897  15.787252  
  1.296250e+00  15.870765  15.787119  
  1.297500e+00  15.870633  15.786987  
  1.298750e+00  15.870501  15.786855  
  1.300000e+00  15.870369  15.786723  
  1.301250e+00  15.870238  15.786591  
  1.302500e+00  15.870107  15.786460  
  1.303750e+00  15.869977  15.786329  
  1.305000e+00  15.869847  15.786199  
  1.306250e+00  15.869717  15.786069  
  1.307500e+00  15.869587  15.785939  
  1.308750e+00  15.869458  15.785809  
  1.310000e+00  15.869329  15.785680  
  1.311250e+00  15.869201  15.785552  
  1.312500e+00  15.869073  15.785423  
  1.313750e+00  15.868945  15.785295  
  1.315000e+00  15.868818  15.785167  
  1.316250e+00  15.868691  15.785040  
  1.317500e+00  15.868564  15.784913  
  1.318750e+00  15.868438  15.784786  
  1.320000e+00  15.868311  15.784660  
  1.321250e+00  15.868186  15.784534  
  1.322500e+00  15.868060  15.784408  
  1.323750e+00  15.867935  15.784283  
  1.325000e+00  15.867810  15.784157  
  1.326250e+00  15.867686  15.784033  
  1.327500e+00  15.867562  15.783908  
  1.328750e+00  15.867438  15.783784  
  1.330000e+00  15.867315  15.783660  
  1.331250e+00  15.867192  15.783537  
  1.332500e+00  15.867069  15.783414  
  1.333750e+00  15.866946  15.783291  
  1.335000e+00  15.866824  15.783169  
  1.336250e+00  15.866702  15.783047  
  1.337500e+00  15.866581  15.782925  
  1.338750e+00  15.866460  15.782803  
  1.340000e+00  15.866339  15.782682  
  1.341250e+00  15.866218  15.782561  
  1.342500e+00  15.866098  15.782441  
  1.343750e+00  15.865978  15.782321  
  1.345000e+00  15.865859  15.782201  
  1.346250e+00  15.865739  15.782081  
  1.347500e+00  15.865620  15.781962  
  1.348750e+00  15.865502  15.781843  
  1.350000e+00  15.865383  15.781724  
  1.351250e+00  15.865265  15.781606  
  1.352500e+00  15.865147  15.781488  
  1.353750e+00  15.865030  15.781370  
  1.355000e+00  15.864913  15.781253  
  1.356250e+00  15.864796  15.781135  
  1.357500e+00  15.864680  15.781019  
  1.358750e+00  15.864563  15.780902  
  1.360000e+00  15.864447  15.780786  
  1.361250e+00  15.864332  15.780670  
  1.362500e+00  15.864217  15.780554  
  1.363750e+00  15.864102  15.780439  
  1.365000e+00  15.863987  15.780324  
  1.366250e+00  15.863872  15.780210  
  1.367500e+00  15.863758  15.780095  
  1.368750e+00  15.863645  15.779981  
  1.370000e+00  15.863531  15.779867  
  1.371250e+00  15.863418  15.779754  
  1.372500e+00  15.863305  15.779641  
  1.373750e+00  15.863192  15.779528  
  1.375000e+00  15.863080  15.779415  
  1.376250e+00  15.862968  15.779303  
  1.377500e+00  15.862856  15.779191  
  1.378750e+00  15.862745  15.779079  
  1.380000e+00  15.862634  15.778967  
  1.381250e+00  15.862523  15.778856  
  1.382500e+00  15.862412  15.778745  
  1.383750e+00  15.862302  15.778635  
  1.385000e+00  15.862192  15.778525  
  1.386250e+00  15.862082  15.778415  
  1.387500e+00  15.861973  15.778305  
  1.388750e+00  15.861863  15.778195  
  1.390000e+00  15.861754  15.778086  
  1.391250e+00  15.861646  15.777977  
  1.392500e+00  15.861538  15.777869  
  1.393750e+00  15.861430  15.777760  
  1.395000e+00  15.861322  15.777652  
  1.396250e+00  15.861214  15.777545  
  1.397500e+00  15.861107  15.777437  
  1.398750e+00  15.861000  15.777330  
  1.400000e+00  15.860893  15.777223  
  1.401250e+00  15.860787  15.777116  
  1.402500e+00  15.860681  15.777010  
  1.403750e+00  15.860575  15.776904  
  1.405000e+00  15.860470  15.776798  
  1.406250e+00  15.860364  15.776693  
  1.407500e+00  15.860259  15.776587  
  1.408750e+00  15.860155  15.776482  
  1.410000e+00  15.860050  15.776378  
  1.411250e+00  15.859946  15.776273  
  1.412500e+00  15.859842  15.776169  
  1.413750e+00  15.859738  15.776065  
  1.415000e+00  15.859635  15.775961  
  1.416250e+00  15.859532  15.775858  
  1.417500e+00  15.859429  15.775755  
  1.418750e+00  15.859326  15.775652  
  1.420000e+00  15.859224  15.775549  
  1.421250e+00  15.859122  15.775447  
  1.422500e+00  15.859020  15.775345  
  1.423750e+00  15.858919  15.775243  
  1.425000e+00  15.858817  15.775142  
  1.426250e+00  15.858716  15.775040  
  1.427500e+00  15.858616  15.774939  
  1.428750e+00  15.858515  15.774839  
  1.430000e+00  15.858415  15.774738  
  1.431250e+00  15.858315  15.774638  
  1.432500e+00  15.858215  15.774538  
  1.433750e+00  15.858116  15.774438  
  1.435000e+00  15.858016  15.774339  
  1.436250e+00  15.857917  15.774240  
  1.437500e+00  15.857819  15.774141  
  1.438750e+00  15.857720  15.774042  
  1.440000e+00  15.857622  15.773943  
  1.441250e+00  15.857524  15.773845  
  1.442500e+00  15.857426  15.773747  
  1.443750e+00  15.857329  15.773650  
  1.445000e+00  15.857232  15.773552  
  1.446250e+00  15.857135  15.773455  
  1.447500e+00  15.857038  15.773358  
  1.448750e+00  15.856941  15.773261  
  1.450000e+00  15.856845  15.773165  
  1.451250e+00  15.856749  15.773069  
  1.452500e+00  15.856653  15.772973  
  1.453750e+00  15.856558  15.772877  
  1.455000e+00  15.856463  15.772781  
  1.456250e+00  15.856368  15.772686  
  1.457500e+00  15.856273  15.772591  
  1.458750e+00  15.856178  15.772496  
  1.460000e+00  15.856084  15.772402  
  1.461250e+00  15.855990  15.772308  
  1.462500e+00  15.855896  15.772213  
  1.463750e+00  15.855803  15.772120  
  1.465000e+00  15.855709  15.772026  
  1.466250e+00  15.855616  15.771933  
  1.467500e+00  15.855523  15.771840  
  1.468750e+00  15.855431  15.771747  
  1.470000e+00  15.855338  15.771654  
  1.471250e+00  15.855246  15.771562  
  1.472500e+00  15.855154  15.771470  
  1.473750e+00  15.855063  15.771378  
  1.475000e+00  15.854971  15.771286  
  1.476250e+00  15.854880  15.771195  
  1.477500e+00  15.854789  15.771104  
  1.478750e+00  15.854698  15.771013  
  1.480000e+00  15.854608  15.770922  
  1.481250e+00  15.854517  15.770831  
  1.482500e+00  15.854427  15.770741  
  1.483750e+00  15.854337  15.770651  
  1.485000e+00  15.854248  15.770561  
  1.486250e+00  15.854158  15.770471  
  1.487500e+00  15.854069  15.770382  
  1.488750e+00  15.853980  15.770293  
  1.490000e+00  15.853892  15.770204  
  1.491250e+00  15.853803  15.770115  
  1.492500e+00  15.853715  15.770027  
  1.493750e+00  15.853627  15.769939  
  1.495000e+00  15.853539  15.769851  
  1.496250e+00  15.853451  15.769763  
  1.497500e+00  15.853364  15.769675  
  1.498750e+00  15.853277  15.769588  
  1.500000e+00  15.853190  15.769501  
  1.501250e+00  15.853103  15.769414  
  1.502500e+00  15.853017  15.769327  
  1.503750e+00  15.852931  15.769240  
  1.505000e+00  15.852844  15.769154  
  1.506250e+00  15.852759  15.769068  
  1.507500e+00  15.852673  15.768982  
  1.508750e+00  15.852588  15.768897  
  1.510000e+00  15.852502  15.768811  
  1.511250e+00  15.852417  15.768726  
  1.512500e+00  15.852333  15.768641  
  1.513750e+00  15.852248  15.768556  
  1.515000e+00  15.852164  15.768472  
  1.516250e+00  15.852080  15.768387  
  1.517500e+00  15.851996  15.768303  
  1.518750e+00  15.851912  15.768219  
  1.520000e+00  15.851828  15.768136  
  1.521250e+00  15.851745  15.768052  
  1.522500e+00  15.851662  15.767969  
  1.523750e+00  15.851579  15.767886  
  1.525000e+00  15.851496  15.767803  
  1.526250e+00  15.851414  15.767720  
  1.527500e+00  15.851332  15.767638  
  1.528750e+00  15.851250  15.767556  
  1.530000e+00  15.851168  15.767474  
  1.531250e+00  15.851086  15.767392  
  1.532500e+00  15.851005  15.767310  
  1.533750e+00  15.850924  15.767229  
  1.535000e+00  15.850842  15.767147  
  1.536250e+00  15.850762  15.767066  
  1.537500e+00  15.850681  15.766986  
  1.538750e+00  15.850601  15.766905  
  1.540000e+00  15.850520  15.766824  
  1.541250e+00  15.850440  15.766744  
  1.542500e+00  15.850361  15.766664  
  1.543750e+00  15.850281  15.766584  
  1.545000e+00  15.850201  15.766505  
  1.546250e+00  15.850122  15.766425  
  1.547500e+00  15.850043  15.766346  
  1.548750e+00  15.849964  15.766267  
  1.550000e+00  15.849886  15.766188  
  1.551250e+00  15.849807  15.766110  
  1.552500e+00  15.849729  15.766031  
  1.553750e+00  15.849651  15.765953  
  1.555000e+00  15.849573  15.765875  
  1.556250e+00  15.849495  15.765797  
  1.557500e+00  15.849418  15.765719  
  1.558750e+00  15.849341  15.765642  
  1.560000e+00  15.849264  15.765565  
  1.561250e+00  15.849187  15.765488  
  1.562500e+00  15.849110  15.765411  
  1.563750e+00  15.849033  15.765334  
  1.565000e+00  15.848957  15.765257  
  1.566250e+00  15.848881  15.765181  
  1.567500e+00  15.848805  15.765105  
  1.568750e+00  15.848729  15.765029  
  1.570000e+00  15.848654  15.764953  
  1.571250e+00  15.848578  15.764878  
  1.572500e+00  15.848503  15.764802  
  1.573750e+00  15.848428  15.764727  
  1.575000e+00  15.848353  15.764652  
  1.576250e+00  15.848279  15.764577  
  1.577500e+00  15.848204  15.764503  
  1.578750e+00  15.848130  15.764428  
  1.580000e+00  15.848056  15.764354  
  1.581250e+00  15.847982  15.764280  
  1.582500e+00  15.847908  15.764206  
  1.583750e+00  15.847835  15.764132  
  1.585000e+00  15.847761  15.764059  
  1.586250e+00  15.847688  15.763985  
  1.587500e+00  15.847615  15.763912  
  1.588750e+00  15.847542  15.763839  
  1.590000e+00  15.847470  15.763766  
  1.591250e+00  15.847397  15.763694  
  1.592500e+00  15.847325  15.763621  
  1.593750e+00  15.847253  15.763549  
  1.595000e+00  15.847181  15.763477  
  1.596250e+00  15.847109  15.763405  
  1.597500e+00  15.847037  15.763333  
  1.598750e+00  15.846966  15.763262  
  1.600000e+00  15.846895  15.763190  
  1.601250e+00  15.846824  15.763119  
  1.602500e+00  15.846753  15.763048  
  1.603750e+00  15.846682  15.762977  
  1.605000e+00  15.846612  15.762906  
  1.606250e+00  15.846541  15.762836  
  1.607500e+00  15.846471  15.762765  
  1.608750e+00  15.846401  15.762695  
  1.610000e+00  15.846331  15.762625  
  1.611250e+00  15.846262  15.762555  
  1.612500e+00  15.846192  15.762486  
  1.613750e+00  15.846123  15.762416  
  1.615000e+00  15.846054  15.762347  
  1.616250e+00  15.845985  15.762278  
  1.617500e+00  15.845916  15.762209  
  1.618750e+00  15.845847  15.762140  
  1.620000e+00  15.845779  15.762071  
  1.621250e+00  15.845710  15.762003  
  1.622500e+00  15.845642  15.761935  
  1.623750e+00  15.845574  15.761866  
  1.625000e+00  15.845506  15.761798  
  1.626250e+00  15.845439  15.761731  
  1.627500e+00  15.845371  15.761663  
  1.628750e+00  15.845304  15.761595  
  1.630000e+00  15.845237  15.761528  
  1.631250e+00  15.845170  15.761461  
  1.632500e+00  15.845103  15.761394  
  1.633750e+00  15.845036  15.761327  
  1.635000e+00  15.844970  15.761261  
  1.636250e+00  15.844903  15.761194  
  1.637500e+00  15.844837  15.761128  
  1.638750e+00  15.844771  15.761062  
  1.640000e+00  15.844705  15.760995  
  1.641250e+00  15.844640  15.760930  
  1.642500e+00  15.844574  15.760864  
  1.643750e+00  15.844509  15.760798  
  1.645000e+00  15.844443  15.760733  
  1.646250e+00  15.844378  15.760668  
  1.647500e+00  15.844314  15.760603  
  1.648750e+00  15.844249  15.760538  
  1.650000e+00  15.844184  15.760473  
  1.651250e+00  15.844120  15.760409  
  1.652500e+00  15.844055  15.760344  
  1.653750e+00  15.843991  15.760280  
  1.655000e+00  15.843927  15.760216  
  1.656250e+00  15.843864  15.760152  
  1.657500e+00  15.843800  15.760088  
  1.658750e+00  15.843736  15.760024  
  1.660000e+00  15.843673  15.759961  
  1.661250e+00  15.843610  15.759897  
  1.662500e+00  15.843547  15.759834  
  1.663750e+00  15.843484  15.759771  
  1.665000e+00  15.843421  15.759708  
  1.666250e+00  15.843359  15.759646  
  1.667500e+00  15.843296  15.759583  
  1.668750e+00  15.843234  15.759521  
  1.670000e+00  15.843172  15.759458  
  1.671250e+00  15.843110  15.759396  
  1.672500e+00  15.843048  15.759334  
  1.673750e+00  15.842986  15.759272  
  1.675000e+00  15.842925  15.759211  
  1.676250e+00  15.842863  15.759149  
  1.677500e+00  15.842802  15.759088  
  1.678750e+00  15.842741  15.759026  
  1.680000e+00  15.842680  15.758965  
  1.681250e+00  15.842619  15.758904  
  1.682500e+00  15.842559  15.758844  
  1.683750e+00  15.842498  15.758783  
  1.685000e+00  15.842438  15.758722  
  1.686250e+00  15.842377  15.758662  
  1.687500e+00  15.842317  15.758602  
  1.688750e+00  15.842257  15.758542  
  1.690000e+00  15.842198  15.758482  
  1.691250e+00  15.842138  15.758422  
  1.692500e+00  15.842079  15.758362  
  1.693750e+00  15.842019  15.758303  
  1.695000e+00  15.841960  15.758244  
  1.696250e+00  15.841901  15.758184  
  1.697500e+00  15.841842  15.758125  
  1.698750e+00  15.841783  15.758066  
  1.700000e+00  15.841725  15.758008  
  1.701250e+00  15.841666  15.757949  
  1.702500e+00  15.841608  15.757890  
  1.703750e+00  15.841549  15.757832  
  1.705000e+00  15.841491  15.757774  
  1.706250e+00  15.841433  15.757716  
  1.707500e+00  15.841376  15.757658  
  1.708750e+00  15.841318  15.757600  
  1.710000e+00  15.841260  15.757542  
  1.711250e+00  15.841203  15.757485  
  1.712500e+00  15.841146  15.757427  
  1.713750e+00  15.841089  15.757370  
  1.715000e+00  15.841032  15.757313  
  1.716250e+00  15.840975  15.757256  
  1.717500e+00  15.840918  15.757199  
  1.718750e+00  15.840861  15.757143  
  1.720000e+00  15.840805  15.757086  
  1.721250e+00  15.840749  15.757029  
  1.722500e+00  15.840692  15.756973  
  1.723750e+00  15.840636  15.756917  
  1.725000e+00  15.840581  15.756861  
  1.726250e+00  15.840525  15.756805  
  1.727500e+00  15.840469  15.756749  
  1.728750e+00  15.840414  15.756694  
  1.730000e+00  15.840358  15.756638  
  1.731250e+00  15.840303  15.756583  
  1.732500e+00  15.840248  15.756527  
  1.733750e+00  15.840193  15.756472  
  1.735000e+00  15.840138  15.756417  
  1.736250e+00  15.840083  15.756363  
  1.737500e+00  15.840029  15.756308  
  1.738750e+00  15.839974  15.756253  
  1.740000e+00  15.839920  15.756199  
  1.741250e+00  15.839866  15.756144  
  1.742500e+00  15.839812  15.756090  
  1.743750e+00  15.839758  15.756036  
  1.745000e+00  15.839704  15.755982  
  1.746250e+00  15.839650  15.755928  
  1.747500e+00  15.839597  15.755875  
  1.748750e+00  15.839543  15.755821  
  1.750000e+00  15.839490  15.755768  
  1.751250e+00  15.839437  15.755714  
  1.752500e+00  15.839384  15.755661  
  1.753750e+00  15.839331  15.755608  
  1.755000e+00  15.839278  15.755555  
  1.756250e+00  15.839225  15.755502  
  1.757500e+00  15.839172  15.755450  
  1.758750e+00  15.839120  15.755397  
  1.760000e+00  15.839068  15.755345  
  1.761250e+00  15.839016  15.755292  
  1.762500e+00  15.838963  15.755240  
  1.763750e+00  15.838911  15.755188  
  1.765000e+00  15.838860  15.755136  
  1.766250e+00  15.838808  15.755084  
  1.767500e+00  15.838756  15.755033  
  1.768750e+00  15.838705  15.754981  
  1.770000e+00  15.838654  15.754929  
  1.771250e+00  15.838602  15.754878  
  1.772500e+00  15.838551  15.754827  
  1.773750e+00  15.838500  15.754776  
  1.775000e+00  15.838449  15.754725  
  1.776250e+00  15.838399  15.754674  
  1.777500e+00  15.838348  15.754623  
  1.778750e+00  15.838298  15.754573  
  1.780000e+00  15.838247  15.754522  
  1.781250e+00  15.838197  15.754472  
  1.782500e+00  15.838147  15.754421  
  1.783750e+00  15.838097  15.754371  
  1.785000e+00  15.838047  15.754321  
  1.786250e+00  15.837997  15.754271  
  1.787500e+00  15.837947  15.754222  
  1.788750e+00  15.837898  15.754172  
  1.790000e+00  15.837848  15.754122  
  1.791250e+00  15.837799  15.754073  
  1.792500e+00  15.837750  15.754024  
  1.793750e+00  15.837701  15.753974  
  1.795000e+00  15.837652  15.753925  
  1.796250e+00  15.837603  15.753876  
  1.797500e+00  15.837554  15.753827  
  1.798750e+00  15.837505  15.753779  
  1.800000e+00  15.837457  15.753730  
  1.801250e+00  15.837408  15.753681  
  1.802500e+00  15.837360  15.753633  
  1.803750e+00  15.837312  15.753585  
  1.805000e+00  15.837264  15.753536  
  1.806250e+00  15.837216  15.753488  
  1.807500e+00  15.837168  15.753440  
  1.808750e+00  15.837120  15.753393  
  1.810000e+00  15.837072  15.753345  
  1.811250e+00  15.837025  15.753297  
  1.812500e+00  15.836978  15.753250  
  1.813750e+00  15.836930  15.753202  
  1.815000e+00  15.836883  15.753155  
  1.816250e+00  15.836836  15.753108  
  1.817500e+00  15.836789  15.753061  
  1.818750e+00  15.836742  15.753014  
  1.820000e+00  15.836695  15.752967  
  1.821250e+00  15.836649  15.752920  
  1.822500e+00  15.836602  15.752873  
  1.823750e+00  15.836556  15.752827  
  1.825000e+00  15.836509  15.752780  
  1.826250e+00  15.836463  15.752734  
  1.827500e+00  15.836417  15.752688  
  1.828750e+00  15.836371  15.752642  
  1.830000e+00  15.836325  15.752596  
  1.831250e+00  15.836279  15.752550  
  1.832500e+00  15.836234  15.752504  
  1.833750e+00  15.836188  15.752458  
  1.835000e+00  15.836143  15.752413  
  1.836250e+00  15.836097  15.752367  
  1.837500e+00  15.836052  15.752322  
  1.838750e+00  15.836007  15.752277  
  1.840000e+00  15.835962  15.752231  
  1.841250e+00  15.835917  15.752186  
  1.842500e+00  15.835872  15.752141  
  1.843750e+00  15.835827  15.752097  
  1.845000e+00  15.835782  15.752052  
  1.846250e+00  15.835738  15.752007  
  1.847500e+00  15.835693  15.751963  
  1.848750e+00  15.835649  15.751918  
  1.850000e+00  15.835605  15.751874  
  1.851250e+00  15.835561  15.751830  
  1.852500e+00  15.835517  15.751785  
  1.853750e+00  15.835473  15.751741  
  1.855000e+00  15.835429  15.751697  
  1.856250e+00  15.835385  15.751654  
  1.857500e+00  15.835342  15.751610  
  1.858750e+00  15.835298  15.751566  
  1.860000e+00  15.835255  15.751523  
  1.861250e+00  15.835211  15.751479  
  1.862500e+00  15.835168  15.751436  
  1.863750e+00  15.835125  15.751393  
  1.865000e+00  15.835082  15.751350  
  1.866250e+00  15.835039  15.751307  
  1.867500e+00  15.834996  15.751264  
  1.868750e+00  15.834953  15.751221  
  1.870000e+00  15.834911  15.751178  
  1.871250e+00  15.834868  15.751135  
  1.872500e+00  15.834826  15.751093  
  1.873750e+00  15.834783  15.751050  
  1.875000e+00  15.834741  15.751008  
  1.876250e+00  15.834699  15.750966  
  1.877500e+00  15.834657  15.750924  
  1.878750e+00  15.834615  15.750882  
  1.880000e+00  15.834573  15.750840  
  1.881250e+00  15.834531  15.750798  
  1.882500e+00  15.834490  15.750756  
  1.883750e+00  15.834448  15.750714  
  1.885000e+00  15.834406  15.750673  
  1.886250e+00  15.834365  15.750631  
  1.887500e+00  15.834324  15.750590  
  1.888750e+00  15.834283  15.750548  
  1.890000e+00  15.834241  15.750507  
  1.891250e+00  15.834200  15.750466  
  1.892500e+00  15.834159  15.750425  
  1.893750e+00  15.834119  15.750384  
  1.895000e+00  15.834078  15.750343  
  1.896250e+00  15.834037  15.750303  
  1.897500e+00  15.833997  15.750262  
  1.898750e+00  15.833956  15.750221  
  1.900000e+00  15.833916  15.750181  
  1.901250e+00  15.833876  15.750140  
  1.902500e+00  15.833835  15.750100  
  1.903750e+00  15.833795  15.750060  
  1.905000e+00  15.833755  15.750020  
  1.906250e+00  15.833715  15.749980  
  1.907500e+00  15.833675  15.749940  
  1.908750e+00  15.833636  15.749900  
  1.910000e+00  15.833596  15.749860  
  1.911250e+00  15.833556  15.749821  
  1.912500e+00  15.833517  15.749781  
  1.913750e+00  15.833478  15.749742  
  1.915000e+00  15.833438  15.749702  
  1.916250e+00  15.833399  15.749663  
  1.917500e+00  15.833360  15.749624  
  1.918750e+00  15.833321  15.749585  
  1.920000e+00  15.833282  15.749546  
  1.921250e+00  15.833243  15.749507  
  1.922500e+00  15.833204  15.749468  
  1.923750e+00  15.833166  15.749429  
  1.925000e+00  15.833127  15.749390  
  1.926250e+00  15.833089  15.749352  
  1.927500e+00  15.833050  15.749313  
  1.928750e+00  15.833012  15.749275  
  1.930000e+00  15.832974  15.749237  
  1.931250e+00  15.832935  15.749198  
  1.932500e+00  15.832897  15.749160  
  1.933750e+00  15.832859  15.749122  
  1.935000e+00  15.832821  15.749084  
  1.936250e+00  15.832784  15.749046  
  1.937500e+00  15.832746  15.749008  
  1.938750e+00  15.832708  15.748971  
  1.940000e+00  15.832671  15.748933  
  1.941250e+00  15.832633  15.748895  
  1.942500e+00  15.832596  15.748858  
  1.943750e+00  15.832559  15.748820  
  1.945000e+00  15.832521  15.748783  
  1.946250e+00  15.832484  15.748746  
  1.947500e+00  15.832447  15.748709  
  1.948750e+00  15.832410  15.748672  
  1.950000e+00  15.832373  15.748635  
  1.951250e+00  15.832336  15.748598  
  1.952500e+00  15.832300  15.748561  
  1.953750e+00  15.832263  15.748524  
  1.955000e+00  15.832226  15.748488  
  1.956250e+00  15.832190  15.748451  
  1.957500e+00  15.832153  15.748415  
  1.958750e+00  15.832117  15.748378  
  1.960000e+00  15.832081  15.748342  
  1.961250e+00  15.832045  15.748306  
  1.962500e+00  15.832009  15.748269  
  1.963750e+00  15.831973  15.748233  
  1.965000e+00  15.831937  15.748197  
  1.966250e+00  15.831901  15.748161  
  1.967500e+00  15.831865  15.748126  
  1.968750e+00  15.831829  15.748090  
  1.970000e+00  15.831794  15.748054  
  1.971250e+00  15.831758  15.748018  
  1.972500e+00  15.831723  15.747983  
  1.973750e+00  15.831687  15.747947  
  1.975000e+00  15.831652  15.747912  
  1.976250e+00  15.831617  15.747877  
  1.977500e+00  15.831582  15.747842  
  1.978750e+00  15.831547  15.747806  
  1.980000e+00  15.831512  15.747771  
  1.981250e+00  15.831477  15.747736  
  1.982500e+00  15.831442  15.747701  
  1.983750e+00  15.831407  15.747667  
  1.985000e+00  15.831373  15.747632  
  1.986250e+00  15.831338  15.747597  
  1.987500e+00  15.831303  15.747563  
  1.988750e+00  15.831269  15.747528  
  1.990000e+00  15.831235  15.747494  
  1.991250e+00  15.831200  15.747459  
  1.992500e+00  15.831166  15.747425  
  1.993750e+00  15.831132  15.747391  
  1.995000e+00  15.831098  15.747357  
  1.996250e+00  15.831064  15.747323  
  1.997500e+00  15.831030  15.747289  
  1.998750e+00  15.830996  15.747255  
  2.000000e+00  15.830962  15.747221  
