  0.000000e+00  -22.8567773443 18.7921860634 
  5.000000e-03  -22.8567773443 18.7948552903 
  1.000000e-02  -22.8567773443 18.8160896492 
  1.500000e-02  -22.8567773443 18.8529909526 
  2.000000e-02  -22.8567773443 18.8922675805 
  2.500000e-02  -22.8567773443 18.9205918394 
  3.000000e-02  -22.8567773443 18.9311872021 
  3.500000e-02  -22.8567773443 18.9252327728 
  4.000000e-02  -22.8567773443 18.9093575002 
  4.500000e-02  -22.8567773443 18.8915465893 
  5.000000e-02  -22.8567773443 18.8776846895 
  5.500000e-02  -22.8567773443 18.8700304260 
  6.000000e-02  -22.8567773443 18.8676929786 
  6.500000e-02  -22.8567773443 18.8682583538 
  7.000000e-02  -22.8567773443 18.8694177525 
  7.500000e-02  -22.8567773443 18.8698084766 
  8.000000e-02  -22.8567773443 18.8689952803 
  8.500000e-02  -22.8567773443 18.8670430440 
  9.000000e-02  -22.8567773443 18.8641483903 
  9.500000e-02  -22.8567773443 18.8605040847 
  1.000000e-01  -22.8567773443 18.8563174300 
  1.050000e-01  -22.8567773443 18.8518427207 
  1.100000e-01  -22.8567773443 18.8473581331 
  1.150000e-01  -22.8567773443 18.8431032201 
  1.200000e-01  -22.8567773443 18.8392277109 
  1.250000e-01  -22.8567773443 18.8357840003 
  1.300000e-01  -22.8567773443 18.8327583790 
  1.350000e-01  -22.8567773443 18.8301132221 
  1.400000e-01  -22.8567773443 18.8278152463 
  1.450000e-01  -22.8567773443 18.8258425705 
  1.500000e-01  -22.8567773443 18.8241782950 
  1.550000e-01  -22.8567773443 18.8228019722 
  1.600000e-01  -22.8567773443 18.8216854588 
  1.650000e-01  -22.8567773443 18.8207935327 
  1.700000e-01  -22.8567773443 18.8200868914 
  1.750000e-01  -22.8567773443 18.8195255853 
  1.800000e-01  -22.8567773443 18.8190722446 
  1.850000e-01  -22.8567773443 18.8186950024 
  1.900000e-01  -22.8567773443 18.8183697989 
  1.950000e-01  -22.8567773443 18.8180815273 
  2.000000e-01  -22.8567773443 18.8178236600 
  2.050000e-01  -22.8567773443 18.8175964578 
  2.100000e-01  -22.8567773443 18.8174042683 
  2.150000e-01  -22.8567773443 18.8172525760 
  2.200000e-01  -22.8567773443 18.8171453910 
  2.250000e-01  -22.8567773443 18.8170833608 
  2.300000e-01  -22.8567773443 18.8170627676 
  2.350000e-01  -22.8567773443 18.8170753879 
  2.400000e-01  -22.8567773443 18.8171090737 
  2.450000e-01  -22.8567773443 18.8171488666 
  2.500000e-01  -22.8567773443 18.8171784595 
  2.550000e-01  -22.8567773443 18.8171818371 
  2.600000e-01  -22.8567773443 18.8171449352 
  2.650000e-01  -22.8567773443 18.8170571453 
  2.700000e-01  -22.8567773443 18.8169124807 
  2.750000e-01  -22.8567773443 18.8167102371 
  2.800000e-01  -22.8567773443 18.8164550380 
  2.850000e-01  -22.8567773443 18.8161562561 
  2.900000e-01  -22.8567773443 18.8158269020 
  2.950000e-01  -22.8567773443 18.8154821598 
  3.000000e-01  -22.8567773443 18.8151377901 
  3.050000e-01  -22.8567773443 18.8148086160 
  3.100000e-01  -22.8567773443 18.8145072690 
  3.150000e-01  -22.8567773443 18.8142433045 
  3.200000e-01  -22.8567773443 18.8140227364 
  3.250000e-01  -22.8567773443 18.8138479766 
  3.300000e-01  -22.8567773443 18.8137181240 
  3.350000e-01  -22.8567773443 18.8136295177 
  3.400000e-01  -22.8567773443 18.8135764552 
  3.450000e-01  -22.8567773443 18.8135519784 
  3.500000e-01  -22.8567773443 18.8135486373 
  3.550000e-01  -22.8567773443 18.8135591624 
  3.600000e-01  -22.8567773443 18.8135769970 
  3.650000e-01  -22.8567773443 18.8135966654 
  3.700000e-01  -22.8567773443 18.8136139746 
  3.750000e-01  -22.8567773443 18.8136260632 
  3.800000e-01  -22.8567773443 18.8136313262 
  3.850000e-01  -22.8567773443 18.8136292505 
  3.900000e-01  -22.8567773443 18.8136201940 
  3.950000e-01  -22.8567773443 18.8136051442 
  4.000000e-01  -22.8567773443 18.8135854801 
  4.050000e-01  -22.8567773443 18.8135627590 
  4.100000e-01  -22.8567773443 18.8135385396 
  4.150000e-01  -22.8567773443 18.8135142476 
  4.200000e-01  -22.8567773443 18.8134910839 
  4.250000e-01  -22.8567773443 18.8134699719 
  4.300000e-01  -22.8567773443 18.8134515397 
  4.350000e-01  -22.8567773443 18.8134361281 
  4.400000e-01  -22.8567773443 18.8134238200 
  4.450000e-01  -22.8567773443 18.8134144821 
  4.500000e-01  -22.8567773443 18.8134078142 
  4.550000e-01  -22.8567773443 18.8134034021 
  4.600000e-01  -22.8567773443 18.8134007672 
  4.650000e-01  -22.8567773443 18.8133994123 
  4.700000e-01  -22.8567773443 18.8133988605 
  4.750000e-01  -22.8567773443 18.8133986843 
  4.800000e-01  -22.8567773443 18.8133985267 
  4.850000e-01  -22.8567773443 18.8133981121 
  4.900000e-01  -22.8567773443 18.8133972483 
  4.950000e-01  -22.8567773443 18.8133958218 
  5.000000e-01  -22.8567773443 18.8133937865 
  5.050000e-01  -22.8567773443 18.8133911483 
  5.100000e-01  -22.8567773443 18.8133879487 
  5.150000e-01  -22.8567773443 18.8133842477 
  5.200000e-01  -22.8567773443 18.8133801085 
  5.250000e-01  -22.8567773443 18.8133755864 
  5.300000e-01  -22.8567773443 18.8133707205 
  5.350000e-01  -22.8567773443 18.8133655303 
  5.400000e-01  -22.8567773443 18.8133600160 
  5.450000e-01  -22.8567773443 18.8133541627 
  5.500000e-01  -22.8567773443 18.8133479467 
  5.550000e-01  -22.8567773443 18.8133413426 
  5.600000e-01  -22.8567773443 18.8133343312 
  5.650000e-01  -22.8567773443 18.8133269065 
  5.700000e-01  -22.8567773443 18.8133190806 
  5.750000e-01  -22.8567773443 18.8133108866 
  5.800000e-01  -22.8567773443 18.8133023797 
  5.850000e-01  -22.8567773443 18.8132936353 
  5.900000e-01  -22.8567773443 18.8132847459 
  5.950000e-01  -22.8567773443 18.8132758159 
  6.000000e-01  -22.8567773443 18.8132669564 
  6.050000e-01  -22.8567773443 18.8132582787 
  6.100000e-01  -22.8567773443 18.8132498891 
  6.150000e-01  -22.8567773443 18.8132418838 
  6.200000e-01  -22.8567773443 18.8132343449 
  6.250000e-01  -22.8567773443 18.8132273375 
  6.300000e-01  -22.8567773443 18.8132209085 
  6.350000e-01  -22.8567773443 18.8132150861 
  6.400000e-01  -22.8567773443 18.8132098807 
  6.450000e-01  -22.8567773443 18.8132052863 
  6.500000e-01  -22.8567773443 18.8132012827 
  6.550000e-01  -22.8567773443 18.8131978382 
  6.600000e-01  -22.8567773443 18.8131949124 
  6.650000e-01  -22.8567773443 18.8131924585 
  6.700000e-01  -22.8567773443 18.8131904265 
  6.750000e-01  -22.8567773443 18.8131887646 
  6.800000e-01  -22.8567773443 18.8131874217 
  6.850000e-01  -22.8567773443 18.8131863487 
  6.900000e-01  -22.8567773443 18.8131854997 
  6.950000e-01  -22.8567773443 18.8131848324 
  7.000000e-01  -22.8567773443 18.8131843089 
  7.050000e-01  -22.8567773443 18.8131838961 
  7.100000e-01  -22.8567773443 18.8131835652 
  7.150000e-01  -22.8567773443 18.8131832920 
  7.200000e-01  -22.8567773443 18.8131830564 
  7.250000e-01  -22.8567773443 18.8131828424 
  7.300000e-01  -22.8567773443 18.8131826377 
  7.350000e-01  -22.8567773443 18.8131824337 
  7.400000e-01  -22.8567773443 18.8131822246 
  7.450000e-01  -22.8567773443 18.8131820081 
  7.500000e-01  -22.8567773443 18.8131817843 
  7.550000e-01  -22.8567773443 18.8131815563 
  7.600000e-01  -22.8567773443 18.8131813292 
  7.650000e-01  -22.8567773443 18.8131811105 
  7.700000e-01  -22.8567773443 18.8131809097 
  7.750000e-01  -22.8567773443 18.8131807379 
  7.800000e-01  -22.8567773443 18.8131806074 
  7.850000e-01  -22.8567773443 18.8131805319 
  7.900000e-01  -22.8567773443 18.8131805255 
  7.950000e-01  -22.8567773443 18.8131806026 
  8.000000e-01  -22.8567773443 18.8131807777 
  8.050000e-01  -22.8567773443 18.8131810647 
  8.100000e-01  -22.8567773443 18.8131814767 
  8.150000e-01  -22.8567773443 18.8131820257 
  8.200000e-01  -22.8567773443 18.8131827221 
  8.250000e-01  -22.8567773443 18.8131835748 
  8.300000e-01  -22.8567773443 18.8131845906 
  8.350000e-01  -22.8567773443 18.8131857744 
  8.400000e-01  -22.8567773443 18.8131871292 
  8.450000e-01  -22.8567773443 18.8131886556 
  8.500000e-01  -22.8567773443 18.8131903526 
  8.550000e-01  -22.8567773443 18.8131922170 
  8.600000e-01  -22.8567773443 18.8131942439 
  8.650000e-01  -22.8567773443 18.8131964272 
  8.700000e-01  -22.8567773443 18.8131987592 
  8.750000e-01  -22.8567773443 18.8132012312 
  8.800000e-01  -22.8567773443 18.8132038337 
  8.850000e-01  -22.8567773443 18.8132065568 
  8.900000e-01  -22.8567773443 18.8132093901 
  8.950000e-01  -22.8567773443 18.8132123233 
  9.000000e-01  -22.8567773443 18.8132153462 
  9.050000e-01  -22.8567773443 18.8132184489 
  9.100000e-01  -22.8567773443 18.8132216221 
  9.150000e-01  -22.8567773443 18.8132248571 
  9.200000e-01  -22.8567773443 18.8132281460 
  9.250000e-01  -22.8567773443 18.8132314817 
  9.300000e-01  -22.8567773443 18.8132348582 
  9.350000e-01  -22.8567773443 18.8132382701 
  9.400000e-01  -22.8567773443 18.8132417132 
  9.450000e-01  -22.8567773443 18.8132451841 
  9.500000e-01  -22.8567773443 18.8132486805 
  9.550000e-01  -22.8567773443 18.8132522008 
  9.600000e-01  -22.8567773443 18.8132557440 
  9.650000e-01  -22.8567773443 18.8132593100 
  9.700000e-01  -22.8567773443 18.8132628995 
  9.750000e-01  -22.8567773443 18.8132665133 
  9.800000e-01  -22.8567773443 18.8132701530 
  9.850000e-01  -22.8567773443 18.8132738205 
  9.900000e-01  -22.8567773443 18.8132775178 
  9.950000e-01  -22.8567773443 18.8132812471 
  1.000000e+00  -22.8567773443 18.8132850109 
  1.005000e+00  -22.8567773443 18.8132888115 
  1.010000e+00  -22.8567773443 18.8132926512 
  1.015000e+00  -22.8567773443 18.8132965322 
  1.020000e+00  -22.8567773443 18.8133004566 
  1.025000e+00  -22.8567773443 18.8133044261 
  1.030000e+00  -22.8567773443 18.8133084422 
  1.035000e+00  -22.8567773443 18.8133125063 
  1.040000e+00  -22.8567773443 18.8133166192 
  1.045000e+00  -22.8567773443 18.8133207817 
  1.050000e+00  -22.8567773443 18.8133249941 
  1.055000e+00  -22.8567773443 18.8133292564 
  1.060000e+00  -22.8567773443 18.8133335684 
  1.065000e+00  -22.8567773443 18.8133379296 
  1.070000e+00  -22.8567773443 18.8133423392 
  1.075000e+00  -22.8567773443 18.8133467962 
  1.080000e+00  -22.8567773443 18.8133512995 
  1.085000e+00  -22.8567773443 18.8133558477 
  1.090000e+00  -22.8567773443 18.8133604395 
  1.095000e+00  -22.8567773443 18.8133650731 
  1.100000e+00  -22.8567773443 18.8133697470 
  1.105000e+00  -22.8567773443 18.8133744597 
  1.110000e+00  -22.8567773443 18.8133792093 
  1.115000e+00  -22.8567773443 18.8133839944 
  1.120000e+00  -22.8567773443 18.8133888132 
  1.125000e+00  -22.8567773443 18.8133936643 
  1.130000e+00  -22.8567773443 18.8133985463 
  1.135000e+00  -22.8567773443 18.8134034578 
  1.140000e+00  -22.8567773443 18.8134083976 
  1.145000e+00  -22.8567773443 18.8134133644 
  1.150000e+00  -22.8567773443 18.8134183574 
  1.155000e+00  -22.8567773443 18.8134233757 
  1.160000e+00  -22.8567773443 18.8134284184 
  1.165000e+00  -22.8567773443 18.8134334848 
  1.170000e+00  -22.8567773443 18.8134385746 
  1.175000e+00  -22.8567773443 18.8134436871 
  1.180000e+00  -22.8567773443 18.8134488221 
  1.185000e+00  -22.8567773443 18.8134539792 
  1.190000e+00  -22.8567773443 18.8134591583 
  1.195000e+00  -22.8567773443 18.8134643592 
  1.200000e+00  -22.8567773443 18.8134695818 
  1.205000e+00  -22.8567773443 18.8134748260 
  1.210000e+00  -22.8567773443 18.8134800918 
  1.215000e+00  -22.8567773443 18.8134853791 
  1.220000e+00  -22.8567773443 18.8134906880 
  1.225000e+00  -22.8567773443 18.8134960182 
  1.230000e+00  -22.8567773443 18.8135013699 
  1.235000e+00  -22.8567773443 18.8135067428 
  1.240000e+00  -22.8567773443 18.8135121369 
  1.245000e+00  -22.8567773443 18.8135175521 
  1.250000e+00  -22.8567773443 18.8135229880 
  1.255000e+00  -22.8567773443 18.8135284445 
  1.260000e+00  -22.8567773443 18.8135339214 
  1.265000e+00  -22.8567773443 18.8135394182 
  1.270000e+00  -22.8567773443 18.8135449347 
  1.275000e+00  -22.8567773443 18.8135504704 
  1.280000e+00  -22.8567773443 18.8135560249 
  1.285000e+00  -22.8567773443 18.8135615979 
  1.290000e+00  -22.8567773443 18.8135671887 
  1.295000e+00  -22.8567773443 18.8135727968 
  1.300000e+00  -22.8567773443 18.8135784219 
  1.305000e+00  -22.8567773443 18.8135840633 
  1.310000e+00  -22.8567773443 18.8135897205 
  1.315000e+00  -22.8567773443 18.8135953930 
  1.320000e+00  -22.8567773443 18.8136010803 
  1.325000e+00  -22.8567773443 18.8136067818 
  1.330000e+00  -22.8567773443 18.8136124971 
  1.335000e+00  -22.8567773443 18.8136182255 
  1.340000e+00  -22.8567773443 18.8136239668 
  1.345000e+00  -22.8567773443 18.8136297203 
  1.350000e+00  -22.8567773443 18.8136354857 
  1.355000e+00  -22.8567773443 18.8136412626 
  1.360000e+00  -22.8567773443 18.8136470506 
  1.365000e+00  -22.8567773443 18.8136528492 
  1.370000e+00  -22.8567773443 18.8136586583 
  1.375000e+00  -22.8567773443 18.8136644774 
  1.380000e+00  -22.8567773443 18.8136703062 
  1.385000e+00  -22.8567773443 18.8136761446 
  1.390000e+00  -22.8567773443 18.8136819922 
  1.395000e+00  -22.8567773443 18.8136878487 
  1.400000e+00  -22.8567773443 18.8136937141 
  1.405000e+00  -22.8567773443 18.8136995880 
  1.410000e+00  -22.8567773443 18.8137054703 
  1.415000e+00  -22.8567773443 18.8137113608 
  1.420000e+00  -22.8567773443 18.8137172592 
  1.425000e+00  -22.8567773443 18.8137231655 
  1.430000e+00  -22.8567773443 18.8137290795 
  1.435000e+00  -22.8567773443 18.8137350010 
  1.440000e+00  -22.8567773443 18.8137409298 
  1.445000e+00  -22.8567773443 18.8137468657 
  1.450000e+00  -22.8567773443 18.8137528086 
  1.455000e+00  -22.8567773443 18.8137587584 
  1.460000e+00  -22.8567773443 18.8137647148 
  1.465000e+00  -22.8567773443 18.8137706777 
  1.470000e+00  -22.8567773443 18.8137766469 
  1.475000e+00  -22.8567773443 18.8137826223 
  1.480000e+00  -22.8567773443 18.8137886036 
  1.485000e+00  -22.8567773443 18.8137945906 
  1.490000e+00  -22.8567773443 18.8138005832 
  1.495000e+00  -22.8567773443 18.8138065812 
  1.500000e+00  -22.8567773443 18.8138125844 
  1.505000e+00  -22.8567773443 18.8138185925 
  1.510000e+00  -22.8567773443 18.8138246055 
  1.515000e+00  -22.8567773443 18.8138306231 
  1.520000e+00  -22.8567773443 18.8138366451 
  1.525000e+00  -22.8567773443 18.8138426714 
  1.530000e+00  -22.8567773443 18.8138487016 
  1.535000e+00  -22.8567773443 18.8138547358 
  1.540000e+00  -22.8567773443 18.8138607736 
  1.545000e+00  -22.8567773443 18.8138668149 
  1.550000e+00  -22.8567773443 18.8138728595 
  1.555000e+00  -22.8567773443 18.8138789073 
  1.560000e+00  -22.8567773443 18.8138849581 
  1.565000e+00  -22.8567773443 18.8138910117 
  1.570000e+00  -22.8567773443 18.8138970679 
  1.575000e+00  -22.8567773443 18.8139031267 
  1.580000e+00  -22.8567773443 18.8139091879 
  1.585000e+00  -22.8567773443 18.8139152514 
  1.590000e+00  -22.8567773443 18.8139213169 
  1.595000e+00  -22.8567773443 18.8139273844 
  1.600000e+00  -22.8567773443 18.8139334537 
  1.605000e+00  -22.8567773443 18.8139395248 
  1.610000e+00  -22.8567773443 18.8139455975 
  1.615000e+00  -22.8567773443 18.8139516717 
  1.620000e+00  -22.8567773443 18.8139577472 
  1.625000e+00  -22.8567773443 18.8139638241 
  1.630000e+00  -22.8567773443 18.8139699021 
  1.635000e+00  -22.8567773443 18.8139759811 
  1.640000e+00  -22.8567773443 18.8139820612 
  1.645000e+00  -22.8567773443 18.8139881421 
  1.650000e+00  -22.8567773443 18.8139942238 
  1.655000e+00  -22.8567773443 18.8140003061 
  1.660000e+00  -22.8567773443 18.8140063891 
  1.665000e+00  -22.8567773443 18.8140124725 
  1.670000e+00  -22.8567773443 18.8140185563 
  1.675000e+00  -22.8567773443 18.8140246404 
  1.680000e+00  -22.8567773443 18.8140307247 
  1.685000e+00  -22.8567773443 18.8140368092 
  1.690000e+00  -22.8567773443 18.8140428937 
  1.695000e+00  -22.8567773443 18.8140489781 
  1.700000e+00  -22.8567773443 18.8140550624 
  1.705000e+00  -22.8567773443 18.8140611465 
  1.710000e+00  -22.8567773443 18.8140672303 
  1.715000e+00  -22.8567773443 18.8140733137 
  1.720000e+00  -22.8567773443 18.8140793966 
  1.725000e+00  -22.8567773443 18.8140854789 
  1.730000e+00  -22.8567773443 18.8140915607 
  1.735000e+00  -22.8567773443 18.8140976416 
  1.740000e+00  -22.8567773443 18.8141037219 
  1.745000e+00  -22.8567773443 18.8141098012 
  1.750000e+00  -22.8567773443 18.8141158796 
  1.755000e+00  -22.8567773443 18.8141219570 
  1.760000e+00  -22.8567773443 18.8141280332 
  1.765000e+00  -22.8567773443 18.8141341084 
  1.770000e+00  -22.8567773443 18.8141401823 
  1.775000e+00  -22.8567773443 18.8141462549 
  1.780000e+00  -22.8567773443 18.8141523262 
  1.785000e+00  -22.8567773443 18.8141583960 
  1.790000e+00  -22.8567773443 18.8141644644 
  1.795000e+00  -22.8567773443 18.8141705312 
  1.800000e+00  -22.8567773443 18.8141765965 
  1.805000e+00  -22.8567773443 18.8141826601 
  1.810000e+00  -22.8567773443 18.8141887220 
  1.815000e+00  -22.8567773443 18.8141947821 
  1.820000e+00  -22.8567773443 18.8142008405 
  1.825000e+00  -22.8567773443 18.8142068970 
  1.830000e+00  -22.8567773443 18.8142129516 
  1.835000e+00  -22.8567773443 18.8142190042 
  1.840000e+00  -22.8567773443 18.8142250549 
  1.845000e+00  -22.8567773443 18.8142311035 
  1.850000e+00  -22.8567773443 18.8142371500 
  1.855000e+00  -22.8567773443 18.8142431944 
  1.860000e+00  -22.8567773443 18.8142492367 
  1.865000e+00  -22.8567773443 18.8142552767 
  1.870000e+00  -22.8567773443 18.8142613145 
  1.875000e+00  -22.8567773443 18.8142673501 
  1.880000e+00  -22.8567773443 18.8142733833 
  1.885000e+00  -22.8567773443 18.8142794142 
  1.890000e+00  -22.8567773443 18.8142854427 
  1.895000e+00  -22.8567773443 18.8142914687 
  1.900000e+00  -22.8567773443 18.8142974924 
  1.905000e+00  -22.8567773443 18.8143035135 
  1.910000e+00  -22.8567773443 18.8143095321 
  1.915000e+00  -22.8567773443 18.8143155482 
  1.920000e+00  -22.8567773443 18.8143215617 
  1.925000e+00  -22.8567773443 18.8143275726 
  1.930000e+00  -22.8567773443 18.8143335809 
  1.935000e+00  -22.8567773443 18.8143395865 
  1.940000e+00  -22.8567773443 18.8143455894 
  1.945000e+00  -22.8567773443 18.8143515896 
  1.950000e+00  -22.8567773443 18.8143575871 
  1.955000e+00  -22.8567773443 18.8143635818 
  1.960000e+00  -22.8567773443 18.8143695738 
  1.965000e+00  -22.8567773443 18.8143755629 
  1.970000e+00  -22.8567773443 18.8143815492 
  1.975000e+00  -22.8567773443 18.8143875327 
  1.980000e+00  -22.8567773443 18.8143935133 
  1.985000e+00  -22.8567773443 18.8143994910 
  1.990000e+00  -22.8567773443 18.8144054658 
  1.995000e+00  -22.8567773443 18.8144114377 
  2.000000e+00  -22.8567773443 18.8144174067 
