  0.000000e+00  -22.8567773443 18.7921860634 
  2.500000e-03  -22.8567773443 18.7930526579 
  5.000000e-03  -22.8567773443 18.8086064813 
  7.500000e-03  -22.8567773443 18.8379957464 
  1.000000e-02  -22.8567773443 18.8712367288 
  1.250000e-02  -22.8567773443 18.8976464237 
  1.500000e-02  -22.8567773443 18.9112779641 
  1.750000e-02  -22.8567773443 18.9120678605 
  2.000000e-02  -22.8567773443 18.9040682632 
  2.250000e-02  -22.8567773443 18.8926622674 
  2.500000e-02  -22.8567773443 18.8822384863 
  2.750000e-02  -22.8567773443 18.8750680581 
  3.000000e-02  -22.8567773443 18.8713866967 
  3.250000e-02  -22.8567773443 18.8701941541 
  3.500000e-02  -22.8567773443 18.8701683202 
  3.750000e-02  -22.8567773443 18.8702752032 
  4.000000e-02  -22.8567773443 18.8699609451 
  4.250000e-02  -22.8567773443 18.8690554312 
  4.500000e-02  -22.8567773443 18.8675917266 
  4.750000e-02  -22.8567773443 18.8656759111 
  5.000000e-02  -22.8567773443 18.8634342793 
  5.250000e-02  -22.8567773443 18.8610024727 
  5.500000e-02  -22.8567773443 18.8585175254 
  5.750000e-02  -22.8567773443 18.8560989923 
  6.000000e-02  -22.8567773443 18.8538272627 
  6.250000e-02  -22.8567773443 18.8517324316 
  6.500000e-02  -22.8567773443 18.8497994799 
  6.750000e-02  -22.8567773443 18.8479854223 
  7.000000e-02  -22.8567773443 18.8462392067 
  7.250000e-02  -22.8567773443 18.8445167840 
  7.500000e-02  -22.8567773443 18.8427885691 
  7.750000e-02  -22.8567773443 18.8410405738 
  8.000000e-02  -22.8567773443 18.8392720250 
  8.250000e-02  -22.8567773443 18.8374917699 
  8.500000e-02  -22.8567773443 18.8357146223 
  8.750000e-02  -22.8567773443 18.8339580293 
  9.000000e-02  -22.8567773443 18.8322392380 
  9.250000e-02  -22.8567773443 18.8305732125 
  9.500000e-02  -22.8567773443 18.8289715378 
  9.750000e-02  -22.8567773443 18.8274423387 
  1.000000e-01  -22.8567773443 18.8259909506 
  1.025000e-01  -22.8567773443 18.8246208938 
  1.050000e-01  -22.8567773443 18.8233347107 
  1.075000e-01  -22.8567773443 18.8221344099 
  1.100000e-01  -22.8567773443 18.8210214874 
  1.125000e-01  -22.8567773443 18.8199966694 
  1.150000e-01  -22.8567773443 18.8190595825 
  1.175000e-01  -22.8567773443 18.8182085227 
  1.200000e-01  -22.8567773443 18.8174404137 
  1.225000e-01  -22.8567773443 18.8167509610 
  1.250000e-01  -22.8567773443 18.8161349523 
  1.275000e-01  -22.8567773443 18.8155866310 
  1.300000e-01  -22.8567773443 18.8151000734 
  1.325000e-01  -22.8567773443 18.8146695126 
  1.350000e-01  -22.8567773443 18.8142895754 
  1.375000e-01  -22.8567773443 18.8139554211 
  1.400000e-01  -22.8567773443 18.8136627837 
  1.425000e-01  -22.8567773443 18.8134079384 
  1.450000e-01  -22.8567773443 18.8131876141 
  1.475000e-01  -22.8567773443 18.8129988805 
  1.500000e-01  -22.8567773443 18.8128390329 
  1.525000e-01  -22.8567773443 18.8127054944 
  1.550000e-01  -22.8567773443 18.8125957466 
  1.575000e-01  -22.8567773443 18.8125072927 
  1.600000e-01  -22.8567773443 18.8124376512 
  1.625000e-01  -22.8567773443 18.8123843736 
  1.650000e-01  -22.8567773443 18.8123450768 
  1.675000e-01  -22.8567773443 18.8123174825 
  1.700000e-01  -22.8567773443 18.8122994546 
  1.725000e-01  -22.8567773443 18.8122890311 
  1.750000e-01  -22.8567773443 18.8122844462 
  1.775000e-01  -22.8567773443 18.8122841424 
  1.800000e-01  -22.8567773443 18.8122867732 
  1.825000e-01  -22.8567773443 18.8122911981 
  1.850000e-01  -22.8567773443 18.8122964712 
  1.875000e-01  -22.8567773443 18.8123018255 
  1.900000e-01  -22.8567773443 18.8123066559 
  1.925000e-01  -22.8567773443 18.8123104999 
  1.950000e-01  -22.8567773443 18.8123130199 
  1.975000e-01  -22.8567773443 18.8123139854 
  2.000000e-01  -22.8567773443 18.8123132567 
  2.025000e-01  -22.8567773443 18.8123107699 
  2.050000e-01  -22.8567773443 18.8123065227 
  2.075000e-01  -22.8567773443 18.8123005617 
  2.100000e-01  -22.8567773443 18.8122929705 
  2.125000e-01  -22.8567773443 18.8122838588 
  2.150000e-01  -22.8567773443 18.8122733528 
  2.175000e-01  -22.8567773443 18.8122615871 
  2.200000e-01  -22.8567773443 18.8122486979 
  2.225000e-01  -22.8567773443 18.8122348172 
  2.250000e-01  -22.8567773443 18.8122200701 
  2.275000e-01  -22.8567773443 18.8122045716 
  2.300000e-01  -22.8567773443 18.8121884265 
  2.325000e-01  -22.8567773443 18.8121717291 
  2.350000e-01  -22.8567773443 18.8121545642 
  2.375000e-01  -22.8567773443 18.8121370087 
  2.400000e-01  -22.8567773443 18.8121191325 
  2.425000e-01  -22.8567773443 18.8121010006 
  2.450000e-01  -22.8567773443 18.8120826736 
  2.475000e-01  -22.8567773443 18.8120642095 
  2.500000e-01  -22.8567773443 18.8120456634 
  2.525000e-01  -22.8567773443 18.8120270881 
  2.550000e-01  -22.8567773443 18.8120085342 
  2.575000e-01  -22.8567773443 18.8119900497 
  2.600000e-01  -22.8567773443 18.8119716796 
  2.625000e-01  -22.8567773443 18.8119534655 
  2.650000e-01  -22.8567773443 18.8119354454 
  2.675000e-01  -22.8567773443 18.8119176531 
  2.700000e-01  -22.8567773443 18.8119001179 
  2.725000e-01  -22.8567773443 18.8118828646 
  2.750000e-01  -22.8567773443 18.8118659137 
  2.775000e-01  -22.8567773443 18.8118492807 
  2.800000e-01  -22.8567773443 18.8118329768 
  2.825000e-01  -22.8567773443 18.8118170090 
  2.850000e-01  -22.8567773443 18.8118013802 
  2.875000e-01  -22.8567773443 18.8117860896 
  2.900000e-01  -22.8567773443 18.8117711332 
  2.925000e-01  -22.8567773443 18.8117565040 
  2.950000e-01  -22.8567773443 18.8117421926 
  2.975000e-01  -22.8567773443 18.8117281873 
  3.000000e-01  -22.8567773443 18.8117144752 
  3.025000e-01  -22.8567773443 18.8117010419 
  3.050000e-01  -22.8567773443 18.8116878725 
  3.075000e-01  -22.8567773443 18.8116749516 
  3.100000e-01  -22.8567773443 18.8116622638 
  3.125000e-01  -22.8567773443 18.8116497941 
  3.150000e-01  -22.8567773443 18.8116375279 
  3.175000e-01  -22.8567773443 18.8116254516 
  3.200000e-01  -22.8567773443 18.8116135523 
  3.225000e-01  -22.8567773443 18.8116018181 
  3.250000e-01  -22.8567773443 18.8115902385 
  3.275000e-01  -22.8567773443 18.8115788038 
  3.300000e-01  -22.8567773443 18.8115675054 
  3.325000e-01  -22.8567773443 18.8115563361 
  3.350000e-01  -22.8567773443 18.8115452895 
  3.375000e-01  -22.8567773443 18.8115343601 
  3.400000e-01  -22.8567773443 18.8115235434 
  3.425000e-01  -22.8567773443 18.8115128357 
  3.450000e-01  -22.8567773443 18.8115022340 
  3.475000e-01  -22.8567773443 18.8114917359 
  3.500000e-01  -22.8567773443 18.8114813396 
  3.525000e-01  -22.8567773443 18.8114710437 
  3.550000e-01  -22.8567773443 18.8114608472 
  3.575000e-01  -22.8567773443 18.8114507495 
  3.600000e-01  -22.8567773443 18.8114407501 
  3.625000e-01  -22.8567773443 18.8114308488 
  3.650000e-01  -22.8567773443 18.8114210453 
  3.675000e-01  -22.8567773443 18.8114113397 
  3.700000e-01  -22.8567773443 18.8114017318 
  3.725000e-01  -22.8567773443 18.8113922217 
  3.750000e-01  -22.8567773443 18.8113828092 
  3.775000e-01  -22.8567773443 18.8113734943 
  3.800000e-01  -22.8567773443 18.8113642768 
  3.825000e-01  -22.8567773443 18.8113551564 
  3.850000e-01  -22.8567773443 18.8113461329 
  3.875000e-01  -22.8567773443 18.8113372059 
  3.900000e-01  -22.8567773443 18.8113283750 
  3.925000e-01  -22.8567773443 18.8113196396 
  3.950000e-01  -22.8567773443 18.8113109992 
  3.975000e-01  -22.8567773443 18.8113024532 
  4.000000e-01  -22.8567773443 18.8112940009 
  4.025000e-01  -22.8567773443 18.8112856416 
  4.050000e-01  -22.8567773443 18.8112773745 
  4.075000e-01  -22.8567773443 18.8112691989 
  4.100000e-01  -22.8567773443 18.8112611139 
  4.125000e-01  -22.8567773443 18.8112531188 
  4.150000e-01  -22.8567773443 18.8112452126 
  4.175000e-01  -22.8567773443 18.8112373944 
  4.200000e-01  -22.8567773443 18.8112296635 
  4.225000e-01  -22.8567773443 18.8112220188 
  4.250000e-01  -22.8567773443 18.8112144595 
  4.275000e-01  -22.8567773443 18.8112069846 
  4.300000e-01  -22.8567773443 18.8111995934 
  4.325000e-01  -22.8567773443 18.8111922848 
  4.350000e-01  -22.8567773443 18.8111850580 
  4.375000e-01  -22.8567773443 18.8111779122 
  4.400000e-01  -22.8567773443 18.8111708464 
  4.425000e-01  -22.8567773443 18.8111638598 
  4.450000e-01  -22.8567773443 18.8111569517 
  4.475000e-01  -22.8567773443 18.8111501211 
  4.500000e-01  -22.8567773443 18.8111433675 
  4.525000e-01  -22.8567773443 18.8111366899 
  4.550000e-01  -22.8567773443 18.8111300878 
  4.575000e-01  -22.8567773443 18.8111235604 
  4.600000e-01  -22.8567773443 18.8111171070 
  4.625000e-01  -22.8567773443 18.8111107270 
  4.650000e-01  -22.8567773443 18.8111044198 
  4.675000e-01  -22.8567773443 18.8110981849 
  4.700000e-01  -22.8567773443 18.8110920215 
  4.725000e-01  -22.8567773443 18.8110859292 
  4.750000e-01  -22.8567773443 18.8110799074 
  4.775000e-01  -22.8567773443 18.8110739556 
  4.800000e-01  -22.8567773443 18.8110680733 
  4.825000e-01  -22.8567773443 18.8110622600 
  4.850000e-01  -22.8567773443 18.8110565152 
  4.875000e-01  -22.8567773443 18.8110508385 
  4.900000e-01  -22.8567773443 18.8110452293 
  4.925000e-01  -22.8567773443 18.8110396872 
  4.950000e-01  -22.8567773443 18.8110342117 
  4.975000e-01  -22.8567773443 18.8110288024 
  5.000000e-01  -22.8567773443 18.8110234588 
  5.025000e-01  -22.8567773443 18.8110181805 
  5.050000e-01  -22.8567773443 18.8110129670 
  5.075000e-01  -22.8567773443 18.8110078178 
  5.100000e-01  -22.8567773443 18.8110027326 
  5.125000e-01  -22.8567773443 18.8109977108 
  5.150000e-01  -22.8567773443 18.8109927520 
  5.175000e-01  -22.8567773443 18.8109878559 
  5.200000e-01  -22.8567773443 18.8109830218 
  5.225000e-01  -22.8567773443 18.8109782494 
  5.250000e-01  -22.8567773443 18.8109735382 
  5.275000e-01  -22.8567773443 18.8109688878 
  5.300000e-01  -22.8567773443 18.8109642978 
  5.325000e-01  -22.8567773443 18.8109597676 
  5.350000e-01  -22.8567773443 18.8109552969 
  5.375000e-01  -22.8567773443 18.8109508852 
  5.400000e-01  -22.8567773443 18.8109465320 
  5.425000e-01  -22.8567773443 18.8109422371 
  5.450000e-01  -22.8567773443 18.8109379998 
  5.475000e-01  -22.8567773443 18.8109338198 
  5.500000e-01  -22.8567773443 18.8109296967 
  5.525000e-01  -22.8567773443 18.8109256300 
  5.550000e-01  -22.8567773443 18.8109216193 
  5.575000e-01  -22.8567773443 18.8109176642 
  5.600000e-01  -22.8567773443 18.8109137643 
  5.625000e-01  -22.8567773443 18.8109099192 
  5.650000e-01  -22.8567773443 18.8109061285 
  5.675000e-01  -22.8567773443 18.8109023917 
  5.700000e-01  -22.8567773443 18.8108987085 
  5.725000e-01  -22.8567773443 18.8108950785 
  5.750000e-01  -22.8567773443 18.8108915013 
  5.775000e-01  -22.8567773443 18.8108879764 
  5.800000e-01  -22.8567773443 18.8108845036 
  5.825000e-01  -22.8567773443 18.8108810824 
  5.850000e-01  -22.8567773443 18.8108777124 
  5.875000e-01  -22.8567773443 18.8108743934 
  5.900000e-01  -22.8567773443 18.8108711248 
  5.925000e-01  -22.8567773443 18.8108679063 
  5.950000e-01  -22.8567773443 18.8108647376 
  5.975000e-01  -22.8567773443 18.8108616183 
  6.000000e-01  -22.8567773443 18.8108585480 
  6.025000e-01  -22.8567773443 18.8108555264 
  6.050000e-01  -22.8567773443 18.8108525531 
  6.075000e-01  -22.8567773443 18.8108496278 
  6.100000e-01  -22.8567773443 18.8108467501 
  6.125000e-01  -22.8567773443 18.8108439196 
  6.150000e-01  -22.8567773443 18.8108411360 
  6.175000e-01  -22.8567773443 18.8108383991 
  6.200000e-01  -22.8567773443 18.8108357083 
  6.225000e-01  -22.8567773443 18.8108330634 
  6.250000e-01  -22.8567773443 18.8108304641 
  6.275000e-01  -22.8567773443 18.8108279100 
  6.300000e-01  -22.8567773443 18.8108254008 
  6.325000e-01  -22.8567773443 18.8108229361 
  6.350000e-01  -22.8567773443 18.8108205157 
  6.375000e-01  -22.8567773443 18.8108181392 
  6.400000e-01  -22.8567773443 18.8108158062 
  6.425000e-01  -22.8567773443 18.8108135165 
  6.450000e-01  -22.8567773443 18.8108112697 
  6.475000e-01  -22.8567773443 18.8108090656 
  6.500000e-01  -22.8567773443 18.8108069038 
  6.525000e-01  -22.8567773443 18.8108047840 
  6.550000e-01  -22.8567773443 18.8108027058 
  6.575000e-01  -22.8567773443 18.8108006691 
  6.600000e-01  -22.8567773443 18.8107986734 
  6.625000e-01  -22.8567773443 18.8107967185 
  6.650000e-01  -22.8567773443 18.8107948040 
  6.675000e-01  -22.8567773443 18.8107929297 
  6.700000e-01  -22.8567773443 18.8107910953 
  6.725000e-01  -22.8567773443 18.8107893005 
  6.750000e-01  -22.8567773443 18.8107875450 
  6.775000e-01  -22.8567773443 18.8107858285 
  6.800000e-01  -22.8567773443 18.8107841507 
  6.825000e-01  -22.8567773443 18.8107825113 
  6.850000e-01  -22.8567773443 18.8107809100 
  6.875000e-01  -22.8567773443 18.8107793466 
  6.900000e-01  -22.8567773443 18.8107778208 
  6.925000e-01  -22.8567773443 18.8107763322 
  6.950000e-01  -22.8567773443 18.8107748807 
  6.975000e-01  -22.8567773443 18.8107734660 
  7.000000e-01  -22.8567773443 18.8107720877 
  7.025000e-01  -22.8567773443 18.8107707456 
  7.050000e-01  -22.8567773443 18.8107694395 
  7.075000e-01  -22.8567773443 18.8107681690 
  7.100000e-01  -22.8567773443 18.8107669339 
  7.125000e-01  -22.8567773443 18.8107657340 
  7.150000e-01  -22.8567773443 18.8107645690 
  7.175000e-01  -22.8567773443 18.8107634385 
  7.200000e-01  -22.8567773443 18.8107623425 
  7.225000e-01  -22.8567773443 18.8107612806 
  7.250000e-01  -22.8567773443 18.8107602525 
  7.275000e-01  -22.8567773443 18.8107592580 
  7.300000e-01  -22.8567773443 18.8107582969 
  7.325000e-01  -22.8567773443 18.8107573689 
  7.350000e-01  -22.8567773443 18.8107564737 
  7.375000e-01  -22.8567773443 18.8107556112 
  7.400000e-01  -22.8567773443 18.8107547810 
  7.425000e-01  -22.8567773443 18.8107539830 
  7.450000e-01  -22.8567773443 18.8107532169 
  7.475000e-01  -22.8567773443 18.8107524824 
  7.500000e-01  -22.8567773443 18.8107517794 
  7.525000e-01  -22.8567773443 18.8107511075 
  7.550000e-01  -22.8567773443 18.8107504666 
  7.575000e-01  -22.8567773443 18.8107498564 
  7.600000e-01  -22.8567773443 18.8107492767 
  7.625000e-01  -22.8567773443 18.8107487273 
  7.650000e-01  -22.8567773443 18.8107482079 
  7.675000e-01  -22.8567773443 18.8107477183 
  7.700000e-01  -22.8567773443 18.8107472583 
  7.725000e-01  -22.8567773443 18.8107468277 
  7.750000e-01  -22.8567773443 18.8107464262 
  7.775000e-01  -22.8567773443 18.8107460537 
  7.800000e-01  -22.8567773443 18.8107457099 
  7.825000e-01  -22.8567773443 18.8107453946 
  7.850000e-01  -22.8567773443 18.8107451075 
  7.875000e-01  -22.8567773443 18.8107448486 
  7.900000e-01  -22.8567773443 18.8107446174 
  7.925000e-01  -22.8567773443 18.8107444140 
  7.950000e-01  -22.8567773443 18.8107442380 
  7.975000e-01  -22.8567773443 18.8107440892 
  8.000000e-01  -22.8567773443 18.8107439675 
  8.025000e-01  -22.8567773443 18.8107438726 
  8.050000e-01  -22.8567773443 18.8107438043 
  8.075000e-01  -22.8567773443 18.8107437625 
  8.100000e-01  -22.8567773443 18.8107437469 
  8.125000e-01  -22.8567773443 18.8107437573 
  8.150000e-01  -22.8567773443 18.8107437935 
  8.175000e-01  -22.8567773443 18.8107438554 
  8.200000e-01  -22.8567773443 18.8107439427 
  8.225000e-01  -22.8567773443 18.8107440553 
  8.250000e-01  -22.8567773443 18.8107441929 
  8.275000e-01  -22.8567773443 18.8107443554 
  8.300000e-01  -22.8567773443 18.8107445426 
  8.325000e-01  -22.8567773443 18.8107447543 
  8.350000e-01  -22.8567773443 18.8107449903 
  8.375000e-01  -22.8567773443 18.8107452504 
  8.400000e-01  -22.8567773443 18.8107455345 
  8.425000e-01  -22.8567773443 18.8107458423 
  8.450000e-01  -22.8567773443 18.8107461737 
  8.475000e-01  -22.8567773443 18.8107465285 
  8.500000e-01  -22.8567773443 18.8107469066 
  8.525000e-01  -22.8567773443 18.8107473076 
  8.550000e-01  -22.8567773443 18.8107477316 
  8.575000e-01  -22.8567773443 18.8107481782 
  8.600000e-01  -22.8567773443 18.8107486474 
  8.625000e-01  -22.8567773443 18.8107491389 
  8.650000e-01  -22.8567773443 18.8107496526 
  8.675000e-01  -22.8567773443 18.8107501883 
  8.700000e-01  -22.8567773443 18.8107507458 
  8.725000e-01  -22.8567773443 18.8107513250 
  8.750000e-01  -22.8567773443 18.8107519257 
  8.775000e-01  -22.8567773443 18.8107525478 
  8.800000e-01  -22.8567773443 18.8107531910 
  8.825000e-01  -22.8567773443 18.8107538553 
  8.850000e-01  -22.8567773443 18.8107545404 
  8.875000e-01  -22.8567773443 18.8107552461 
  8.900000e-01  -22.8567773443 18.8107559725 
  8.925000e-01  -22.8567773443 18.8107567192 
  8.950000e-01  -22.8567773443 18.8107574861 
  8.975000e-01  -22.8567773443 18.8107582731 
  9.000000e-01  -22.8567773443 18.8107590800 
  9.025000e-01  -22.8567773443 18.8107599066 
  9.050000e-01  -22.8567773443 18.8107607529 
  9.075000e-01  -22.8567773443 18.8107616186 
  9.100000e-01  -22.8567773443 18.8107625035 
  9.125000e-01  -22.8567773443 18.8107634077 
  9.150000e-01  -22.8567773443 18.8107643308 
  9.175000e-01  -22.8567773443 18.8107652728 
  9.200000e-01  -22.8567773443 18.8107662335 
  9.225000e-01  -22.8567773443 18.8107672128 
  9.250000e-01  -22.8567773443 18.8107682104 
  9.275000e-01  -22.8567773443 18.8107692264 
  9.300000e-01  -22.8567773443 18.8107702604 
  9.325000e-01  -22.8567773443 18.8107713125 
  9.350000e-01  -22.8567773443 18.8107723824 
  9.375000e-01  -22.8567773443 18.8107734700 
  9.400000e-01  -22.8567773443 18.8107745752 
  9.425000e-01  -22.8567773443 18.8107756978 
  9.450000e-01  -22.8567773443 18.8107768377 
  9.475000e-01  -22.8567773443 18.8107779948 
  9.500000e-01  -22.8567773443 18.8107791689 
  9.525000e-01  -22.8567773443 18.8107803599 
  9.550000e-01  -22.8567773443 18.8107815676 
  9.575000e-01  -22.8567773443 18.8107827919 
  9.600000e-01  -22.8567773443 18.8107840328 
  9.625000e-01  -22.8567773443 18.8107852900 
  9.650000e-01  -22.8567773443 18.8107865635 
  9.675000e-01  -22.8567773443 18.8107878530 
  9.700000e-01  -22.8567773443 18.8107891585 
  9.725000e-01  -22.8567773443 18.8107904799 
  9.750000e-01  -22.8567773443 18.8107918170 
  9.775000e-01  -22.8567773443 18.8107931698 
  9.800000e-01  -22.8567773443 18.8107945379 
  9.825000e-01  -22.8567773443 18.8107959215 
  9.850000e-01  -22.8567773443 18.8107973202 
  9.875000e-01  -22.8567773443 18.8107987341 
  9.900000e-01  -22.8567773443 18.8108001630 
  9.925000e-01  -22.8567773443 18.8108016067 
  9.950000e-01  -22.8567773443 18.8108030652 
  9.975000e-01  -22.8567773443 18.8108045383 
  1.000000e+00  -22.8567773443 18.8108060260 
  1.002500e+00  -22.8567773443 18.8108075280 
  1.005000e+00  -22.8567773443 18.8108090443 
  1.007500e+00  -22.8567773443 18.8108105748 
  1.010000e+00  -22.8567773443 18.8108121194 
  1.012500e+00  -22.8567773443 18.8108136778 
  1.015000e+00  -22.8567773443 18.8108152501 
  1.017500e+00  -22.8567773443 18.8108168362 
  1.020000e+00  -22.8567773443 18.8108184358 
  1.022500e+00  -22.8567773443 18.8108200489 
  1.025000e+00  -22.8567773443 18.8108216754 
  1.027500e+00  -22.8567773443 18.8108233152 
  1.030000e+00  -22.8567773443 18.8108249682 
  1.032500e+00  -22.8567773443 18.8108266342 
  1.035000e+00  -22.8567773443 18.8108283131 
  1.037500e+00  -22.8567773443 18.8108300050 
  1.040000e+00  -22.8567773443 18.8108317095 
  1.042500e+00  -22.8567773443 18.8108334267 
  1.045000e+00  -22.8567773443 18.8108351565 
  1.047500e+00  -22.8567773443 18.8108368987 
  1.050000e+00  -22.8567773443 18.8108386532 
  1.052500e+00  -22.8567773443 18.8108404199 
  1.055000e+00  -22.8567773443 18.8108421988 
  1.057500e+00  -22.8567773443 18.8108439897 
  1.060000e+00  -22.8567773443 18.8108457925 
  1.062500e+00  -22.8567773443 18.8108476072 
  1.065000e+00  -22.8567773443 18.8108494336 
  1.067500e+00  -22.8567773443 18.8108512717 
  1.070000e+00  -22.8567773443 18.8108531213 
  1.072500e+00  -22.8567773443 18.8108549823 
  1.075000e+00  -22.8567773443 18.8108568547 
  1.077500e+00  -22.8567773443 18.8108587383 
  1.080000e+00  -22.8567773443 18.8108606331 
  1.082500e+00  -22.8567773443 18.8108625390 
  1.085000e+00  -22.8567773443 18.8108644559 
  1.087500e+00  -22.8567773443 18.8108663836 
  1.090000e+00  -22.8567773443 18.8108683221 
  1.092500e+00  -22.8567773443 18.8108702714 
  1.095000e+00  -22.8567773443 18.8108722312 
  1.097500e+00  -22.8567773443 18.8108742016 
  1.100000e+00  -22.8567773443 18.8108761824 
  1.102500e+00  -22.8567773443 18.8108781736 
  1.105000e+00  -22.8567773443 18.8108801750 
  1.107500e+00  -22.8567773443 18.8108821866 
  1.110000e+00  -22.8567773443 18.8108842083 
  1.112500e+00  -22.8567773443 18.8108862400 
  1.115000e+00  -22.8567773443 18.8108882816 
  1.117500e+00  -22.8567773443 18.8108903330 
  1.120000e+00  -22.8567773443 18.8108923942 
  1.122500e+00  -22.8567773443 18.8108944651 
  1.125000e+00  -22.8567773443 18.8108965455 
  1.127500e+00  -22.8567773443 18.8108986354 
  1.130000e+00  -22.8567773443 18.8109007348 
  1.132500e+00  -22.8567773443 18.8109028435 
  1.135000e+00  -22.8567773443 18.8109049615 
  1.137500e+00  -22.8567773443 18.8109070886 
  1.140000e+00  -22.8567773443 18.8109092249 
  1.142500e+00  -22.8567773443 18.8109113701 
  1.145000e+00  -22.8567773443 18.8109135243 
  1.147500e+00  -22.8567773443 18.8109156874 
  1.150000e+00  -22.8567773443 18.8109178593 
  1.152500e+00  -22.8567773443 18.8109200398 
  1.155000e+00  -22.8567773443 18.8109222291 
  1.157500e+00  -22.8567773443 18.8109244268 
  1.160000e+00  -22.8567773443 18.8109266331 
  1.162500e+00  -22.8567773443 18.8109288478 
  1.165000e+00  -22.8567773443 18.8109310708 
  1.167500e+00  -22.8567773443 18.8109333021 
  1.170000e+00  -22.8567773443 18.8109355415 
  1.172500e+00  -22.8567773443 18.8109377891 
  1.175000e+00  -22.8567773443 18.8109400448 
  1.177500e+00  -22.8567773443 18.8109423084 
  1.180000e+00  -22.8567773443 18.8109445799 
  1.182500e+00  -22.8567773443 18.8109468593 
  1.185000e+00  -22.8567773443 18.8109491465 
  1.187500e+00  -22.8567773443 18.8109514413 
  1.190000e+00  -22.8567773443 18.8109537438 
  1.192500e+00  -22.8567773443 18.8109560538 
  1.195000e+00  -22.8567773443 18.8109583713 
  1.197500e+00  -22.8567773443 18.8109606963 
  1.200000e+00  -22.8567773443 18.8109630286 
  1.202500e+00  -22.8567773443 18.8109653682 
  1.205000e+00  -22.8567773443 18.8109677150 
  1.207500e+00  -22.8567773443 18.8109700690 
  1.210000e+00  -22.8567773443 18.8109724301 
  1.212500e+00  -22.8567773443 18.8109747983 
  1.215000e+00  -22.8567773443 18.8109771734 
  1.217500e+00  -22.8567773443 18.8109795554 
  1.220000e+00  -22.8567773443 18.8109819443 
  1.222500e+00  -22.8567773443 18.8109843399 
  1.225000e+00  -22.8567773443 18.8109867423 
  1.227500e+00  -22.8567773443 18.8109891513 
  1.230000e+00  -22.8567773443 18.8109915669 
  1.232500e+00  -22.8567773443 18.8109939891 
  1.235000e+00  -22.8567773443 18.8109964177 
  1.237500e+00  -22.8567773443 18.8109988527 
  1.240000e+00  -22.8567773443 18.8110012941 
  1.242500e+00  -22.8567773443 18.8110037418 
  1.245000e+00  -22.8567773443 18.8110061958 
  1.247500e+00  -22.8567773443 18.8110086559 
  1.250000e+00  -22.8567773443 18.8110111222 
  1.252500e+00  -22.8567773443 18.8110135945 
  1.255000e+00  -22.8567773443 18.8110160728 
  1.257500e+00  -22.8567773443 18.8110185571 
  1.260000e+00  -22.8567773443 18.8110210472 
  1.262500e+00  -22.8567773443 18.8110235432 
  1.265000e+00  -22.8567773443 18.8110260450 
  1.267500e+00  -22.8567773443 18.8110285526 
  1.270000e+00  -22.8567773443 18.8110310658 
  1.272500e+00  -22.8567773443 18.8110335846 
  1.275000e+00  -22.8567773443 18.8110361090 
  1.277500e+00  -22.8567773443 18.8110386389 
  1.280000e+00  -22.8567773443 18.8110411743 
  1.282500e+00  -22.8567773443 18.8110437151 
  1.285000e+00  -22.8567773443 18.8110462612 
  1.287500e+00  -22.8567773443 18.8110488127 
  1.290000e+00  -22.8567773443 18.8110513694 
  1.292500e+00  -22.8567773443 18.8110539313 
  1.295000e+00  -22.8567773443 18.8110564983 
  1.297500e+00  -22.8567773443 18.8110590705 
  1.300000e+00  -22.8567773443 18.8110616477 
  1.302500e+00  -22.8567773443 18.8110642299 
  1.305000e+00  -22.8567773443 18.8110668171 
  1.307500e+00  -22.8567773443 18.8110694092 
  1.310000e+00  -22.8567773443 18.8110720061 
  1.312500e+00  -22.8567773443 18.8110746079 
  1.315000e+00  -22.8567773443 18.8110772144 
  1.317500e+00  -22.8567773443 18.8110798256 
  1.320000e+00  -22.8567773443 18.8110824415 
  1.322500e+00  -22.8567773443 18.8110850620 
  1.325000e+00  -22.8567773443 18.8110876871 
  1.327500e+00  -22.8567773443 18.8110903167 
  1.330000e+00  -22.8567773443 18.8110929508 
  1.332500e+00  -22.8567773443 18.8110955893 
  1.335000e+00  -22.8567773443 18.8110982322 
  1.337500e+00  -22.8567773443 18.8111008795 
  1.340000e+00  -22.8567773443 18.8111035311 
  1.342500e+00  -22.8567773443 18.8111061869 
  1.345000e+00  -22.8567773443 18.8111088470 
  1.347500e+00  -22.8567773443 18.8111115112 
  1.350000e+00  -22.8567773443 18.8111141795 
  1.352500e+00  -22.8567773443 18.8111168520 
  1.355000e+00  -22.8567773443 18.8111195284 
  1.357500e+00  -22.8567773443 18.8111222089 
  1.360000e+00  -22.8567773443 18.8111248933 
  1.362500e+00  -22.8567773443 18.8111275817 
  1.365000e+00  -22.8567773443 18.8111302739 
  1.367500e+00  -22.8567773443 18.8111329700 
  1.370000e+00  -22.8567773443 18.8111356699 
  1.372500e+00  -22.8567773443 18.8111383735 
  1.375000e+00  -22.8567773443 18.8111410808 
  1.377500e+00  -22.8567773443 18.8111437918 
  1.380000e+00  -22.8567773443 18.8111465065 
  1.382500e+00  -22.8567773443 18.8111492247 
  1.385000e+00  -22.8567773443 18.8111519465 
  1.387500e+00  -22.8567773443 18.8111546719 
  1.390000e+00  -22.8567773443 18.8111574007 
  1.392500e+00  -22.8567773443 18.8111601329 
  1.395000e+00  -22.8567773443 18.8111628686 
  1.397500e+00  -22.8567773443 18.8111656076 
  1.400000e+00  -22.8567773443 18.8111683499 
  1.402500e+00  -22.8567773443 18.8111710956 
  1.405000e+00  -22.8567773443 18.8111738445 
  1.407500e+00  -22.8567773443 18.8111765966 
  1.410000e+00  -22.8567773443 18.8111793520 
  1.412500e+00  -22.8567773443 18.8111821104 
  1.415000e+00  -22.8567773443 18.8111848720 
  1.417500e+00  -22.8567773443 18.8111876367 
  1.420000e+00  -22.8567773443 18.8111904044 
  1.422500e+00  -22.8567773443 18.8111931751 
  1.425000e+00  -22.8567773443 18.8111959488 
  1.427500e+00  -22.8567773443 18.8111987255 
  1.430000e+00  -22.8567773443 18.8112015050 
  1.432500e+00  -22.8567773443 18.8112042875 
  1.435000e+00  -22.8567773443 18.8112070727 
  1.437500e+00  -22.8567773443 18.8112098608 
  1.440000e+00  -22.8567773443 18.8112126517 
  1.442500e+00  -22.8567773443 18.8112154452 
  1.445000e+00  -22.8567773443 18.8112182416 
  1.447500e+00  -22.8567773443 18.8112210405 
  1.450000e+00  -22.8567773443 18.8112238422 
  1.452500e+00  -22.8567773443 18.8112266464 
  1.455000e+00  -22.8567773443 18.8112294533 
  1.457500e+00  -22.8567773443 18.8112322626 
  1.460000e+00  -22.8567773443 18.8112350745 
  1.462500e+00  -22.8567773443 18.8112378889 
  1.465000e+00  -22.8567773443 18.8112407058 
  1.467500e+00  -22.8567773443 18.8112435251 
  1.470000e+00  -22.8567773443 18.8112463468 
  1.472500e+00  -22.8567773443 18.8112491709 
  1.475000e+00  -22.8567773443 18.8112519973 
  1.477500e+00  -22.8567773443 18.8112548260 
  1.480000e+00  -22.8567773443 18.8112576570 
  1.482500e+00  -22.8567773443 18.8112604902 
  1.485000e+00  -22.8567773443 18.8112633257 
  1.487500e+00  -22.8567773443 18.8112661634 
  1.490000e+00  -22.8567773443 18.8112690032 
  1.492500e+00  -22.8567773443 18.8112718452 
  1.495000e+00  -22.8567773443 18.8112746893 
  1.497500e+00  -22.8567773443 18.8112775355 
  1.500000e+00  -22.8567773443 18.8112803838 
  1.502500e+00  -22.8567773443 18.8112832341 
  1.505000e+00  -22.8567773443 18.8112860864 
  1.507500e+00  -22.8567773443 18.8112889406 
  1.510000e+00  -22.8567773443 18.8112917968 
  1.512500e+00  -22.8567773443 18.8112946550 
  1.515000e+00  -22.8567773443 18.8112975150 
  1.517500e+00  -22.8567773443 18.8113003770 
  1.520000e+00  -22.8567773443 18.8113032407 
  1.522500e+00  -22.8567773443 18.8113061063 
  1.525000e+00  -22.8567773443 18.8113089737 
  1.527500e+00  -22.8567773443 18.8113118429 
  1.530000e+00  -22.8567773443 18.8113147138 
  1.532500e+00  -22.8567773443 18.8113175864 
  1.535000e+00  -22.8567773443 18.8113204608 
  1.537500e+00  -22.8567773443 18.8113233368 
  1.540000e+00  -22.8567773443 18.8113262144 
  1.542500e+00  -22.8567773443 18.8113290937 
  1.545000e+00  -22.8567773443 18.8113319746 
  1.547500e+00  -22.8567773443 18.8113348571 
  1.550000e+00  -22.8567773443 18.8113377411 
  1.552500e+00  -22.8567773443 18.8113406267 
  1.555000e+00  -22.8567773443 18.8113435137 
  1.557500e+00  -22.8567773443 18.8113464023 
  1.560000e+00  -22.8567773443 18.8113492923 
  1.562500e+00  -22.8567773443 18.8113521838 
  1.565000e+00  -22.8567773443 18.8113550767 
  1.567500e+00  -22.8567773443 18.8113579710 
  1.570000e+00  -22.8567773443 18.8113608666 
  1.572500e+00  -22.8567773443 18.8113637637 
  1.575000e+00  -22.8567773443 18.8113666620 
  1.577500e+00  -22.8567773443 18.8113695617 
  1.580000e+00  -22.8567773443 18.8113724627 
  1.582500e+00  -22.8567773443 18.8113753649 
  1.585000e+00  -22.8567773443 18.8113782684 
  1.587500e+00  -22.8567773443 18.8113811731 
  1.590000e+00  -22.8567773443 18.8113840790 
  1.592500e+00  -22.8567773443 18.8113869861 
  1.595000e+00  -22.8567773443 18.8113898944 
  1.597500e+00  -22.8567773443 18.8113928038 
  1.600000e+00  -22.8567773443 18.8113957143 
  1.602500e+00  -22.8567773443 18.8113986260 
  1.605000e+00  -22.8567773443 18.8114015387 
  1.607500e+00  -22.8567773443 18.8114044526 
  1.610000e+00  -22.8567773443 18.8114073674 
  1.612500e+00  -22.8567773443 18.8114102833 
  1.615000e+00  -22.8567773443 18.8114132002 
  1.617500e+00  -22.8567773443 18.8114161181 
  1.620000e+00  -22.8567773443 18.8114190370 
  1.622500e+00  -22.8567773443 18.8114219569 
  1.625000e+00  -22.8567773443 18.8114248776 
  1.627500e+00  -22.8567773443 18.8114277993 
  1.630000e+00  -22.8567773443 18.8114307219 
  1.632500e+00  -22.8567773443 18.8114336454 
  1.635000e+00  -22.8567773443 18.8114365698 
  1.637500e+00  -22.8567773443 18.8114394950 
  1.640000e+00  -22.8567773443 18.8114424210 
  1.642500e+00  -22.8567773443 18.8114453479 
  1.645000e+00  -22.8567773443 18.8114482755 
  1.647500e+00  -22.8567773443 18.8114512040 
  1.650000e+00  -22.8567773443 18.8114541332 
  1.652500e+00  -22.8567773443 18.8114570631 
  1.655000e+00  -22.8567773443 18.8114599938 
  1.657500e+00  -22.8567773443 18.8114629252 
  1.660000e+00  -22.8567773443 18.8114658573 
  1.662500e+00  -22.8567773443 18.8114687900 
  1.665000e+00  -22.8567773443 18.8114717235 
  1.667500e+00  -22.8567773443 18.8114746576 
  1.670000e+00  -22.8567773443 18.8114775923 
  1.672500e+00  -22.8567773443 18.8114805276 
  1.675000e+00  -22.8567773443 18.8114834636 
  1.677500e+00  -22.8567773443 18.8114864001 
  1.680000e+00  -22.8567773443 18.8114893372 
  1.682500e+00  -22.8567773443 18.8114922749 
  1.685000e+00  -22.8567773443 18.8114952131 
  1.687500e+00  -22.8567773443 18.8114981519 
  1.690000e+00  -22.8567773443 18.8115010911 
  1.692500e+00  -22.8567773443 18.8115040309 
  1.695000e+00  -22.8567773443 18.8115069711 
  1.697500e+00  -22.8567773443 18.8115099119 
  1.700000e+00  -22.8567773443 18.8115128530 
  1.702500e+00  -22.8567773443 18.8115157947 
  1.705000e+00  -22.8567773443 18.8115187367 
  1.707500e+00  -22.8567773443 18.8115216792 
  1.710000e+00  -22.8567773443 18.8115246220 
  1.712500e+00  -22.8567773443 18.8115275653 
  1.715000e+00  -22.8567773443 18.8115305089 
  1.717500e+00  -22.8567773443 18.8115334529 
  1.720000e+00  -22.8567773443 18.8115363973 
  1.722500e+00  -22.8567773443 18.8115393419 
  1.725000e+00  -22.8567773443 18.8115422869 
  1.727500e+00  -22.8567773443 18.8115452322 
  1.730000e+00  -22.8567773443 18.8115481778 
  1.732500e+00  -22.8567773443 18.8115511237 
  1.735000e+00  -22.8567773443 18.8115540699 
  1.737500e+00  -22.8567773443 18.8115570163 
  1.740000e+00  -22.8567773443 18.8115599630 
  1.742500e+00  -22.8567773443 18.8115629099 
  1.745000e+00  -22.8567773443 18.8115658570 
  1.747500e+00  -22.8567773443 18.8115688043 
  1.750000e+00  -22.8567773443 18.8115717519 
  1.752500e+00  -22.8567773443 18.8115746996 
  1.755000e+00  -22.8567773443 18.8115776475 
  1.757500e+00  -22.8567773443 18.8115805956 
  1.760000e+00  -22.8567773443 18.8115835438 
  1.762500e+00  -22.8567773443 18.8115864922 
  1.765000e+00  -22.8567773443 18.8115894406 
  1.767500e+00  -22.8567773443 18.8115923893 
  1.770000e+00  -22.8567773443 18.8115953380 
  1.772500e+00  -22.8567773443 18.8115982868 
  1.775000e+00  -22.8567773443 18.8116012357 
  1.777500e+00  -22.8567773443 18.8116041847 
  1.780000e+00  -22.8567773443 18.8116071337 
  1.782500e+00  -22.8567773443 18.8116100828 
  1.785000e+00  -22.8567773443 18.8116130320 
  1.787500e+00  -22.8567773443 18.8116159811 
  1.790000e+00  -22.8567773443 18.8116189303 
  1.792500e+00  -22.8567773443 18.8116218796 
  1.795000e+00  -22.8567773443 18.8116248288 
  1.797500e+00  -22.8567773443 18.8116277780 
  1.800000e+00  -22.8567773443 18.8116307272 
  1.802500e+00  -22.8567773443 18.8116336764 
  1.805000e+00  -22.8567773443 18.8116366255 
  1.807500e+00  -22.8567773443 18.8116395746 
  1.810000e+00  -22.8567773443 18.8116425236 
  1.812500e+00  -22.8567773443 18.8116454726 
  1.815000e+00  -22.8567773443 18.8116484215 
  1.817500e+00  -22.8567773443 18.8116513703 
  1.820000e+00  -22.8567773443 18.8116543191 
  1.822500e+00  -22.8567773443 18.8116572677 
  1.825000e+00  -22.8567773443 18.8116602162 
  1.827500e+00  -22.8567773443 18.8116631646 
  1.830000e+00  -22.8567773443 18.8116661129 
  1.832500e+00  -22.8567773443 18.8116690610 
  1.835000e+00  -22.8567773443 18.8116720090 
  1.837500e+00  -22.8567773443 18.8116749569 
  1.840000e+00  -22.8567773443 18.8116779045 
  1.842500e+00  -22.8567773443 18.8116808521 
  1.845000e+00  -22.8567773443 18.8116837994 
  1.847500e+00  -22.8567773443 18.8116867465 
  1.850000e+00  -22.8567773443 18.8116896935 
  1.852500e+00  -22.8567773443 18.8116926403 
  1.855000e+00  -22.8567773443 18.8116955868 
  1.857500e+00  -22.8567773443 18.8116985331 
  1.860000e+00  -22.8567773443 18.8117014792 
  1.862500e+00  -22.8567773443 18.8117044251 
  1.865000e+00  -22.8567773443 18.8117073707 
  1.867500e+00  -22.8567773443 18.8117103161 
  1.870000e+00  -22.8567773443 18.8117132613 
  1.872500e+00  -22.8567773443 18.8117162061 
  1.875000e+00  -22.8567773443 18.8117191507 
  1.877500e+00  -22.8567773443 18.8117220950 
  1.880000e+00  -22.8567773443 18.8117250391 
  1.882500e+00  -22.8567773443 18.8117279828 
  1.885000e+00  -22.8567773443 18.8117309263 
  1.887500e+00  -22.8567773443 18.8117338694 
  1.890000e+00  -22.8567773443 18.8117368122 
  1.892500e+00  -22.8567773443 18.8117397547 
  1.895000e+00  -22.8567773443 18.8117426969 
  1.897500e+00  -22.8567773443 18.8117456388 
  1.900000e+00  -22.8567773443 18.8117485803 
  1.902500e+00  -22.8567773443 18.8117515215 
  1.905000e+00  -22.8567773443 18.8117544623 
  1.907500e+00  -22.8567773443 18.8117574027 
  1.910000e+00  -22.8567773443 18.8117603428 
  1.912500e+00  -22.8567773443 18.8117632826 
  1.915000e+00  -22.8567773443 18.8117662219 
  1.917500e+00  -22.8567773443 18.8117691609 
  1.920000e+00  -22.8567773443 18.8117720994 
  1.922500e+00  -22.8567773443 18.8117750376 
  1.925000e+00  -22.8567773443 18.8117779754 
  1.927500e+00  -22.8567773443 18.8117809128 
  1.930000e+00  -22.8567773443 18.8117838497 
  1.932500e+00  -22.8567773443 18.8117867863 
  1.935000e+00  -22.8567773443 18.8117897224 
  1.937500e+00  -22.8567773443 18.8117926581 
  1.940000e+00  -22.8567773443 18.8117955934 
  1.942500e+00  -22.8567773443 18.8117985282 
  1.945000e+00  -22.8567773443 18.8118014626 
  1.947500e+00  -22.8567773443 18.8118043965 
  1.950000e+00  -22.8567773443 18.8118073300 
  1.952500e+00  -22.8567773443 18.8118102630 
  1.955000e+00  -22.8567773443 18.8118131955 
  1.957500e+00  -22.8567773443 18.8118161276 
  1.960000e+00  -22.8567773443 18.8118190592 
  1.962500e+00  -22.8567773443 18.8118219903 
  1.965000e+00  -22.8567773443 18.8118249209 
  1.967500e+00  -22.8567773443 18.8118278511 
  1.970000e+00  -22.8567773443 18.8118307807 
  1.972500e+00  -22.8567773443 18.8118337099 
  1.975000e+00  -22.8567773443 18.8118366385 
  1.977500e+00  -22.8567773443 18.8118395667 
  1.980000e+00  -22.8567773443 18.8118424943 
  1.982500e+00  -22.8567773443 18.8118454214 
  1.985000e+00  -22.8567773443 18.8118483480 
  1.987500e+00  -22.8567773443 18.8118512740 
  1.990000e+00  -22.8567773443 18.8118541996 
  1.992500e+00  -22.8567773443 18.8118571246 
  1.995000e+00  -22.8567773443 18.8118600490 
  1.997500e+00  -22.8567773443 18.8118629729 
  2.000000e+00  -22.8567773443 18.8118658963 
