  1.000000e-02  31.000311  32.595251 
  1.500000e-02  29.128962  31.988165 
  2.000000e-02  28.360525  31.541276 
  2.500000e-02  28.307490  31.029427 
  3.000000e-02  28.424788  30.433443 
  3.500000e-02  28.344250  29.829156 
  4.000000e-02  27.878328  29.114196 
  4.500000e-02  27.186591  28.589703 
  5.000000e-02  26.427916  28.133154 
  5.500000e-02  25.767005  27.727274 
  6.000000e-02  25.277853  27.340600 
  6.500000e-02  24.936492  26.950421 
  7.000000e-02  24.663990  26.547452 
  7.500000e-02  24.376216  26.157472 
  8.000000e-02  24.041141  25.770064 
  8.500000e-02  23.649329  25.386145 
  9.000000e-02  23.242406  25.039624 
  9.500000e-02  22.861177  24.715144 
  1.000000e-01  22.513555  24.392705 
  1.050000e-01  22.192165  24.065702 
  1.100000e-01  21.875384  23.728021 
  1.150000e-01  21.552048  23.389323 
  1.200000e-01  21.222830  23.053390 
  1.250000e-01  20.895662  22.722697 
  1.300000e-01  20.579409  22.396998 
  1.350000e-01  20.276559  22.077583 
  1.400000e-01  19.987616  21.762929 
  1.450000e-01  19.710121  21.453698 
  1.500000e-01  19.441423  21.149586 
  1.550000e-01  19.180424  20.855101 
  1.600000e-01  18.928182  20.568547 
  1.650000e-01  18.681394  20.279098 
  1.700000e-01  18.443380  20.003757 
  1.750000e-01  18.218299  19.740736 
  1.800000e-01  18.008939  19.488234 
  1.850000e-01  17.814172  19.244923 
  1.900000e-01  17.632424  19.010838 
  1.950000e-01  17.463244  18.786659 
  2.000000e-01  17.307339  18.573021 
  2.050000e-01  17.165368  18.370405 
  2.100000e-01  17.037160  18.179114 
  2.150000e-01  16.921420  17.997565 
  2.200000e-01  16.814201  17.823696 
  2.250000e-01  16.716991  17.665865 
  2.300000e-01  16.630266  17.520479 
  2.350000e-01  16.555240  17.386803 
  2.400000e-01  16.491382  17.263895 
  2.450000e-01  16.438016  17.151278 
  2.500000e-01  16.394530  17.048732 
  2.550000e-01  16.360062  16.955741 
  2.600000e-01  16.334339  16.872634 
  2.650000e-01  16.316934  16.798840 
  2.700000e-01  16.307032  16.733812 
  2.750000e-01  16.303450  16.676988 
  2.800000e-01  16.304048  16.625888 
  2.850000e-01  16.307914  16.582910 
  2.900000e-01  16.314317  16.546644 
  2.950000e-01  16.322447  16.516102 
  3.000000e-01  16.331318  16.490397 
  3.050000e-01  16.339885  16.468753 
  3.100000e-01  16.347216  16.450494 
  3.150000e-01  16.352086  16.434122 
  3.200000e-01  16.354420  16.420469 
  3.250000e-01  16.354303  16.408667 
  3.300000e-01  16.351837  16.398103 
  3.350000e-01  16.347093  16.388301 
  3.400000e-01  16.340171  16.378919 
  3.450000e-01  16.331032  16.369144 
  3.500000e-01  16.320104  16.359683 
  3.550000e-01  16.307927  16.350196 
  3.600000e-01  16.294975  16.340502 
  3.650000e-01  16.281584  16.330499 
  3.700000e-01  16.267984  16.320164 
  3.750000e-01  16.254364  16.309532 
  3.800000e-01  16.240826  16.298567 
  3.850000e-01  16.227599  16.287486 
  3.900000e-01  16.214852  16.276324 
  3.950000e-01  16.202689  16.265134 
  4.000000e-01  16.191146  16.253973 
  4.050000e-01  16.180221  16.242909 
  4.100000e-01  16.169872  16.231910 
  4.150000e-01  16.160081  16.221168 
  4.200000e-01  16.150852  16.210698 
  4.250000e-01  16.142189  16.200528 
  4.300000e-01  16.134082  16.190685 
  4.350000e-01  16.126510  16.181193 
  4.400000e-01  16.119448  16.172071 
  4.450000e-01  16.112875  16.163340 
  4.500000e-01  16.106759  16.154991 
  4.550000e-01  16.101088  16.147052 
  4.600000e-01  16.095852  16.139523 
  4.650000e-01  16.091031  16.132398 
  4.700000e-01  16.086600  16.125667 
  4.750000e-01  16.082525  16.119319 
  4.800000e-01  16.078775  16.113341 
  4.850000e-01  16.075309  16.107722 
  4.900000e-01  16.072094  16.102438 
  4.950000e-01  16.069092  16.097469 
  5.000000e-01  16.066268  16.092792 
  5.050000e-01  16.063582  16.088383 
  5.100000e-01  16.060998  16.084218 
  5.150000e-01  16.058484  16.080275 
  5.200000e-01  16.055998  16.076509 
  5.250000e-01  16.053521  16.072916 
  5.300000e-01  16.051037  16.069473 
  5.350000e-01  16.048534  16.066157 
  5.400000e-01  16.046001  16.062948 
  5.450000e-01  16.043432  16.059827 
  5.500000e-01  16.040824  16.056780 
  5.550000e-01  16.038180  16.053794 
  5.600000e-01  16.035503  16.050858 
  5.650000e-01  16.032804  16.047964 
  5.700000e-01  16.030090  16.045105 
  5.750000e-01  16.027371  16.042275 
  5.800000e-01  16.024657  16.039472 
  5.850000e-01  16.021954  16.036694 
  5.900000e-01  16.019272  16.033938 
  5.950000e-01  16.016616  16.031206 
  6.000000e-01  16.013993  16.028499 
  6.050000e-01  16.011406  16.025816 
  6.100000e-01  16.008859  16.023160 
  6.150000e-01  16.006355  16.020533 
  6.200000e-01  16.003893  16.017935 
  6.250000e-01  16.001476  16.015369 
  6.300000e-01  15.999103  16.012835 
  6.350000e-01  15.996775  16.010336 
  6.400000e-01  15.994490  16.007872 
  6.450000e-01  15.992248  16.005444 
  6.500000e-01  15.990048  16.003053 
  6.550000e-01  15.987890  16.000699 
  6.600000e-01  15.985773  15.998382 
  6.650000e-01  15.983696  15.996104 
  6.700000e-01  15.981658  15.993863 
  6.750000e-01  15.979659  15.991659 
  6.800000e-01  15.977698  15.989494 
  6.850000e-01  15.975774  15.987365 
  6.900000e-01  15.973886  15.985273 
  6.950000e-01  15.972033  15.983218 
  7.000000e-01  15.970214  15.981198 
  7.050000e-01  15.968427  15.979214 
  7.100000e-01  15.966672  15.977263 
  7.150000e-01  15.964946  15.975346 
  7.200000e-01  15.963250  15.973461 
  7.250000e-01  15.961580  15.971609 
  7.300000e-01  15.959936  15.969786 
  7.350000e-01  15.958316  15.967994 
  7.400000e-01  15.956719  15.966230 
  7.450000e-01  15.955144  15.964494 
  7.500000e-01  15.953590  15.962785 
  7.550000e-01  15.952056  15.961103 
  7.600000e-01  15.950542  15.959445 
  7.650000e-01  15.949046  15.957811 
  7.700000e-01  15.947569  15.956201 
  7.750000e-01  15.946109  15.954614 
  7.800000e-01  15.944668  15.953049 
  7.850000e-01  15.943244  15.951506 
  7.900000e-01  15.941838  15.949984 
  7.950000e-01  15.940449  15.948483 
  8.000000e-01  15.939078  15.947002 
  8.050000e-01  15.937725  15.945540 
  8.100000e-01  15.936389  15.944099 
  8.150000e-01  15.935070  15.942677 
  8.200000e-01  15.933769  15.941273 
  8.250000e-01  15.932485  15.939889 
  8.300000e-01  15.931218  15.938523 
  8.350000e-01  15.929968  15.937175 
  8.400000e-01  15.928735  15.935846 
  8.450000e-01  15.927518  15.934534 
  8.500000e-01  15.926318  15.933240 
  8.550000e-01  15.925135  15.931963 
  8.600000e-01  15.923967  15.930704 
  8.650000e-01  15.922815  15.929461 
  8.700000e-01  15.921678  15.928236 
  8.750000e-01  15.920557  15.927026 
  8.800000e-01  15.919451  15.925833 
  8.850000e-01  15.918360  15.924656 
  8.900000e-01  15.917283  15.923495 
  8.950000e-01  15.916221  15.922350 
  9.000000e-01  15.915173  15.921220 
  9.050000e-01  15.914138  15.920104 
  9.100000e-01  15.913118  15.919004 
  9.150000e-01  15.912111  15.917919 
  9.200000e-01  15.911117  15.916848 
  9.250000e-01  15.910136  15.915791 
  9.300000e-01  15.909168  15.914748 
  9.350000e-01  15.908212  15.913719 
  9.400000e-01  15.907269  15.912703 
  9.450000e-01  15.906337  15.911700 
  9.500000e-01  15.905418  15.910711 
  9.550000e-01  15.904510  15.909734 
  9.600000e-01  15.903614  15.908770 
  9.650000e-01  15.902729  15.907819 
  9.700000e-01  15.901855  15.906879 
  9.750000e-01  15.900992  15.905952 
  9.800000e-01  15.900139  15.905036 
  9.850000e-01  15.899297  15.904132 
  9.900000e-01  15.898466  15.903239 
  9.950000e-01  15.897645  15.902358 
  1.000000e+00  15.896833  15.901487 
  1.005000e+00  15.896032  15.900628 
  1.010000e+00  15.895240  15.899779 
  1.015000e+00  15.894458  15.898940 
  1.020000e+00  15.893686  15.898112 
  1.025000e+00  15.892923  15.897295 
  1.030000e+00  15.892169  15.896487 
  1.035000e+00  15.891424  15.895689 
  1.040000e+00  15.890688  15.894901 
  1.045000e+00  15.889962  15.894123 
  1.050000e+00  15.889243  15.893354 
  1.055000e+00  15.888534  15.892594 
  1.060000e+00  15.887833  15.891844 
  1.065000e+00  15.887140  15.891103 
  1.070000e+00  15.886456  15.890371 
  1.075000e+00  15.885780  15.889647 
  1.080000e+00  15.885112  15.888933 
  1.085000e+00  15.884452  15.888226 
  1.090000e+00  15.883800  15.887529 
  1.095000e+00  15.883155  15.886840 
  1.100000e+00  15.882518  15.886159 
  1.105000e+00  15.881889  15.885486 
  1.110000e+00  15.881267  15.884821 
  1.115000e+00  15.880652  15.884164 
  1.120000e+00  15.880045  15.883515 
  1.125000e+00  15.879445  15.882873 
  1.130000e+00  15.878851  15.882239 
  1.135000e+00  15.878265  15.881613 
  1.140000e+00  15.877686  15.880994 
  1.145000e+00  15.877113  15.880382 
  1.150000e+00  15.876547  15.879777 
  1.155000e+00  15.875987  15.879180 
  1.160000e+00  15.875434  15.878589 
  1.165000e+00  15.874888  15.878005 
  1.170000e+00  15.874347  15.877429 
  1.175000e+00  15.873813  15.876858 
  1.180000e+00  15.873285  15.876295 
  1.185000e+00  15.872764  15.875738 
  1.190000e+00  15.872248  15.875187 
  1.195000e+00  15.871738  15.874643 
  1.200000e+00  15.871234  15.874105 
  1.205000e+00  15.870735  15.873574 
  1.210000e+00  15.870243  15.873048 
  1.215000e+00  15.869755  15.872529 
  1.220000e+00  15.869274  15.872015 
  1.225000e+00  15.868798  15.871507 
  1.230000e+00  15.868327  15.871006 
  1.235000e+00  15.867862  15.870510 
  1.240000e+00  15.867402  15.870019 
  1.245000e+00  15.866947  15.869534 
  1.250000e+00  15.866497  15.869055 
  1.255000e+00  15.866052  15.868581 
  1.260000e+00  15.865613  15.868112 
  1.265000e+00  15.865178  15.867649 
  1.270000e+00  15.864748  15.867191 
  1.275000e+00  15.864323  15.866738 
  1.280000e+00  15.863902  15.866291 
  1.285000e+00  15.863487  15.865848 
  1.290000e+00  15.863076  15.865410 
  1.295000e+00  15.862669  15.864977 
  1.300000e+00  15.862267  15.864549 
  1.305000e+00  15.861870  15.864126 
  1.310000e+00  15.861476  15.863708 
  1.315000e+00  15.861088  15.863294 
  1.320000e+00  15.860703  15.862885 
  1.325000e+00  15.860323  15.862480 
  1.330000e+00  15.859947  15.862080 
  1.335000e+00  15.859575  15.861684 
  1.340000e+00  15.859207  15.861293 
  1.345000e+00  15.858843  15.860906 
  1.350000e+00  15.858483  15.860524 
  1.355000e+00  15.858128  15.860145 
  1.360000e+00  15.857775  15.859771 
  1.365000e+00  15.857427  15.859401 
  1.370000e+00  15.857083  15.859034 
  1.375000e+00  15.856742  15.858672 
  1.380000e+00  15.856405  15.858314 
  1.385000e+00  15.856072  15.857960 
  1.390000e+00  15.855742  15.857610 
  1.395000e+00  15.855416  15.857263 
  1.400000e+00  15.855093  15.856920 
  1.405000e+00  15.854774  15.856581 
  1.410000e+00  15.854459  15.856246 
  1.415000e+00  15.854146  15.855914 
  1.420000e+00  15.853837  15.855586 
  1.425000e+00  15.853532  15.855261 
  1.430000e+00  15.853229  15.854940 
  1.435000e+00  15.852930  15.854622 
  1.440000e+00  15.852634  15.854308 
  1.445000e+00  15.852341  15.853997 
  1.450000e+00  15.852051  15.853690 
  1.455000e+00  15.851765  15.853385 
  1.460000e+00  15.851481  15.853084 
  1.465000e+00  15.851200  15.852787 
  1.470000e+00  15.850923  15.852492 
  1.475000e+00  15.850648  15.852200 
  1.480000e+00  15.850376  15.851912 
  1.485000e+00  15.850107  15.851627 
  1.490000e+00  15.849841  15.851344 
  1.495000e+00  15.849578  15.851065 
  1.500000e+00  15.849317  15.850789 
  1.505000e+00  15.849059  15.850515 
  1.510000e+00  15.848804  15.850245 
  1.515000e+00  15.848552  15.849977 
  1.520000e+00  15.848302  15.849712 
  1.525000e+00  15.848054  15.849450 
  1.530000e+00  15.847810  15.849191 
  1.535000e+00  15.847567  15.848934 
  1.540000e+00  15.847328  15.848680 
  1.545000e+00  15.847091  15.848429 
  1.550000e+00  15.846856  15.848180 
  1.555000e+00  15.846624  15.847934 
  1.560000e+00  15.846394  15.847690 
  1.565000e+00  15.846166  15.847449 
  1.570000e+00  15.845941  15.847211 
  1.575000e+00  15.845718  15.846974 
  1.580000e+00  15.845497  15.846741 
  1.585000e+00  15.845279  15.846510 
  1.590000e+00  15.845063  15.846281 
  1.595000e+00  15.844849  15.846054 
  1.600000e+00  15.844637  15.845830 
  1.605000e+00  15.844427  15.845608 
  1.610000e+00  15.844220  15.845388 
  1.615000e+00  15.844015  15.845171 
  1.620000e+00  15.843811  15.844956 
  1.625000e+00  15.843610  15.844743 
  1.630000e+00  15.843411  15.844532 
  1.635000e+00  15.843213  15.844323 
  1.640000e+00  15.843018  15.844117 
  1.645000e+00  15.842825  15.843912 
  1.650000e+00  15.842634  15.843710 
  1.655000e+00  15.842444  15.843510 
  1.660000e+00  15.842257  15.843311 
  1.665000e+00  15.842071  15.843115 
  1.670000e+00  15.841887  15.842921 
  1.675000e+00  15.841705  15.842728 
  1.680000e+00  15.841525  15.842538 
  1.685000e+00  15.841347  15.842349 
  1.690000e+00  15.841170  15.842163 
  1.695000e+00  15.840995  15.841978 
  1.700000e+00  15.840822  15.841795 
  1.705000e+00  15.840651  15.841614 
  1.710000e+00  15.840481  15.841434 
  1.715000e+00  15.840313  15.841257 
  1.720000e+00  15.840146  15.841081 
  1.725000e+00  15.839981  15.840907 
  1.730000e+00  15.839818  15.840735 
  1.735000e+00  15.839657  15.840564 
  1.740000e+00  15.839497  15.840395 
  1.745000e+00  15.839338  15.840228 
  1.750000e+00  15.839181  15.840062 
  1.755000e+00  15.839026  15.839898 
  1.760000e+00  15.838872  15.839735 
  1.765000e+00  15.838720  15.839575 
  1.770000e+00  15.838569  15.839415 
  1.775000e+00  15.838419  15.839258 
  1.780000e+00  15.838271  15.839101 
  1.785000e+00  15.838125  15.838947 
  1.790000e+00  15.837979  15.838793 
  1.795000e+00  15.837836  15.838642 
  1.800000e+00  15.837693  15.838491 
  1.805000e+00  15.837552  15.838343 
  1.810000e+00  15.837412  15.838195 
  1.815000e+00  15.837274  15.838049 
  1.820000e+00  15.837137  15.837905 
  1.825000e+00  15.837001  15.837762 
  1.830000e+00  15.836867  15.837620 
  1.835000e+00  15.836733  15.837479 
  1.840000e+00  15.836601  15.837340 
  1.845000e+00  15.836471  15.837203 
  1.850000e+00  15.836341  15.837066 
  1.855000e+00  15.836213  15.836931 
  1.860000e+00  15.836086  15.836797 
  1.865000e+00  15.835960  15.836664 
  1.870000e+00  15.835835  15.836533 
  1.875000e+00  15.835712  15.836403 
  1.880000e+00  15.835589  15.836274 
  1.885000e+00  15.835468  15.836146 
  1.890000e+00  15.835348  15.836020 
  1.895000e+00  15.835229  15.835895 
  1.900000e+00  15.835111  15.835770 
  1.905000e+00  15.834994  15.835647 
  1.910000e+00  15.834879  15.835526 
  1.915000e+00  15.834764  15.835405 
  1.920000e+00  15.834650  15.835285 
  1.925000e+00  15.834538  15.835167 
  1.930000e+00  15.834426  15.835049 
  1.935000e+00  15.834316  15.834933 
  1.940000e+00  15.834206  15.834818 
  1.945000e+00  15.834098  15.834704 
  1.950000e+00  15.833990  15.834591 
  1.955000e+00  15.833884  15.834479 
  1.960000e+00  15.833778  15.834368 
  1.965000e+00  15.833674  15.834258 
  1.970000e+00  15.833570  15.834149 
  1.975000e+00  15.833467  15.834041 
  1.980000e+00  15.833365  15.833934 
  1.985000e+00  15.833265  15.833827 
  1.990000e+00  15.833165  15.833722 
  1.995000e+00  15.833066  15.833618 
  2.000000e+00  15.832967  15.833515 
