  2.500000e-03  31.616217  32.491438 
  3.750000e-03  29.750298  31.501202 
  5.000000e-03  28.773849  30.745032 
  6.250000e-03  28.442644  30.083658 
  7.500000e-03  28.375112  29.489883 
  8.750000e-03  28.306306  28.977273 
  1.000000e-02  28.136041  28.553388 
  1.125000e-02  27.879833  28.206726 
  1.250000e-02  27.556487  27.861241 
  1.375000e-02  27.226245  27.553586 
  1.500000e-02  26.926707  27.267701 
  1.625000e-02  26.672885  27.002842 
  1.750000e-02  26.461476  26.760566 
  1.875000e-02  26.278871  26.540365 
  2.000000e-02  26.110101  26.339385 
  2.125000e-02  25.948344  26.155784 
  2.250000e-02  25.783172  25.978883 
  2.375000e-02  25.617310  25.811000 
  2.500000e-02  25.454366  25.648606 
  2.625000e-02  25.296643  25.490031 
  2.750000e-02  25.144605  25.334439 
  2.875000e-02  24.997352  25.181440 
  3.000000e-02  24.853503  25.030913 
  3.125000e-02  24.711961  24.882903 
  3.250000e-02  24.572281  24.737552 
  3.375000e-02  24.428601  24.588921 
  3.500000e-02  24.294580  24.453251 
  3.625000e-02  24.161332  24.315095 
  3.750000e-02  24.030006  24.179810 
  3.875000e-02  23.901291  24.047308 
  4.000000e-02  23.774583  23.917629 
  4.125000e-02  23.649644  23.790268 
  4.250000e-02  23.526300  23.664867 
  4.375000e-02  23.404418  23.541153 
  4.500000e-02  23.283890  23.418922 
  4.625000e-02  23.164292  23.297756 
  4.750000e-02  23.045745  23.177731 
  4.875000e-02  22.928221  23.058761 
  5.000000e-02  22.811661  22.940800 
  5.125000e-02  22.696005  22.823814 
  5.250000e-02  22.581201  22.707771 
  5.375000e-02  22.467205  22.592630 
  5.500000e-02  22.353983  22.478349 
  5.625000e-02  22.241499  22.364881 
  5.750000e-02  22.129723  22.252183 
  5.875000e-02  22.018623  22.140216 
  6.000000e-02  21.908171  22.028946 
  6.125000e-02  21.798342  21.918344 
  6.250000e-02  21.689119  21.808388 
  6.375000e-02  21.580490  21.699058 
  6.500000e-02  21.472449  21.590340 
  6.625000e-02  21.364995  21.482227 
  6.750000e-02  21.258132  21.374713 
  6.875000e-02  21.151868  21.267801 
  7.000000e-02  21.046216  21.161499 
  7.125000e-02  20.941194  21.055820 
  7.250000e-02  20.836824  20.950783 
  7.375000e-02  20.733132  20.846408 
  7.500000e-02  20.630149  20.742725 
  7.625000e-02  20.527908  20.639762 
  7.750000e-02  20.426447  20.537553 
  7.875000e-02  20.325805  20.436134 
  8.000000e-02  20.226026  20.335544 
  8.125000e-02  20.127153  20.235823 
  8.250000e-02  20.029234  20.137016 
  8.375000e-02  19.932318  20.039167 
  8.500000e-02  19.836454  19.942323 
  8.625000e-02  19.741693  19.846534 
  8.750000e-02  19.648086  19.751848 
  8.875000e-02  19.555685  19.658316 
  9.000000e-02  19.464541  19.565988 
  9.125000e-02  19.374705  19.474914 
  9.250000e-02  19.286224  19.385143 
  9.375000e-02  19.199147  19.296722 
  9.500000e-02  19.113520  19.209699 
  9.625000e-02  19.029385  19.124118 
  9.750000e-02  18.946782  19.040019 
  9.875000e-02  18.865749  18.957443 
  1.000000e-01  18.786319  18.876426 
  1.012500e-01  18.708523  18.797001 
  1.025000e-01  18.632389  18.719198 
  1.037500e-01  18.557938  18.643043 
  1.050000e-01  18.485190  18.568558 
  1.062500e-01  18.414161  18.495764 
  1.075000e-01  18.344861  18.424676 
  1.087500e-01  18.277299  18.355304 
  1.100000e-01  18.211478  18.287657 
  1.112500e-01  18.147398  18.221739 
  1.125000e-01  18.085056  18.157550 
  1.137500e-01  18.024445  18.095089 
  1.150000e-01  17.965555  18.034347 
  1.162500e-01  17.908373  17.975317 
  1.175000e-01  17.852883  17.917985 
  1.187500e-01  17.799066  17.862337 
  1.200000e-01  17.746901  17.808354 
  1.212500e-01  17.696364  17.756016 
  1.225000e-01  17.647432  17.705301 
  1.237500e-01  17.600076  17.656184 
  1.250000e-01  17.554267  17.608641 
  1.262500e-01  17.509975  17.562640 
  1.275000e-01  17.467170  17.518153 
  1.287500e-01  17.425819  17.475150 
  1.300000e-01  17.385889  17.433597 
  1.312500e-01  17.347348  17.393466 
  1.325000e-01  17.310159  17.354724 
  1.337500e-01  17.274288  17.317334 
  1.350000e-01  17.239705  17.281261 
  1.362500e-01  17.206372  17.246478 
  1.375000e-01  17.174254  17.212949 
  1.387500e-01  17.143313  17.180636 
  1.400000e-01  17.113515  17.149502 
  1.412500e-01  17.084824  17.119511 
  1.425000e-01  17.057206  17.090628 
  1.437500e-01  17.030627  17.062820 
  1.450000e-01  17.005052  17.036054 
  1.462500e-01  16.980449  17.010296 
  1.475000e-01  16.956786  16.985514 
  1.487500e-01  16.934030  16.961676 
  1.500000e-01  16.912151  16.938749 
  1.512500e-01  16.891116  16.916704 
  1.525000e-01  16.870897  16.895508 
  1.537500e-01  16.851464  16.875131 
  1.550000e-01  16.832787  16.855544 
  1.562500e-01  16.814838  16.836718 
  1.575000e-01  16.797590  16.818623 
  1.587500e-01  16.781017  16.801234 
  1.600000e-01  16.765092  16.784523 
  1.612500e-01  16.749791  16.768464 
  1.625000e-01  16.735088  16.753033 
  1.637500e-01  16.720962  16.738204 
  1.650000e-01  16.707388  16.723955 
  1.662500e-01  16.694344  16.710262 
  1.675000e-01  16.681810  16.697103 
  1.687500e-01  16.669764  16.684458 
  1.700000e-01  16.658186  16.672304 
  1.712500e-01  16.647058  16.660623 
  1.725000e-01  16.636361  16.649394 
  1.737500e-01  16.626076  16.638599 
  1.750000e-01  16.616186  16.628221 
  1.762500e-01  16.606675  16.618241 
  1.775000e-01  16.597526  16.608643 
  1.787500e-01  16.588725  16.599410 
  1.800000e-01  16.580256  16.590528 
  1.812500e-01  16.572105  16.581981 
  1.825000e-01  16.564258  16.573755 
  1.837500e-01  16.556702  16.565836 
  1.850000e-01  16.549424  16.558211 
  1.862500e-01  16.542413  16.550866 
  1.875000e-01  16.535656  16.543791 
  1.887500e-01  16.529142  16.536973 
  1.900000e-01  16.522861  16.530400 
  1.912500e-01  16.516803  16.524062 
  1.925000e-01  16.510957  16.517949 
  1.937500e-01  16.505314  16.512051 
  1.950000e-01  16.499864  16.506358 
  1.962500e-01  16.494600  16.500860 
  1.975000e-01  16.489513  16.495550 
  1.987500e-01  16.484595  16.490419 
  2.000000e-01  16.479839  16.485459 
  2.012500e-01  16.475237  16.480661 
  2.025000e-01  16.470781  16.476020 
  2.037500e-01  16.466467  16.471528 
  2.050000e-01  16.462287  16.467178 
  2.062500e-01  16.458234  16.462963 
  2.075000e-01  16.454304  16.458878 
  2.087500e-01  16.450491  16.454917 
  2.100000e-01  16.446790  16.451074 
  2.112500e-01  16.443194  16.447343 
  2.125000e-01  16.439700  16.443721 
  2.137500e-01  16.436304  16.440201 
  2.150000e-01  16.432999  16.436779 
  2.162500e-01  16.429783  16.433451 
  2.175000e-01  16.426652  16.430212 
  2.187500e-01  16.423601  16.427058 
  2.200000e-01  16.420626  16.423986 
  2.212500e-01  16.417725  16.420992 
  2.225000e-01  16.414894  16.418071 
  2.237500e-01  16.412130  16.415222 
  2.250000e-01  16.409429  16.412440 
  2.262500e-01  16.406789  16.409723 
  2.275000e-01  16.404207  16.407067 
  2.287500e-01  16.401681  16.404470 
  2.300000e-01  16.399208  16.401930 
  2.312500e-01  16.396785  16.399442 
  2.325000e-01  16.394411  16.397006 
  2.337500e-01  16.392083  16.394619 
  2.350000e-01  16.389798  16.392279 
  2.362500e-01  16.387556  16.389983 
  2.375000e-01  16.385354  16.387730 
  2.387500e-01  16.383190  16.385517 
  2.400000e-01  16.381063  16.383343 
  2.412500e-01  16.378971  16.381206 
  2.425000e-01  16.376912  16.379105 
  2.437500e-01  16.374886  16.377038 
  2.450000e-01  16.372890  16.375003 
  2.462500e-01  16.370923  16.372999 
  2.475000e-01  16.368984  16.371025 
  2.487500e-01  16.367072  16.369078 
  2.500000e-01  16.365185  16.367159 
  2.512500e-01  16.363323  16.365266 
  2.525000e-01  16.361485  16.363398 
  2.537500e-01  16.359668  16.361553 
  2.550000e-01  16.357873  16.359731 
  2.562500e-01  16.356099  16.357931 
  2.575000e-01  16.354345  16.356151 
  2.587500e-01  16.352609  16.354392 
  2.600000e-01  16.350891  16.352651 
  2.612500e-01  16.349191  16.350929 
  2.625000e-01  16.347507  16.349224 
  2.637500e-01  16.345839  16.347537 
  2.650000e-01  16.344187  16.345865 
  2.662500e-01  16.342549  16.344209 
  2.675000e-01  16.340925  16.342567 
  2.687500e-01  16.339315  16.340940 
  2.700000e-01  16.337718  16.339326 
  2.712500e-01  16.336133  16.337726 
  2.725000e-01  16.334560  16.336138 
  2.737500e-01  16.332999  16.334563 
  2.750000e-01  16.331449  16.332999 
  2.762500e-01  16.329910  16.331446 
  2.775000e-01  16.328381  16.329905 
  2.787500e-01  16.326861  16.328373 
  2.800000e-01  16.325352  16.326852 
  2.812500e-01  16.323852  16.325340 
  2.825000e-01  16.322360  16.323838 
  2.837500e-01  16.320878  16.322345 
  2.850000e-01  16.319403  16.320860 
  2.862500e-01  16.317937  16.319384 
  2.875000e-01  16.316478  16.317916 
  2.887500e-01  16.315027  16.316456 
  2.900000e-01  16.313584  16.315003 
  2.912500e-01  16.312147  16.313558 
  2.925000e-01  16.310717  16.312120 
  2.937500e-01  16.309294  16.310689 
  2.950000e-01  16.307877  16.309265 
  2.962500e-01  16.306467  16.307847 
  2.975000e-01  16.305063  16.306435 
  2.987500e-01  16.303664  16.305030 
  3.000000e-01  16.302272  16.303631 
  3.012500e-01  16.300885  16.302237 
  3.025000e-01  16.299503  16.300849 
  3.037500e-01  16.298127  16.299467 
  3.050000e-01  16.296756  16.298089 
  3.062500e-01  16.295390  16.296718 
  3.075000e-01  16.294029  16.295351 
  3.087500e-01  16.292672  16.293989 
  3.100000e-01  16.291321  16.292632 
  3.112500e-01  16.289974  16.291280 
  3.125000e-01  16.288632  16.289933 
  3.137500e-01  16.287294  16.288590 
  3.150000e-01  16.285961  16.287252 
  3.162500e-01  16.284632  16.285918 
  3.175000e-01  16.283307  16.284588 
  3.187500e-01  16.281986  16.283262 
  3.200000e-01  16.280669  16.281941 
  3.212500e-01  16.279356  16.280624 
  3.225000e-01  16.278047  16.279311 
  3.237500e-01  16.276742  16.278002 
  3.250000e-01  16.275441  16.276696 
  3.262500e-01  16.274144  16.275395 
  3.275000e-01  16.272850  16.274097 
  3.287500e-01  16.271560  16.272803 
  3.300000e-01  16.270273  16.271513 
  3.312500e-01  16.268990  16.270226 
  3.325000e-01  16.267711  16.268943 
  3.337500e-01  16.266435  16.267663 
  3.350000e-01  16.265163  16.266387 
  3.362500e-01  16.263894  16.265114 
  3.375000e-01  16.262628  16.263845 
  3.387500e-01  16.261366  16.262579 
  3.400000e-01  16.260107  16.261317 
  3.412500e-01  16.258851  16.260057 
  3.425000e-01  16.257598  16.258802 
  3.437500e-01  16.256349  16.257549 
  3.450000e-01  16.255103  16.256300 
  3.462500e-01  16.253860  16.255053 
  3.475000e-01  16.252620  16.253810 
  3.487500e-01  16.251384  16.252571 
  3.500000e-01  16.250150  16.251334 
  3.512500e-01  16.248920  16.250100 
  3.525000e-01  16.247693  16.248870 
  3.537500e-01  16.246469  16.247643 
  3.550000e-01  16.245247  16.246418 
  3.562500e-01  16.244029  16.245197 
  3.575000e-01  16.242814  16.243979 
  3.587500e-01  16.241602  16.242764 
  3.600000e-01  16.240393  16.241552 
  3.612500e-01  16.239187  16.240342 
  3.625000e-01  16.237983  16.239136 
  3.637500e-01  16.236783  16.237933 
  3.650000e-01  16.235586  16.236733 
  3.662500e-01  16.234392  16.235536 
  3.675000e-01  16.233200  16.234341 
  3.687500e-01  16.232012  16.233150 
  3.700000e-01  16.230826  16.231961 
  3.712500e-01  16.229644  16.230776 
  3.725000e-01  16.228464  16.229593 
  3.737500e-01  16.227287  16.228413 
  3.750000e-01  16.226113  16.227237 
  3.762500e-01  16.224942  16.226063 
  3.775000e-01  16.223773  16.224892 
  3.787500e-01  16.222608  16.223723 
  3.800000e-01  16.221446  16.222558 
  3.812500e-01  16.220286  16.221396 
  3.825000e-01  16.219129  16.220236 
  3.837500e-01  16.217975  16.219079 
  3.850000e-01  16.216824  16.217925 
  3.862500e-01  16.215676  16.216774 
  3.875000e-01  16.214530  16.215626 
  3.887500e-01  16.213388  16.214481 
  3.900000e-01  16.212248  16.213338 
  3.912500e-01  16.211111  16.212198 
  3.925000e-01  16.209977  16.211061 
  3.937500e-01  16.208845  16.209927 
  3.950000e-01  16.207717  16.208796 
  3.962500e-01  16.206591  16.207668 
  3.975000e-01  16.205468  16.206542 
  3.987500e-01  16.204348  16.205419 
  4.000000e-01  16.203231  16.204299 
  4.012500e-01  16.202116  16.203182 
  4.025000e-01  16.201005  16.202067 
  4.037500e-01  16.199896  16.200956 
  4.050000e-01  16.198790  16.199847 
  4.062500e-01  16.197686  16.198741 
  4.075000e-01  16.196586  16.197638 
  4.087500e-01  16.195488  16.196537 
  4.100000e-01  16.194393  16.195440 
  4.112500e-01  16.193301  16.194345 
  4.125000e-01  16.192212  16.193253 
  4.137500e-01  16.191125  16.192164 
  4.150000e-01  16.190042  16.191077 
  4.162500e-01  16.188961  16.189994 
  4.175000e-01  16.187882  16.188913 
  4.187500e-01  16.186807  16.187835 
  4.200000e-01  16.185734  16.186759 
  4.212500e-01  16.184664  16.185687 
  4.225000e-01  16.183597  16.184617 
  4.237500e-01  16.182533  16.183550 
  4.250000e-01  16.181472  16.182486 
  4.262500e-01  16.180413  16.181424 
  4.275000e-01  16.179357  16.180366 
  4.287500e-01  16.178304  16.179310 
  4.300000e-01  16.177253  16.178257 
  4.312500e-01  16.176205  16.177206 
  4.325000e-01  16.175160  16.176159 
  4.337500e-01  16.174118  16.175114 
  4.350000e-01  16.173079  16.174072 
  4.362500e-01  16.172042  16.173033 
  4.375000e-01  16.171008  16.171996 
  4.387500e-01  16.169977  16.170962 
  4.400000e-01  16.168949  16.169931 
  4.412500e-01  16.167923  16.168903 
  4.425000e-01  16.166900  16.167878 
  4.437500e-01  16.165880  16.166855 
  4.450000e-01  16.164863  16.165835 
  4.462500e-01  16.163848  16.164818 
  4.475000e-01  16.162837  16.163803 
  4.487500e-01  16.161827  16.162791 
  4.500000e-01  16.160821  16.161782 
  4.512500e-01  16.159817  16.160776 
  4.525000e-01  16.158816  16.159773 
  4.537500e-01  16.157818  16.158772 
  4.550000e-01  16.156823  16.157774 
  4.562500e-01  16.155830  16.156778 
  4.575000e-01  16.154840  16.155786 
  4.587500e-01  16.153853  16.154796 
  4.600000e-01  16.152869  16.153809 
  4.612500e-01  16.151887  16.152825 
  4.625000e-01  16.150908  16.151843 
  4.637500e-01  16.149931  16.150864 
  4.650000e-01  16.148958  16.149888 
  4.662500e-01  16.147987  16.148914 
  4.675000e-01  16.147019  16.147944 
  4.687500e-01  16.146053  16.146975 
  4.700000e-01  16.145091  16.146010 
  4.712500e-01  16.144130  16.145047 
  4.725000e-01  16.143173  16.144088 
  4.737500e-01  16.142218  16.143130 
  4.750000e-01  16.141267  16.142176 
  4.762500e-01  16.140317  16.141224 
  4.775000e-01  16.139371  16.140275 
  4.787500e-01  16.138427  16.139328 
  4.800000e-01  16.137486  16.138385 
  4.812500e-01  16.136547  16.137444 
  4.825000e-01  16.135611  16.136505 
  4.837500e-01  16.134678  16.135570 
  4.850000e-01  16.133748  16.134637 
  4.862500e-01  16.132820  16.133706 
  4.875000e-01  16.131895  16.132779 
  4.887500e-01  16.130973  16.131854 
  4.900000e-01  16.130053  16.130931 
  4.912500e-01  16.129136  16.130012 
  4.925000e-01  16.128221  16.129095 
  4.937500e-01  16.127310  16.128180 
  4.950000e-01  16.126400  16.127269 
  4.962500e-01  16.125494  16.126360 
  4.975000e-01  16.124590  16.125453 
  4.987500e-01  16.123689  16.124550 
  5.000000e-01  16.122790  16.123649 
  5.012500e-01  16.121894  16.122750 
  5.025000e-01  16.121001  16.121854 
  5.037500e-01  16.120111  16.120961 
  5.050000e-01  16.119223  16.120071 
  5.062500e-01  16.118337  16.119183 
  5.075000e-01  16.117454  16.118297 
  5.087500e-01  16.116574  16.117415 
  5.100000e-01  16.115697  16.116535 
  5.112500e-01  16.114822  16.115657 
  5.125000e-01  16.113949  16.114782 
  5.137500e-01  16.113080  16.113910 
  5.150000e-01  16.112212  16.113040 
  5.162500e-01  16.111348  16.112173 
  5.175000e-01  16.110486  16.111309 
  5.187500e-01  16.109626  16.110447 
  5.200000e-01  16.108770  16.109588 
  5.212500e-01  16.107915  16.108731 
  5.225000e-01  16.107064  16.107877 
  5.237500e-01  16.106215  16.107025 
  5.250000e-01  16.105368  16.106176 
  5.262500e-01  16.104524  16.105330 
  5.275000e-01  16.103683  16.104486 
  5.287500e-01  16.102844  16.103645 
  5.300000e-01  16.102007  16.102806 
  5.312500e-01  16.101174  16.101970 
  5.325000e-01  16.100342  16.101136 
  5.337500e-01  16.099514  16.100305 
  5.350000e-01  16.098687  16.099476 
  5.362500e-01  16.097864  16.098650 
  5.375000e-01  16.097043  16.097827 
  5.387500e-01  16.096224  16.097006 
  5.400000e-01  16.095408  16.096187 
  5.412500e-01  16.094594  16.095371 
  5.425000e-01  16.093783  16.094557 
  5.437500e-01  16.092974  16.093746 
  5.450000e-01  16.092168  16.092938 
  5.462500e-01  16.091364  16.092132 
  5.475000e-01  16.090563  16.091328 
  5.487500e-01  16.089764  16.090527 
  5.500000e-01  16.088968  16.089728 
  5.512500e-01  16.088174  16.088932 
  5.525000e-01  16.087383  16.088139 
  5.537500e-01  16.086594  16.087347 
  5.550000e-01  16.085808  16.086559 
  5.562500e-01  16.085024  16.085772 
  5.575000e-01  16.084242  16.084988 
  5.587500e-01  16.083463  16.084207 
  5.600000e-01  16.082686  16.083428 
  5.612500e-01  16.081912  16.082651 
  5.625000e-01  16.081140  16.081877 
  5.637500e-01  16.080371  16.081106 
  5.650000e-01  16.079604  16.080336 
  5.662500e-01  16.078839  16.079569 
  5.675000e-01  16.078077  16.078805 
  5.687500e-01  16.077317  16.078043 
  5.700000e-01  16.076560  16.077283 
  5.712500e-01  16.075805  16.076526 
  5.725000e-01  16.075052  16.075771 
  5.737500e-01  16.074302  16.075018 
  5.750000e-01  16.073554  16.074268 
  5.762500e-01  16.072808  16.073520 
  5.775000e-01  16.072065  16.072774 
  5.787500e-01  16.071324  16.072031 
  5.800000e-01  16.070585  16.071291 
  5.812500e-01  16.069849  16.070552 
  5.825000e-01  16.069115  16.069816 
  5.837500e-01  16.068384  16.069082 
  5.850000e-01  16.067654  16.068351 
  5.862500e-01  16.066928  16.067622 
  5.875000e-01  16.066203  16.066895 
  5.887500e-01  16.065481  16.066170 
  5.900000e-01  16.064761  16.065448 
  5.912500e-01  16.064043  16.064728 
  5.925000e-01  16.063328  16.064011 
  5.937500e-01  16.062614  16.063295 
  5.950000e-01  16.061903  16.062582 
  5.962500e-01  16.061195  16.061871 
  5.975000e-01  16.060489  16.061163 
  5.987500e-01  16.059784  16.060457 
  6.000000e-01  16.059083  16.059753 
  6.012500e-01  16.058383  16.059051 
  6.025000e-01  16.057686  16.058351 
  6.037500e-01  16.056991  16.057654 
  6.050000e-01  16.056298  16.056959 
  6.062500e-01  16.055607  16.056266 
  6.075000e-01  16.054919  16.055576 
  6.087500e-01  16.054232  16.054887 
  6.100000e-01  16.053548  16.054201 
  6.112500e-01  16.052866  16.053517 
  6.125000e-01  16.052187  16.052836 
  6.137500e-01  16.051509  16.052156 
  6.150000e-01  16.050834  16.051479 
  6.162500e-01  16.050161  16.050804 
  6.175000e-01  16.049490  16.050131 
  6.187500e-01  16.048821  16.049460 
  6.200000e-01  16.048155  16.048791 
  6.212500e-01  16.047490  16.048125 
  6.225000e-01  16.046828  16.047460 
  6.237500e-01  16.046168  16.046798 
  6.250000e-01  16.045510  16.046138 
  6.262500e-01  16.044854  16.045480 
  6.275000e-01  16.044200  16.044824 
  6.287500e-01  16.043548  16.044171 
  6.300000e-01  16.042899  16.043519 
  6.312500e-01  16.042251  16.042869 
  6.325000e-01  16.041606  16.042222 
  6.337500e-01  16.040963  16.041577 
  6.350000e-01  16.040322  16.040934 
  6.362500e-01  16.039683  16.040293 
  6.375000e-01  16.039046  16.039654 
  6.387500e-01  16.038411  16.039017 
  6.400000e-01  16.037778  16.038382 
  6.412500e-01  16.037147  16.037749 
  6.425000e-01  16.036518  16.037118 
  6.437500e-01  16.035891  16.036490 
  6.450000e-01  16.035267  16.035863 
  6.462500e-01  16.034644  16.035238 
  6.475000e-01  16.034023  16.034616 
  6.487500e-01  16.033405  16.033995 
  6.500000e-01  16.032788  16.033377 
  6.512500e-01  16.032173  16.032760 
  6.525000e-01  16.031561  16.032145 
  6.537500e-01  16.030950  16.031533 
  6.550000e-01  16.030342  16.030922 
  6.562500e-01  16.029735  16.030314 
  6.575000e-01  16.029130  16.029707 
  6.587500e-01  16.028528  16.029103 
  6.600000e-01  16.027927  16.028500 
  6.612500e-01  16.027328  16.027899 
  6.625000e-01  16.026731  16.027301 
  6.637500e-01  16.026136  16.026704 
  6.650000e-01  16.025543  16.026109 
  6.662500e-01  16.024952  16.025516 
  6.675000e-01  16.024363  16.024925 
  6.687500e-01  16.023776  16.024336 
  6.700000e-01  16.023191  16.023749 
  6.712500e-01  16.022608  16.023164 
  6.725000e-01  16.022026  16.022581 
  6.737500e-01  16.021447  16.022000 
  6.750000e-01  16.020869  16.021420 
  6.762500e-01  16.020293  16.020843 
  6.775000e-01  16.019719  16.020267 
  6.787500e-01  16.019147  16.019693 
  6.800000e-01  16.018577  16.019121 
  6.812500e-01  16.018009  16.018551 
  6.825000e-01  16.017443  16.017983 
  6.837500e-01  16.016878  16.017417 
  6.850000e-01  16.016315  16.016852 
  6.862500e-01  16.015754  16.016290 
  6.875000e-01  16.015195  16.015729 
  6.887500e-01  16.014638  16.015170 
  6.900000e-01  16.014083  16.014613 
  6.912500e-01  16.013529  16.014057 
  6.925000e-01  16.012977  16.013504 
  6.937500e-01  16.012427  16.012952 
  6.950000e-01  16.011879  16.012402 
  6.962500e-01  16.011333  16.011854 
  6.975000e-01  16.010788  16.011308 
  6.987500e-01  16.010245  16.010763 
  7.000000e-01  16.009704  16.010221 
  7.012500e-01  16.009165  16.009680 
  7.025000e-01  16.008628  16.009140 
  7.037500e-01  16.008092  16.008603 
  7.050000e-01  16.007558  16.008067 
  7.062500e-01  16.007026  16.007533 
  7.075000e-01  16.006495  16.007001 
  7.087500e-01  16.005966  16.006471 
  7.100000e-01  16.005439  16.005942 
  7.112500e-01  16.004914  16.005415 
  7.125000e-01  16.004390  16.004890 
  7.137500e-01  16.003868  16.004366 
  7.150000e-01  16.003348  16.003844 
  7.162500e-01  16.002829  16.003324 
  7.175000e-01  16.002313  16.002806 
  7.187500e-01  16.001798  16.002289 
  7.200000e-01  16.001284  16.001774 
  7.212500e-01  16.000772  16.001261 
  7.225000e-01  16.000262  16.000749 
  7.237500e-01  15.999754  16.000239 
  7.250000e-01  15.999247  15.999730 
  7.262500e-01  15.998742  15.999224 
  7.275000e-01  15.998238  15.998719 
  7.287500e-01  15.997736  15.998215 
  7.300000e-01  15.997236  15.997713 
  7.312500e-01  15.996738  15.997213 
  7.325000e-01  15.996241  15.996715 
  7.337500e-01  15.995745  15.996218 
  7.350000e-01  15.995252  15.995723 
  7.362500e-01  15.994759  15.995229 
  7.375000e-01  15.994269  15.994737 
  7.387500e-01  15.993780  15.994246 
  7.400000e-01  15.993293  15.993758 
  7.412500e-01  15.992807  15.993270 
  7.425000e-01  15.992323  15.992785 
  7.437500e-01  15.991840  15.992301 
  7.450000e-01  15.991359  15.991818 
  7.462500e-01  15.990880  15.991337 
  7.475000e-01  15.990402  15.990858 
  7.487500e-01  15.989925  15.990380 
  7.500000e-01  15.989451  15.989904 
  7.512500e-01  15.988977  15.989429 
  7.525000e-01  15.988506  15.988956 
  7.537500e-01  15.988035  15.988484 
  7.550000e-01  15.987567  15.988014 
  7.562500e-01  15.987100  15.987545 
  7.575000e-01  15.986634  15.987078 
  7.587500e-01  15.986170  15.986613 
  7.600000e-01  15.985707  15.986148 
  7.612500e-01  15.985246  15.985686 
  7.625000e-01  15.984786  15.985225 
  7.637500e-01  15.984328  15.984765 
  7.650000e-01  15.983872  15.984307 
  7.662500e-01  15.983417  15.983851 
  7.675000e-01  15.982963  15.983396 
  7.687500e-01  15.982511  15.982942 
  7.700000e-01  15.982060  15.982490 
  7.712500e-01  15.981611  15.982039 
  7.725000e-01  15.981163  15.981590 
  7.737500e-01  15.980716  15.981142 
  7.750000e-01  15.980271  15.980696 
  7.762500e-01  15.979828  15.980251 
  7.775000e-01  15.979386  15.979807 
  7.787500e-01  15.978945  15.979365 
  7.800000e-01  15.978506  15.978925 
  7.812500e-01  15.978068  15.978485 
  7.825000e-01  15.977631  15.978048 
  7.837500e-01  15.977196  15.977611 
  7.850000e-01  15.976763  15.977176 
  7.862500e-01  15.976331  15.976743 
  7.875000e-01  15.975900  15.976311 
  7.887500e-01  15.975470  15.975880 
  7.900000e-01  15.975042  15.975451 
  7.912500e-01  15.974616  15.975023 
  7.925000e-01  15.974190  15.974596 
  7.937500e-01  15.973766  15.974171 
  7.950000e-01  15.973344  15.973747 
  7.962500e-01  15.972923  15.973324 
  7.975000e-01  15.972503  15.972903 
  7.987500e-01  15.972084  15.972483 
  8.000000e-01  15.971667  15.972065 
  8.012500e-01  15.971251  15.971648 
  8.025000e-01  15.970837  15.971232 
  8.037500e-01  15.970423  15.970817 
  8.050000e-01  15.970012  15.970404 
  8.062500e-01  15.969601  15.969993 
  8.075000e-01  15.969192  15.969582 
  8.087500e-01  15.968784  15.969173 
  8.100000e-01  15.968377  15.968765 
  8.112500e-01  15.967972  15.968359 
  8.125000e-01  15.967568  15.967953 
  8.137500e-01  15.967165  15.967549 
  8.150000e-01  15.966764  15.967147 
  8.162500e-01  15.966364  15.966745 
  8.175000e-01  15.965965  15.966345 
  8.187500e-01  15.965567  15.965946 
  8.200000e-01  15.965171  15.965549 
  8.212500e-01  15.964776  15.965153 
  8.225000e-01  15.964382  15.964758 
  8.237500e-01  15.963990  15.964364 
  8.250000e-01  15.963598  15.963971 
  8.262500e-01  15.963208  15.963580 
  8.275000e-01  15.962819  15.963190 
  8.287500e-01  15.962432  15.962801 
  8.300000e-01  15.962045  15.962414 
  8.312500e-01  15.961660  15.962027 
  8.325000e-01  15.961276  15.961642 
  8.337500e-01  15.960894  15.961259 
  8.350000e-01  15.960512  15.960876 
  8.362500e-01  15.960132  15.960495 
  8.375000e-01  15.959753  15.960114 
  8.387500e-01  15.959375  15.959735 
  8.400000e-01  15.958998  15.959357 
  8.412500e-01  15.958623  15.958981 
  8.425000e-01  15.958249  15.958605 
  8.437500e-01  15.957876  15.958231 
  8.450000e-01  15.957504  15.957858 
  8.462500e-01  15.957133  15.957486 
  8.475000e-01  15.956763  15.957116 
  8.487500e-01  15.956395  15.956746 
  8.500000e-01  15.956028  15.956378 
  8.512500e-01  15.955662  15.956011 
  8.525000e-01  15.955297  15.955645 
  8.537500e-01  15.954933  15.955280 
  8.550000e-01  15.954570  15.954916 
  8.562500e-01  15.954209  15.954553 
  8.575000e-01  15.953848  15.954192 
  8.587500e-01  15.953489  15.953832 
  8.600000e-01  15.953131  15.953473 
  8.612500e-01  15.952774  15.953115 
  8.625000e-01  15.952418  15.952758 
  8.637500e-01  15.952064  15.952402 
  8.650000e-01  15.951710  15.952047 
  8.662500e-01  15.951358  15.951694 
  8.675000e-01  15.951006  15.951341 
  8.687500e-01  15.950656  15.950990 
  8.700000e-01  15.950307  15.950640 
  8.712500e-01  15.949959  15.950290 
  8.725000e-01  15.949612  15.949942 
  8.737500e-01  15.949266  15.949595 
  8.750000e-01  15.948921  15.949250 
  8.762500e-01  15.948577  15.948905 
  8.775000e-01  15.948234  15.948561 
  8.787500e-01  15.947893  15.948218 
  8.800000e-01  15.947552  15.947877 
  8.812500e-01  15.947213  15.947536 
  8.825000e-01  15.946874  15.947197 
  8.837500e-01  15.946537  15.946858 
  8.850000e-01  15.946201  15.946521 
  8.862500e-01  15.945865  15.946185 
  8.875000e-01  15.945531  15.945850 
  8.887500e-01  15.945198  15.945515 
  8.900000e-01  15.944866  15.945182 
  8.912500e-01  15.944535  15.944850 
  8.925000e-01  15.944204  15.944519 
  8.937500e-01  15.943875  15.944189 
  8.950000e-01  15.943547  15.943860 
  8.962500e-01  15.943220  15.943532 
  8.975000e-01  15.942894  15.943205 
  8.987500e-01  15.942569  15.942879 
  9.000000e-01  15.942245  15.942554 
  9.012500e-01  15.941922  15.942230 
  9.025000e-01  15.941600  15.941907 
  9.037500e-01  15.941279  15.941585 
  9.050000e-01  15.940959  15.941264 
  9.062500e-01  15.940640  15.940944 
  9.075000e-01  15.940322  15.940625 
  9.087500e-01  15.940005  15.940307 
  9.100000e-01  15.939689  15.939990 
  9.112500e-01  15.939374  15.939674 
  9.125000e-01  15.939060  15.939359 
  9.137500e-01  15.938747  15.939045 
  9.150000e-01  15.938434  15.938732 
  9.162500e-01  15.938123  15.938420 
  9.175000e-01  15.937813  15.938108 
  9.187500e-01  15.937503  15.937798 
  9.200000e-01  15.937195  15.937489 
  9.212500e-01  15.936888  15.937181 
  9.225000e-01  15.936581  15.936873 
  9.237500e-01  15.936276  15.936567 
  9.250000e-01  15.935971  15.936261 
  9.262500e-01  15.935667  15.935957 
  9.275000e-01  15.935364  15.935653 
  9.287500e-01  15.935063  15.935350 
  9.300000e-01  15.934762  15.935048 
  9.312500e-01  15.934462  15.934748 
  9.325000e-01  15.934163  15.934448 
  9.337500e-01  15.933865  15.934149 
  9.350000e-01  15.933567  15.933850 
  9.362500e-01  15.933271  15.933553 
  9.375000e-01  15.932975  15.933257 
  9.387500e-01  15.932681  15.932962 
  9.400000e-01  15.932387  15.932667 
  9.412500e-01  15.932095  15.932373 
  9.425000e-01  15.931803  15.932081 
  9.437500e-01  15.931512  15.931789 
  9.450000e-01  15.931222  15.931498 
  9.462500e-01  15.930932  15.931208 
  9.475000e-01  15.930644  15.930919 
  9.487500e-01  15.930357  15.930631 
  9.500000e-01  15.930070  15.930343 
  9.512500e-01  15.929784  15.930057 
  9.525000e-01  15.929500  15.929771 
  9.537500e-01  15.929216  15.929486 
  9.550000e-01  15.928933  15.929202 
  9.562500e-01  15.928650  15.928919 
  9.575000e-01  15.928369  15.928637 
  9.587500e-01  15.928088  15.928356 
  9.600000e-01  15.927809  15.928075 
  9.612500e-01  15.927530  15.927795 
  9.625000e-01  15.927252  15.927517 
  9.637500e-01  15.926975  15.927239 
  9.650000e-01  15.926698  15.926961 
  9.662500e-01  15.926423  15.926685 
  9.675000e-01  15.926148  15.926410 
  9.687500e-01  15.925874  15.926135 
  9.700000e-01  15.925601  15.925861 
  9.712500e-01  15.925329  15.925588 
  9.725000e-01  15.925058  15.925316 
  9.737500e-01  15.924787  15.925045 
  9.750000e-01  15.924517  15.924774 
  9.762500e-01  15.924248  15.924505 
  9.775000e-01  15.923980  15.924236 
  9.787500e-01  15.923713  15.923968 
  9.800000e-01  15.923446  15.923700 
  9.812500e-01  15.923181  15.923434 
  9.825000e-01  15.922916  15.923168 
  9.837500e-01  15.922652  15.922903 
  9.850000e-01  15.922388  15.922639 
  9.862500e-01  15.922126  15.922376 
  9.875000e-01  15.921864  15.922113 
  9.887500e-01  15.921603  15.921851 
  9.900000e-01  15.921343  15.921590 
  9.912500e-01  15.921083  15.921330 
  9.925000e-01  15.920825  15.921071 
  9.937500e-01  15.920567  15.920812 
  9.950000e-01  15.920310  15.920554 
  9.962500e-01  15.920053  15.920297 
  9.975000e-01  15.919798  15.920041 
  9.987500e-01  15.919543  15.919785 
  1.000000e+00  15.919289  15.919531 
  1.001250e+00  15.919035  15.919277 
  1.002500e+00  15.918783  15.919023 
  1.003750e+00  15.918531  15.918771 
  1.005000e+00  15.918280  15.918519 
  1.006250e+00  15.918030  15.918268 
  1.007500e+00  15.917780  15.918018 
  1.008750e+00  15.917531  15.917768 
  1.010000e+00  15.917283  15.917519 
  1.011250e+00  15.917036  15.917271 
  1.012500e+00  15.916789  15.917024 
  1.013750e+00  15.916543  15.916777 
  1.015000e+00  15.916298  15.916531 
  1.016250e+00  15.916054  15.916286 
  1.017500e+00  15.915810  15.916042 
  1.018750e+00  15.915567  15.915798 
  1.020000e+00  15.915324  15.915555 
  1.021250e+00  15.915083  15.915313 
  1.022500e+00  15.914842  15.915071 
  1.023750e+00  15.914602  15.914831 
  1.025000e+00  15.914362  15.914590 
  1.026250e+00  15.914124  15.914351 
  1.027500e+00  15.913886  15.914112 
  1.028750e+00  15.913648  15.913874 
  1.030000e+00  15.913412  15.913637 
  1.031250e+00  15.913176  15.913400 
  1.032500e+00  15.912940  15.913164 
  1.033750e+00  15.912706  15.912929 
  1.035000e+00  15.912472  15.912695 
  1.036250e+00  15.912239  15.912461 
  1.037500e+00  15.912006  15.912228 
  1.038750e+00  15.911774  15.911995 
  1.040000e+00  15.911543  15.911763 
  1.041250e+00  15.911313  15.911532 
  1.042500e+00  15.911083  15.911302 
  1.043750e+00  15.910854  15.911072 
  1.045000e+00  15.910625  15.910843 
  1.046250e+00  15.910398  15.910614 
  1.047500e+00  15.910171  15.910387 
  1.048750e+00  15.909944  15.910160 
  1.050000e+00  15.909718  15.909933 
  1.051250e+00  15.909493  15.909707 
  1.052500e+00  15.909269  15.909482 
  1.053750e+00  15.909045  15.909258 
  1.055000e+00  15.908822  15.909034 
  1.056250e+00  15.908599  15.908811 
  1.057500e+00  15.908377  15.908588 
  1.058750e+00  15.908156  15.908367 
  1.060000e+00  15.907935  15.908145 
  1.061250e+00  15.907715  15.907925 
  1.062500e+00  15.907496  15.907705 
  1.063750e+00  15.907277  15.907486 
  1.065000e+00  15.907059  15.907267 
  1.066250e+00  15.906842  15.907049 
  1.067500e+00  15.906625  15.906832 
  1.068750e+00  15.906409  15.906615 
  1.070000e+00  15.906194  15.906399 
  1.071250e+00  15.905979  15.906183 
  1.072500e+00  15.905764  15.905968 
  1.073750e+00  15.905551  15.905754 
  1.075000e+00  15.905338  15.905540 
  1.076250e+00  15.905125  15.905327 
  1.077500e+00  15.904913  15.905115 
  1.078750e+00  15.904702  15.904903 
  1.080000e+00  15.904492  15.904692 
  1.081250e+00  15.904282  15.904481 
  1.082500e+00  15.904072  15.904272 
  1.083750e+00  15.903863  15.904062 
  1.085000e+00  15.903655  15.903853 
  1.086250e+00  15.903448  15.903645 
  1.087500e+00  15.903241  15.903438 
  1.088750e+00  15.903034  15.903231 
  1.090000e+00  15.902829  15.903024 
  1.091250e+00  15.902623  15.902819 
  1.092500e+00  15.902419  15.902613 
  1.093750e+00  15.902215  15.902409 
  1.095000e+00  15.902011  15.902205 
  1.096250e+00  15.901808  15.902001 
  1.097500e+00  15.901606  15.901799 
  1.098750e+00  15.901404  15.901596 
  1.100000e+00  15.901203  15.901395 
  1.101250e+00  15.901003  15.901194 
  1.102500e+00  15.900803  15.900993 
  1.103750e+00  15.900603  15.900793 
  1.105000e+00  15.900405  15.900594 
  1.106250e+00  15.900206  15.900395 
  1.107500e+00  15.900009  15.900197 
  1.108750e+00  15.899812  15.899999 
  1.110000e+00  15.899615  15.899802 
  1.111250e+00  15.899419  15.899605 
  1.112500e+00  15.899224  15.899410 
  1.113750e+00  15.899029  15.899214 
  1.115000e+00  15.898834  15.899019 
  1.116250e+00  15.898641  15.898825 
  1.117500e+00  15.898447  15.898631 
  1.118750e+00  15.898255  15.898438 
  1.120000e+00  15.898063  15.898245 
  1.121250e+00  15.897871  15.898053 
  1.122500e+00  15.897680  15.897862 
  1.123750e+00  15.897489  15.897671 
  1.125000e+00  15.897299  15.897480 
  1.126250e+00  15.897110  15.897290 
  1.127500e+00  15.896921  15.897101 
  1.128750e+00  15.896733  15.896912 
  1.130000e+00  15.896545  15.896724 
  1.131250e+00  15.896358  15.896536 
  1.132500e+00  15.896171  15.896349 
  1.133750e+00  15.895985  15.896162 
  1.135000e+00  15.895799  15.895976 
  1.136250e+00  15.895614  15.895790 
  1.137500e+00  15.895429  15.895605 
  1.138750e+00  15.895245  15.895420 
  1.140000e+00  15.895062  15.895236 
  1.141250e+00  15.894879  15.895053 
  1.142500e+00  15.894696  15.894870 
  1.143750e+00  15.894514  15.894687 
  1.145000e+00  15.894332  15.894505 
  1.146250e+00  15.894151  15.894324 
  1.147500e+00  15.893971  15.894143 
  1.148750e+00  15.893791  15.893962 
  1.150000e+00  15.893611  15.893782 
  1.151250e+00  15.893432  15.893603 
  1.152500e+00  15.893254  15.893424 
  1.153750e+00  15.893076  15.893245 
  1.155000e+00  15.892898  15.893067 
  1.156250e+00  15.892721  15.892890 
  1.157500e+00  15.892545  15.892713 
  1.158750e+00  15.892369  15.892536 
  1.160000e+00  15.892193  15.892360 
  1.161250e+00  15.892018  15.892185 
  1.162500e+00  15.891844  15.892010 
  1.163750e+00  15.891670  15.891835 
  1.165000e+00  15.891496  15.891661 
  1.166250e+00  15.891323  15.891488 
  1.167500e+00  15.891151  15.891315 
  1.168750e+00  15.890979  15.891142 
  1.170000e+00  15.890807  15.890970 
  1.171250e+00  15.890636  15.890799 
  1.172500e+00  15.890465  15.890627 
  1.173750e+00  15.890295  15.890457 
  1.175000e+00  15.890125  15.890287 
  1.176250e+00  15.889956  15.890117 
  1.177500e+00  15.889787  15.889948 
  1.178750e+00  15.889619  15.889779 
  1.180000e+00  15.889451  15.889611 
  1.181250e+00  15.889284  15.889443 
  1.182500e+00  15.889117  15.889276 
  1.183750e+00  15.888951  15.889109 
  1.185000e+00  15.888785  15.888942 
  1.186250e+00  15.888619  15.888776 
  1.187500e+00  15.888454  15.888611 
  1.188750e+00  15.888289  15.888446 
  1.190000e+00  15.888125  15.888281 
  1.191250e+00  15.887962  15.888117 
  1.192500e+00  15.887798  15.887954 
  1.193750e+00  15.887636  15.887790 
  1.195000e+00  15.887473  15.887628 
  1.196250e+00  15.887312  15.887465 
  1.197500e+00  15.887150  15.887304 
  1.198750e+00  15.886989  15.887142 
  1.200000e+00  15.886829  15.886981 
  1.201250e+00  15.886669  15.886821 
  1.202500e+00  15.886509  15.886661 
  1.203750e+00  15.886350  15.886501 
  1.205000e+00  15.886191  15.886342 
  1.206250e+00  15.886033  15.886183 
  1.207500e+00  15.885875  15.886025 
  1.208750e+00  15.885717  15.885867 
  1.210000e+00  15.885560  15.885710 
  1.211250e+00  15.885404  15.885553 
  1.212500e+00  15.885248  15.885396 
  1.213750e+00  15.885092  15.885240 
  1.215000e+00  15.884937  15.885084 
  1.216250e+00  15.884782  15.884929 
  1.217500e+00  15.884628  15.884774 
  1.218750e+00  15.884474  15.884620 
  1.220000e+00  15.884320  15.884466 
  1.221250e+00  15.884167  15.884312 
  1.222500e+00  15.884014  15.884159 
  1.223750e+00  15.883862  15.884007 
  1.225000e+00  15.883710  15.883854 
  1.226250e+00  15.883558  15.883702 
  1.227500e+00  15.883407  15.883551 
  1.228750e+00  15.883257  15.883400 
  1.230000e+00  15.883107  15.883249 
  1.231250e+00  15.882957  15.883099 
  1.232500e+00  15.882807  15.882949 
  1.233750e+00  15.882658  15.882800 
  1.235000e+00  15.882510  15.882651 
  1.236250e+00  15.882362  15.882502 
  1.237500e+00  15.882214  15.882354 
  1.238750e+00  15.882066  15.882207 
  1.240000e+00  15.881920  15.882059 
  1.241250e+00  15.881773  15.881912 
  1.242500e+00  15.881627  15.881766 
  1.243750e+00  15.881481  15.881620 
  1.245000e+00  15.881336  15.881474 
  1.246250e+00  15.881191  15.881328 
  1.247500e+00  15.881046  15.881183 
  1.248750e+00  15.880902  15.881039 
  1.250000e+00  15.880758  15.880895 
  1.251250e+00  15.880615  15.880751 
  1.252500e+00  15.880472  15.880608 
  1.253750e+00  15.880329  15.880465 
  1.255000e+00  15.880187  15.880322 
  1.256250e+00  15.880045  15.880180 
  1.257500e+00  15.879904  15.880038 
  1.258750e+00  15.879763  15.879897 
  1.260000e+00  15.879622  15.879756 
  1.261250e+00  15.879482  15.879615 
  1.262500e+00  15.879342  15.879475 
  1.263750e+00  15.879202  15.879335 
  1.265000e+00  15.879063  15.879195 
  1.266250e+00  15.878924  15.879056 
  1.267500e+00  15.878786  15.878917 
  1.268750e+00  15.878648  15.878779 
  1.270000e+00  15.878510  15.878641 
  1.271250e+00  15.878373  15.878503 
  1.272500e+00  15.878236  15.878366 
  1.273750e+00  15.878099  15.878229 
  1.275000e+00  15.877963  15.878093 
  1.276250e+00  15.877827  15.877956 
  1.277500e+00  15.877692  15.877821 
  1.278750e+00  15.877557  15.877685 
  1.280000e+00  15.877422  15.877550 
  1.281250e+00  15.877288  15.877416 
  1.282500e+00  15.877154  15.877281 
  1.283750e+00  15.877020  15.877147 
  1.285000e+00  15.876887  15.877014 
  1.286250e+00  15.876754  15.876880 
  1.287500e+00  15.876622  15.876748 
  1.288750e+00  15.876489  15.876615 
  1.290000e+00  15.876358  15.876483 
  1.291250e+00  15.876226  15.876351 
  1.292500e+00  15.876095  15.876220 
  1.293750e+00  15.875964  15.876089 
  1.295000e+00  15.875834  15.875958 
  1.296250e+00  15.875704  15.875827 
  1.297500e+00  15.875574  15.875697 
  1.298750e+00  15.875445  15.875568 
  1.300000e+00  15.875316  15.875438 
  1.301250e+00  15.875187  15.875309 
  1.302500e+00  15.875059  15.875181 
  1.303750e+00  15.874931  15.875052 
  1.305000e+00  15.874803  15.874924 
  1.306250e+00  15.874676  15.874797 
  1.307500e+00  15.874549  15.874670 
  1.308750e+00  15.874422  15.874543 
  1.310000e+00  15.874296  15.874416 
  1.311250e+00  15.874170  15.874290 
  1.312500e+00  15.874045  15.874164 
  1.313750e+00  15.873919  15.874038 
  1.315000e+00  15.873795  15.873913 
  1.316250e+00  15.873670  15.873788 
  1.317500e+00  15.873546  15.873664 
  1.318750e+00  15.873422  15.873539 
  1.320000e+00  15.873298  15.873416 
  1.321250e+00  15.873175  15.873292 
  1.322500e+00  15.873052  15.873169 
  1.323750e+00  15.872929  15.873046 
  1.325000e+00  15.872807  15.872923 
  1.326250e+00  15.872685  15.872801 
  1.327500e+00  15.872564  15.872679 
  1.328750e+00  15.872442  15.872558 
  1.330000e+00  15.872321  15.872436 
  1.331250e+00  15.872201  15.872315 
  1.332500e+00  15.872080  15.872195 
  1.333750e+00  15.871960  15.872074 
  1.335000e+00  15.871841  15.871954 
  1.336250e+00  15.871721  15.871835 
  1.337500e+00  15.871602  15.871715 
  1.338750e+00  15.871484  15.871596 
  1.340000e+00  15.871365  15.871478 
  1.341250e+00  15.871247  15.871359 
  1.342500e+00  15.871129  15.871241 
  1.343750e+00  15.871012  15.871123 
  1.345000e+00  15.870895  15.871006 
  1.346250e+00  15.870778  15.870889 
  1.347500e+00  15.870661  15.870772 
  1.348750e+00  15.870545  15.870655 
  1.350000e+00  15.870429  15.870539 
  1.351250e+00  15.870313  15.870423 
  1.352500e+00  15.870198  15.870308 
  1.353750e+00  15.870083  15.870192 
  1.355000e+00  15.869968  15.870077 
  1.356250e+00  15.869854  15.869963 
  1.357500e+00  15.869740  15.869848 
  1.358750e+00  15.869626  15.869734 
  1.360000e+00  15.869513  15.869620 
  1.361250e+00  15.869400  15.869507 
  1.362500e+00  15.869287  15.869394 
  1.363750e+00  15.869174  15.869281 
  1.365000e+00  15.869062  15.869168 
  1.366250e+00  15.868950  15.869056 
  1.367500e+00  15.868838  15.868944 
  1.368750e+00  15.868727  15.868832 
  1.370000e+00  15.868616  15.868721 
  1.371250e+00  15.868505  15.868610 
  1.372500e+00  15.868394  15.868499 
  1.373750e+00  15.868284  15.868389 
  1.375000e+00  15.868174  15.868278 
  1.376250e+00  15.868064  15.868168 
  1.377500e+00  15.867955  15.868059 
  1.378750e+00  15.867846  15.867949 
  1.380000e+00  15.867737  15.867840 
  1.381250e+00  15.867629  15.867732 
  1.382500e+00  15.867520  15.867623 
  1.383750e+00  15.867412  15.867515 
  1.385000e+00  15.867305  15.867407 
  1.386250e+00  15.867197  15.867299 
  1.387500e+00  15.867090  15.867192 
  1.388750e+00  15.866984  15.867085 
  1.390000e+00  15.866877  15.866978 
  1.391250e+00  15.866771  15.866872 
  1.392500e+00  15.866665  15.866765 
  1.393750e+00  15.866559  15.866659 
  1.395000e+00  15.866454  15.866554 
  1.396250e+00  15.866349  15.866448 
  1.397500e+00  15.866244  15.866343 
  1.398750e+00  15.866139  15.866238 
  1.400000e+00  15.866035  15.866134 
  1.401250e+00  15.865931  15.866030 
  1.402500e+00  15.865827  15.865925 
  1.403750e+00  15.865724  15.865822 
  1.405000e+00  15.865620  15.865718 
  1.406250e+00  15.865517  15.865615 
  1.407500e+00  15.865415  15.865512 
  1.408750e+00  15.865312  15.865409 
  1.410000e+00  15.865210  15.865307 
  1.411250e+00  15.865108  15.865205 
  1.412500e+00  15.865007  15.865103 
  1.413750e+00  15.864905  15.865001 
  1.415000e+00  15.864804  15.864900 
  1.416250e+00  15.864703  15.864799 
  1.417500e+00  15.864603  15.864698 
  1.418750e+00  15.864502  15.864598 
  1.420000e+00  15.864402  15.864497 
  1.421250e+00  15.864303  15.864397 
  1.422500e+00  15.864203  15.864298 
  1.423750e+00  15.864104  15.864198 
  1.425000e+00  15.864005  15.864099 
  1.426250e+00  15.863906  15.864000 
  1.427500e+00  15.863808  15.863901 
  1.428750e+00  15.863709  15.863803 
  1.430000e+00  15.863611  15.863704 
  1.431250e+00  15.863514  15.863606 
  1.432500e+00  15.863416  15.863509 
  1.433750e+00  15.863319  15.863411 
  1.435000e+00  15.863222  15.863314 
  1.436250e+00  15.863125  15.863217 
  1.437500e+00  15.863029  15.863120 
  1.438750e+00  15.862933  15.863024 
  1.440000e+00  15.862837  15.862928 
  1.441250e+00  15.862741  15.862832 
  1.442500e+00  15.862646  15.862736 
  1.443750e+00  15.862550  15.862641 
  1.445000e+00  15.862455  15.862545 
  1.446250e+00  15.862361  15.862450 
  1.447500e+00  15.862266  15.862356 
  1.448750e+00  15.862172  15.862261 
  1.450000e+00  15.862078  15.862167 
  1.451250e+00  15.861984  15.862073 
  1.452500e+00  15.861891  15.861979 
  1.453750e+00  15.861797  15.861886 
  1.455000e+00  15.861704  15.861793 
  1.456250e+00  15.861612  15.861700 
  1.457500e+00  15.861519  15.861607 
  1.458750e+00  15.861427  15.861514 
  1.460000e+00  15.861335  15.861422 
  1.461250e+00  15.861243  15.861330 
  1.462500e+00  15.861151  15.861238 
  1.463750e+00  15.861060  15.861147 
  1.465000e+00  15.860969  15.861055 
  1.466250e+00  15.860878  15.860964 
  1.467500e+00  15.860787  15.860873 
  1.468750e+00  15.860697  15.860783 
  1.470000e+00  15.860607  15.860692 
  1.471250e+00  15.860517  15.860602 
  1.472500e+00  15.860427  15.860512 
  1.473750e+00  15.860337  15.860422 
  1.475000e+00  15.860248  15.860333 
  1.476250e+00  15.860159  15.860244 
  1.477500e+00  15.860070  15.860155 
  1.478750e+00  15.859982  15.860066 
  1.480000e+00  15.859893  15.859977 
  1.481250e+00  15.859805  15.859889 
  1.482500e+00  15.859717  15.859801 
  1.483750e+00  15.859630  15.859713 
  1.485000e+00  15.859542  15.859625 
  1.486250e+00  15.859455  15.859538 
  1.487500e+00  15.859368  15.859450 
  1.488750e+00  15.859281  15.859363 
  1.490000e+00  15.859195  15.859277 
  1.491250e+00  15.859108  15.859190 
  1.492500e+00  15.859022  15.859104 
  1.493750e+00  15.858936  15.859018 
  1.495000e+00  15.858851  15.858932 
  1.496250e+00  15.858765  15.858846 
  1.497500e+00  15.858680  15.858761 
  1.498750e+00  15.858595  15.858675 
  1.500000e+00  15.858510  15.858590 
  1.501250e+00  15.858425  15.858506 
  1.502500e+00  15.858341  15.858421 
  1.503750e+00  15.858257  15.858337 
  1.505000e+00  15.858173  15.858253 
  1.506250e+00  15.858089  15.858169 
  1.507500e+00  15.858006  15.858085 
  1.508750e+00  15.857922  15.858001 
  1.510000e+00  15.857839  15.857918 
  1.511250e+00  15.857756  15.857835 
  1.512500e+00  15.857674  15.857752 
  1.513750e+00  15.857591  15.857670 
  1.515000e+00  15.857509  15.857587 
  1.516250e+00  15.857427  15.857505 
  1.517500e+00  15.857345  15.857423 
  1.518750e+00  15.857264  15.857341 
  1.520000e+00  15.857182  15.857259 
  1.521250e+00  15.857101  15.857178 
  1.522500e+00  15.857020  15.857097 
  1.523750e+00  15.856939  15.857016 
  1.525000e+00  15.856859  15.856935 
  1.526250e+00  15.856778  15.856854 
  1.527500e+00  15.856698  15.856774 
  1.528750e+00  15.856618  15.856694 
  1.530000e+00  15.856538  15.856614 
  1.531250e+00  15.856459  15.856534 
  1.532500e+00  15.856379  15.856455 
  1.533750e+00  15.856300  15.856375 
  1.535000e+00  15.856221  15.856296 
  1.536250e+00  15.856142  15.856217 
  1.537500e+00  15.856064  15.856138 
  1.538750e+00  15.855985  15.856060 
  1.540000e+00  15.855907  15.855981 
  1.541250e+00  15.855829  15.855903 
  1.542500e+00  15.855752  15.855825 
  1.543750e+00  15.855674  15.855747 
  1.545000e+00  15.855597  15.855670 
  1.546250e+00  15.855519  15.855593 
  1.547500e+00  15.855442  15.855515 
  1.548750e+00  15.855366  15.855438 
  1.550000e+00  15.855289  15.855362 
  1.551250e+00  15.855212  15.855285 
  1.552500e+00  15.855136  15.855209 
  1.553750e+00  15.855060  15.855132 
  1.555000e+00  15.854984  15.855056 
  1.556250e+00  15.854909  15.854980 
  1.557500e+00  15.854833  15.854905 
  1.558750e+00  15.854758  15.854829 
  1.560000e+00  15.854683  15.854754 
  1.561250e+00  15.854608  15.854679 
  1.562500e+00  15.854533  15.854604 
  1.563750e+00  15.854459  15.854529 
  1.565000e+00  15.854384  15.854455 
  1.566250e+00  15.854310  15.854381 
  1.567500e+00  15.854236  15.854306 
  1.568750e+00  15.854163  15.854233 
  1.570000e+00  15.854089  15.854159 
  1.571250e+00  15.854016  15.854085 
  1.572500e+00  15.853942  15.854012 
  1.573750e+00  15.853869  15.853939 
  1.575000e+00  15.853796  15.853866 
  1.576250e+00  15.853724  15.853793 
  1.577500e+00  15.853651  15.853720 
  1.578750e+00  15.853579  15.853648 
  1.580000e+00  15.853507  15.853575 
  1.581250e+00  15.853435  15.853503 
  1.582500e+00  15.853363  15.853431 
  1.583750e+00  15.853292  15.853359 
  1.585000e+00  15.853220  15.853288 
  1.586250e+00  15.853149  15.853216 
  1.587500e+00  15.853078  15.853145 
  1.588750e+00  15.853007  15.853074 
  1.590000e+00  15.852936  15.853003 
  1.591250e+00  15.852866  15.852933 
  1.592500e+00  15.852795  15.852862 
  1.593750e+00  15.852725  15.852792 
  1.595000e+00  15.852655  15.852722 
  1.596250e+00  15.852585  15.852652 
  1.597500e+00  15.852516  15.852582 
  1.598750e+00  15.852446  15.852512 
  1.600000e+00  15.852377  15.852443 
  1.601250e+00  15.852308  15.852373 
  1.602500e+00  15.852239  15.852304 
  1.603750e+00  15.852170  15.852235 
  1.605000e+00  15.852102  15.852167 
  1.606250e+00  15.852033  15.852098 
  1.607500e+00  15.851965  15.852030 
  1.608750e+00  15.851897  15.851961 
  1.610000e+00  15.851829  15.851893 
  1.611250e+00  15.851761  15.851825 
  1.612500e+00  15.851693  15.851758 
  1.613750e+00  15.851626  15.851690 
  1.615000e+00  15.851559  15.851623 
  1.616250e+00  15.851492  15.851555 
  1.617500e+00  15.851425  15.851488 
  1.618750e+00  15.851358  15.851421 
  1.620000e+00  15.851291  15.851355 
  1.621250e+00  15.851225  15.851288 
  1.622500e+00  15.851159  15.851221 
  1.623750e+00  15.851093  15.851155 
  1.625000e+00  15.851027  15.851089 
  1.626250e+00  15.850961  15.851023 
  1.627500e+00  15.850895  15.850957 
  1.628750e+00  15.850830  15.850892 
  1.630000e+00  15.850765  15.850826 
  1.631250e+00  15.850699  15.850761 
  1.632500e+00  15.850634  15.850696 
  1.633750e+00  15.850570  15.850631 
  1.635000e+00  15.850505  15.850566 
  1.636250e+00  15.850441  15.850502 
  1.637500e+00  15.850376  15.850437 
  1.638750e+00  15.850312  15.850373 
  1.640000e+00  15.850248  15.850309 
  1.641250e+00  15.850184  15.850245 
  1.642500e+00  15.850120  15.850181 
  1.643750e+00  15.850057  15.850117 
  1.645000e+00  15.849994  15.850054 
  1.646250e+00  15.849930  15.849990 
  1.647500e+00  15.849867  15.849927 
  1.648750e+00  15.849804  15.849864 
  1.650000e+00  15.849742  15.849801 
  1.651250e+00  15.849679  15.849738 
  1.652500e+00  15.849616  15.849676 
  1.653750e+00  15.849554  15.849613 
  1.655000e+00  15.849492  15.849551 
  1.656250e+00  15.849430  15.849489 
  1.657500e+00  15.849368  15.849427 
  1.658750e+00  15.849307  15.849365 
  1.660000e+00  15.849245  15.849303 
  1.661250e+00  15.849184  15.849242 
  1.662500e+00  15.849122  15.849180 
  1.663750e+00  15.849061  15.849119 
  1.665000e+00  15.849000  15.849058 
  1.666250e+00  15.848940  15.848997 
  1.667500e+00  15.848879  15.848936 
  1.668750e+00  15.848818  15.848876 
  1.670000e+00  15.848758  15.848815 
  1.671250e+00  15.848698  15.848755 
  1.672500e+00  15.848638  15.848695 
  1.673750e+00  15.848578  15.848635 
  1.675000e+00  15.848518  15.848575 
  1.676250e+00  15.848459  15.848515 
  1.677500e+00  15.848399  15.848455 
  1.678750e+00  15.848340  15.848396 
  1.680000e+00  15.848281  15.848337 
  1.681250e+00  15.848222  15.848277 
  1.682500e+00  15.848163  15.848218 
  1.683750e+00  15.848104  15.848160 
  1.685000e+00  15.848045  15.848101 
  1.686250e+00  15.847987  15.848042 
  1.687500e+00  15.847929  15.847984 
  1.688750e+00  15.847870  15.847925 
  1.690000e+00  15.847812  15.847867 
  1.691250e+00  15.847754  15.847809 
  1.692500e+00  15.847697  15.847751 
  1.693750e+00  15.847639  15.847694 
  1.695000e+00  15.847582  15.847636 
  1.696250e+00  15.847524  15.847579 
  1.697500e+00  15.847467  15.847521 
  1.698750e+00  15.847410  15.847464 
  1.700000e+00  15.847353  15.847407 
  1.701250e+00  15.847296  15.847350 
  1.702500e+00  15.847240  15.847293 
  1.703750e+00  15.847183  15.847237 
  1.705000e+00  15.847127  15.847180 
  1.706250e+00  15.847071  15.847124 
  1.707500e+00  15.847015  15.847068 
  1.708750e+00  15.846959  15.847012 
  1.710000e+00  15.846903  15.846956 
  1.711250e+00  15.846847  15.846900 
  1.712500e+00  15.846792  15.846844 
  1.713750e+00  15.846736  15.846789 
  1.715000e+00  15.846681  15.846733 
  1.716250e+00  15.846626  15.846678 
  1.717500e+00  15.846571  15.846623 
  1.718750e+00  15.846516  15.846568 
  1.720000e+00  15.846461  15.846513 
  1.721250e+00  15.846406  15.846458 
  1.722500e+00  15.846352  15.846404 
  1.723750e+00  15.846298  15.846349 
  1.725000e+00  15.846243  15.846295 
  1.726250e+00  15.846189  15.846240 
  1.727500e+00  15.846135  15.846186 
  1.728750e+00  15.846081  15.846132 
  1.730000e+00  15.846028  15.846079 
  1.731250e+00  15.845974  15.846025 
  1.732500e+00  15.845921  15.845971 
  1.733750e+00  15.845867  15.845918 
  1.735000e+00  15.845814  15.845865 
  1.736250e+00  15.845761  15.845811 
  1.737500e+00  15.845708  15.845758 
  1.738750e+00  15.845655  15.845705 
  1.740000e+00  15.845603  15.845653 
  1.741250e+00  15.845550  15.845600 
  1.742500e+00  15.845498  15.845547 
  1.743750e+00  15.845446  15.845495 
  1.745000e+00  15.845393  15.845443 
  1.746250e+00  15.845341  15.845391 
  1.747500e+00  15.845289  15.845339 
  1.748750e+00  15.845238  15.845287 
  1.750000e+00  15.845186  15.845235 
  1.751250e+00  15.845134  15.845183 
  1.752500e+00  15.845083  15.845132 
  1.753750e+00  15.845032  15.845080 
  1.755000e+00  15.844980  15.845029 
  1.756250e+00  15.844929  15.844978 
  1.757500e+00  15.844878  15.844927 
  1.758750e+00  15.844828  15.844876 
  1.760000e+00  15.844777  15.844825 
  1.761250e+00  15.844726  15.844774 
  1.762500e+00  15.844676  15.844724 
  1.763750e+00  15.844626  15.844673 
  1.765000e+00  15.844575  15.844623 
  1.766250e+00  15.844525  15.844573 
  1.767500e+00  15.844475  15.844523 
  1.768750e+00  15.844426  15.844473 
  1.770000e+00  15.844376  15.844423 
  1.771250e+00  15.844326  15.844373 
  1.772500e+00  15.844277  15.844324 
  1.773750e+00  15.844227  15.844274 
  1.775000e+00  15.844178  15.844225 
  1.776250e+00  15.844129  15.844175 
  1.777500e+00  15.844080  15.844126 
  1.778750e+00  15.844031  15.844077 
  1.780000e+00  15.843982  15.844028 
  1.781250e+00  15.843933  15.843980 
  1.782500e+00  15.843885  15.843931 
  1.783750e+00  15.843836  15.843882 
  1.785000e+00  15.843788  15.843834 
  1.786250e+00  15.843740  15.843786 
  1.787500e+00  15.843692  15.843737 
  1.788750e+00  15.843644  15.843689 
  1.790000e+00  15.843596  15.843641 
  1.791250e+00  15.843548  15.843593 
  1.792500e+00  15.843501  15.843546 
  1.793750e+00  15.843453  15.843498 
  1.795000e+00  15.843406  15.843450 
  1.796250e+00  15.843358  15.843403 
  1.797500e+00  15.843311  15.843356 
  1.798750e+00  15.843264  15.843309 
  1.800000e+00  15.843217  15.843261 
  1.801250e+00  15.843170  15.843214 
  1.802500e+00  15.843123  15.843168 
  1.803750e+00  15.843077  15.843121 
  1.805000e+00  15.843030  15.843074 
  1.806250e+00  15.842984  15.843028 
  1.807500e+00  15.842937  15.842981 
  1.808750e+00  15.842891  15.842935 
  1.810000e+00  15.842845  15.842889 
  1.811250e+00  15.842799  15.842843 
  1.812500e+00  15.842753  15.842797 
  1.813750e+00  15.842708  15.842751 
  1.815000e+00  15.842662  15.842705 
  1.816250e+00  15.842616  15.842659 
  1.817500e+00  15.842571  15.842614 
  1.818750e+00  15.842526  15.842568 
  1.820000e+00  15.842480  15.842523 
  1.821250e+00  15.842435  15.842478 
  1.822500e+00  15.842390  15.842433 
  1.823750e+00  15.842345  15.842388 
  1.825000e+00  15.842300  15.842343 
  1.826250e+00  15.842256  15.842298 
  1.827500e+00  15.842211  15.842253 
  1.828750e+00  15.842167  15.842209 
  1.830000e+00  15.842122  15.842164 
  1.831250e+00  15.842078  15.842120 
  1.832500e+00  15.842034  15.842076 
  1.833750e+00  15.841990  15.842031 
  1.835000e+00  15.841946  15.841987 
  1.836250e+00  15.841902  15.841943 
  1.837500e+00  15.841858  15.841899 
  1.838750e+00  15.841814  15.841856 
  1.840000e+00  15.841771  15.841812 
  1.841250e+00  15.841727  15.841768 
  1.842500e+00  15.841684  15.841725 
  1.843750e+00  15.841641  15.841682 
  1.845000e+00  15.841598  15.841638 
  1.846250e+00  15.841555  15.841595 
  1.847500e+00  15.841512  15.841552 
  1.848750e+00  15.841469  15.841509 
  1.850000e+00  15.841426  15.841466 
  1.851250e+00  15.841383  15.841424 
  1.852500e+00  15.841341  15.841381 
  1.853750e+00  15.841298  15.841338 
  1.855000e+00  15.841256  15.841296 
  1.856250e+00  15.841214  15.841254 
  1.857500e+00  15.841171  15.841211 
  1.858750e+00  15.841129  15.841169 
  1.860000e+00  15.841087  15.841127 
  1.861250e+00  15.841046  15.841085 
  1.862500e+00  15.841004  15.841043 
  1.863750e+00  15.840962  15.841002 
  1.865000e+00  15.840921  15.840960 
  1.866250e+00  15.840879  15.840918 
  1.867500e+00  15.840838  15.840877 
  1.868750e+00  15.840796  15.840835 
  1.870000e+00  15.840755  15.840794 
  1.871250e+00  15.840714  15.840753 
  1.872500e+00  15.840673  15.840712 
  1.873750e+00  15.840632  15.840671 
  1.875000e+00  15.840591  15.840630 
  1.876250e+00  15.840551  15.840589 
  1.877500e+00  15.840510  15.840548 
  1.878750e+00  15.840469  15.840508 
  1.880000e+00  15.840429  15.840467 
  1.881250e+00  15.840389  15.840427 
  1.882500e+00  15.840348  15.840387 
  1.883750e+00  15.840308  15.840346 
  1.885000e+00  15.840268  15.840306 
  1.886250e+00  15.840228  15.840266 
  1.887500e+00  15.840188  15.840226 
  1.888750e+00  15.840149  15.840186 
  1.890000e+00  15.840109  15.840146 
  1.891250e+00  15.840069  15.840107 
  1.892500e+00  15.840030  15.840067 
  1.893750e+00  15.839990  15.840028 
  1.895000e+00  15.839951  15.839988 
  1.896250e+00  15.839912  15.839949 
  1.897500e+00  15.839873  15.839910 
  1.898750e+00  15.839834  15.839870 
  1.900000e+00  15.839795  15.839831 
  1.901250e+00  15.839756  15.839792 
  1.902500e+00  15.839717  15.839754 
  1.903750e+00  15.839678  15.839715 
  1.905000e+00  15.839640  15.839676 
  1.906250e+00  15.839601  15.839637 
  1.907500e+00  15.839563  15.839599 
  1.908750e+00  15.839524  15.839561 
  1.910000e+00  15.839486  15.839522 
  1.911250e+00  15.839448  15.839484 
  1.912500e+00  15.839410  15.839446 
  1.913750e+00  15.839372  15.839408 
  1.915000e+00  15.839334  15.839370 
  1.916250e+00  15.839296  15.839332 
  1.917500e+00  15.839258  15.839294 
  1.918750e+00  15.839221  15.839256 
  1.920000e+00  15.839183  15.839219 
  1.921250e+00  15.839146  15.839181 
  1.922500e+00  15.839108  15.839144 
  1.923750e+00  15.839071  15.839106 
  1.925000e+00  15.839034  15.839069 
  1.926250e+00  15.838997  15.839032 
  1.927500e+00  15.838959  15.838995 
  1.928750e+00  15.838923  15.838957 
  1.930000e+00  15.838886  15.838920 
  1.931250e+00  15.838849  15.838884 
  1.932500e+00  15.838812  15.838847 
  1.933750e+00  15.838775  15.838810 
  1.935000e+00  15.838739  15.838773 
  1.936250e+00  15.838702  15.838737 
  1.937500e+00  15.838666  15.838700 
  1.938750e+00  15.838630  15.838664 
  1.940000e+00  15.838594  15.838628 
  1.941250e+00  15.838557  15.838592 
  1.942500e+00  15.838521  15.838555 
  1.943750e+00  15.838485  15.838519 
  1.945000e+00  15.838450  15.838483 
  1.946250e+00  15.838414  15.838448 
  1.947500e+00  15.838378  15.838412 
  1.948750e+00  15.838342  15.838376 
  1.950000e+00  15.838307  15.838340 
  1.951250e+00  15.838271  15.838305 
  1.952500e+00  15.838236  15.838269 
  1.953750e+00  15.838201  15.838234 
  1.955000e+00  15.838165  15.838199 
  1.956250e+00  15.838130  15.838163 
  1.957500e+00  15.838095  15.838128 
  1.958750e+00  15.838060  15.838093 
  1.960000e+00  15.838025  15.838058 
  1.961250e+00  15.837990  15.838023 
  1.962500e+00  15.837956  15.837988 
  1.963750e+00  15.837921  15.837954 
  1.965000e+00  15.837886  15.837919 
  1.966250e+00  15.837852  15.837884 
  1.967500e+00  15.837817  15.837850 
  1.968750e+00  15.837783  15.837815 
  1.970000e+00  15.837749  15.837781 
  1.971250e+00  15.837714  15.837747 
  1.972500e+00  15.837680  15.837712 
  1.973750e+00  15.837646  15.837678 
  1.975000e+00  15.837612  15.837644 
  1.976250e+00  15.837578  15.837610 
  1.977500e+00  15.837544  15.837576 
  1.978750e+00  15.837511  15.837543 
  1.980000e+00  15.837477  15.837509 
  1.981250e+00  15.837443  15.837475 
  1.982500e+00  15.837410  15.837441 
  1.983750e+00  15.837376  15.837408 
  1.985000e+00  15.837343  15.837374 
  1.986250e+00  15.837310  15.837341 
  1.987500e+00  15.837276  15.837308 
  1.988750e+00  15.837243  15.837275 
  1.990000e+00  15.837210  15.837241 
  1.991250e+00  15.837177  15.837208 
  1.992500e+00  15.837144  15.837175 
  1.993750e+00  15.837111  15.837142 
  1.995000e+00  15.837079  15.837110 
  1.996250e+00  15.837046  15.837077 
  1.997500e+00  15.837013  15.837044 
  1.998750e+00  15.836981  15.837011 
  2.000000e+00  15.836948  15.836979 
