  5.000000e-03  8.31082013 18.79330635 
  7.500000e-03  8.31082013 18.79255139 
  1.000000e-02  8.31082013 18.79273974 
  1.250000e-02  8.31082013 18.79232298 
  1.500000e-02  8.31082013 18.79205157 
  1.750000e-02  8.31082013 18.79196922 
  2.000000e-02  8.31082013 18.79168759 
  2.250000e-02  8.31082013 18.79251773 
  2.500000e-02  8.31082013 18.79216054 
  2.750000e-02  8.31082013 18.79213013 
  3.000000e-02  8.31082013 18.79218985 
  3.250000e-02  8.31082013 18.79232748 
  3.500000e-02  8.31082013 18.79257117 
  3.750000e-02  8.31082013 18.79221826 
  4.000000e-02  8.31082013 18.79252864 
  4.250000e-02  8.31082013 18.79238953 
  4.500000e-02  8.31082013 18.79225361 
  4.750000e-02  8.31082013 18.79217994 
  5.000000e-02  8.31082013 18.79214295 
  5.250000e-02  8.31082013 18.79211876 
  5.500000e-02  8.31082013 18.79208666 
  5.750000e-02  8.31082013 18.79201053 
  6.000000e-02  8.31082013 18.79208853 
  6.250000e-02  8.31082013 18.79216750 
  6.500000e-02  8.31082013 18.79223062 
  6.750000e-02  8.31082013 18.79228286 
  7.000000e-02  8.31082013 18.79233177 
  7.250000e-02  8.31082013 18.79238351 
  7.500000e-02  8.31082013 18.79244181 
  7.750000e-02  8.31082013 18.79250788 
  8.000000e-02  8.31082013 18.79258070 
  8.250000e-02  8.31082013 18.79211046 
  8.500000e-02  8.31082013 18.79200029 
  8.750000e-02  8.31082013 18.79200503 
  9.000000e-02  8.31082013 18.79204250 
  9.250000e-02  8.31082013 18.79208716 
  9.500000e-02  8.31082013 18.79213202 
  9.750000e-02  8.31082013 18.79217577 
  1.000000e-01  8.31082013 18.79221865 
  1.025000e-01  8.31082013 18.79226121 
  1.050000e-01  8.31082013 18.79230391 
  1.075000e-01  8.31082013 18.79234715 
  1.100000e-01  8.31082013 18.79239116 
  1.125000e-01  8.31082013 18.79243609 
  1.150000e-01  8.31082013 18.79248195 
  1.175000e-01  8.31082013 18.79252865 
  1.200000e-01  8.31082013 18.79257604 
  1.225000e-01  8.31082013 18.79262394 
  1.250000e-01  8.31082013 18.79215176 
  1.275000e-01  8.31082013 18.79202455 
  1.300000e-01  8.31082013 18.79201084 
  1.325000e-01  8.31082013 18.79203360 
  1.350000e-01  8.31082013 18.79206817 
  1.375000e-01  8.31082013 18.79210708 
  1.400000e-01  8.31082013 18.79214836 
  1.425000e-01  8.31082013 18.79219177 
  1.450000e-01  8.31082013 18.79223780 
  1.475000e-01  8.31082013 18.79228670 
  1.500000e-01  8.31082013 18.79233897 
  1.525000e-01  8.31082013 18.79235680 
  1.550000e-01  8.31082013 18.79233543 
  1.575000e-01  8.31082013 18.79231125 
  1.600000e-01  8.31082013 18.79228755 
  1.625000e-01  8.31082013 18.79226122 
  1.650000e-01  8.31082013 18.79225277 
  1.675000e-01  8.31082013 18.79226936 
  1.700000e-01  8.31082013 18.79229138 
  1.725000e-01  8.31082013 18.79231500 
  1.750000e-01  8.31082013 18.79234052 
  1.775000e-01  8.31082013 18.79236943 
  1.800000e-01  8.31082013 18.79237932 
  1.825000e-01  8.31082013 18.79236621 
  1.850000e-01  8.31082013 18.79235268 
  1.875000e-01  8.31082013 18.79234112 
  1.900000e-01  8.31082013 18.79233024 
  1.925000e-01  8.31082013 18.79231839 
  1.950000e-01  8.31082013 18.79230433 
  1.975000e-01  8.31082013 18.79228612 
  2.000000e-01  8.31082013 18.79228020 
  2.025000e-01  8.31082013 18.79229195 
  2.050000e-01  8.31082013 18.79230706 
  2.075000e-01  8.31082013 18.79232368 
  2.100000e-01  8.31082013 18.79232932 
  2.125000e-01  8.31082013 18.79233130 
  2.150000e-01  8.31082013 18.79232397 
  2.175000e-01  8.31082013 18.79231544 
  2.200000e-01  8.31082013 18.79230788 
  2.225000e-01  8.31082013 18.79230081 
  2.250000e-01  8.31082013 18.79229345 
  2.275000e-01  8.31082013 18.79228491 
  2.300000e-01  8.31082013 18.79228212 
  2.325000e-01  8.31082013 18.79228123 
  2.350000e-01  8.31082013 18.79228097 
  2.375000e-01  8.31082013 18.79228091 
  2.400000e-01  8.31082013 18.79228092 
  2.425000e-01  8.31082013 18.79228094 
  2.450000e-01  8.31082013 18.79228097 
  2.475000e-01  8.31082013 18.79228100 
  2.500000e-01  8.31082013 18.79228103 
  2.525000e-01  8.31082013 18.79228106 
  2.550000e-01  8.31082013 18.79228108 
  2.575000e-01  8.31082013 18.79228110 
  2.600000e-01  8.31082013 18.79228112 
  2.625000e-01  8.31082013 18.79228113 
  2.650000e-01  8.31082013 18.79228115 
  2.675000e-01  8.31082013 18.79228116 
  2.700000e-01  8.31082013 18.79228117 
  2.725000e-01  8.31082013 18.79228118 
  2.750000e-01  8.31082013 18.79228118 
  2.775000e-01  8.31082013 18.79228119 
  2.800000e-01  8.31082013 18.79228119 
  2.825000e-01  8.31082013 18.79228120 
  2.850000e-01  8.31082013 18.79228120 
  2.875000e-01  8.31082013 18.79228121 
  2.900000e-01  8.31082013 18.79228121 
  2.925000e-01  8.31082013 18.79228121 
  2.950000e-01  8.31082013 18.79228122 
  2.975000e-01  8.31082013 18.79228122 
  3.000000e-01  8.31082013 18.79228122 
  3.025000e-01  8.31082013 18.79228122 
  3.050000e-01  8.31082013 18.79228123 
  3.075000e-01  8.31082013 18.79228123 
  3.100000e-01  8.31082013 18.79228123 
  3.125000e-01  8.31082013 18.79228123 
  3.150000e-01  8.31082013 18.79228123 
  3.175000e-01  8.31082013 18.79228123 
  3.200000e-01  8.31082013 18.79228123 
  3.225000e-01  8.31082013 18.79228124 
  3.250000e-01  8.31082013 18.79228124 
  3.275000e-01  8.31082013 18.79228124 
  3.300000e-01  8.31082013 18.79228124 
  3.325000e-01  8.31082013 18.79228124 
  3.350000e-01  8.31082013 18.79228124 
  3.375000e-01  8.31082013 18.79228124 
  3.400000e-01  8.31082013 18.79228124 
  3.425000e-01  8.31082013 18.79228124 
  3.450000e-01  8.31082013 18.79228125 
  3.475000e-01  8.31082013 18.79228125 
  3.500000e-01  8.31082013 18.79228125 
  3.525000e-01  8.31082013 18.79228125 
  3.550000e-01  8.31082013 18.79228125 
  3.575000e-01  8.31082013 18.79228125 
  3.600000e-01  8.31082013 18.79228125 
  3.625000e-01  8.31082013 18.79228125 
  3.650000e-01  8.31082013 18.79228125 
  3.675000e-01  8.31082013 18.79228126 
  3.700000e-01  8.31082013 18.79228126 
  3.725000e-01  8.31082013 18.79228126 
  3.750000e-01  8.31082013 18.79228126 
  3.775000e-01  8.31082013 18.79228126 
  3.800000e-01  8.31082013 18.79228126 
  3.825000e-01  8.31082013 18.79228126 
  3.850000e-01  8.31082013 18.79228127 
  3.875000e-01  8.31082013 18.79228127 
  3.900000e-01  8.31082013 18.79228127 
  3.925000e-01  8.31082013 18.79228127 
  3.950000e-01  8.31082013 18.79228127 
  3.975000e-01  8.31082013 18.79228127 
  4.000000e-01  8.31082013 18.79228128 
  4.025000e-01  8.31082013 18.79228128 
  4.050000e-01  8.31082013 18.79228128 
  4.075000e-01  8.31082013 18.79228128 
  4.100000e-01  8.31082013 18.79228128 
  4.125000e-01  8.31082013 18.79228128 
  4.150000e-01  8.31082013 18.79228129 
  4.175000e-01  8.31082013 18.79228129 
  4.200000e-01  8.31082013 18.79228129 
  4.225000e-01  8.31082013 18.79228129 
  4.250000e-01  8.31082013 18.79228129 
  4.275000e-01  8.31082013 18.79228129 
  4.300000e-01  8.31082013 18.79228130 
  4.325000e-01  8.31082013 18.79228130 
  4.350000e-01  8.31082013 18.79228130 
  4.375000e-01  8.31082013 18.79228130 
  4.400000e-01  8.31082013 18.79228130 
  4.425000e-01  8.31082013 18.79228131 
  4.450000e-01  8.31082013 18.79228131 
  4.475000e-01  8.31082013 18.79228131 
  4.500000e-01  8.31082013 18.79228131 
  4.525000e-01  8.31082013 18.79228131 
  4.550000e-01  8.31082013 18.79228132 
  4.575000e-01  8.31082013 18.79228132 
  4.600000e-01  8.31082013 18.79228132 
  4.625000e-01  8.31082013 18.79228132 
  4.650000e-01  8.31082013 18.79228132 
  4.675000e-01  8.31082013 18.79228132 
  4.700000e-01  8.31082013 18.79228133 
  4.725000e-01  8.31082013 18.79228133 
  4.750000e-01  8.31082013 18.79228133 
  4.775000e-01  8.31082013 18.79228133 
  4.800000e-01  8.31082013 18.79228133 
  4.825000e-01  8.31082013 18.79228134 
  4.850000e-01  8.31082013 18.79228134 
  4.875000e-01  8.31082013 18.79228134 
  4.900000e-01  8.31082013 18.79228134 
  4.925000e-01  8.31082013 18.79228134 
  4.950000e-01  8.31082013 18.79228135 
  4.975000e-01  8.31082013 18.79228135 
  5.000000e-01  8.31082013 18.79228135 
  5.025000e-01  8.31082013 18.79228135 
  5.050000e-01  8.31082013 18.79228135 
  5.075000e-01  8.31082013 18.79228136 
  5.100000e-01  8.31082013 18.79228136 
  5.125000e-01  8.31082013 18.79228136 
  5.150000e-01  8.31082013 18.79228136 
  5.175000e-01  8.31082013 18.79228136 
  5.200000e-01  8.31082013 18.79228137 
  5.225000e-01  8.31082013 18.79228137 
  5.250000e-01  8.31082013 18.79228137 
  5.275000e-01  8.31082013 18.79228137 
  5.300000e-01  8.31082013 18.79228137 
  5.325000e-01  8.31082013 18.79228137 
  5.350000e-01  8.31082013 18.79228138 
  5.375000e-01  8.31082013 18.79228138 
  5.400000e-01  8.31082013 18.79228138 
  5.425000e-01  8.31082013 18.79228138 
  5.450000e-01  8.31082013 18.79228138 
  5.475000e-01  8.31082013 18.79228139 
  5.500000e-01  8.31082013 18.79228139 
  5.525000e-01  8.31082013 18.79228139 
  5.550000e-01  8.31082013 18.79228139 
  5.575000e-01  8.31082013 18.79228139 
  5.600000e-01  8.31082013 18.79228139 
  5.625000e-01  8.31082013 18.79228140 
  5.650000e-01  8.31082013 18.79228140 
  5.675000e-01  8.31082013 18.79228140 
  5.700000e-01  8.31082013 18.79228140 
  5.725000e-01  8.31082013 18.79228140 
  5.750000e-01  8.31082013 18.79228140 
  5.775000e-01  8.31082013 18.79228141 
  5.800000e-01  8.31082013 18.79228141 
  5.825000e-01  8.31082013 18.79228141 
  5.850000e-01  8.31082013 18.79228141 
  5.875000e-01  8.31082013 18.79228141 
  5.900000e-01  8.31082013 18.79228141 
  5.925000e-01  8.31082013 18.79228142 
  5.950000e-01  8.31082013 18.79228142 
  5.975000e-01  8.31082013 18.79228142 
  6.000000e-01  8.31082013 18.79228142 
  6.025000e-01  8.31082013 18.79228142 
  6.050000e-01  8.31082013 18.79228142 
  6.075000e-01  8.31082013 18.79228143 
  6.100000e-01  8.31082013 18.79228143 
  6.125000e-01  8.31082013 18.79228143 
  6.150000e-01  8.31082013 18.79228143 
  6.175000e-01  8.31082013 18.79228143 
  6.200000e-01  8.31082013 18.79228143 
  6.225000e-01  8.31082013 18.79228143 
  6.250000e-01  8.31082013 18.79228144 
  6.275000e-01  8.31082013 18.79228144 
  6.300000e-01  8.31082013 18.79228144 
  6.325000e-01  8.31082013 18.79228144 
  6.350000e-01  8.31082013 18.79228144 
  6.375000e-01  8.31082013 18.79228144 
  6.400000e-01  8.31082013 18.79228144 
  6.425000e-01  8.31082013 18.79228144 
  6.450000e-01  8.31082013 18.79228145 
  6.475000e-01  8.31082013 18.79228145 
  6.500000e-01  8.31082013 18.79228145 
  6.525000e-01  8.31082013 18.79228145 
  6.550000e-01  8.31082013 18.79228145 
  6.575000e-01  8.31082013 18.79228145 
  6.600000e-01  8.31082013 18.79228145 
  6.625000e-01  8.31082013 18.79228145 
  6.650000e-01  8.31082013 18.79228146 
  6.675000e-01  8.31082013 18.79228146 
  6.700000e-01  8.31082013 18.79228146 
  6.725000e-01  8.31082013 18.79228146 
  6.750000e-01  8.31082013 18.79228146 
  6.775000e-01  8.31082013 18.79228146 
  6.800000e-01  8.31082013 18.79228146 
  6.825000e-01  8.31082013 18.79228146 
  6.850000e-01  8.31082013 18.79228147 
  6.875000e-01  8.31082013 18.79228147 
  6.900000e-01  8.31082013 18.79228147 
  6.925000e-01  8.31082013 18.79228147 
  6.950000e-01  8.31082013 18.79228147 
  6.975000e-01  8.31082013 18.79228147 
  7.000000e-01  8.31082013 18.79228147 
  7.025000e-01  8.31082013 18.79228147 
  7.050000e-01  8.31082013 18.79228147 
  7.075000e-01  8.31082013 18.79228147 
  7.100000e-01  8.31082013 18.79228148 
  7.125000e-01  8.31082013 18.79228148 
  7.150000e-01  8.31082013 18.79228148 
  7.175000e-01  8.31082013 18.79228148 
  7.200000e-01  8.31082013 18.79228148 
  7.225000e-01  8.31082013 18.79228148 
  7.250000e-01  8.31082013 18.79228148 
  7.275000e-01  8.31082013 18.79228148 
  7.300000e-01  8.31082013 18.79228148 
  7.325000e-01  8.31082013 18.79228148 
  7.350000e-01  8.31082013 18.79228148 
  7.375000e-01  8.31082013 18.79228149 
  7.400000e-01  8.31082013 18.79228149 
  7.425000e-01  8.31082013 18.79228149 
  7.450000e-01  8.31082013 18.79228149 
  7.475000e-01  8.31082013 18.79228149 
  7.500000e-01  8.31082013 18.79228149 
  7.525000e-01  8.31082013 18.79228149 
  7.550000e-01  8.31082013 18.79228149 
  7.575000e-01  8.31082013 18.79228149 
  7.600000e-01  8.31082013 18.79228149 
  7.625000e-01  8.31082013 18.79228149 
  7.650000e-01  8.31082013 18.79228149 
  7.675000e-01  8.31082013 18.79228149 
  7.700000e-01  8.31082013 18.79228150 
  7.725000e-01  8.31082013 18.79228150 
  7.750000e-01  8.31082013 18.79228150 
  7.775000e-01  8.31082013 18.79228150 
  7.800000e-01  8.31082013 18.79228150 
  7.825000e-01  8.31082013 18.79228150 
  7.850000e-01  8.31082013 18.79228150 
  7.875000e-01  8.31082013 18.79228150 
  7.900000e-01  8.31082013 18.79228150 
  7.925000e-01  8.31082013 18.79228150 
  7.950000e-01  8.31082013 18.79228150 
  7.975000e-01  8.31082013 18.79228150 
  8.000000e-01  8.31082013 18.79228150 
  8.025000e-01  8.31082013 18.79228150 
  8.050000e-01  8.31082013 18.79228150 
  8.075000e-01  8.31082013 18.79228150 
  8.100000e-01  8.31082013 18.79228150 
  8.125000e-01  8.31082013 18.79228151 
  8.150000e-01  8.31082013 18.79228151 
  8.175000e-01  8.31082013 18.79228151 
  8.200000e-01  8.31082013 18.79228151 
  8.225000e-01  8.31082013 18.79228151 
  8.250000e-01  8.31082013 18.79228151 
  8.275000e-01  8.31082013 18.79228151 
  8.300000e-01  8.31082013 18.79228151 
  8.325000e-01  8.31082013 18.79228151 
  8.350000e-01  8.31082013 18.79228151 
  8.375000e-01  8.31082013 18.79228151 
  8.400000e-01  8.31082013 18.79228151 
  8.425000e-01  8.31082013 18.79228151 
  8.450000e-01  8.31082013 18.79228151 
  8.475000e-01  8.31082013 18.79228151 
  8.500000e-01  8.31082013 18.79228151 
  8.525000e-01  8.31082013 18.79228151 
  8.550000e-01  8.31082013 18.79228151 
  8.575000e-01  8.31082013 18.79228151 
  8.600000e-01  8.31082013 18.79228151 
  8.625000e-01  8.31082013 18.79228151 
  8.650000e-01  8.31082013 18.79228151 
  8.675000e-01  8.31082013 18.79228152 
  8.700000e-01  8.31082013 18.79228152 
  8.725000e-01  8.31082013 18.79228152 
  8.750000e-01  8.31082013 18.79228152 
  8.775000e-01  8.31082013 18.79228152 
  8.800000e-01  8.31082013 18.79228152 
  8.825000e-01  8.31082013 18.79228152 
  8.850000e-01  8.31082013 18.79228152 
  8.875000e-01  8.31082013 18.79228152 
  8.900000e-01  8.31082013 18.79228152 
  8.925000e-01  8.31082013 18.79228152 
  8.950000e-01  8.31082013 18.79228152 
  8.975000e-01  8.31082013 18.79228152 
  9.000000e-01  8.31082013 18.79228152 
  9.025000e-01  8.31082013 18.79228152 
  9.050000e-01  8.31082013 18.79228152 
  9.075000e-01  8.31082013 18.79228152 
  9.100000e-01  8.31082013 18.79228152 
  9.125000e-01  8.31082013 18.79228152 
  9.150000e-01  8.31082013 18.79228152 
  9.175000e-01  8.31082013 18.79228152 
  9.200000e-01  8.31082013 18.79228152 
  9.225000e-01  8.31082013 18.79228152 
  9.250000e-01  8.31082013 18.79228152 
  9.275000e-01  8.31082013 18.79228152 
  9.300000e-01  8.31082013 18.79228152 
  9.325000e-01  8.31082013 18.79228152 
  9.350000e-01  8.31082013 18.79228152 
  9.375000e-01  8.31082013 18.79228152 
  9.400000e-01  8.31082013 18.79228152 
  9.425000e-01  8.31082013 18.79228152 
  9.450000e-01  8.31082013 18.79228152 
  9.475000e-01  8.31082013 18.79228152 
  9.500000e-01  8.31082013 18.79228152 
  9.525000e-01  8.31082013 18.79228152 
  9.550000e-01  8.31082013 18.79228152 
  9.575000e-01  8.31082013 18.79228152 
  9.600000e-01  8.31082013 18.79228152 
  9.625000e-01  8.31082013 18.79228152 
  9.650000e-01  8.31082013 18.79228152 
  9.675000e-01  8.31082013 18.79228152 
  9.700000e-01  8.31082013 18.79228153 
  9.725000e-01  8.31082013 18.79228153 
  9.750000e-01  8.31082013 18.79228153 
  9.775000e-01  8.31082013 18.79228153 
  9.800000e-01  8.31082013 18.79228153 
  9.825000e-01  8.31082013 18.79228153 
  9.850000e-01  8.31082013 18.79228153 
  9.875000e-01  8.31082013 18.79228153 
  9.900000e-01  8.31082013 18.79228153 
  9.925000e-01  8.31082013 18.79228153 
  9.950000e-01  8.31082013 18.79228153 
  9.975000e-01  8.31082013 18.79228153 
  1.000000e+00  8.31082013 18.79228153 
  1.002500e+00  8.31082013 18.79228153 
  1.005000e+00  8.31082013 18.79228153 
  1.007500e+00  8.31082013 18.79228153 
  1.010000e+00  8.31082013 18.79228153 
  1.012500e+00  8.31082013 18.79228153 
  1.015000e+00  8.31082013 18.79228153 
  1.017500e+00  8.31082013 18.79228153 
  1.020000e+00  8.31082013 18.79228153 
  1.022500e+00  8.31082013 18.79228153 
  1.025000e+00  8.31082013 18.79228153 
  1.027500e+00  8.31082013 18.79228153 
  1.030000e+00  8.31082013 18.79228153 
  1.032500e+00  8.31082013 18.79228153 
  1.035000e+00  8.31082013 18.79228153 
  1.037500e+00  8.31082013 18.79228153 
  1.040000e+00  8.31082013 18.79228153 
  1.042500e+00  8.31082013 18.79228153 
  1.045000e+00  8.31082013 18.79228153 
  1.047500e+00  8.31082013 18.79228153 
  1.050000e+00  8.31082013 18.79228153 
  1.052500e+00  8.31082013 18.79228153 
  1.055000e+00  8.31082013 18.79228153 
  1.057500e+00  8.31082013 18.79228153 
  1.060000e+00  8.31082013 18.79228153 
  1.062500e+00  8.31082013 18.79228153 
  1.065000e+00  8.31082013 18.79228153 
  1.067500e+00  8.31082013 18.79228153 
  1.070000e+00  8.31082013 18.79228153 
  1.072500e+00  8.31082013 18.79228153 
  1.075000e+00  8.31082013 18.79228153 
  1.077500e+00  8.31082013 18.79228153 
  1.080000e+00  8.31082013 18.79228153 
  1.082500e+00  8.31082013 18.79228153 
  1.085000e+00  8.31082013 18.79228153 
  1.087500e+00  8.31082013 18.79228153 
  1.090000e+00  8.31082013 18.79228153 
  1.092500e+00  8.31082013 18.79228153 
  1.095000e+00  8.31082013 18.79228153 
  1.097500e+00  8.31082013 18.79228153 
  1.100000e+00  8.31082013 18.79228153 
  1.102500e+00  8.31082013 18.79228153 
  1.105000e+00  8.31082013 18.79228153 
  1.107500e+00  8.31082013 18.79228153 
  1.110000e+00  8.31082013 18.79228153 
  1.112500e+00  8.31082013 18.79228153 
  1.115000e+00  8.31082013 18.79228153 
  1.117500e+00  8.31082013 18.79228153 
  1.120000e+00  8.31082013 18.79228153 
  1.122500e+00  8.31082013 18.79228153 
  1.125000e+00  8.31082013 18.79228153 
  1.127500e+00  8.31082013 18.79228153 
  1.130000e+00  8.31082013 18.79228153 
  1.132500e+00  8.31082013 18.79228153 
  1.135000e+00  8.31082013 18.79228153 
  1.137500e+00  8.31082013 18.79228153 
  1.140000e+00  8.31082013 18.79228153 
  1.142500e+00  8.31082013 18.79228153 
  1.145000e+00  8.31082013 18.79228153 
  1.147500e+00  8.31082013 18.79228153 
  1.150000e+00  8.31082013 18.79228153 
  1.152500e+00  8.31082013 18.79228153 
  1.155000e+00  8.31082013 18.79228153 
  1.157500e+00  8.31082013 18.79228153 
  1.160000e+00  8.31082013 18.79228153 
  1.162500e+00  8.31082013 18.79228153 
  1.165000e+00  8.31082013 18.79228153 
  1.167500e+00  8.31082013 18.79228153 
  1.170000e+00  8.31082013 18.79228153 
  1.172500e+00  8.31082013 18.79228153 
  1.175000e+00  8.31082013 18.79228153 
  1.177500e+00  8.31082013 18.79228153 
  1.180000e+00  8.31082013 18.79228153 
  1.182500e+00  8.31082013 18.79228153 
  1.185000e+00  8.31082013 18.79228153 
  1.187500e+00  8.31082013 18.79228153 
  1.190000e+00  8.31082013 18.79228153 
  1.192500e+00  8.31082013 18.79228153 
  1.195000e+00  8.31082013 18.79228153 
  1.197500e+00  8.31082013 18.79228153 
  1.200000e+00  8.31082013 18.79228153 
  1.202500e+00  8.31082013 18.79228153 
  1.205000e+00  8.31082013 18.79228153 
  1.207500e+00  8.31082013 18.79228153 
  1.210000e+00  8.31082013 18.79228153 
  1.212500e+00  8.31082013 18.79228153 
  1.215000e+00  8.31082013 18.79228153 
  1.217500e+00  8.31082013 18.79228153 
  1.220000e+00  8.31082013 18.79228153 
  1.222500e+00  8.31082013 18.79228153 
  1.225000e+00  8.31082013 18.79228153 
  1.227500e+00  8.31082013 18.79228153 
  1.230000e+00  8.31082013 18.79228152 
  1.232500e+00  8.31082013 18.79228152 
  1.235000e+00  8.31082013 18.79228152 
  1.237500e+00  8.31082013 18.79228152 
  1.240000e+00  8.31082013 18.79228152 
  1.242500e+00  8.31082013 18.79228152 
  1.245000e+00  8.31082013 18.79228152 
  1.247500e+00  8.31082013 18.79228152 
  1.250000e+00  8.31082013 18.79228152 
  1.252500e+00  8.31082013 18.79228152 
  1.255000e+00  8.31082013 18.79228152 
  1.257500e+00  8.31082013 18.79228152 
  1.260000e+00  8.31082013 18.79228152 
  1.262500e+00  8.31082013 18.79228152 
  1.265000e+00  8.31082013 18.79228152 
  1.267500e+00  8.31082013 18.79228152 
  1.270000e+00  8.31082013 18.79228152 
  1.272500e+00  8.31082013 18.79228152 
  1.275000e+00  8.31082013 18.79228152 
  1.277500e+00  8.31082013 18.79228152 
  1.280000e+00  8.31082013 18.79228152 
  1.282500e+00  8.31082013 18.79228152 
  1.285000e+00  8.31082013 18.79228152 
  1.287500e+00  8.31082013 18.79228152 
  1.290000e+00  8.31082013 18.79228152 
  1.292500e+00  8.31082013 18.79228152 
  1.295000e+00  8.31082013 18.79228152 
  1.297500e+00  8.31082013 18.79228152 
  1.300000e+00  8.31082013 18.79228152 
  1.302500e+00  8.31082013 18.79228152 
  1.305000e+00  8.31082013 18.79228152 
  1.307500e+00  8.31082013 18.79228152 
  1.310000e+00  8.31082013 18.79228152 
  1.312500e+00  8.31082013 18.79228152 
  1.315000e+00  8.31082013 18.79228152 
  1.317500e+00  8.31082013 18.79228152 
  1.320000e+00  8.31082013 18.79228152 
  1.322500e+00  8.31082013 18.79228152 
  1.325000e+00  8.31082013 18.79228152 
  1.327500e+00  8.31082013 18.79228152 
  1.330000e+00  8.31082013 18.79228152 
  1.332500e+00  8.31082013 18.79228152 
  1.335000e+00  8.31082013 18.79228152 
  1.337500e+00  8.31082013 18.79228152 
  1.340000e+00  8.31082013 18.79228152 
  1.342500e+00  8.31082013 18.79228152 
  1.345000e+00  8.31082013 18.79228152 
  1.347500e+00  8.31082013 18.79228152 
  1.350000e+00  8.31082013 18.79228152 
  1.352500e+00  8.31082013 18.79228152 
  1.355000e+00  8.31082013 18.79228152 
  1.357500e+00  8.31082013 18.79228152 
  1.360000e+00  8.31082013 18.79228152 
  1.362500e+00  8.31082013 18.79228152 
  1.365000e+00  8.31082013 18.79228152 
  1.367500e+00  8.31082013 18.79228152 
  1.370000e+00  8.31082013 18.79228152 
  1.372500e+00  8.31082013 18.79228152 
  1.375000e+00  8.31082013 18.79228152 
  1.377500e+00  8.31082013 18.79228152 
  1.380000e+00  8.31082013 18.79228152 
  1.382500e+00  8.31082013 18.79228152 
  1.385000e+00  8.31082013 18.79228152 
  1.387500e+00  8.31082013 18.79228152 
  1.390000e+00  8.31082013 18.79228152 
  1.392500e+00  8.31082013 18.79228152 
  1.395000e+00  8.31082013 18.79228152 
  1.397500e+00  8.31082013 18.79228152 
  1.400000e+00  8.31082013 18.79228152 
  1.402500e+00  8.31082013 18.79228152 
  1.405000e+00  8.31082013 18.79228152 
  1.407500e+00  8.31082013 18.79228152 
  1.410000e+00  8.31082013 18.79228152 
  1.412500e+00  8.31082013 18.79228152 
  1.415000e+00  8.31082013 18.79228152 
  1.417500e+00  8.31082013 18.79228152 
  1.420000e+00  8.31082013 18.79228152 
  1.422500e+00  8.31082013 18.79228152 
  1.425000e+00  8.31082013 18.79228152 
  1.427500e+00  8.31082013 18.79228152 
  1.430000e+00  8.31082013 18.79228152 
  1.432500e+00  8.31082013 18.79228152 
  1.435000e+00  8.31082013 18.79228152 
  1.437500e+00  8.31082013 18.79228152 
  1.440000e+00  8.31082013 18.79228152 
  1.442500e+00  8.31082013 18.79228152 
  1.445000e+00  8.31082013 18.79228152 
  1.447500e+00  8.31082013 18.79228151 
  1.450000e+00  8.31082013 18.79228151 
  1.452500e+00  8.31082013 18.79228151 
  1.455000e+00  8.31082013 18.79228151 
  1.457500e+00  8.31082013 18.79228151 
  1.460000e+00  8.31082013 18.79228151 
  1.462500e+00  8.31082013 18.79228151 
  1.465000e+00  8.31082013 18.79228151 
  1.467500e+00  8.31082013 18.79228151 
  1.470000e+00  8.31082013 18.79228151 
  1.472500e+00  8.31082013 18.79228151 
  1.475000e+00  8.31082013 18.79228151 
  1.477500e+00  8.31082013 18.79228151 
  1.480000e+00  8.31082013 18.79228151 
  1.482500e+00  8.31082013 18.79228151 
  1.485000e+00  8.31082013 18.79228151 
  1.487500e+00  8.31082013 18.79228151 
  1.490000e+00  8.31082013 18.79228151 
  1.492500e+00  8.31082013 18.79228151 
  1.495000e+00  8.31082013 18.79228151 
  1.497500e+00  8.31082013 18.79228151 
  1.500000e+00  8.31082013 18.79228151 
  1.502500e+00  8.31082013 18.79228151 
  1.505000e+00  8.31082013 18.79228151 
  1.507500e+00  8.31082013 18.79228151 
  1.510000e+00  8.31082013 18.79228151 
  1.512500e+00  8.31082013 18.79228151 
  1.515000e+00  8.31082013 18.79228151 
  1.517500e+00  8.31082013 18.79228151 
  1.520000e+00  8.31082013 18.79228151 
  1.522500e+00  8.31082013 18.79228151 
  1.525000e+00  8.31082013 18.79228151 
  1.527500e+00  8.31082013 18.79228151 
  1.530000e+00  8.31082013 18.79228151 
  1.532500e+00  8.31082013 18.79228151 
  1.535000e+00  8.31082013 18.79228151 
  1.537500e+00  8.31082013 18.79228151 
  1.540000e+00  8.31082013 18.79228151 
  1.542500e+00  8.31082013 18.79228151 
  1.545000e+00  8.31082013 18.79228151 
  1.547500e+00  8.31082013 18.79228151 
  1.550000e+00  8.31082013 18.79228151 
  1.552500e+00  8.31082013 18.79228151 
  1.555000e+00  8.31082013 18.79228151 
  1.557500e+00  8.31082013 18.79228151 
  1.560000e+00  8.31082013 18.79228151 
  1.562500e+00  8.31082013 18.79228151 
  1.565000e+00  8.31082013 18.79228151 
  1.567500e+00  8.31082013 18.79228151 
  1.570000e+00  8.31082013 18.79228151 
  1.572500e+00  8.31082013 18.79228151 
  1.575000e+00  8.31082013 18.79228151 
  1.577500e+00  8.31082013 18.79228151 
  1.580000e+00  8.31082013 18.79228151 
  1.582500e+00  8.31082013 18.79228151 
  1.585000e+00  8.31082013 18.79228151 
  1.587500e+00  8.31082013 18.79228151 
  1.590000e+00  8.31082013 18.79228151 
  1.592500e+00  8.31082013 18.79228151 
  1.595000e+00  8.31082013 18.79228151 
  1.597500e+00  8.31082013 18.79228151 
  1.600000e+00  8.31082013 18.79228151 
  1.602500e+00  8.31082013 18.79228151 
  1.605000e+00  8.31082013 18.79228151 
  1.607500e+00  8.31082013 18.79228151 
  1.610000e+00  8.31082013 18.79228151 
  1.612500e+00  8.31082013 18.79228151 
  1.615000e+00  8.31082013 18.79228151 
  1.617500e+00  8.31082013 18.79228151 
  1.620000e+00  8.31082013 18.79228151 
  1.622500e+00  8.31082013 18.79228151 
  1.625000e+00  8.31082013 18.79228151 
  1.627500e+00  8.31082013 18.79228150 
  1.630000e+00  8.31082013 18.79228150 
  1.632500e+00  8.31082013 18.79228150 
  1.635000e+00  8.31082013 18.79228150 
  1.637500e+00  8.31082013 18.79228150 
  1.640000e+00  8.31082013 18.79228150 
  1.642500e+00  8.31082013 18.79228150 
  1.645000e+00  8.31082013 18.79228150 
  1.647500e+00  8.31082013 18.79228150 
  1.650000e+00  8.31082013 18.79228150 
  1.652500e+00  8.31082013 18.79228150 
  1.655000e+00  8.31082013 18.79228150 
  1.657500e+00  8.31082013 18.79228150 
  1.660000e+00  8.31082013 18.79228150 
  1.662500e+00  8.31082013 18.79228150 
  1.665000e+00  8.31082013 18.79228150 
  1.667500e+00  8.31082013 18.79228150 
  1.670000e+00  8.31082013 18.79228150 
  1.672500e+00  8.31082013 18.79228150 
  1.675000e+00  8.31082013 18.79228150 
  1.677500e+00  8.31082013 18.79228150 
  1.680000e+00  8.31082013 18.79228150 
  1.682500e+00  8.31082013 18.79228150 
  1.685000e+00  8.31082013 18.79228150 
  1.687500e+00  8.31082013 18.79228150 
  1.690000e+00  8.31082013 18.79228150 
  1.692500e+00  8.31082013 18.79228150 
  1.695000e+00  8.31082013 18.79228150 
  1.697500e+00  8.31082013 18.79228150 
  1.700000e+00  8.31082013 18.79228150 
  1.702500e+00  8.31082013 18.79228150 
  1.705000e+00  8.31082013 18.79228150 
  1.707500e+00  8.31082013 18.79228150 
  1.710000e+00  8.31082013 18.79228150 
  1.712500e+00  8.31082013 18.79228150 
  1.715000e+00  8.31082013 18.79228150 
  1.717500e+00  8.31082013 18.79228150 
  1.720000e+00  8.31082013 18.79228150 
  1.722500e+00  8.31082013 18.79228150 
  1.725000e+00  8.31082013 18.79228150 
  1.727500e+00  8.31082013 18.79228150 
  1.730000e+00  8.31082013 18.79228150 
  1.732500e+00  8.31082013 18.79228150 
  1.735000e+00  8.31082013 18.79228150 
  1.737500e+00  8.31082013 18.79228150 
  1.740000e+00  8.31082013 18.79228150 
  1.742500e+00  8.31082013 18.79228150 
  1.745000e+00  8.31082013 18.79228150 
  1.747500e+00  8.31082013 18.79228150 
  1.750000e+00  8.31082013 18.79228150 
  1.752500e+00  8.31082013 18.79228150 
  1.755000e+00  8.31082013 18.79228150 
  1.757500e+00  8.31082013 18.79228150 
  1.760000e+00  8.31082013 18.79228150 
  1.762500e+00  8.31082013 18.79228150 
  1.765000e+00  8.31082013 18.79228150 
  1.767500e+00  8.31082013 18.79228150 
  1.770000e+00  8.31082013 18.79228150 
  1.772500e+00  8.31082013 18.79228150 
  1.775000e+00  8.31082013 18.79228150 
  1.777500e+00  8.31082013 18.79228150 
  1.780000e+00  8.31082013 18.79228150 
  1.782500e+00  8.31082013 18.79228150 
  1.785000e+00  8.31082013 18.79228150 
  1.787500e+00  8.31082013 18.79228150 
  1.790000e+00  8.31082013 18.79228150 
  1.792500e+00  8.31082013 18.79228150 
  1.795000e+00  8.31082013 18.79228150 
  1.797500e+00  8.31082013 18.79228150 
  1.800000e+00  8.31082013 18.79228149 
  1.802500e+00  8.31082013 18.79228149 
  1.805000e+00  8.31082013 18.79228149 
  1.807500e+00  8.31082013 18.79228149 
  1.810000e+00  8.31082013 18.79228149 
  1.812500e+00  8.31082013 18.79228149 
  1.815000e+00  8.31082013 18.79228149 
  1.817500e+00  8.31082013 18.79228149 
  1.820000e+00  8.31082013 18.79228149 
  1.822500e+00  8.31082013 18.79228149 
  1.825000e+00  8.31082013 18.79228149 
  1.827500e+00  8.31082013 18.79228149 
  1.830000e+00  8.31082013 18.79228149 
  1.832500e+00  8.31082013 18.79228149 
  1.835000e+00  8.31082013 18.79228149 
  1.837500e+00  8.31082013 18.79228149 
  1.840000e+00  8.31082013 18.79228149 
  1.842500e+00  8.31082013 18.79228149 
  1.845000e+00  8.31082013 18.79228149 
  1.847500e+00  8.31082013 18.79228149 
  1.850000e+00  8.31082013 18.79228149 
  1.852500e+00  8.31082013 18.79228149 
  1.855000e+00  8.31082013 18.79228149 
  1.857500e+00  8.31082013 18.79228149 
  1.860000e+00  8.31082013 18.79228149 
  1.862500e+00  8.31082013 18.79228149 
  1.865000e+00  8.31082013 18.79228149 
  1.867500e+00  8.31082013 18.79228149 
  1.870000e+00  8.31082013 18.79228149 
  1.872500e+00  8.31082013 18.79228149 
  1.875000e+00  8.31082013 18.79228149 
  1.877500e+00  8.31082013 18.79228149 
  1.880000e+00  8.31082013 18.79228149 
  1.882500e+00  8.31082013 18.79228149 
  1.885000e+00  8.31082013 18.79228149 
  1.887500e+00  8.31082013 18.79228149 
  1.890000e+00  8.31082013 18.79228149 
  1.892500e+00  8.31082013 18.79228149 
  1.895000e+00  8.31082013 18.79228149 
  1.897500e+00  8.31082013 18.79228149 
  1.900000e+00  8.31082013 18.79228149 
  1.902500e+00  8.31082013 18.79228149 
  1.905000e+00  8.31082013 18.79228149 
  1.907500e+00  8.31082013 18.79228149 
  1.910000e+00  8.31082013 18.79228149 
  1.912500e+00  8.31082013 18.79228149 
  1.915000e+00  8.31082013 18.79228149 
  1.917500e+00  8.31082013 18.79228149 
  1.920000e+00  8.31082013 18.79228149 
  1.922500e+00  8.31082013 18.79228149 
  1.925000e+00  8.31082013 18.79228149 
  1.927500e+00  8.31082013 18.79228149 
  1.930000e+00  8.31082013 18.79228149 
  1.932500e+00  8.31082013 18.79228149 
  1.935000e+00  8.31082013 18.79228149 
  1.937500e+00  8.31082013 18.79228149 
  1.940000e+00  8.31082013 18.79228149 
  1.942500e+00  8.31082013 18.79228149 
  1.945000e+00  8.31082013 18.79228149 
  1.947500e+00  8.31082013 18.79228149 
  1.950000e+00  8.31082013 18.79228149 
  1.952500e+00  8.31082013 18.79228149 
  1.955000e+00  8.31082013 18.79228149 
  1.957500e+00  8.31082013 18.79228149 
  1.960000e+00  8.31082013 18.79228149 
  1.962500e+00  8.31082013 18.79228149 
  1.965000e+00  8.31082013 18.79228149 
  1.967500e+00  8.31082013 18.79228149 
  1.970000e+00  8.31082013 18.79228149 
  1.972500e+00  8.31082013 18.79228149 
  1.975000e+00  8.31082013 18.79228148 
  1.977500e+00  8.31082013 18.79228148 
  1.980000e+00  8.31082013 18.79228148 
  1.982500e+00  8.31082013 18.79228148 
  1.985000e+00  8.31082013 18.79228148 
  1.987500e+00  8.31082013 18.79228148 
  1.990000e+00  8.31082013 18.79228148 
  1.992500e+00  8.31082013 18.79228148 
  1.995000e+00  8.31082013 18.79228148 
  1.997500e+00  8.31082013 18.79228148 
  2.000000e+00  8.31082013 18.79228148 
