  1.000000e-02  8.31082013 18.79370321 
  1.500000e-02  8.31082013 18.79263648 
  2.000000e-02  8.31082013 18.79251621 
  2.500000e-02  8.31082013 18.79230190 
  3.000000e-02  8.31082013 18.79203611 
  3.500000e-02  8.31082013 18.79195429 
  4.000000e-02  8.31082013 18.79308340 
  4.500000e-02  8.31082013 18.79217120 
  5.000000e-02  8.31082013 18.79206558 
  5.500000e-02  8.31082013 18.79213921 
  6.000000e-02  8.31082013 18.79231090 
  6.500000e-02  8.31082013 18.79264683 
  7.000000e-02  8.31082013 18.79239289 
  7.500000e-02  8.31082013 18.79290861 
  8.000000e-02  8.31082013 18.79236874 
  8.500000e-02  8.31082013 18.79185663 
  9.000000e-02  8.31082013 18.79190639 
  9.500000e-02  8.31082013 18.79184588 
  1.000000e-01  8.31082013 18.79201498 
  1.050000e-01  8.31082013 18.79194115 
  1.100000e-01  8.31082013 18.79211457 
  1.150000e-01  8.31082013 18.79229067 
  1.200000e-01  8.31082013 18.79243995 
  1.250000e-01  8.31082013 18.79256962 
  1.300000e-01  8.31082013 18.79225328 
  1.350000e-01  8.31082013 18.79224479 
  1.400000e-01  8.31082013 18.79236304 
  1.450000e-01  8.31082013 18.79255573 
  1.500000e-01  8.31082013 18.79233582 
  1.550000e-01  8.31082013 18.79249561 
  1.600000e-01  8.31082013 18.79281737 
  1.650000e-01  8.31082013 18.79207095 
  1.700000e-01  8.31082013 18.79169423 
  1.750000e-01  8.31082013 18.79205360 
  1.800000e-01  8.31082013 18.79211404 
  1.850000e-01  8.31082013 18.79203404 
  1.900000e-01  8.31082013 18.79212251 
  1.950000e-01  8.31082013 18.79224750 
  2.000000e-01  8.31082013 18.79238214 
  2.050000e-01  8.31082013 18.79252689 
  2.100000e-01  8.31082013 18.79268985 
  2.150000e-01  8.31082013 18.79224127 
  2.200000e-01  8.31082013 18.79194400 
  2.250000e-01  8.31082013 18.79179260 
  2.300000e-01  8.31082013 18.79211500 
  2.350000e-01  8.31082013 18.79220737 
  2.400000e-01  8.31082013 18.79221434 
  2.450000e-01  8.31082013 18.79217950 
  2.500000e-01  8.31082013 18.79211174 
  2.550000e-01  8.31082013 18.79216696 
  2.600000e-01  8.31082013 18.79224739 
  2.650000e-01  8.31082013 18.79233368 
  2.700000e-01  8.31082013 18.79242751 
  2.750000e-01  8.31082013 18.79253750 
  2.800000e-01  8.31082013 18.79250002 
  2.850000e-01  8.31082013 18.79245068 
  2.900000e-01  8.31082013 18.79240666 
  2.950000e-01  8.31082013 18.79236489 
  3.000000e-01  8.31082013 18.79232007 
  3.050000e-01  8.31082013 18.79226642 
  3.100000e-01  8.31082013 18.79219797 
  3.150000e-01  8.31082013 18.79224265 
  3.200000e-01  8.31082013 18.79230116 
  3.250000e-01  8.31082013 18.79235701 
  3.300000e-01  8.31082013 18.79241161 
  3.350000e-01  8.31082013 18.79247008 
  3.400000e-01  8.31082013 18.79253957 
  3.450000e-01  8.31082013 18.79252411 
  3.500000e-01  8.31082013 18.79250011 
  3.550000e-01  8.31082013 18.79247988 
  3.600000e-01  8.31082013 18.79246347 
  3.650000e-01  8.31082013 18.79244914 
  3.700000e-01  8.31082013 18.79243446 
  3.750000e-01  8.31082013 18.79241568 
  3.800000e-01  8.31082013 18.79242465 
  3.850000e-01  8.31082013 18.79243532 
  3.900000e-01  8.31082013 18.79244538 
  3.950000e-01  8.31082013 18.79245586 
  4.000000e-01  8.31082013 18.79246875 
  4.050000e-01  8.31082013 18.79248754 
  4.100000e-01  8.31082013 18.79247991 
  4.150000e-01  8.31082013 18.79247145 
  4.200000e-01  8.31082013 18.79246415 
  4.250000e-01  8.31082013 18.79245777 
  4.300000e-01  8.31082013 18.79245132 
  4.350000e-01  8.31082013 18.79244367 
  4.400000e-01  8.31082013 18.79243488 
  4.450000e-01  8.31082013 18.79242322 
  4.500000e-01  8.31082013 18.79241941 
  4.550000e-01  8.31082013 18.79241820 
  4.600000e-01  8.31082013 18.79241784 
  4.650000e-01  8.31082013 18.79241777 
  4.700000e-01  8.31082013 18.79241778 
  4.750000e-01  8.31082013 18.79241783 
  4.800000e-01  8.31082013 18.79240925 
  4.850000e-01  8.31082013 18.79239994 
  4.900000e-01  8.31082013 18.79239106 
  4.950000e-01  8.31082013 18.79238238 
  5.000000e-01  8.31082013 18.79237344 
  5.050000e-01  8.31082013 18.79236377 
  5.100000e-01  8.31082013 18.79235290 
  5.150000e-01  8.31082013 18.79233990 
  5.200000e-01  8.31082013 18.79233563 
  5.250000e-01  8.31082013 18.79233427 
  5.300000e-01  8.31082013 18.79233387 
  5.350000e-01  8.31082013 18.79233378 
  5.400000e-01  8.31082013 18.79233380 
  5.450000e-01  8.31082013 18.79233385 
  5.500000e-01  8.31082013 18.79233391 
  5.550000e-01  8.31082013 18.79233396 
  5.600000e-01  8.31082013 18.79233401 
  5.650000e-01  8.31082013 18.79233406 
  5.700000e-01  8.31082013 18.79233409 
  5.750000e-01  8.31082013 18.79233412 
  5.800000e-01  8.31082013 18.79233415 
  5.850000e-01  8.31082013 18.79233417 
  5.900000e-01  8.31082013 18.79233419 
  5.950000e-01  8.31082013 18.79233420 
  6.000000e-01  8.31082013 18.79233421 
  6.050000e-01  8.31082013 18.79233422 
  6.100000e-01  8.31082013 18.79233423 
  6.150000e-01  8.31082013 18.79233424 
  6.200000e-01  8.31082013 18.79233425 
  6.250000e-01  8.31082013 18.79233426 
  6.300000e-01  8.31082013 18.79233427 
  6.350000e-01  8.31082013 18.79233428 
  6.400000e-01  8.31082013 18.79233429 
  6.450000e-01  8.31082013 18.79233430 
  6.500000e-01  8.31082013 18.79233431 
  6.550000e-01  8.31082013 18.79233432 
  6.600000e-01  8.31082013 18.79233433 
  6.650000e-01  8.31082013 18.79233434 
  6.700000e-01  8.31082013 18.79233435 
  6.750000e-01  8.31082013 18.79233436 
  6.800000e-01  8.31082013 18.79233437 
  6.850000e-01  8.31082013 18.79233438 
  6.900000e-01  8.31082013 18.79233439 
  6.950000e-01  8.31082013 18.79233440 
  7.000000e-01  8.31082013 18.79233440 
  7.050000e-01  8.31082013 18.79233441 
  7.100000e-01  8.31082013 18.79233442 
  7.150000e-01  8.31082013 18.79233443 
  7.200000e-01  8.31082013 18.79233443 
  7.250000e-01  8.31082013 18.79233444 
  7.300000e-01  8.31082013 18.79233445 
  7.350000e-01  8.31082013 18.79233446 
  7.400000e-01  8.31082013 18.79233446 
  7.450000e-01  8.31082013 18.79233447 
  7.500000e-01  8.31082013 18.79233447 
  7.550000e-01  8.31082013 18.79233448 
  7.600000e-01  8.31082013 18.79233448 
  7.650000e-01  8.31082013 18.79233449 
  7.700000e-01  8.31082013 18.79233449 
  7.750000e-01  8.31082013 18.79233450 
  7.800000e-01  8.31082013 18.79233450 
  7.850000e-01  8.31082013 18.79233450 
  7.900000e-01  8.31082013 18.79233450 
  7.950000e-01  8.31082013 18.79233451 
  8.000000e-01  8.31082013 18.79233451 
  8.050000e-01  8.31082013 18.79233451 
  8.100000e-01  8.31082013 18.79233451 
  8.150000e-01  8.31082013 18.79233451 
  8.200000e-01  8.31082013 18.79233451 
  8.250000e-01  8.31082013 18.79233452 
  8.300000e-01  8.31082013 18.79233452 
  8.350000e-01  8.31082013 18.79233452 
  8.400000e-01  8.31082013 18.79233452 
  8.450000e-01  8.31082013 18.79233452 
  8.500000e-01  8.31082013 18.79233452 
  8.550000e-01  8.31082013 18.79233452 
  8.600000e-01  8.31082013 18.79233452 
  8.650000e-01  8.31082013 18.79233452 
  8.700000e-01  8.31082013 18.79233452 
  8.750000e-01  8.31082013 18.79233452 
  8.800000e-01  8.31082013 18.79233452 
  8.850000e-01  8.31082013 18.79233452 
  8.900000e-01  8.31082013 18.79233453 
  8.950000e-01  8.31082013 18.79233453 
  9.000000e-01  8.31082013 18.79233453 
  9.050000e-01  8.31082013 18.79233453 
  9.100000e-01  8.31082013 18.79233453 
  9.150000e-01  8.31082013 18.79233453 
  9.200000e-01  8.31082013 18.79233453 
  9.250000e-01  8.31082013 18.79233453 
  9.300000e-01  8.31082013 18.79233453 
  9.350000e-01  8.31082013 18.79233453 
  9.400000e-01  8.31082013 18.79233453 
  9.450000e-01  8.31082013 18.79233453 
  9.500000e-01  8.31082013 18.79233453 
  9.550000e-01  8.31082013 18.79233453 
  9.600000e-01  8.31082013 18.79233453 
  9.650000e-01  8.31082013 18.79233454 
  9.700000e-01  8.31082013 18.79233454 
  9.750000e-01  8.31082013 18.79233454 
  9.800000e-01  8.31082013 18.79233454 
  9.850000e-01  8.31082013 18.79233454 
  9.900000e-01  8.31082013 18.79233454 
  9.950000e-01  8.31082013 18.79233454 
  1.000000e+00  8.31082013 18.79233454 
  1.005000e+00  8.31082013 18.79233454 
  1.010000e+00  8.31082013 18.79233454 
  1.015000e+00  8.31082013 18.79233454 
  1.020000e+00  8.31082013 18.79233454 
  1.025000e+00  8.31082013 18.79233454 
  1.030000e+00  8.31082013 18.79233454 
  1.035000e+00  8.31082013 18.79233454 
  1.040000e+00  8.31082013 18.79233454 
  1.045000e+00  8.31082013 18.79233454 
  1.050000e+00  8.31082013 18.79233454 
  1.055000e+00  8.31082013 18.79233454 
  1.060000e+00  8.31082013 18.79233454 
  1.065000e+00  8.31082013 18.79233454 
  1.070000e+00  8.31082013 18.79233454 
  1.075000e+00  8.31082013 18.79233454 
  1.080000e+00  8.31082013 18.79233454 
  1.085000e+00  8.31082013 18.79233454 
  1.090000e+00  8.31082013 18.79233454 
  1.095000e+00  8.31082013 18.79233454 
  1.100000e+00  8.31082013 18.79233454 
  1.105000e+00  8.31082013 18.79233454 
  1.110000e+00  8.31082013 18.79233454 
  1.115000e+00  8.31082013 18.79233454 
  1.120000e+00  8.31082013 18.79233454 
  1.125000e+00  8.31082013 18.79233454 
  1.130000e+00  8.31082013 18.79233454 
  1.135000e+00  8.31082013 18.79233454 
  1.140000e+00  8.31082013 18.79233454 
  1.145000e+00  8.31082013 18.79233454 
  1.150000e+00  8.31082013 18.79233454 
  1.155000e+00  8.31082013 18.79233454 
  1.160000e+00  8.31082013 18.79233454 
  1.165000e+00  8.31082013 18.79233454 
  1.170000e+00  8.31082013 18.79233454 
  1.175000e+00  8.31082013 18.79233454 
  1.180000e+00  8.31082013 18.79233454 
  1.185000e+00  8.31082013 18.79233454 
  1.190000e+00  8.31082013 18.79233454 
  1.195000e+00  8.31082013 18.79233454 
  1.200000e+00  8.31082013 18.79233454 
  1.205000e+00  8.31082013 18.79233454 
  1.210000e+00  8.31082013 18.79233454 
  1.215000e+00  8.31082013 18.79233454 
  1.220000e+00  8.31082013 18.79233454 
  1.225000e+00  8.31082013 18.79233454 
  1.230000e+00  8.31082013 18.79233454 
  1.235000e+00  8.31082013 18.79233454 
  1.240000e+00  8.31082013 18.79233454 
  1.245000e+00  8.31082013 18.79233454 
  1.250000e+00  8.31082013 18.79233454 
  1.255000e+00  8.31082013 18.79233454 
  1.260000e+00  8.31082013 18.79233454 
  1.265000e+00  8.31082013 18.79233454 
  1.270000e+00  8.31082013 18.79233454 
  1.275000e+00  8.31082013 18.79233454 
  1.280000e+00  8.31082013 18.79233454 
  1.285000e+00  8.31082013 18.79233454 
  1.290000e+00  8.31082013 18.79233454 
  1.295000e+00  8.31082013 18.79233454 
  1.300000e+00  8.31082013 18.79233454 
  1.305000e+00  8.31082013 18.79233454 
  1.310000e+00  8.31082013 18.79233454 
  1.315000e+00  8.31082013 18.79233454 
  1.320000e+00  8.31082013 18.79233454 
  1.325000e+00  8.31082013 18.79233454 
  1.330000e+00  8.31082013 18.79233454 
  1.335000e+00  8.31082013 18.79233454 
  1.340000e+00  8.31082013 18.79233454 
  1.345000e+00  8.31082013 18.79233454 
  1.350000e+00  8.31082013 18.79233454 
  1.355000e+00  8.31082013 18.79233454 
  1.360000e+00  8.31082013 18.79233454 
  1.365000e+00  8.31082013 18.79233454 
  1.370000e+00  8.31082013 18.79233454 
  1.375000e+00  8.31082013 18.79233454 
  1.380000e+00  8.31082013 18.79233454 
  1.385000e+00  8.31082013 18.79233454 
  1.390000e+00  8.31082013 18.79233454 
  1.395000e+00  8.31082013 18.79233454 
  1.400000e+00  8.31082013 18.79233454 
  1.405000e+00  8.31082013 18.79233454 
  1.410000e+00  8.31082013 18.79233454 
  1.415000e+00  8.31082013 18.79233454 
  1.420000e+00  8.31082013 18.79233454 
  1.425000e+00  8.31082013 18.79233454 
  1.430000e+00  8.31082013 18.79233454 
  1.435000e+00  8.31082013 18.79233454 
  1.440000e+00  8.31082013 18.79233454 
  1.445000e+00  8.31082013 18.79233454 
  1.450000e+00  8.31082013 18.79233454 
  1.455000e+00  8.31082013 18.79233454 
  1.460000e+00  8.31082013 18.79233454 
  1.465000e+00  8.31082013 18.79233454 
  1.470000e+00  8.31082013 18.79233454 
  1.475000e+00  8.31082013 18.79233454 
  1.480000e+00  8.31082013 18.79233454 
  1.485000e+00  8.31082013 18.79233454 
  1.490000e+00  8.31082013 18.79233454 
  1.495000e+00  8.31082013 18.79233454 
  1.500000e+00  8.31082013 18.79233454 
  1.505000e+00  8.31082013 18.79233454 
  1.510000e+00  8.31082013 18.79233454 
  1.515000e+00  8.31082013 18.79233454 
  1.520000e+00  8.31082013 18.79233454 
  1.525000e+00  8.31082013 18.79233454 
  1.530000e+00  8.31082013 18.79233454 
  1.535000e+00  8.31082013 18.79233454 
  1.540000e+00  8.31082013 18.79233453 
  1.545000e+00  8.31082013 18.79233453 
  1.550000e+00  8.31082013 18.79233453 
  1.555000e+00  8.31082013 18.79233453 
  1.560000e+00  8.31082013 18.79233453 
  1.565000e+00  8.31082013 18.79233453 
  1.570000e+00  8.31082013 18.79233453 
  1.575000e+00  8.31082013 18.79233453 
  1.580000e+00  8.31082013 18.79233453 
  1.585000e+00  8.31082013 18.79233453 
  1.590000e+00  8.31082013 18.79233453 
  1.595000e+00  8.31082013 18.79233453 
  1.600000e+00  8.31082013 18.79233453 
  1.605000e+00  8.31082013 18.79233453 
  1.610000e+00  8.31082013 18.79233453 
  1.615000e+00  8.31082013 18.79233453 
  1.620000e+00  8.31082013 18.79233453 
  1.625000e+00  8.31082013 18.79233453 
  1.630000e+00  8.31082013 18.79233453 
  1.635000e+00  8.31082013 18.79233453 
  1.640000e+00  8.31082013 18.79233453 
  1.645000e+00  8.31082013 18.79233453 
  1.650000e+00  8.31082013 18.79233453 
  1.655000e+00  8.31082013 18.79233453 
  1.660000e+00  8.31082013 18.79233453 
  1.665000e+00  8.31082013 18.79233453 
  1.670000e+00  8.31082013 18.79233453 
  1.675000e+00  8.31082013 18.79233453 
  1.680000e+00  8.31082013 18.79233453 
  1.685000e+00  8.31082013 18.79233453 
  1.690000e+00  8.31082013 18.79233453 
  1.695000e+00  8.31082013 18.79233453 
  1.700000e+00  8.31082013 18.79233453 
  1.705000e+00  8.31082013 18.79233453 
  1.710000e+00  8.31082013 18.79233453 
  1.715000e+00  8.31082013 18.79233453 
  1.720000e+00  8.31082013 18.79233453 
  1.725000e+00  8.31082013 18.79233453 
  1.730000e+00  8.31082013 18.79233453 
  1.735000e+00  8.31082013 18.79233453 
  1.740000e+00  8.31082013 18.79233453 
  1.745000e+00  8.31082013 18.79233452 
  1.750000e+00  8.31082013 18.79233452 
  1.755000e+00  8.31082013 18.79233452 
  1.760000e+00  8.31082013 18.79233452 
  1.765000e+00  8.31082013 18.79233452 
  1.770000e+00  8.31082013 18.79233452 
  1.775000e+00  8.31082013 18.79233452 
  1.780000e+00  8.31082013 18.79233452 
  1.785000e+00  8.31082013 18.79233452 
  1.790000e+00  8.31082013 18.79233452 
  1.795000e+00  8.31082013 18.79233452 
  1.800000e+00  8.31082013 18.79233452 
  1.805000e+00  8.31082013 18.79233452 
  1.810000e+00  8.31082013 18.79233452 
  1.815000e+00  8.31082013 18.79233452 
  1.820000e+00  8.31082013 18.79233452 
  1.825000e+00  8.31082013 18.79233452 
  1.830000e+00  8.31082013 18.79233452 
  1.835000e+00  8.31082013 18.79233452 
  1.840000e+00  8.31082013 18.79233452 
  1.845000e+00  8.31082013 18.79233452 
  1.850000e+00  8.31082013 18.79233452 
  1.855000e+00  8.31082013 18.79233452 
  1.860000e+00  8.31082013 18.79233452 
  1.865000e+00  8.31082013 18.79233452 
  1.870000e+00  8.31082013 18.79233452 
  1.875000e+00  8.31082013 18.79233452 
  1.880000e+00  8.31082013 18.79233452 
  1.885000e+00  8.31082013 18.79233452 
  1.890000e+00  8.31082013 18.79233452 
  1.895000e+00  8.31082013 18.79233452 
  1.900000e+00  8.31082013 18.79233452 
  1.905000e+00  8.31082013 18.79233452 
  1.910000e+00  8.31082013 18.79233452 
  1.915000e+00  8.31082013 18.79233452 
  1.920000e+00  8.31082013 18.79233452 
  1.925000e+00  8.31082013 18.79233452 
  1.930000e+00  8.31082013 18.79233452 
  1.935000e+00  8.31082013 18.79233452 
  1.940000e+00  8.31082013 18.79233451 
  1.945000e+00  8.31082013 18.79233451 
  1.950000e+00  8.31082013 18.79233451 
  1.955000e+00  8.31082013 18.79233451 
  1.960000e+00  8.31082013 18.79233451 
  1.965000e+00  8.31082013 18.79233451 
  1.970000e+00  8.31082013 18.79233451 
  1.975000e+00  8.31082013 18.79233451 
  1.980000e+00  8.31082013 18.79233451 
  1.985000e+00  8.31082013 18.79233451 
  1.990000e+00  8.31082013 18.79233451 
  1.995000e+00  8.31082013 18.79233451 
  2.000000e+00  8.31082013 18.79233451 
