  0.000000e+00  20.882712  20.882712
  5.000000e-03  18.961784  18.743309
  1.000000e-02  17.115487  17.954310  
  1.500000e-02  15.930200  17.455491  
  2.000000e-02  15.326117  17.003745  
  2.500000e-02  14.993789  16.501663  
  3.000000e-02  14.634931  15.939076  
  3.500000e-02  14.086887  15.344296  
  4.000000e-02  13.327367  14.738404  
  4.500000e-02  12.423156  14.129917  
  5.000000e-02  11.486687  13.528455  
  5.500000e-02  10.644083  12.944761  
  6.000000e-02  9.984606  12.375967  
  6.500000e-02  9.508899  11.812745  
  7.000000e-02  9.144821  11.265894  
  7.500000e-02  8.816222  10.757295  
  8.000000e-02  8.488138  10.301186  
  8.500000e-02  8.168870  9.901274  
  9.000000e-02  7.884834  9.550078  
  9.500000e-02  7.653486  9.234960  
  1.000000e-01  7.475519  8.947822  
  1.050000e-01  7.342717  8.687006  
  1.100000e-01  7.245664  8.452876  
  1.150000e-01  7.175891  8.244955  
  1.200000e-01  7.126210  8.062024  
  1.250000e-01  7.091265  7.902394  
  1.300000e-01  7.067277  7.763544  
  1.350000e-01  7.050836  7.642186  
  1.400000e-01  7.038071  7.534973  
  1.450000e-01  7.024913  7.439134  
  1.500000e-01  7.007926  7.352537  
  1.550000e-01  6.984845  7.273410  
  1.600000e-01  6.954535  7.200103  
  1.650000e-01  6.916650  7.131073  
  1.700000e-01  6.871341  7.065002  
  1.750000e-01  6.819165  7.000916  
  1.800000e-01  6.761128  6.938198  
  1.850000e-01  6.698679  6.876516  
  1.900000e-01  6.633597  6.815726  
  1.950000e-01  6.567765  6.755787  
  2.000000e-01  6.502932  6.696726  
  2.050000e-01  6.440536  6.638629  
  2.100000e-01  6.381618  6.581638  
  2.150000e-01  6.326834  6.525948  
  2.200000e-01  6.276515  6.471789  
  2.250000e-01  6.230744  6.419403  
  2.300000e-01  6.189425  6.369025  
  2.350000e-01  6.152345  6.320859  
  2.400000e-01  6.119204  6.275064  
  2.450000e-01  6.089653  6.231753  
  2.500000e-01  6.063311  6.190980  
  2.550000e-01  6.039775  6.152745  
  2.600000e-01  6.018635  6.116992  
  2.650000e-01  5.999476  6.083613  
  2.700000e-01  5.981882  6.052460  
  2.750000e-01  5.965445  6.023352  
  2.800000e-01  5.949777  5.996086  
  2.850000e-01  5.934523  5.970453  
  2.900000e-01  5.919380  5.946244  
  2.950000e-01  5.904107  5.923257  
  3.000000e-01  5.888532  5.901305  
  3.050000e-01  5.872550  5.880211  
  3.100000e-01  5.856112  5.859819  
  3.150000e-01  5.839218  5.839986  
  3.200000e-01  5.821898  5.820591  
  3.250000e-01  5.804211  5.801534  
  3.300000e-01  5.786232  5.782739  
  3.350000e-01  5.768056  5.764152  
  3.400000e-01  5.749794  5.745739  
  3.450000e-01  5.731567  5.727487  
  3.500000e-01  5.713506  5.709401  
  3.550000e-01  5.695735  5.691492  
  3.600000e-01  5.678369  5.673783  
  3.650000e-01  5.661494  5.656297  
  3.700000e-01  5.645167  5.639059  
  3.750000e-01  5.629409  5.622092  
  3.800000e-01  5.614206  5.605415  
  3.850000e-01  5.599519  5.589042  
  3.900000e-01  5.585287  5.572981  
  3.950000e-01  5.571441  5.557236  
  4.000000e-01  5.557911  5.541804  
  4.050000e-01  5.544633  5.526677  
  4.100000e-01  5.531554  5.511843  
  4.150000e-01  5.518634  5.497287  
  4.200000e-01  5.505844  5.482994  
  4.250000e-01  5.493168  5.468948  
  4.300000e-01  5.480602  5.455133  
  4.350000e-01  5.468148  5.441537  
  4.400000e-01  5.455815  5.428150  
  4.450000e-01  5.443620  5.414966  
  4.500000e-01  5.431584  5.401982  
  4.550000e-01  5.419729  5.389199  
  4.600000e-01  5.408080  5.376619  
  4.650000e-01  5.396663  5.364247  
  4.700000e-01  5.385499  5.352091  
  4.750000e-01  5.374607  5.340155  
  4.800000e-01  5.364002  5.328449  
  4.850000e-01  5.353690  5.316977  
  4.900000e-01  5.343676  5.305746  
  4.950000e-01  5.333954  5.294759  
  5.000000e-01  5.324516  5.284020  
  5.050000e-01  5.315349  5.273527  
  5.100000e-01  5.306440  5.263282  
  5.150000e-01  5.297772  5.253282  
  5.200000e-01  5.289329  5.243523  
  5.250000e-01  5.281097  5.234001  
  5.300000e-01  5.273063  5.224710  
  5.350000e-01  5.265214  5.215645  
  5.400000e-01  5.257544  5.206800  
  5.450000e-01  5.250044  5.198168  
  5.500000e-01  5.242710  5.189743  
  5.550000e-01  5.235538  5.181518  
  5.600000e-01  5.228526  5.173489  
  5.650000e-01  5.221672  5.165650  
  5.700000e-01  5.214974  5.157995  
  5.750000e-01  5.208432  5.150520  
  5.800000e-01  5.202043  5.143221  
  5.850000e-01  5.195806  5.136093  
  5.900000e-01  5.189719  5.129133  
  5.950000e-01  5.183781  5.122338  
  6.000000e-01  5.177989  5.115704  
  6.050000e-01  5.172343  5.109228  
  6.100000e-01  5.166838  5.102908  
  6.150000e-01  5.161475  5.096742  
  6.200000e-01  5.156251  5.090726  
  6.250000e-01  5.151164  5.084859  
  6.300000e-01  5.146213  5.079138  
  6.350000e-01  5.141396  5.073562  
  6.400000e-01  5.136712  5.068128  
  6.450000e-01  5.132160  5.062835  
  6.500000e-01  5.127737  5.057680  
  6.550000e-01  5.123444  5.052663  
  6.600000e-01  5.119278  5.047781  
  6.650000e-01  5.115238  5.043034  
  6.700000e-01  5.111323  5.038419  
  6.750000e-01  5.107531  5.033935  
  6.800000e-01  5.103862  5.029580  
  6.850000e-01  5.100313  5.025354  
  6.900000e-01  5.096882  5.021254  
  6.950000e-01  5.093569  5.017279  
  7.000000e-01  5.090370  5.013427  
  7.050000e-01  5.087285  5.009697  
  7.100000e-01  5.084310  5.006087  
  7.150000e-01  5.081444  5.002594  
  7.200000e-01  5.078684  4.999218  
  7.250000e-01  5.076027  4.995956  
  7.300000e-01  5.073472  4.992805  
  7.350000e-01  5.071016  4.989765  
  7.400000e-01  5.068656  4.986832  
  7.450000e-01  5.066390  4.984005  
  7.500000e-01  5.064214  4.981280  
  7.550000e-01  5.062126  4.978656  
  7.600000e-01  5.060123  4.976130  
  7.650000e-01  5.058203  4.973699  
  7.700000e-01  5.056361  4.971360  
  7.750000e-01  5.054596  4.969112  
  7.800000e-01  5.052905  4.966951  
  7.850000e-01  5.051283  4.964874  
  7.900000e-01  5.049729  4.962879  
  7.950000e-01  5.048240  4.960964  
  8.000000e-01  5.046812  4.959124  
  8.050000e-01  5.045443  4.957358  
  8.100000e-01  5.044131  4.955662  
  8.150000e-01  5.042872  4.954035  
  8.200000e-01  5.041664  4.952473  
  8.250000e-01  5.040505  4.950974  
  8.300000e-01  5.039393  4.949535  
  8.350000e-01  5.038324  4.948153  
  8.400000e-01  5.037298  4.946827  
  8.450000e-01  5.036312  4.945554  
  8.500000e-01  5.035365  4.944332  
  8.550000e-01  5.034453  4.943158  
  8.600000e-01  5.033576  4.942030  
  8.650000e-01  5.032732  4.940946  
  8.700000e-01  5.031918  4.939904  
  8.750000e-01  5.031134  4.938902  
  8.800000e-01  5.030378  4.937939  
  8.850000e-01  5.029649  4.937011  
  8.900000e-01  5.028944  4.936119  
  8.950000e-01  5.028263  4.935259  
  9.000000e-01  5.027604  4.934430  
  9.050000e-01  5.026967  4.933631  
  9.100000e-01  5.026349  4.932860  
  9.150000e-01  5.025750  4.932116  
  9.200000e-01  5.025169  4.931397  
  9.250000e-01  5.024604  4.930702  
  9.300000e-01  5.024056  4.930030  
  9.350000e-01  5.023522  4.929379  
  9.400000e-01  5.023003  4.928749  
  9.450000e-01  5.022497  4.928138  
  9.500000e-01  5.022003  4.927546  
  9.550000e-01  5.021522  4.926971  
  9.600000e-01  5.021052  4.926412  
  9.650000e-01  5.020593  4.925869  
  9.700000e-01  5.020145  4.925341  
  9.750000e-01  5.019706  4.924827  
  9.800000e-01  5.019276  4.924326  
  9.850000e-01  5.018855  4.923837  
  9.900000e-01  5.018443  4.923361  
  9.950000e-01  5.018038  4.922896  
  1.000000e+00  5.017641  4.922442  
  1.005000e+00  5.017251  4.921997  
  1.010000e+00  5.016868  4.921563  
  1.015000e+00  5.016492  4.921138  
  1.020000e+00  5.016122  4.920721  
  1.025000e+00  5.015758  4.920313  
  1.030000e+00  5.015400  4.919913  
  1.035000e+00  5.015047  4.919520  
  1.040000e+00  5.014699  4.919135  
  1.045000e+00  5.014357  4.918756  
  1.050000e+00  5.014019  4.918385  
  1.055000e+00  5.013686  4.918019  
  1.060000e+00  5.013358  4.917659  
  1.065000e+00  5.013034  4.917305  
  1.070000e+00  5.012714  4.916957  
  1.075000e+00  5.012398  4.916614  
  1.080000e+00  5.012086  4.916276  
  1.085000e+00  5.011778  4.915943  
  1.090000e+00  5.011474  4.915615  
  1.095000e+00  5.011174  4.915291  
  1.100000e+00  5.010877  4.914972  
  1.105000e+00  5.010583  4.914657  
  1.110000e+00  5.010293  4.914346  
  1.115000e+00  5.010006  4.914039  
  1.120000e+00  5.009723  4.913736  
  1.125000e+00  5.009442  4.913437  
  1.130000e+00  5.009165  4.913141  
  1.135000e+00  5.008890  4.912849  
  1.140000e+00  5.008619  4.912561  
  1.145000e+00  5.008350  4.912275  
  1.150000e+00  5.008084  4.911993  
  1.155000e+00  5.007821  4.911715  
  1.160000e+00  5.007561  4.911439  
  1.165000e+00  5.007303  4.911166  
  1.170000e+00  5.007048  4.910897  
  1.175000e+00  5.006796  4.910630  
  1.180000e+00  5.006546  4.910366  
  1.185000e+00  5.006299  4.910105  
  1.190000e+00  5.006054  4.909847  
  1.195000e+00  5.005812  4.909591  
  1.200000e+00  5.005572  4.909339  
  1.205000e+00  5.005335  4.909088  
  1.210000e+00  5.005100  4.908841  
  1.215000e+00  5.004867  4.908596  
  1.220000e+00  5.004636  4.908353  
  1.225000e+00  5.004408  4.908113  
  1.230000e+00  5.004182  4.907875  
  1.235000e+00  5.003958  4.907640  
  1.240000e+00  5.003737  4.907407  
  1.245000e+00  5.003517  4.907176  
  1.250000e+00  5.003300  4.906948  
  1.255000e+00  5.003085  4.906722  
  1.260000e+00  5.002872  4.906498  
  1.265000e+00  5.002661  4.906276  
  1.270000e+00  5.002452  4.906056  
  1.275000e+00  5.002245  4.905839  
  1.280000e+00  5.002040  4.905624  
  1.285000e+00  5.001837  4.905411  
  1.290000e+00  5.001635  4.905199  
  1.295000e+00  5.001436  4.904990  
  1.300000e+00  5.001239  4.904783  
  1.305000e+00  5.001043  4.904578  
  1.310000e+00  5.000850  4.904375  
  1.315000e+00  5.000658  4.904174  
  1.320000e+00  5.000468  4.903975  
  1.325000e+00  5.000280  4.903777  
  1.330000e+00  5.000094  4.903582  
  1.335000e+00  4.999909  4.903388  
  1.340000e+00  4.999726  4.903197  
  1.345000e+00  4.999545  4.903007  
  1.350000e+00  4.999366  4.902819  
  1.355000e+00  4.999188  4.902632  
  1.360000e+00  4.999012  4.902448  
  1.365000e+00  4.998838  4.902265  
  1.370000e+00  4.998665  4.902084  
  1.375000e+00  4.998494  4.901904  
  1.380000e+00  4.998324  4.901727  
  1.385000e+00  4.998156  4.901551  
  1.390000e+00  4.997989  4.901376  
  1.395000e+00  4.997825  4.901203  
  1.400000e+00  4.997661  4.901032  
  1.405000e+00  4.997499  4.900863  
  1.410000e+00  4.997339  4.900695  
  1.415000e+00  4.997180  4.900528  
  1.420000e+00  4.997023  4.900363  
  1.425000e+00  4.996867  4.900200  
  1.430000e+00  4.996712  4.900038  
  1.435000e+00  4.996559  4.899878  
  1.440000e+00  4.996407  4.899719  
  1.445000e+00  4.996257  4.899561  
  1.450000e+00  4.996108  4.899405  
  1.455000e+00  4.995960  4.899251  
  1.460000e+00  4.995814  4.899098  
  1.465000e+00  4.995669  4.898946  
  1.470000e+00  4.995525  4.898796  
  1.475000e+00  4.995383  4.898647  
  1.480000e+00  4.995242  4.898499  
  1.485000e+00  4.995102  4.898353  
  1.490000e+00  4.994964  4.898208  
  1.495000e+00  4.994826  4.898064  
  1.500000e+00  4.994690  4.897922  
  1.505000e+00  4.994555  4.897781  
  1.510000e+00  4.994422  4.897641  
  1.515000e+00  4.994289  4.897502  
  1.520000e+00  4.994158  4.897365  
  1.525000e+00  4.994028  4.897229  
  1.530000e+00  4.993899  4.897094  
  1.535000e+00  4.993771  4.896961  
  1.540000e+00  4.993645  4.896828  
  1.545000e+00  4.993519  4.896697  
  1.550000e+00  4.993395  4.896567  
  1.555000e+00  4.993271  4.896438  
  1.560000e+00  4.993149  4.896310  
  1.565000e+00  4.993028  4.896183  
  1.570000e+00  4.992908  4.896058  
  1.575000e+00  4.992789  4.895934  
  1.580000e+00  4.992671  4.895810  
  1.585000e+00  4.992554  4.895688  
  1.590000e+00  4.992438  4.895567  
  1.595000e+00  4.992323  4.895447  
  1.600000e+00  4.992209  4.895328  
  1.605000e+00  4.992096  4.895210  
  1.610000e+00  4.991984  4.895093  
  1.615000e+00  4.991873  4.894977  
  1.620000e+00  4.991763  4.894862  
  1.625000e+00  4.991654  4.894748  
  1.630000e+00  4.991546  4.894635  
  1.635000e+00  4.991438  4.894523  
  1.640000e+00  4.991332  4.894412  
  1.645000e+00  4.991227  4.894302  
  1.650000e+00  4.991122  4.894193  
  1.655000e+00  4.991018  4.894084  
  1.660000e+00  4.990916  4.893977  
  1.665000e+00  4.990814  4.893871  
  1.670000e+00  4.990713  4.893765  
  1.675000e+00  4.990613  4.893661  
  1.680000e+00  4.990513  4.893557  
  1.685000e+00  4.990415  4.893455  
  1.690000e+00  4.990317  4.893353  
  1.695000e+00  4.990220  4.893252  
  1.700000e+00  4.990124  4.893152  
  1.705000e+00  4.990029  4.893052  
  1.710000e+00  4.989935  4.892954  
  1.715000e+00  4.989841  4.892856  
  1.720000e+00  4.989748  4.892759  
  1.725000e+00  4.989656  4.892663  
  1.730000e+00  4.989565  4.892568  
  1.735000e+00  4.989474  4.892474  
  1.740000e+00  4.989385  4.892380  
  1.745000e+00  4.989296  4.892287  
  1.750000e+00  4.989207  4.892195  
  1.755000e+00  4.989120  4.892104  
  1.760000e+00  4.989033  4.892013  
  1.765000e+00  4.988947  4.891924  
  1.770000e+00  4.988861  4.891835  
  1.775000e+00  4.988776  4.891746  
  1.780000e+00  4.988692  4.891659  
  1.785000e+00  4.988609  4.891572  
  1.790000e+00  4.988526  4.891486  
  1.795000e+00  4.988444  4.891400  
  1.800000e+00  4.988363  4.891315  
  1.805000e+00  4.988282  4.891231  
  1.810000e+00  4.988202  4.891148  
  1.815000e+00  4.988123  4.891065  
  1.820000e+00  4.988044  4.890983  
  1.825000e+00  4.987966  4.890902  
  1.830000e+00  4.987889  4.890821  
  1.835000e+00  4.987812  4.890741  
  1.840000e+00  4.987735  4.890662  
  1.845000e+00  4.987660  4.890583  
  1.850000e+00  4.987585  4.890505  
  1.855000e+00  4.987510  4.890428  
  1.860000e+00  4.987437  4.890351  
  1.865000e+00  4.987363  4.890274  
  1.870000e+00  4.987291  4.890199  
  1.875000e+00  4.987219  4.890124  
  1.880000e+00  4.987147  4.890049  
  1.885000e+00  4.987076  4.889976  
  1.890000e+00  4.987006  4.889902  
  1.895000e+00  4.986936  4.889830  
  1.900000e+00  4.986867  4.889758  
  1.905000e+00  4.986798  4.889686  
  1.910000e+00  4.986730  4.889615  
  1.915000e+00  4.986662  4.889545  
  1.920000e+00  4.986595  4.889475  
  1.925000e+00  4.986528  4.889406  
  1.930000e+00  4.986462  4.889337  
  1.935000e+00  4.986396  4.889269  
  1.940000e+00  4.986331  4.889201  
  1.945000e+00  4.986267  4.889134  
  1.950000e+00  4.986203  4.889067  
  1.955000e+00  4.986139  4.889001  
  1.960000e+00  4.986076  4.888936  
  1.965000e+00  4.986014  4.888871  
  1.970000e+00  4.985951  4.888806  
  1.975000e+00  4.985890  4.888742  
  1.980000e+00  4.985829  4.888678  
  1.985000e+00  4.985768  4.888615  
  1.990000e+00  4.985708  4.888553  
  1.995000e+00  4.985648  4.888491  
  2.000000e+00  4.985589  4.888429  
  2.005000e+00  4.985530  4.888368  
  2.010000e+00  4.985471  4.888307  
  2.015000e+00  4.985413  4.888247  
  2.020000e+00  4.985356  4.888187  
  2.025000e+00  4.985299  4.888128  
  2.030000e+00  4.985242  4.888069  
  2.035000e+00  4.985186  4.888010  
  2.040000e+00  4.985130  4.887952  
  2.045000e+00  4.985075  4.887895  
  2.050000e+00  4.985020  4.887838  
  2.055000e+00  4.984965  4.887781  
  2.060000e+00  4.984911  4.887725  
  2.065000e+00  4.984857  4.887669  
  2.070000e+00  4.984804  4.887614  
  2.075000e+00  4.984751  4.887559  
  2.080000e+00  4.984698  4.887504  
  2.085000e+00  4.984646  4.887450  
  2.090000e+00  4.984594  4.887396  
  2.095000e+00  4.984543  4.887343  
  2.100000e+00  4.984492  4.887290  
  2.105000e+00  4.984441  4.887237  
  2.110000e+00  4.984391  4.887185  
  2.115000e+00  4.984341  4.887134  
  2.120000e+00  4.984292  4.887082  
  2.125000e+00  4.984242  4.887031  
  2.130000e+00  4.984194  4.886980  
  2.135000e+00  4.984145  4.886930  
  2.140000e+00  4.984097  4.886880  
  2.145000e+00  4.984049  4.886831  
  2.150000e+00  4.984002  4.886782  
  2.155000e+00  4.983955  4.886733  
  2.160000e+00  4.983908  4.886684  
  2.165000e+00  4.983862  4.886636  
  2.170000e+00  4.983816  4.886589  
  2.175000e+00  4.983770  4.886541  
  2.180000e+00  4.983725  4.886494  
  2.185000e+00  4.983680  4.886447  
  2.190000e+00  4.983635  4.886401  
  2.195000e+00  4.983591  4.886355  
  2.200000e+00  4.983547  4.886309  
  2.205000e+00  4.983503  4.886264  
  2.210000e+00  4.983459  4.886219  
  2.215000e+00  4.983416  4.886174  
  2.220000e+00  4.983374  4.886130  
  2.225000e+00  4.983331  4.886086  
  2.230000e+00  4.983289  4.886042  
  2.235000e+00  4.983247  4.885999  
  2.240000e+00  4.983205  4.885956  
  2.245000e+00  4.983164  4.885913  
  2.250000e+00  4.983123  4.885870  
  2.255000e+00  4.983082  4.885828  
  2.260000e+00  4.983042  4.885786  
  2.265000e+00  4.983002  4.885745  
  2.270000e+00  4.982962  4.885703  
  2.275000e+00  4.982922  4.885662  
  2.280000e+00  4.982883  4.885622  
  2.285000e+00  4.982844  4.885581  
  2.290000e+00  4.982805  4.885541  
  2.295000e+00  4.982767  4.885501  
  2.300000e+00  4.982728  4.885462  
  2.305000e+00  4.982691  4.885422  
  2.310000e+00  4.982653  4.885383  
  2.315000e+00  4.982615  4.885344  
  2.320000e+00  4.982578  4.885306  
  2.325000e+00  4.982541  4.885268  
  2.330000e+00  4.982505  4.885230  
  2.335000e+00  4.982468  4.885192  
  2.340000e+00  4.982432  4.885155  
  2.345000e+00  4.982396  4.885118  
  2.350000e+00  4.982361  4.885081  
  2.355000e+00  4.982325  4.885044  
  2.360000e+00  4.982290  4.885008  
  2.365000e+00  4.982255  4.884972  
  2.370000e+00  4.982221  4.884936  
  2.375000e+00  4.982186  4.884900  
  2.380000e+00  4.982152  4.884865  
  2.385000e+00  4.982118  4.884830  
  2.390000e+00  4.982084  4.884795  
  2.395000e+00  4.982051  4.884760  
  2.400000e+00  4.982018  4.884726  
  2.405000e+00  4.981985  4.884691  
  2.410000e+00  4.981952  4.884657  
  2.415000e+00  4.981919  4.884624  
  2.420000e+00  4.981887  4.884590  
  2.425000e+00  4.981855  4.884557  
  2.430000e+00  4.981823  4.884524  
  2.435000e+00  4.981791  4.884491  
  2.440000e+00  4.981760  4.884459  
  2.445000e+00  4.981728  4.884426  
  2.450000e+00  4.981697  4.884394  
  2.455000e+00  4.981666  4.884362  
  2.460000e+00  4.981636  4.884331  
  2.465000e+00  4.981605  4.884299  
  2.470000e+00  4.981575  4.884268  
  2.475000e+00  4.981545  4.884237  
  2.480000e+00  4.981515  4.884206  
  2.485000e+00  4.981486  4.884175  
  2.490000e+00  4.981456  4.884145  
  2.495000e+00  4.981427  4.884115  
  2.500000e+00  4.981398  4.884085  
  2.505000e+00  4.981369  4.884055  
  2.510000e+00  4.981340  4.884025  
  2.515000e+00  4.981312  4.883996  
  2.520000e+00  4.981284  4.883966  
  2.525000e+00  4.981256  4.883937  
  2.530000e+00  4.981228  4.883909  
  2.535000e+00  4.981200  4.883880  
  2.540000e+00  4.981172  4.883851  
  2.545000e+00  4.981145  4.883823  
  2.550000e+00  4.981118  4.883795  
  2.555000e+00  4.981091  4.883767  
  2.560000e+00  4.981064  4.883739  
  2.565000e+00  4.981038  4.883712  
  2.570000e+00  4.981011  4.883685  
  2.575000e+00  4.980985  4.883657  
  2.580000e+00  4.980959  4.883630  
  2.585000e+00  4.980933  4.883604  
  2.590000e+00  4.980907  4.883577  
  2.595000e+00  4.980881  4.883551  
  2.600000e+00  4.980856  4.883524  
  2.605000e+00  4.980831  4.883498  
  2.610000e+00  4.980806  4.883472  
  2.615000e+00  4.980781  4.883446  
  2.620000e+00  4.980756  4.883421  
  2.625000e+00  4.980731  4.883395  
  2.630000e+00  4.980707  4.883370  
  2.635000e+00  4.980683  4.883345  
  2.640000e+00  4.980658  4.883320  
  2.645000e+00  4.980634  4.883295  
  2.650000e+00  4.980611  4.883271  
  2.655000e+00  4.980587  4.883246  
  2.660000e+00  4.980563  4.883222  
  2.665000e+00  4.980540  4.883198  
  2.670000e+00  4.980517  4.883174  
  2.675000e+00  4.980494  4.883150  
  2.680000e+00  4.980471  4.883126  
  2.685000e+00  4.980448  4.883103  
  2.690000e+00  4.980425  4.883080  
  2.695000e+00  4.980403  4.883056  
  2.700000e+00  4.980381  4.883033  
  2.705000e+00  4.980358  4.883010  
  2.710000e+00  4.980336  4.882988  
  2.715000e+00  4.980314  4.882965  
  2.720000e+00  4.980293  4.882942  
  2.725000e+00  4.980271  4.882920  
  2.730000e+00  4.980250  4.882898  
  2.735000e+00  4.980228  4.882876  
  2.740000e+00  4.980207  4.882854  
  2.745000e+00  4.980186  4.882832  
  2.750000e+00  4.980165  4.882811  
  2.755000e+00  4.980144  4.882789  
  2.760000e+00  4.980123  4.882768  
  2.765000e+00  4.980103  4.882746  
  2.770000e+00  4.980082  4.882725  
  2.775000e+00  4.980062  4.882704  
  2.780000e+00  4.980042  4.882684  
  2.785000e+00  4.980022  4.882663  
  2.790000e+00  4.980002  4.882642  
  2.795000e+00  4.979982  4.882622  
  2.800000e+00  4.979963  4.882602  
  2.805000e+00  4.979943  4.882581  
  2.810000e+00  4.979924  4.882561  
  2.815000e+00  4.979904  4.882542  
  2.820000e+00  4.979885  4.882522  
  2.825000e+00  4.979866  4.882502  
  2.830000e+00  4.979847  4.882483  
  2.835000e+00  4.979828  4.882463  
  2.840000e+00  4.979810  4.882444  
  2.845000e+00  4.979791  4.882425  
  2.850000e+00  4.979772  4.882406  
  2.855000e+00  4.979754  4.882387  
  2.860000e+00  4.979736  4.882368  
  2.865000e+00  4.979718  4.882349  
  2.870000e+00  4.979700  4.882331  
  2.875000e+00  4.979682  4.882312  
  2.880000e+00  4.979664  4.882294  
  2.885000e+00  4.979646  4.882275  
  2.890000e+00  4.979629  4.882257  
  2.895000e+00  4.979611  4.882239  
  2.900000e+00  4.979594  4.882221  
  2.905000e+00  4.979577  4.882204  
  2.910000e+00  4.979560  4.882186  
  2.915000e+00  4.979543  4.882168  
  2.920000e+00  4.979526  4.882151  
  2.925000e+00  4.979509  4.882134  
  2.930000e+00  4.979492  4.882116  
  2.935000e+00  4.979475  4.882099  
  2.940000e+00  4.979459  4.882082  
  2.945000e+00  4.979442  4.882065  
  2.950000e+00  4.979426  4.882048  
  2.955000e+00  4.979410  4.882032  
  2.960000e+00  4.979394  4.882015  
  2.965000e+00  4.979378  4.881998  
  2.970000e+00  4.979362  4.881982  
  2.975000e+00  4.979346  4.881966  
  2.980000e+00  4.979330  4.881950  
  2.985000e+00  4.979315  4.881933  
  2.990000e+00  4.979299  4.881917  
  2.995000e+00  4.979284  4.881901  
  3.000000e+00  4.979268  4.881886  
  3.005000e+00  4.979253  4.881870  
  3.010000e+00  4.979238  4.881854  
  3.015000e+00  4.979223  4.881839  
  3.020000e+00  4.979208  4.881823  
  3.025000e+00  4.979193  4.881808  
  3.030000e+00  4.979178  4.881793  
  3.035000e+00  4.979163  4.881778  
  3.040000e+00  4.979149  4.881762  
  3.045000e+00  4.979134  4.881747  
  3.050000e+00  4.979120  4.881733  
  3.055000e+00  4.979106  4.881718  
  3.060000e+00  4.979091  4.881703  
  3.065000e+00  4.979077  4.881688  
  3.070000e+00  4.979063  4.881674  
  3.075000e+00  4.979049  4.881659  
  3.080000e+00  4.979035  4.881645  
  3.085000e+00  4.979021  4.881631  
  3.090000e+00  4.979007  4.881617  
  3.095000e+00  4.978994  4.881603  
  3.100000e+00  4.978980  4.881589  
  3.105000e+00  4.978967  4.881575  
  3.110000e+00  4.978953  4.881561  
  3.115000e+00  4.978940  4.881547  
  3.120000e+00  4.978927  4.881533  
  3.125000e+00  4.978913  4.881520  
  3.130000e+00  4.978900  4.881506  
  3.135000e+00  4.978887  4.881493  
  3.140000e+00  4.978874  4.881479  
  3.145000e+00  4.978861  4.881466  
  3.150000e+00  4.978848  4.881453  
  3.155000e+00  4.978836  4.881440  
  3.160000e+00  4.978823  4.881427  
  3.165000e+00  4.978811  4.881414  
  3.170000e+00  4.978798  4.881401  
  3.175000e+00  4.978786  4.881388  
  3.180000e+00  4.978773  4.881375  
  3.185000e+00  4.978761  4.881363  
  3.190000e+00  4.978749  4.881350  
  3.195000e+00  4.978737  4.881338  
  3.200000e+00  4.978724  4.881325  
  3.205000e+00  4.978712  4.881313  
  3.210000e+00  4.978701  4.881301  
  3.215000e+00  4.978689  4.881288  
  3.220000e+00  4.978677  4.881276  
  3.225000e+00  4.978665  4.881264  
  3.230000e+00  4.978654  4.881252  
  3.235000e+00  4.978642  4.881240  
  3.240000e+00  4.978630  4.881228  
  3.245000e+00  4.978619  4.881217  
  3.250000e+00  4.978608  4.881205  
  3.255000e+00  4.978596  4.881193  
  3.260000e+00  4.978585  4.881182  
  3.265000e+00  4.978574  4.881170  
  3.270000e+00  4.978563  4.881159  
  3.275000e+00  4.978552  4.881147  
  3.280000e+00  4.978541  4.881136  
  3.285000e+00  4.978530  4.881125  
  3.290000e+00  4.978519  4.881113  
  3.295000e+00  4.978508  4.881102  
  3.300000e+00  4.978497  4.881091  
  3.305000e+00  4.978487  4.881080  
  3.310000e+00  4.978476  4.881069  
  3.315000e+00  4.978466  4.881059  
  3.320000e+00  4.978455  4.881048  
  3.325000e+00  4.978445  4.881037  
  3.330000e+00  4.978434  4.881026  
  3.335000e+00  4.978424  4.881016  
  3.340000e+00  4.978414  4.881005  
  3.345000e+00  4.978404  4.880995  
  3.350000e+00  4.978393  4.880984  
  3.355000e+00  4.978383  4.880974  
  3.360000e+00  4.978373  4.880964  
  3.365000e+00  4.978363  4.880953  
  3.370000e+00  4.978354  4.880943  
  3.375000e+00  4.978344  4.880933  
  3.380000e+00  4.978334  4.880923  
  3.385000e+00  4.978324  4.880913  
  3.390000e+00  4.978315  4.880903  
  3.395000e+00  4.978305  4.880893  
  3.400000e+00  4.978295  4.880883  
  3.405000e+00  4.978286  4.880874  
  3.410000e+00  4.978276  4.880864  
  3.415000e+00  4.978267  4.880854  
  3.420000e+00  4.978258  4.880845  
  3.425000e+00  4.978248  4.880835  
  3.430000e+00  4.978239  4.880825  
  3.435000e+00  4.978230  4.880816  
  3.440000e+00  4.978221  4.880807  
  3.445000e+00  4.978212  4.880797  
  3.450000e+00  4.978203  4.880788  
  3.455000e+00  4.978194  4.880779  
  3.460000e+00  4.978185  4.880770  
  3.465000e+00  4.978176  4.880760  
  3.470000e+00  4.978167  4.880751  
  3.475000e+00  4.978158  4.880742  
  3.480000e+00  4.978150  4.880733  
  3.485000e+00  4.978141  4.880725  
  3.490000e+00  4.978132  4.880716  
  3.495000e+00  4.978124  4.880707  
  3.500000e+00  4.978115  4.880698  
  3.505000e+00  4.978107  4.880689  
  3.510000e+00  4.978098  4.880681  
  3.515000e+00  4.978090  4.880672  
  3.520000e+00  4.978082  4.880664  
  3.525000e+00  4.978073  4.880655  
  3.530000e+00  4.978065  4.880647  
  3.535000e+00  4.978057  4.880638  
  3.540000e+00  4.978049  4.880630  
  3.545000e+00  4.978041  4.880621  
  3.550000e+00  4.978033  4.880613  
  3.555000e+00  4.978025  4.880605  
  3.560000e+00  4.978017  4.880597  
  3.565000e+00  4.978009  4.880589  
  3.570000e+00  4.978001  4.880580  
  3.575000e+00  4.977993  4.880572  
  3.580000e+00  4.977985  4.880564  
  3.585000e+00  4.977978  4.880556  
  3.590000e+00  4.977970  4.880549  
  3.595000e+00  4.977962  4.880541  
  3.600000e+00  4.977955  4.880533  
  3.605000e+00  4.977947  4.880525  
  3.610000e+00  4.977940  4.880517  
  3.615000e+00  4.977932  4.880510  
  3.620000e+00  4.977925  4.880502  
  3.625000e+00  4.977917  4.880494  
  3.630000e+00  4.977910  4.880487  
  3.635000e+00  4.977903  4.880479  
  3.640000e+00  4.977895  4.880472  
  3.645000e+00  4.977888  4.880464  
  3.650000e+00  4.977881  4.880457  
  3.655000e+00  4.977874  4.880450  
  3.660000e+00  4.977867  4.880442  
  3.665000e+00  4.977860  4.880435  
  3.670000e+00  4.977853  4.880428  
  3.675000e+00  4.977846  4.880421  
  3.680000e+00  4.977839  4.880414  
  3.685000e+00  4.977832  4.880406  
  3.690000e+00  4.977825  4.880399  
  3.695000e+00  4.977818  4.880392  
  3.700000e+00  4.977811  4.880385  
  3.705000e+00  4.977805  4.880378  
  3.710000e+00  4.977798  4.880371  
  3.715000e+00  4.977791  4.880365  
  3.720000e+00  4.977785  4.880358  
  3.725000e+00  4.977778  4.880351  
  3.730000e+00  4.977771  4.880344  
  3.735000e+00  4.977765  4.880338  
  3.740000e+00  4.977758  4.880331  
  3.745000e+00  4.977752  4.880324  
  3.750000e+00  4.977745  4.880318  
  3.755000e+00  4.977739  4.880311  
  3.760000e+00  4.977733  4.880304  
  3.765000e+00  4.977726  4.880298  
  3.770000e+00  4.977720  4.880292  
  3.775000e+00  4.977714  4.880285  
  3.780000e+00  4.977708  4.880279  
  3.785000e+00  4.977701  4.880272  
  3.790000e+00  4.977695  4.880266  
  3.795000e+00  4.977689  4.880260  
  3.800000e+00  4.977683  4.880253  
  3.805000e+00  4.977677  4.880247  
  3.810000e+00  4.977671  4.880241  
  3.815000e+00  4.977665  4.880235  
  3.820000e+00  4.977659  4.880229  
  3.825000e+00  4.977653  4.880223  
  3.830000e+00  4.977647  4.880217  
  3.835000e+00  4.977642  4.880211  
  3.840000e+00  4.977636  4.880205  
  3.845000e+00  4.977630  4.880199  
  3.850000e+00  4.977624  4.880193  
  3.855000e+00  4.977618  4.880187  
  3.860000e+00  4.977613  4.880181  
  3.865000e+00  4.977607  4.880175  
  3.870000e+00  4.977601  4.880170  
  3.875000e+00  4.977596  4.880164  
  3.880000e+00  4.977590  4.880158  
  3.885000e+00  4.977585  4.880152  
  3.890000e+00  4.977579  4.880147  
  3.895000e+00  4.977574  4.880141  
  3.900000e+00  4.977568  4.880136  
  3.905000e+00  4.977563  4.880130  
  3.910000e+00  4.977558  4.880124  
  3.915000e+00  4.977552  4.880119  
  3.920000e+00  4.977547  4.880113  
  3.925000e+00  4.977542  4.880108  
  3.930000e+00  4.977536  4.880103  
  3.935000e+00  4.977531  4.880097  
  3.940000e+00  4.977526  4.880092  
  3.945000e+00  4.977521  4.880087  
  3.950000e+00  4.977516  4.880081  
  3.955000e+00  4.977510  4.880076  
  3.960000e+00  4.977505  4.880071  
  3.965000e+00  4.977500  4.880065  
  3.970000e+00  4.977495  4.880060  
  3.975000e+00  4.977490  4.880055  
  3.980000e+00  4.977485  4.880050  
  3.985000e+00  4.977480  4.880045  
  3.990000e+00  4.977475  4.880040  
  3.995000e+00  4.977470  4.880035  
  4.000000e+00  4.977466  4.880030  
