  0.000000e+00  4.16089267 9.71469432 
  2.500000e-03  4.16089267 9.71727701 
  5.000000e-03  4.16089267 9.71857390 
  7.500000e-03  4.16089267 9.71929686 
  1.000000e-02  4.16089267 9.71979454 
  1.250000e-02  4.16089267 9.72021678 
  1.500000e-02  4.16089267 9.72060431 
  1.750000e-02  4.16089267 9.72093719 
  2.000000e-02  4.16089267 9.72118932 
  2.250000e-02  4.16089267 9.72135145 
  2.500000e-02  4.16089267 9.72142695 
  2.750000e-02  4.16089267 9.72142564 
  3.000000e-02  4.16089267 9.72136780 
  3.250000e-02  4.16089267 9.72128968 
  3.500000e-02  4.16089267 9.72123373 
  3.750000e-02  4.16089267 9.72122421 
  4.000000e-02  4.16089267 9.72125543 
  4.250000e-02  4.16089267 9.72130572 
  4.500000e-02  4.16089267 9.72135650 
  4.750000e-02  4.16089267 9.72139919 
  5.000000e-02  4.16089267 9.72143298 
  5.250000e-02  4.16089267 9.72146051 
  5.500000e-02  4.16089267 9.72148448 
  5.750000e-02  4.16089267 9.72150616 
  6.000000e-02  4.16089267 9.72152552 
  6.250000e-02  4.16089267 9.72154222 
  6.500000e-02  4.16089267 9.72155614 
  6.750000e-02  4.16089267 9.72156748 
  7.000000e-02  4.16089267 9.72157664 
  7.250000e-02  4.16089267 9.72158404 
  7.500000e-02  4.16089267 9.72159012 
  7.750000e-02  4.16089267 9.72159526 
  8.000000e-02  4.16089267 9.72159971 
  8.250000e-02  4.16089267 9.72160367 
  8.500000e-02  4.16089267 9.72160722 
  8.750000e-02  4.16089267 9.72161042 
  9.000000e-02  4.16089267 9.72161327 
  9.250000e-02  4.16089267 9.72161577 
  9.500000e-02  4.16089267 9.72161792 
  9.750000e-02  4.16089267 9.72161970 
  1.000000e-01  4.16089267 9.72162112 
  1.025000e-01  4.16089267 9.72162221 
  1.050000e-01  4.16089267 9.72162301 
  1.075000e-01  4.16089267 9.72162359 
  1.100000e-01  4.16089267 9.72162399 
  1.125000e-01  4.16089267 9.72162426 
  1.150000e-01  4.16089267 9.72162445 
  1.175000e-01  4.16089267 9.72162459 
  1.200000e-01  4.16089267 9.72162470 
  1.225000e-01  4.16089267 9.72162480 
  1.250000e-01  4.16089267 9.72162488 
  1.275000e-01  4.16089267 9.72162497 
  1.300000e-01  4.16089267 9.72162505 
  1.325000e-01  4.16089267 9.72162512 
  1.350000e-01  4.16089267 9.72162518 
  1.375000e-01  4.16089267 9.72162524 
  1.400000e-01  4.16089267 9.72162527 
  1.425000e-01  4.16089267 9.72162530 
  1.450000e-01  4.16089267 9.72162532 
  1.475000e-01  4.16089267 9.72162533 
  1.500000e-01  4.16089267 9.72162533 
  1.525000e-01  4.16089267 9.72162533 
  1.550000e-01  4.16089267 9.72162533 
  1.575000e-01  4.16089267 9.72162532 
  1.600000e-01  4.16089267 9.72162531 
  1.625000e-01  4.16089267 9.72162529 
  1.650000e-01  4.16089267 9.72162527 
  1.675000e-01  4.16089267 9.72162525 
  1.700000e-01  4.16089267 9.72162523 
  1.725000e-01  4.16089267 9.72162520 
  1.750000e-01  4.16089267 9.72162518 
  1.775000e-01  4.16089267 9.72162516 
  1.800000e-01  4.16089267 9.72162513 
  1.825000e-01  4.16089267 9.72162511 
  1.850000e-01  4.16089267 9.72162508 
  1.875000e-01  4.16089267 9.72162506 
  1.900000e-01  4.16089267 9.72162503 
  1.925000e-01  4.16089267 9.72162500 
  1.950000e-01  4.16089267 9.72162498 
  1.975000e-01  4.16089267 9.72162495 
  2.000000e-01  4.16089267 9.72162492 
  2.025000e-01  4.16089267 9.72162488 
  2.050000e-01  4.16089267 9.72162485 
  2.075000e-01  4.16089267 9.72162482 
  2.100000e-01  4.16089267 9.72162480 
  2.125000e-01  4.16089267 9.72162477 
  2.150000e-01  4.16089267 9.72162474 
  2.175000e-01  4.16089267 9.72162471 
  2.200000e-01  4.16089267 9.72162469 
  2.225000e-01  4.16089267 9.72162466 
  2.250000e-01  4.16089267 9.72162464 
  2.275000e-01  4.16089267 9.72162461 
  2.300000e-01  4.16089267 9.72162459 
  2.325000e-01  4.16089267 9.72162457 
  2.350000e-01  4.16089267 9.72162454 
  2.375000e-01  4.16089267 9.72162452 
  2.400000e-01  4.16089267 9.72162450 
  2.425000e-01  4.16089267 9.72162447 
  2.450000e-01  4.16089267 9.72162445 
  2.475000e-01  4.16089267 9.72162443 
  2.500000e-01  4.16089267 9.72162441 
  2.525000e-01  4.16089267 9.72162438 
  2.550000e-01  4.16089267 9.72162436 
  2.575000e-01  4.16089267 9.72162434 
  2.600000e-01  4.16089267 9.72162432 
  2.625000e-01  4.16089267 9.72162429 
  2.650000e-01  4.16089267 9.72162427 
  2.675000e-01  4.16089267 9.72162425 
  2.700000e-01  4.16089267 9.72162423 
  2.725000e-01  4.16089267 9.72162420 
  2.750000e-01  4.16089267 9.72162418 
  2.775000e-01  4.16089267 9.72162416 
  2.800000e-01  4.16089267 9.72162414 
  2.825000e-01  4.16089267 9.72162411 
  2.850000e-01  4.16089267 9.72162409 
  2.875000e-01  4.16089267 9.72162407 
  2.900000e-01  4.16089267 9.72162405 
  2.925000e-01  4.16089267 9.72162403 
  2.950000e-01  4.16089267 9.72162401 
  2.975000e-01  4.16089267 9.72162398 
  3.000000e-01  4.16089267 9.72162396 
  3.025000e-01  4.16089267 9.72162394 
  3.050000e-01  4.16089267 9.72162392 
  3.075000e-01  4.16089267 9.72162390 
  3.100000e-01  4.16089267 9.72162388 
  3.125000e-01  4.16089267 9.72162386 
  3.150000e-01  4.16089267 9.72162384 
  3.175000e-01  4.16089267 9.72162382 
  3.200000e-01  4.16089267 9.72162380 
  3.225000e-01  4.16089267 9.72162378 
  3.250000e-01  4.16089267 9.72162377 
  3.275000e-01  4.16089267 9.72162375 
  3.300000e-01  4.16089267 9.72162373 
  3.325000e-01  4.16089267 9.72162371 
  3.350000e-01  4.16089267 9.72162369 
  3.375000e-01  4.16089267 9.72162367 
  3.400000e-01  4.16089267 9.72162365 
  3.425000e-01  4.16089267 9.72162364 
  3.450000e-01  4.16089267 9.72162362 
  3.475000e-01  4.16089267 9.72162360 
  3.500000e-01  4.16089267 9.72162358 
  3.525000e-01  4.16089267 9.72162357 
  3.550000e-01  4.16089267 9.72162355 
  3.575000e-01  4.16089267 9.72162353 
  3.600000e-01  4.16089267 9.72162352 
  3.625000e-01  4.16089267 9.72162350 
  3.650000e-01  4.16089267 9.72162348 
  3.675000e-01  4.16089267 9.72162347 
  3.700000e-01  4.16089267 9.72162345 
  3.725000e-01  4.16089267 9.72162343 
  3.750000e-01  4.16089267 9.72162342 
  3.775000e-01  4.16089267 9.72162340 
  3.800000e-01  4.16089267 9.72162339 
  3.825000e-01  4.16089267 9.72162337 
  3.850000e-01  4.16089267 9.72162335 
  3.875000e-01  4.16089267 9.72162334 
  3.900000e-01  4.16089267 9.72162332 
  3.925000e-01  4.16089267 9.72162331 
  3.950000e-01  4.16089267 9.72162329 
  3.975000e-01  4.16089267 9.72162328 
  4.000000e-01  4.16089267 9.72162326 
  4.025000e-01  4.16089267 9.72162325 
  4.050000e-01  4.16089267 9.72162323 
  4.075000e-01  4.16089267 9.72162322 
  4.100000e-01  4.16089267 9.72162321 
  4.125000e-01  4.16089267 9.72162319 
  4.150000e-01  4.16089267 9.72162318 
  4.175000e-01  4.16089267 9.72162316 
  4.200000e-01  4.16089267 9.72162315 
  4.225000e-01  4.16089267 9.72162314 
  4.250000e-01  4.16089267 9.72162312 
  4.275000e-01  4.16089267 9.72162311 
  4.300000e-01  4.16089267 9.72162309 
  4.325000e-01  4.16089267 9.72162308 
  4.350000e-01  4.16089267 9.72162307 
  4.375000e-01  4.16089267 9.72162305 
  4.400000e-01  4.16089267 9.72162304 
  4.425000e-01  4.16089267 9.72162303 
  4.450000e-01  4.16089267 9.72162302 
  4.475000e-01  4.16089267 9.72162300 
  4.500000e-01  4.16089267 9.72162299 
  4.525000e-01  4.16089267 9.72162298 
  4.550000e-01  4.16089267 9.72162297 
  4.575000e-01  4.16089267 9.72162296 
  4.600000e-01  4.16089267 9.72162294 
  4.625000e-01  4.16089267 9.72162293 
  4.650000e-01  4.16089267 9.72162292 
  4.675000e-01  4.16089267 9.72162291 
  4.700000e-01  4.16089267 9.72162290 
  4.725000e-01  4.16089267 9.72162289 
  4.750000e-01  4.16089267 9.72162288 
  4.775000e-01  4.16089267 9.72162286 
  4.800000e-01  4.16089267 9.72162285 
  4.825000e-01  4.16089267 9.72162284 
  4.850000e-01  4.16089267 9.72162283 
  4.875000e-01  4.16089267 9.72162282 
  4.900000e-01  4.16089267 9.72162281 
  4.925000e-01  4.16089267 9.72162280 
  4.950000e-01  4.16089267 9.72162279 
  4.975000e-01  4.16089267 9.72162278 
  5.000000e-01  4.16089267 9.72162278 
  5.025000e-01  4.16089267 9.72162277 
  5.050000e-01  4.16089267 9.72162276 
  5.075000e-01  4.16089267 9.72162275 
  5.100000e-01  4.16089267 9.72162274 
  5.125000e-01  4.16089267 9.72162273 
  5.150000e-01  4.16089267 9.72162272 
  5.175000e-01  4.16089267 9.72162272 
  5.200000e-01  4.16089267 9.72162271 
  5.225000e-01  4.16089267 9.72162270 
  5.250000e-01  4.16089267 9.72162269 
  5.275000e-01  4.16089267 9.72162269 
  5.300000e-01  4.16089267 9.72162268 
  5.325000e-01  4.16089267 9.72162267 
  5.350000e-01  4.16089267 9.72162266 
  5.375000e-01  4.16089267 9.72162266 
  5.400000e-01  4.16089267 9.72162265 
  5.425000e-01  4.16089267 9.72162265 
  5.450000e-01  4.16089267 9.72162264 
  5.475000e-01  4.16089267 9.72162263 
  5.500000e-01  4.16089267 9.72162263 
  5.525000e-01  4.16089267 9.72162262 
  5.550000e-01  4.16089267 9.72162262 
  5.575000e-01  4.16089267 9.72162261 
  5.600000e-01  4.16089267 9.72162261 
  5.625000e-01  4.16089267 9.72162260 
  5.650000e-01  4.16089267 9.72162260 
  5.675000e-01  4.16089267 9.72162259 
  5.700000e-01  4.16089267 9.72162259 
  5.725000e-01  4.16089267 9.72162258 
  5.750000e-01  4.16089267 9.72162258 
  5.775000e-01  4.16089267 9.72162258 
  5.800000e-01  4.16089267 9.72162257 
  5.825000e-01  4.16089267 9.72162257 
  5.850000e-01  4.16089267 9.72162257 
  5.875000e-01  4.16089267 9.72162256 
  5.900000e-01  4.16089267 9.72162256 
  5.925000e-01  4.16089267 9.72162256 
  5.950000e-01  4.16089267 9.72162255 
  5.975000e-01  4.16089267 9.72162255 
  6.000000e-01  4.16089267 9.72162255 
  6.025000e-01  4.16089267 9.72162255 
  6.050000e-01  4.16089267 9.72162254 
  6.075000e-01  4.16089267 9.72162254 
  6.100000e-01  4.16089267 9.72162254 
  6.125000e-01  4.16089267 9.72162254 
  6.150000e-01  4.16089267 9.72162254 
  6.175000e-01  4.16089267 9.72162253 
  6.200000e-01  4.16089267 9.72162253 
  6.225000e-01  4.16089267 9.72162253 
  6.250000e-01  4.16089267 9.72162253 
  6.275000e-01  4.16089267 9.72162253 
  6.300000e-01  4.16089267 9.72162253 
  6.325000e-01  4.16089267 9.72162253 
  6.350000e-01  4.16089267 9.72162253 
  6.375000e-01  4.16089267 9.72162252 
  6.400000e-01  4.16089267 9.72162252 
  6.425000e-01  4.16089267 9.72162252 
  6.450000e-01  4.16089267 9.72162252 
  6.475000e-01  4.16089267 9.72162252 
  6.500000e-01  4.16089267 9.72162252 
  6.525000e-01  4.16089267 9.72162252 
  6.550000e-01  4.16089267 9.72162252 
  6.575000e-01  4.16089267 9.72162252 
  6.600000e-01  4.16089267 9.72162252 
  6.625000e-01  4.16089267 9.72162252 
  6.650000e-01  4.16089267 9.72162252 
  6.675000e-01  4.16089267 9.72162252 
  6.700000e-01  4.16089267 9.72162252 
  6.725000e-01  4.16089267 9.72162252 
  6.750000e-01  4.16089267 9.72162252 
  6.775000e-01  4.16089267 9.72162252 
  6.800000e-01  4.16089267 9.72162252 
  6.825000e-01  4.16089267 9.72162252 
  6.850000e-01  4.16089267 9.72162252 
  6.875000e-01  4.16089267 9.72162252 
  6.900000e-01  4.16089267 9.72162252 
  6.925000e-01  4.16089267 9.72162252 
  6.950000e-01  4.16089267 9.72162252 
  6.975000e-01  4.16089267 9.72162252 
  7.000000e-01  4.16089267 9.72162252 
  7.025000e-01  4.16089267 9.72162252 
  7.050000e-01  4.16089267 9.72162252 
  7.075000e-01  4.16089267 9.72162252 
  7.100000e-01  4.16089267 9.72162252 
  7.125000e-01  4.16089267 9.72162252 
  7.150000e-01  4.16089267 9.72162252 
  7.175000e-01  4.16089267 9.72162252 
  7.200000e-01  4.16089267 9.72162252 
  7.225000e-01  4.16089267 9.72162252 
  7.250000e-01  4.16089267 9.72162252 
  7.275000e-01  4.16089267 9.72162252 
  7.300000e-01  4.16089267 9.72162252 
  7.325000e-01  4.16089267 9.72162252 
  7.350000e-01  4.16089267 9.72162252 
  7.375000e-01  4.16089267 9.72162252 
  7.400000e-01  4.16089267 9.72162252 
  7.425000e-01  4.16089267 9.72162252 
  7.450000e-01  4.16089267 9.72162252 
  7.475000e-01  4.16089267 9.72162252 
  7.500000e-01  4.16089267 9.72162252 
  7.525000e-01  4.16089267 9.72162252 
  7.550000e-01  4.16089267 9.72162252 
  7.575000e-01  4.16089267 9.72162252 
  7.600000e-01  4.16089267 9.72162252 
  7.625000e-01  4.16089267 9.72162252 
  7.650000e-01  4.16089267 9.72162252 
  7.675000e-01  4.16089267 9.72162252 
  7.700000e-01  4.16089267 9.72162252 
  7.725000e-01  4.16089267 9.72162252 
  7.750000e-01  4.16089267 9.72162252 
  7.775000e-01  4.16089267 9.72162252 
  7.800000e-01  4.16089267 9.72162252 
  7.825000e-01  4.16089267 9.72162252 
  7.850000e-01  4.16089267 9.72162252 
  7.875000e-01  4.16089267 9.72162252 
  7.900000e-01  4.16089267 9.72162252 
  7.925000e-01  4.16089267 9.72162252 
  7.950000e-01  4.16089267 9.72162252 
  7.975000e-01  4.16089267 9.72162252 
  8.000000e-01  4.16089267 9.72162253 
  8.025000e-01  4.16089267 9.72162253 
  8.050000e-01  4.16089267 9.72162253 
  8.075000e-01  4.16089267 9.72162253 
  8.100000e-01  4.16089267 9.72162253 
  8.125000e-01  4.16089267 9.72162253 
  8.150000e-01  4.16089267 9.72162253 
  8.175000e-01  4.16089267 9.72162253 
  8.200000e-01  4.16089267 9.72162253 
  8.225000e-01  4.16089267 9.72162253 
  8.250000e-01  4.16089267 9.72162253 
  8.275000e-01  4.16089267 9.72162253 
  8.300000e-01  4.16089267 9.72162253 
  8.325000e-01  4.16089267 9.72162253 
  8.350000e-01  4.16089267 9.72162253 
  8.375000e-01  4.16089267 9.72162253 
  8.400000e-01  4.16089267 9.72162253 
  8.425000e-01  4.16089267 9.72162253 
  8.450000e-01  4.16089267 9.72162253 
  8.475000e-01  4.16089267 9.72162253 
  8.500000e-01  4.16089267 9.72162253 
  8.525000e-01  4.16089267 9.72162253 
  8.550000e-01  4.16089267 9.72162253 
  8.575000e-01  4.16089267 9.72162253 
  8.600000e-01  4.16089267 9.72162253 
  8.625000e-01  4.16089267 9.72162253 
  8.650000e-01  4.16089267 9.72162253 
  8.675000e-01  4.16089267 9.72162253 
  8.700000e-01  4.16089267 9.72162253 
  8.725000e-01  4.16089267 9.72162253 
  8.750000e-01  4.16089267 9.72162253 
  8.775000e-01  4.16089267 9.72162253 
  8.800000e-01  4.16089267 9.72162253 
  8.825000e-01  4.16089267 9.72162253 
  8.850000e-01  4.16089267 9.72162253 
  8.875000e-01  4.16089267 9.72162253 
  8.900000e-01  4.16089267 9.72162253 
  8.925000e-01  4.16089267 9.72162253 
  8.950000e-01  4.16089267 9.72162253 
  8.975000e-01  4.16089267 9.72162253 
  9.000000e-01  4.16089267 9.72162253 
  9.025000e-01  4.16089267 9.72162253 
  9.050000e-01  4.16089267 9.72162253 
  9.075000e-01  4.16089267 9.72162253 
  9.100000e-01  4.16089267 9.72162253 
  9.125000e-01  4.16089267 9.72162253 
  9.150000e-01  4.16089267 9.72162253 
  9.175000e-01  4.16089267 9.72162253 
  9.200000e-01  4.16089267 9.72162253 
  9.225000e-01  4.16089267 9.72162253 
  9.250000e-01  4.16089267 9.72162253 
  9.275000e-01  4.16089267 9.72162252 
  9.300000e-01  4.16089267 9.72162252 
  9.325000e-01  4.16089267 9.72162252 
  9.350000e-01  4.16089267 9.72162252 
  9.375000e-01  4.16089267 9.72162252 
  9.400000e-01  4.16089267 9.72162252 
  9.425000e-01  4.16089267 9.72162252 
  9.450000e-01  4.16089267 9.72162252 
  9.475000e-01  4.16089267 9.72162252 
  9.500000e-01  4.16089267 9.72162252 
  9.525000e-01  4.16089267 9.72162252 
  9.550000e-01  4.16089267 9.72162252 
  9.575000e-01  4.16089267 9.72162252 
  9.600000e-01  4.16089267 9.72162252 
  9.625000e-01  4.16089267 9.72162252 
  9.650000e-01  4.16089267 9.72162252 
  9.675000e-01  4.16089267 9.72162252 
  9.700000e-01  4.16089267 9.72162252 
  9.725000e-01  4.16089267 9.72162252 
  9.750000e-01  4.16089267 9.72162252 
  9.775000e-01  4.16089267 9.72162252 
  9.800000e-01  4.16089267 9.72162252 
  9.825000e-01  4.16089267 9.72162252 
  9.850000e-01  4.16089267 9.72162252 
  9.875000e-01  4.16089267 9.72162252 
  9.900000e-01  4.16089267 9.72162252 
  9.925000e-01  4.16089267 9.72162252 
  9.950000e-01  4.16089267 9.72162252 
  9.975000e-01  4.16089267 9.72162252 
  1.000000e+00  4.16089267 9.72162252 
  1.002500e+00  4.16089267 9.72162252 
  1.005000e+00  4.16089267 9.72162252 
  1.007500e+00  4.16089267 9.72162252 
  1.010000e+00  4.16089267 9.72162252 
  1.012500e+00  4.16089267 9.72162252 
  1.015000e+00  4.16089267 9.72162252 
  1.017500e+00  4.16089267 9.72162252 
  1.020000e+00  4.16089267 9.72162252 
  1.022500e+00  4.16089267 9.72162252 
  1.025000e+00  4.16089267 9.72162252 
  1.027500e+00  4.16089267 9.72162252 
  1.030000e+00  4.16089267 9.72162252 
  1.032500e+00  4.16089267 9.72162252 
  1.035000e+00  4.16089267 9.72162252 
  1.037500e+00  4.16089267 9.72162252 
  1.040000e+00  4.16089267 9.72162252 
  1.042500e+00  4.16089267 9.72162252 
  1.045000e+00  4.16089267 9.72162252 
  1.047500e+00  4.16089267 9.72162252 
  1.050000e+00  4.16089267 9.72162252 
  1.052500e+00  4.16089267 9.72162252 
  1.055000e+00  4.16089267 9.72162252 
  1.057500e+00  4.16089267 9.72162252 
  1.060000e+00  4.16089267 9.72162252 
  1.062500e+00  4.16089267 9.72162252 
  1.065000e+00  4.16089267 9.72162252 
  1.067500e+00  4.16089267 9.72162252 
  1.070000e+00  4.16089267 9.72162252 
  1.072500e+00  4.16089267 9.72162252 
  1.075000e+00  4.16089267 9.72162252 
  1.077500e+00  4.16089267 9.72162252 
  1.080000e+00  4.16089267 9.72162252 
  1.082500e+00  4.16089267 9.72162252 
  1.085000e+00  4.16089267 9.72162252 
  1.087500e+00  4.16089267 9.72162252 
  1.090000e+00  4.16089267 9.72162252 
  1.092500e+00  4.16089267 9.72162252 
  1.095000e+00  4.16089267 9.72162252 
  1.097500e+00  4.16089267 9.72162252 
  1.100000e+00  4.16089267 9.72162252 
  1.102500e+00  4.16089267 9.72162252 
  1.105000e+00  4.16089267 9.72162252 
  1.107500e+00  4.16089267 9.72162252 
  1.110000e+00  4.16089267 9.72162252 
  1.112500e+00  4.16089267 9.72162252 
  1.115000e+00  4.16089267 9.72162252 
  1.117500e+00  4.16089267 9.72162252 
  1.120000e+00  4.16089267 9.72162252 
  1.122500e+00  4.16089267 9.72162252 
  1.125000e+00  4.16089267 9.72162252 
  1.127500e+00  4.16089267 9.72162252 
  1.130000e+00  4.16089267 9.72162252 
  1.132500e+00  4.16089267 9.72162252 
  1.135000e+00  4.16089267 9.72162252 
  1.137500e+00  4.16089267 9.72162252 
  1.140000e+00  4.16089267 9.72162252 
  1.142500e+00  4.16089267 9.72162252 
  1.145000e+00  4.16089267 9.72162252 
  1.147500e+00  4.16089267 9.72162252 
  1.150000e+00  4.16089267 9.72162252 
  1.152500e+00  4.16089267 9.72162252 
  1.155000e+00  4.16089267 9.72162252 
  1.157500e+00  4.16089267 9.72162252 
  1.160000e+00  4.16089267 9.72162252 
  1.162500e+00  4.16089267 9.72162252 
  1.165000e+00  4.16089267 9.72162251 
  1.167500e+00  4.16089267 9.72162251 
  1.170000e+00  4.16089267 9.72162251 
  1.172500e+00  4.16089267 9.72162251 
  1.175000e+00  4.16089267 9.72162251 
  1.177500e+00  4.16089267 9.72162251 
  1.180000e+00  4.16089267 9.72162251 
  1.182500e+00  4.16089267 9.72162251 
  1.185000e+00  4.16089267 9.72162251 
  1.187500e+00  4.16089267 9.72162251 
  1.190000e+00  4.16089267 9.72162251 
  1.192500e+00  4.16089267 9.72162251 
  1.195000e+00  4.16089267 9.72162251 
  1.197500e+00  4.16089267 9.72162251 
  1.200000e+00  4.16089267 9.72162251 
  1.202500e+00  4.16089267 9.72162251 
  1.205000e+00  4.16089267 9.72162251 
  1.207500e+00  4.16089267 9.72162251 
  1.210000e+00  4.16089267 9.72162251 
  1.212500e+00  4.16089267 9.72162251 
  1.215000e+00  4.16089267 9.72162251 
  1.217500e+00  4.16089267 9.72162251 
  1.220000e+00  4.16089267 9.72162251 
  1.222500e+00  4.16089267 9.72162251 
  1.225000e+00  4.16089267 9.72162251 
  1.227500e+00  4.16089267 9.72162251 
  1.230000e+00  4.16089267 9.72162251 
  1.232500e+00  4.16089267 9.72162251 
  1.235000e+00  4.16089267 9.72162251 
  1.237500e+00  4.16089267 9.72162251 
  1.240000e+00  4.16089267 9.72162251 
  1.242500e+00  4.16089267 9.72162251 
  1.245000e+00  4.16089267 9.72162251 
  1.247500e+00  4.16089267 9.72162251 
  1.250000e+00  4.16089267 9.72162251 
  1.252500e+00  4.16089267 9.72162251 
  1.255000e+00  4.16089267 9.72162251 
  1.257500e+00  4.16089267 9.72162251 
  1.260000e+00  4.16089267 9.72162251 
  1.262500e+00  4.16089267 9.72162251 
  1.265000e+00  4.16089267 9.72162251 
  1.267500e+00  4.16089267 9.72162251 
  1.270000e+00  4.16089267 9.72162251 
  1.272500e+00  4.16089267 9.72162251 
  1.275000e+00  4.16089267 9.72162251 
  1.277500e+00  4.16089267 9.72162251 
  1.280000e+00  4.16089267 9.72162251 
  1.282500e+00  4.16089267 9.72162251 
  1.285000e+00  4.16089267 9.72162251 
  1.287500e+00  4.16089267 9.72162251 
  1.290000e+00  4.16089267 9.72162251 
  1.292500e+00  4.16089267 9.72162251 
  1.295000e+00  4.16089267 9.72162251 
  1.297500e+00  4.16089267 9.72162251 
  1.300000e+00  4.16089267 9.72162251 
  1.302500e+00  4.16089267 9.72162251 
  1.305000e+00  4.16089267 9.72162251 
  1.307500e+00  4.16089267 9.72162251 
  1.310000e+00  4.16089267 9.72162251 
  1.312500e+00  4.16089267 9.72162251 
  1.315000e+00  4.16089267 9.72162251 
  1.317500e+00  4.16089267 9.72162251 
  1.320000e+00  4.16089267 9.72162251 
  1.322500e+00  4.16089267 9.72162251 
  1.325000e+00  4.16089267 9.72162251 
  1.327500e+00  4.16089267 9.72162251 
  1.330000e+00  4.16089267 9.72162251 
  1.332500e+00  4.16089267 9.72162251 
  1.335000e+00  4.16089267 9.72162251 
  1.337500e+00  4.16089267 9.72162251 
  1.340000e+00  4.16089267 9.72162251 
  1.342500e+00  4.16089267 9.72162251 
  1.345000e+00  4.16089267 9.72162251 
  1.347500e+00  4.16089267 9.72162251 
  1.350000e+00  4.16089267 9.72162251 
  1.352500e+00  4.16089267 9.72162251 
  1.355000e+00  4.16089267 9.72162251 
  1.357500e+00  4.16089267 9.72162251 
  1.360000e+00  4.16089267 9.72162251 
  1.362500e+00  4.16089267 9.72162251 
  1.365000e+00  4.16089267 9.72162251 
  1.367500e+00  4.16089267 9.72162251 
  1.370000e+00  4.16089267 9.72162251 
  1.372500e+00  4.16089267 9.72162251 
  1.375000e+00  4.16089267 9.72162251 
  1.377500e+00  4.16089267 9.72162251 
  1.380000e+00  4.16089267 9.72162251 
  1.382500e+00  4.16089267 9.72162251 
  1.385000e+00  4.16089267 9.72162251 
  1.387500e+00  4.16089267 9.72162251 
  1.390000e+00  4.16089267 9.72162251 
  1.392500e+00  4.16089267 9.72162251 
  1.395000e+00  4.16089267 9.72162251 
  1.397500e+00  4.16089267 9.72162251 
  1.400000e+00  4.16089267 9.72162250 
  1.402500e+00  4.16089267 9.72162250 
  1.405000e+00  4.16089267 9.72162250 
  1.407500e+00  4.16089267 9.72162250 
  1.410000e+00  4.16089267 9.72162250 
  1.412500e+00  4.16089267 9.72162250 
  1.415000e+00  4.16089267 9.72162250 
  1.417500e+00  4.16089267 9.72162250 
  1.420000e+00  4.16089267 9.72162250 
  1.422500e+00  4.16089267 9.72162250 
  1.425000e+00  4.16089267 9.72162250 
  1.427500e+00  4.16089267 9.72162250 
  1.430000e+00  4.16089267 9.72162250 
  1.432500e+00  4.16089267 9.72162250 
  1.435000e+00  4.16089267 9.72162250 
  1.437500e+00  4.16089267 9.72162250 
  1.440000e+00  4.16089267 9.72162250 
  1.442500e+00  4.16089267 9.72162250 
  1.445000e+00  4.16089267 9.72162250 
  1.447500e+00  4.16089267 9.72162250 
  1.450000e+00  4.16089267 9.72162250 
  1.452500e+00  4.16089267 9.72162250 
  1.455000e+00  4.16089267 9.72162250 
  1.457500e+00  4.16089267 9.72162250 
  1.460000e+00  4.16089267 9.72162250 
  1.462500e+00  4.16089267 9.72162250 
  1.465000e+00  4.16089267 9.72162250 
  1.467500e+00  4.16089267 9.72162250 
  1.470000e+00  4.16089267 9.72162250 
  1.472500e+00  4.16089267 9.72162250 
  1.475000e+00  4.16089267 9.72162250 
  1.477500e+00  4.16089267 9.72162250 
  1.480000e+00  4.16089267 9.72162250 
  1.482500e+00  4.16089267 9.72162250 
  1.485000e+00  4.16089267 9.72162250 
  1.487500e+00  4.16089267 9.72162250 
  1.490000e+00  4.16089267 9.72162250 
  1.492500e+00  4.16089267 9.72162250 
  1.495000e+00  4.16089267 9.72162250 
  1.497500e+00  4.16089267 9.72162250 
  1.500000e+00  4.16089267 9.72162250 
  1.502500e+00  4.16089267 9.72162250 
  1.505000e+00  4.16089267 9.72162250 
  1.507500e+00  4.16089267 9.72162250 
  1.510000e+00  4.16089267 9.72162250 
  1.512500e+00  4.16089267 9.72162250 
  1.515000e+00  4.16089267 9.72162250 
  1.517500e+00  4.16089267 9.72162250 
  1.520000e+00  4.16089267 9.72162250 
  1.522500e+00  4.16089267 9.72162250 
  1.525000e+00  4.16089267 9.72162250 
  1.527500e+00  4.16089267 9.72162250 
  1.530000e+00  4.16089267 9.72162250 
  1.532500e+00  4.16089267 9.72162250 
  1.535000e+00  4.16089267 9.72162250 
  1.537500e+00  4.16089267 9.72162250 
  1.540000e+00  4.16089267 9.72162250 
  1.542500e+00  4.16089267 9.72162250 
  1.545000e+00  4.16089267 9.72162250 
  1.547500e+00  4.16089267 9.72162250 
  1.550000e+00  4.16089267 9.72162250 
  1.552500e+00  4.16089267 9.72162250 
  1.555000e+00  4.16089267 9.72162250 
  1.557500e+00  4.16089267 9.72162250 
  1.560000e+00  4.16089267 9.72162250 
  1.562500e+00  4.16089267 9.72162250 
  1.565000e+00  4.16089267 9.72162250 
  1.567500e+00  4.16089267 9.72162250 
  1.570000e+00  4.16089267 9.72162250 
  1.572500e+00  4.16089267 9.72162250 
  1.575000e+00  4.16089267 9.72162250 
  1.577500e+00  4.16089267 9.72162250 
  1.580000e+00  4.16089267 9.72162250 
  1.582500e+00  4.16089267 9.72162250 
  1.585000e+00  4.16089267 9.72162250 
  1.587500e+00  4.16089267 9.72162250 
  1.590000e+00  4.16089267 9.72162250 
  1.592500e+00  4.16089267 9.72162250 
  1.595000e+00  4.16089267 9.72162250 
  1.597500e+00  4.16089267 9.72162250 
  1.600000e+00  4.16089267 9.72162250 
  1.602500e+00  4.16089267 9.72162250 
  1.605000e+00  4.16089267 9.72162250 
  1.607500e+00  4.16089267 9.72162250 
  1.610000e+00  4.16089267 9.72162250 
  1.612500e+00  4.16089267 9.72162250 
  1.615000e+00  4.16089267 9.72162250 
  1.617500e+00  4.16089267 9.72162250 
  1.620000e+00  4.16089267 9.72162250 
  1.622500e+00  4.16089267 9.72162250 
  1.625000e+00  4.16089267 9.72162250 
  1.627500e+00  4.16089267 9.72162250 
  1.630000e+00  4.16089267 9.72162250 
  1.632500e+00  4.16089267 9.72162249 
  1.635000e+00  4.16089267 9.72162249 
  1.637500e+00  4.16089267 9.72162249 
  1.640000e+00  4.16089267 9.72162249 
  1.642500e+00  4.16089267 9.72162249 
  1.645000e+00  4.16089267 9.72162249 
  1.647500e+00  4.16089267 9.72162249 
  1.650000e+00  4.16089267 9.72162249 
  1.652500e+00  4.16089267 9.72162249 
  1.655000e+00  4.16089267 9.72162249 
  1.657500e+00  4.16089267 9.72162249 
  1.660000e+00  4.16089267 9.72162249 
  1.662500e+00  4.16089267 9.72162249 
  1.665000e+00  4.16089267 9.72162249 
  1.667500e+00  4.16089267 9.72162249 
  1.670000e+00  4.16089267 9.72162249 
  1.672500e+00  4.16089267 9.72162249 
  1.675000e+00  4.16089267 9.72162249 
  1.677500e+00  4.16089267 9.72162249 
  1.680000e+00  4.16089267 9.72162249 
  1.682500e+00  4.16089267 9.72162249 
  1.685000e+00  4.16089267 9.72162249 
  1.687500e+00  4.16089267 9.72162249 
  1.690000e+00  4.16089267 9.72162249 
  1.692500e+00  4.16089267 9.72162249 
  1.695000e+00  4.16089267 9.72162249 
  1.697500e+00  4.16089267 9.72162249 
  1.700000e+00  4.16089267 9.72162249 
  1.702500e+00  4.16089267 9.72162249 
  1.705000e+00  4.16089267 9.72162249 
  1.707500e+00  4.16089267 9.72162249 
  1.710000e+00  4.16089267 9.72162249 
  1.712500e+00  4.16089267 9.72162249 
  1.715000e+00  4.16089267 9.72162249 
  1.717500e+00  4.16089267 9.72162249 
  1.720000e+00  4.16089267 9.72162249 
  1.722500e+00  4.16089267 9.72162249 
  1.725000e+00  4.16089267 9.72162249 
  1.727500e+00  4.16089267 9.72162249 
  1.730000e+00  4.16089267 9.72162249 
  1.732500e+00  4.16089267 9.72162249 
  1.735000e+00  4.16089267 9.72162249 
  1.737500e+00  4.16089267 9.72162249 
  1.740000e+00  4.16089267 9.72162249 
  1.742500e+00  4.16089267 9.72162249 
  1.745000e+00  4.16089267 9.72162249 
  1.747500e+00  4.16089267 9.72162249 
  1.750000e+00  4.16089267 9.72162249 
  1.752500e+00  4.16089267 9.72162249 
  1.755000e+00  4.16089267 9.72162249 
  1.757500e+00  4.16089267 9.72162249 
  1.760000e+00  4.16089267 9.72162249 
  1.762500e+00  4.16089267 9.72162249 
  1.765000e+00  4.16089267 9.72162249 
  1.767500e+00  4.16089267 9.72162249 
  1.770000e+00  4.16089267 9.72162249 
  1.772500e+00  4.16089267 9.72162249 
  1.775000e+00  4.16089267 9.72162249 
  1.777500e+00  4.16089267 9.72162249 
  1.780000e+00  4.16089267 9.72162249 
  1.782500e+00  4.16089267 9.72162249 
  1.785000e+00  4.16089267 9.72162249 
  1.787500e+00  4.16089267 9.72162249 
  1.790000e+00  4.16089267 9.72162249 
  1.792500e+00  4.16089267 9.72162249 
  1.795000e+00  4.16089267 9.72162249 
  1.797500e+00  4.16089267 9.72162249 
  1.800000e+00  4.16089267 9.72162249 
  1.802500e+00  4.16089267 9.72162249 
  1.805000e+00  4.16089267 9.72162249 
  1.807500e+00  4.16089267 9.72162249 
  1.810000e+00  4.16089267 9.72162249 
  1.812500e+00  4.16089267 9.72162249 
  1.815000e+00  4.16089267 9.72162249 
  1.817500e+00  4.16089267 9.72162249 
  1.820000e+00  4.16089267 9.72162249 
  1.822500e+00  4.16089267 9.72162249 
  1.825000e+00  4.16089267 9.72162249 
  1.827500e+00  4.16089267 9.72162249 
  1.830000e+00  4.16089267 9.72162249 
  1.832500e+00  4.16089267 9.72162249 
  1.835000e+00  4.16089267 9.72162249 
  1.837500e+00  4.16089267 9.72162249 
  1.840000e+00  4.16089267 9.72162249 
  1.842500e+00  4.16089267 9.72162249 
  1.845000e+00  4.16089267 9.72162249 
  1.847500e+00  4.16089267 9.72162249 
  1.850000e+00  4.16089267 9.72162249 
  1.852500e+00  4.16089267 9.72162249 
  1.855000e+00  4.16089267 9.72162249 
  1.857500e+00  4.16089267 9.72162249 
  1.860000e+00  4.16089267 9.72162249 
  1.862500e+00  4.16089267 9.72162249 
  1.865000e+00  4.16089267 9.72162249 
  1.867500e+00  4.16089267 9.72162249 
  1.870000e+00  4.16089267 9.72162249 
  1.872500e+00  4.16089267 9.72162249 
  1.875000e+00  4.16089267 9.72162248 
  1.877500e+00  4.16089267 9.72162248 
  1.880000e+00  4.16089267 9.72162248 
  1.882500e+00  4.16089267 9.72162248 
  1.885000e+00  4.16089267 9.72162248 
  1.887500e+00  4.16089267 9.72162248 
  1.890000e+00  4.16089267 9.72162248 
  1.892500e+00  4.16089267 9.72162248 
  1.895000e+00  4.16089267 9.72162248 
  1.897500e+00  4.16089267 9.72162248 
  1.900000e+00  4.16089267 9.72162248 
  1.902500e+00  4.16089267 9.72162248 
  1.905000e+00  4.16089267 9.72162248 
  1.907500e+00  4.16089267 9.72162248 
  1.910000e+00  4.16089267 9.72162248 
  1.912500e+00  4.16089267 9.72162248 
  1.915000e+00  4.16089267 9.72162248 
  1.917500e+00  4.16089267 9.72162248 
  1.920000e+00  4.16089267 9.72162248 
  1.922500e+00  4.16089267 9.72162248 
  1.925000e+00  4.16089267 9.72162248 
  1.927500e+00  4.16089267 9.72162248 
  1.930000e+00  4.16089267 9.72162248 
  1.932500e+00  4.16089267 9.72162248 
  1.935000e+00  4.16089267 9.72162248 
  1.937500e+00  4.16089267 9.72162248 
  1.940000e+00  4.16089267 9.72162248 
  1.942500e+00  4.16089267 9.72162248 
  1.945000e+00  4.16089267 9.72162248 
  1.947500e+00  4.16089267 9.72162248 
  1.950000e+00  4.16089267 9.72162248 
  1.952500e+00  4.16089267 9.72162248 
  1.955000e+00  4.16089267 9.72162248 
  1.957500e+00  4.16089267 9.72162248 
  1.960000e+00  4.16089267 9.72162248 
  1.962500e+00  4.16089267 9.72162248 
  1.965000e+00  4.16089267 9.72162248 
  1.967500e+00  4.16089267 9.72162248 
  1.970000e+00  4.16089267 9.72162248 
  1.972500e+00  4.16089267 9.72162248 
  1.975000e+00  4.16089267 9.72162248 
  1.977500e+00  4.16089267 9.72162248 
  1.980000e+00  4.16089267 9.72162248 
  1.982500e+00  4.16089267 9.72162248 
  1.985000e+00  4.16089267 9.72162248 
  1.987500e+00  4.16089267 9.72162248 
  1.990000e+00  4.16089267 9.72162248 
  1.992500e+00  4.16089267 9.72162248 
  1.995000e+00  4.16089267 9.72162248 
  1.997500e+00  4.16089267 9.72162248 
  2.000000e+00  4.16089267 9.72162248 
  2.002500e+00  4.16089267 9.72162248 
  2.005000e+00  4.16089267 9.72162248 
  2.007500e+00  4.16089267 9.72162248 
  2.010000e+00  4.16089267 9.72162248 
  2.012500e+00  4.16089267 9.72162248 
  2.015000e+00  4.16089267 9.72162248 
  2.017500e+00  4.16089267 9.72162248 
  2.020000e+00  4.16089267 9.72162248 
  2.022500e+00  4.16089267 9.72162248 
  2.025000e+00  4.16089267 9.72162248 
  2.027500e+00  4.16089267 9.72162248 
  2.030000e+00  4.16089267 9.72162248 
  2.032500e+00  4.16089267 9.72162248 
  2.035000e+00  4.16089267 9.72162248 
  2.037500e+00  4.16089267 9.72162248 
  2.040000e+00  4.16089267 9.72162248 
  2.042500e+00  4.16089267 9.72162248 
  2.045000e+00  4.16089267 9.72162248 
  2.047500e+00  4.16089267 9.72162248 
  2.050000e+00  4.16089267 9.72162248 
  2.052500e+00  4.16089267 9.72162248 
  2.055000e+00  4.16089267 9.72162248 
  2.057500e+00  4.16089267 9.72162248 
  2.060000e+00  4.16089267 9.72162248 
  2.062500e+00  4.16089267 9.72162248 
  2.065000e+00  4.16089267 9.72162248 
  2.067500e+00  4.16089267 9.72162248 
  2.070000e+00  4.16089267 9.72162248 
  2.072500e+00  4.16089267 9.72162248 
  2.075000e+00  4.16089267 9.72162248 
  2.077500e+00  4.16089267 9.72162248 
  2.080000e+00  4.16089267 9.72162248 
  2.082500e+00  4.16089267 9.72162248 
  2.085000e+00  4.16089267 9.72162248 
  2.087500e+00  4.16089267 9.72162248 
  2.090000e+00  4.16089267 9.72162248 
  2.092500e+00  4.16089267 9.72162248 
  2.095000e+00  4.16089267 9.72162248 
  2.097500e+00  4.16089267 9.72162248 
  2.100000e+00  4.16089267 9.72162248 
  2.102500e+00  4.16089267 9.72162248 
  2.105000e+00  4.16089267 9.72162248 
  2.107500e+00  4.16089267 9.72162248 
  2.110000e+00  4.16089267 9.72162248 
  2.112500e+00  4.16089267 9.72162248 
  2.115000e+00  4.16089267 9.72162248 
  2.117500e+00  4.16089267 9.72162248 
  2.120000e+00  4.16089267 9.72162248 
  2.122500e+00  4.16089267 9.72162248 
  2.125000e+00  4.16089267 9.72162248 
  2.127500e+00  4.16089267 9.72162248 
  2.130000e+00  4.16089267 9.72162248 
  2.132500e+00  4.16089267 9.72162248 
  2.135000e+00  4.16089267 9.72162248 
  2.137500e+00  4.16089267 9.72162248 
  2.140000e+00  4.16089267 9.72162248 
  2.142500e+00  4.16089267 9.72162248 
  2.145000e+00  4.16089267 9.72162247 
  2.147500e+00  4.16089267 9.72162247 
  2.150000e+00  4.16089267 9.72162247 
  2.152500e+00  4.16089267 9.72162247 
  2.155000e+00  4.16089267 9.72162247 
  2.157500e+00  4.16089267 9.72162247 
  2.160000e+00  4.16089267 9.72162247 
  2.162500e+00  4.16089267 9.72162247 
  2.165000e+00  4.16089267 9.72162247 
  2.167500e+00  4.16089267 9.72162247 
  2.170000e+00  4.16089267 9.72162247 
  2.172500e+00  4.16089267 9.72162247 
  2.175000e+00  4.16089267 9.72162247 
  2.177500e+00  4.16089267 9.72162247 
  2.180000e+00  4.16089267 9.72162247 
  2.182500e+00  4.16089267 9.72162247 
  2.185000e+00  4.16089267 9.72162247 
  2.187500e+00  4.16089267 9.72162247 
  2.190000e+00  4.16089267 9.72162247 
  2.192500e+00  4.16089267 9.72162247 
  2.195000e+00  4.16089267 9.72162247 
  2.197500e+00  4.16089267 9.72162247 
  2.200000e+00  4.16089267 9.72162247 
  2.202500e+00  4.16089267 9.72162247 
  2.205000e+00  4.16089267 9.72162247 
  2.207500e+00  4.16089267 9.72162247 
  2.210000e+00  4.16089267 9.72162247 
  2.212500e+00  4.16089267 9.72162247 
  2.215000e+00  4.16089267 9.72162247 
  2.217500e+00  4.16089267 9.72162247 
  2.220000e+00  4.16089267 9.72162247 
  2.222500e+00  4.16089267 9.72162247 
  2.225000e+00  4.16089267 9.72162247 
  2.227500e+00  4.16089267 9.72162247 
  2.230000e+00  4.16089267 9.72162247 
  2.232500e+00  4.16089267 9.72162247 
  2.235000e+00  4.16089267 9.72162247 
  2.237500e+00  4.16089267 9.72162247 
  2.240000e+00  4.16089267 9.72162247 
  2.242500e+00  4.16089267 9.72162247 
  2.245000e+00  4.16089267 9.72162247 
  2.247500e+00  4.16089267 9.72162247 
  2.250000e+00  4.16089267 9.72162247 
  2.252500e+00  4.16089267 9.72162247 
  2.255000e+00  4.16089267 9.72162247 
  2.257500e+00  4.16089267 9.72162247 
  2.260000e+00  4.16089267 9.72162247 
  2.262500e+00  4.16089267 9.72162247 
  2.265000e+00  4.16089267 9.72162247 
  2.267500e+00  4.16089267 9.72162247 
  2.270000e+00  4.16089267 9.72162247 
  2.272500e+00  4.16089267 9.72162247 
  2.275000e+00  4.16089267 9.72162247 
  2.277500e+00  4.16089267 9.72162247 
  2.280000e+00  4.16089267 9.72162247 
  2.282500e+00  4.16089267 9.72162247 
  2.285000e+00  4.16089267 9.72162247 
  2.287500e+00  4.16089267 9.72162247 
  2.290000e+00  4.16089267 9.72162247 
  2.292500e+00  4.16089267 9.72162247 
  2.295000e+00  4.16089267 9.72162247 
  2.297500e+00  4.16089267 9.72162247 
  2.300000e+00  4.16089267 9.72162247 
  2.302500e+00  4.16089267 9.72162247 
  2.305000e+00  4.16089267 9.72162247 
  2.307500e+00  4.16089267 9.72162247 
  2.310000e+00  4.16089267 9.72162247 
  2.312500e+00  4.16089267 9.72162247 
  2.315000e+00  4.16089267 9.72162247 
  2.317500e+00  4.16089267 9.72162247 
  2.320000e+00  4.16089267 9.72162247 
  2.322500e+00  4.16089267 9.72162247 
  2.325000e+00  4.16089267 9.72162247 
  2.327500e+00  4.16089267 9.72162247 
  2.330000e+00  4.16089267 9.72162247 
  2.332500e+00  4.16089267 9.72162247 
  2.335000e+00  4.16089267 9.72162247 
  2.337500e+00  4.16089267 9.72162247 
  2.340000e+00  4.16089267 9.72162247 
  2.342500e+00  4.16089267 9.72162247 
  2.345000e+00  4.16089267 9.72162247 
  2.347500e+00  4.16089267 9.72162247 
  2.350000e+00  4.16089267 9.72162247 
  2.352500e+00  4.16089267 9.72162247 
  2.355000e+00  4.16089267 9.72162247 
  2.357500e+00  4.16089267 9.72162247 
  2.360000e+00  4.16089267 9.72162247 
  2.362500e+00  4.16089267 9.72162247 
  2.365000e+00  4.16089267 9.72162247 
  2.367500e+00  4.16089267 9.72162247 
  2.370000e+00  4.16089267 9.72162247 
  2.372500e+00  4.16089267 9.72162247 
  2.375000e+00  4.16089267 9.72162247 
  2.377500e+00  4.16089267 9.72162247 
  2.380000e+00  4.16089267 9.72162247 
  2.382500e+00  4.16089267 9.72162247 
  2.385000e+00  4.16089267 9.72162247 
  2.387500e+00  4.16089267 9.72162247 
  2.390000e+00  4.16089267 9.72162247 
  2.392500e+00  4.16089267 9.72162247 
  2.395000e+00  4.16089267 9.72162247 
  2.397500e+00  4.16089267 9.72162247 
  2.400000e+00  4.16089267 9.72162247 
  2.402500e+00  4.16089267 9.72162247 
  2.405000e+00  4.16089267 9.72162247 
  2.407500e+00  4.16089267 9.72162247 
  2.410000e+00  4.16089267 9.72162247 
  2.412500e+00  4.16089267 9.72162247 
  2.415000e+00  4.16089267 9.72162247 
  2.417500e+00  4.16089267 9.72162247 
  2.420000e+00  4.16089267 9.72162247 
  2.422500e+00  4.16089267 9.72162247 
  2.425000e+00  4.16089267 9.72162247 
  2.427500e+00  4.16089267 9.72162247 
  2.430000e+00  4.16089267 9.72162247 
  2.432500e+00  4.16089267 9.72162247 
  2.435000e+00  4.16089267 9.72162247 
  2.437500e+00  4.16089267 9.72162247 
  2.440000e+00  4.16089267 9.72162247 
  2.442500e+00  4.16089267 9.72162247 
  2.445000e+00  4.16089267 9.72162247 
  2.447500e+00  4.16089267 9.72162247 
  2.450000e+00  4.16089267 9.72162247 
  2.452500e+00  4.16089267 9.72162247 
  2.455000e+00  4.16089267 9.72162247 
  2.457500e+00  4.16089267 9.72162247 
  2.460000e+00  4.16089267 9.72162247 
  2.462500e+00  4.16089267 9.72162247 
  2.465000e+00  4.16089267 9.72162247 
  2.467500e+00  4.16089267 9.72162246 
  2.470000e+00  4.16089267 9.72162246 
  2.472500e+00  4.16089267 9.72162246 
  2.475000e+00  4.16089267 9.72162246 
  2.477500e+00  4.16089267 9.72162246 
  2.480000e+00  4.16089267 9.72162246 
  2.482500e+00  4.16089267 9.72162246 
  2.485000e+00  4.16089267 9.72162246 
  2.487500e+00  4.16089267 9.72162246 
  2.490000e+00  4.16089267 9.72162246 
  2.492500e+00  4.16089267 9.72162246 
  2.495000e+00  4.16089267 9.72162246 
  2.497500e+00  4.16089267 9.72162246 
  2.500000e+00  4.16089267 9.72162246 
  2.502500e+00  4.16089267 9.72162246 
  2.505000e+00  4.16089267 9.72162246 
  2.507500e+00  4.16089267 9.72162246 
  2.510000e+00  4.16089267 9.72162246 
  2.512500e+00  4.16089267 9.72162246 
  2.515000e+00  4.16089267 9.72162246 
  2.517500e+00  4.16089267 9.72162246 
  2.520000e+00  4.16089267 9.72162246 
  2.522500e+00  4.16089267 9.72162246 
  2.525000e+00  4.16089267 9.72162246 
  2.527500e+00  4.16089267 9.72162246 
  2.530000e+00  4.16089267 9.72162246 
  2.532500e+00  4.16089267 9.72162246 
  2.535000e+00  4.16089267 9.72162246 
  2.537500e+00  4.16089267 9.72162246 
  2.540000e+00  4.16089267 9.72162246 
  2.542500e+00  4.16089267 9.72162246 
  2.545000e+00  4.16089267 9.72162246 
  2.547500e+00  4.16089267 9.72162246 
  2.550000e+00  4.16089267 9.72162246 
  2.552500e+00  4.16089267 9.72162246 
  2.555000e+00  4.16089267 9.72162246 
  2.557500e+00  4.16089267 9.72162246 
  2.560000e+00  4.16089267 9.72162246 
  2.562500e+00  4.16089267 9.72162246 
  2.565000e+00  4.16089267 9.72162246 
  2.567500e+00  4.16089267 9.72162246 
  2.570000e+00  4.16089267 9.72162246 
  2.572500e+00  4.16089267 9.72162246 
  2.575000e+00  4.16089267 9.72162246 
  2.577500e+00  4.16089267 9.72162246 
  2.580000e+00  4.16089267 9.72162246 
  2.582500e+00  4.16089267 9.72162246 
  2.585000e+00  4.16089267 9.72162246 
  2.587500e+00  4.16089267 9.72162246 
  2.590000e+00  4.16089267 9.72162246 
  2.592500e+00  4.16089267 9.72162246 
  2.595000e+00  4.16089267 9.72162246 
  2.597500e+00  4.16089267 9.72162246 
  2.600000e+00  4.16089267 9.72162246 
  2.602500e+00  4.16089267 9.72162246 
  2.605000e+00  4.16089267 9.72162246 
  2.607500e+00  4.16089267 9.72162246 
  2.610000e+00  4.16089267 9.72162246 
  2.612500e+00  4.16089267 9.72162246 
  2.615000e+00  4.16089267 9.72162246 
  2.617500e+00  4.16089267 9.72162246 
  2.620000e+00  4.16089267 9.72162246 
  2.622500e+00  4.16089267 9.72162246 
  2.625000e+00  4.16089267 9.72162246 
  2.627500e+00  4.16089267 9.72162246 
  2.630000e+00  4.16089267 9.72162246 
  2.632500e+00  4.16089267 9.72162246 
  2.635000e+00  4.16089267 9.72162246 
  2.637500e+00  4.16089267 9.72162246 
  2.640000e+00  4.16089267 9.72162246 
  2.642500e+00  4.16089267 9.72162246 
  2.645000e+00  4.16089267 9.72162246 
  2.647500e+00  4.16089267 9.72162246 
  2.650000e+00  4.16089267 9.72162246 
  2.652500e+00  4.16089267 9.72162246 
  2.655000e+00  4.16089267 9.72162246 
  2.657500e+00  4.16089267 9.72162246 
  2.660000e+00  4.16089267 9.72162246 
  2.662500e+00  4.16089267 9.72162246 
  2.665000e+00  4.16089267 9.72162246 
  2.667500e+00  4.16089267 9.72162246 
  2.670000e+00  4.16089267 9.72162246 
  2.672500e+00  4.16089267 9.72162246 
  2.675000e+00  4.16089267 9.72162246 
  2.677500e+00  4.16089267 9.72162246 
  2.680000e+00  4.16089267 9.72162246 
  2.682500e+00  4.16089267 9.72162246 
  2.685000e+00  4.16089267 9.72162246 
  2.687500e+00  4.16089267 9.72162246 
  2.690000e+00  4.16089267 9.72162246 
  2.692500e+00  4.16089267 9.72162246 
  2.695000e+00  4.16089267 9.72162246 
  2.697500e+00  4.16089267 9.72162246 
  2.700000e+00  4.16089267 9.72162246 
  2.702500e+00  4.16089267 9.72162246 
  2.705000e+00  4.16089267 9.72162246 
  2.707500e+00  4.16089267 9.72162246 
  2.710000e+00  4.16089267 9.72162246 
  2.712500e+00  4.16089267 9.72162246 
  2.715000e+00  4.16089267 9.72162246 
  2.717500e+00  4.16089267 9.72162246 
  2.720000e+00  4.16089267 9.72162246 
  2.722500e+00  4.16089267 9.72162246 
  2.725000e+00  4.16089267 9.72162246 
  2.727500e+00  4.16089267 9.72162246 
  2.730000e+00  4.16089267 9.72162246 
  2.732500e+00  4.16089267 9.72162246 
  2.735000e+00  4.16089267 9.72162246 
  2.737500e+00  4.16089267 9.72162246 
  2.740000e+00  4.16089267 9.72162246 
  2.742500e+00  4.16089267 9.72162246 
  2.745000e+00  4.16089267 9.72162246 
  2.747500e+00  4.16089267 9.72162246 
  2.750000e+00  4.16089267 9.72162246 
  2.752500e+00  4.16089267 9.72162246 
  2.755000e+00  4.16089267 9.72162246 
  2.757500e+00  4.16089267 9.72162246 
  2.760000e+00  4.16089267 9.72162246 
  2.762500e+00  4.16089267 9.72162246 
  2.765000e+00  4.16089267 9.72162246 
  2.767500e+00  4.16089267 9.72162246 
  2.770000e+00  4.16089267 9.72162246 
  2.772500e+00  4.16089267 9.72162246 
  2.775000e+00  4.16089267 9.72162246 
  2.777500e+00  4.16089267 9.72162246 
  2.780000e+00  4.16089267 9.72162246 
  2.782500e+00  4.16089267 9.72162246 
  2.785000e+00  4.16089267 9.72162246 
  2.787500e+00  4.16089267 9.72162246 
  2.790000e+00  4.16089267 9.72162246 
  2.792500e+00  4.16089267 9.72162246 
  2.795000e+00  4.16089267 9.72162246 
  2.797500e+00  4.16089267 9.72162246 
  2.800000e+00  4.16089267 9.72162246 
  2.802500e+00  4.16089267 9.72162246 
  2.805000e+00  4.16089267 9.72162246 
  2.807500e+00  4.16089267 9.72162246 
  2.810000e+00  4.16089267 9.72162246 
  2.812500e+00  4.16089267 9.72162246 
  2.815000e+00  4.16089267 9.72162246 
  2.817500e+00  4.16089267 9.72162246 
  2.820000e+00  4.16089267 9.72162246 
  2.822500e+00  4.16089267 9.72162246 
  2.825000e+00  4.16089267 9.72162246 
  2.827500e+00  4.16089267 9.72162246 
  2.830000e+00  4.16089267 9.72162246 
  2.832500e+00  4.16089267 9.72162246 
  2.835000e+00  4.16089267 9.72162246 
  2.837500e+00  4.16089267 9.72162246 
  2.840000e+00  4.16089267 9.72162246 
  2.842500e+00  4.16089267 9.72162246 
  2.845000e+00  4.16089267 9.72162246 
  2.847500e+00  4.16089267 9.72162246 
  2.850000e+00  4.16089267 9.72162246 
  2.852500e+00  4.16089267 9.72162246 
  2.855000e+00  4.16089267 9.72162246 
  2.857500e+00  4.16089267 9.72162246 
  2.860000e+00  4.16089267 9.72162246 
  2.862500e+00  4.16089267 9.72162246 
  2.865000e+00  4.16089267 9.72162246 
  2.867500e+00  4.16089267 9.72162246 
  2.870000e+00  4.16089267 9.72162246 
  2.872500e+00  4.16089267 9.72162246 
  2.875000e+00  4.16089267 9.72162246 
  2.877500e+00  4.16089267 9.72162246 
  2.880000e+00  4.16089267 9.72162246 
  2.882500e+00  4.16089267 9.72162246 
  2.885000e+00  4.16089267 9.72162246 
  2.887500e+00  4.16089267 9.72162246 
  2.890000e+00  4.16089267 9.72162246 
  2.892500e+00  4.16089267 9.72162246 
  2.895000e+00  4.16089267 9.72162246 
  2.897500e+00  4.16089267 9.72162246 
  2.900000e+00  4.16089267 9.72162246 
  2.902500e+00  4.16089267 9.72162246 
  2.905000e+00  4.16089267 9.72162245 
  2.907500e+00  4.16089267 9.72162245 
  2.910000e+00  4.16089267 9.72162245 
  2.912500e+00  4.16089267 9.72162245 
  2.915000e+00  4.16089267 9.72162245 
  2.917500e+00  4.16089267 9.72162245 
  2.920000e+00  4.16089267 9.72162245 
  2.922500e+00  4.16089267 9.72162245 
  2.925000e+00  4.16089267 9.72162245 
  2.927500e+00  4.16089267 9.72162245 
  2.930000e+00  4.16089267 9.72162245 
  2.932500e+00  4.16089267 9.72162245 
  2.935000e+00  4.16089267 9.72162245 
  2.937500e+00  4.16089267 9.72162245 
  2.940000e+00  4.16089267 9.72162245 
  2.942500e+00  4.16089267 9.72162245 
  2.945000e+00  4.16089267 9.72162245 
  2.947500e+00  4.16089267 9.72162245 
  2.950000e+00  4.16089267 9.72162245 
  2.952500e+00  4.16089267 9.72162245 
  2.955000e+00  4.16089267 9.72162245 
  2.957500e+00  4.16089267 9.72162245 
  2.960000e+00  4.16089267 9.72162245 
  2.962500e+00  4.16089267 9.72162245 
  2.965000e+00  4.16089267 9.72162245 
  2.967500e+00  4.16089267 9.72162245 
  2.970000e+00  4.16089267 9.72162245 
  2.972500e+00  4.16089267 9.72162245 
  2.975000e+00  4.16089267 9.72162245 
  2.977500e+00  4.16089267 9.72162245 
  2.980000e+00  4.16089267 9.72162245 
  2.982500e+00  4.16089267 9.72162245 
  2.985000e+00  4.16089267 9.72162245 
  2.987500e+00  4.16089267 9.72162245 
  2.990000e+00  4.16089267 9.72162245 
  2.992500e+00  4.16089267 9.72162245 
  2.995000e+00  4.16089267 9.72162245 
  2.997500e+00  4.16089267 9.72162245 
  3.000000e+00  4.16089267 9.72162245 
  3.002500e+00  4.16089267 9.72162245 
  3.005000e+00  4.16089267 9.72162245 
  3.007500e+00  4.16089267 9.72162245 
  3.010000e+00  4.16089267 9.72162245 
  3.012500e+00  4.16089267 9.72162245 
  3.015000e+00  4.16089267 9.72162245 
  3.017500e+00  4.16089267 9.72162245 
  3.020000e+00  4.16089267 9.72162245 
  3.022500e+00  4.16089267 9.72162245 
  3.025000e+00  4.16089267 9.72162245 
  3.027500e+00  4.16089267 9.72162245 
  3.030000e+00  4.16089267 9.72162245 
  3.032500e+00  4.16089267 9.72162245 
  3.035000e+00  4.16089267 9.72162245 
  3.037500e+00  4.16089267 9.72162245 
  3.040000e+00  4.16089267 9.72162245 
  3.042500e+00  4.16089267 9.72162245 
  3.045000e+00  4.16089267 9.72162245 
  3.047500e+00  4.16089267 9.72162245 
  3.050000e+00  4.16089267 9.72162245 
  3.052500e+00  4.16089267 9.72162245 
  3.055000e+00  4.16089267 9.72162245 
  3.057500e+00  4.16089267 9.72162245 
  3.060000e+00  4.16089267 9.72162245 
  3.062500e+00  4.16089267 9.72162245 
  3.065000e+00  4.16089267 9.72162245 
  3.067500e+00  4.16089267 9.72162245 
  3.070000e+00  4.16089267 9.72162245 
  3.072500e+00  4.16089267 9.72162245 
  3.075000e+00  4.16089267 9.72162245 
  3.077500e+00  4.16089267 9.72162245 
  3.080000e+00  4.16089267 9.72162245 
  3.082500e+00  4.16089267 9.72162245 
  3.085000e+00  4.16089267 9.72162245 
  3.087500e+00  4.16089267 9.72162245 
  3.090000e+00  4.16089267 9.72162245 
  3.092500e+00  4.16089267 9.72162245 
  3.095000e+00  4.16089267 9.72162245 
  3.097500e+00  4.16089267 9.72162245 
  3.100000e+00  4.16089267 9.72162245 
  3.102500e+00  4.16089267 9.72162245 
  3.105000e+00  4.16089267 9.72162245 
  3.107500e+00  4.16089267 9.72162245 
  3.110000e+00  4.16089267 9.72162245 
  3.112500e+00  4.16089267 9.72162245 
  3.115000e+00  4.16089267 9.72162245 
  3.117500e+00  4.16089267 9.72162245 
  3.120000e+00  4.16089267 9.72162245 
  3.122500e+00  4.16089267 9.72162245 
  3.125000e+00  4.16089267 9.72162245 
  3.127500e+00  4.16089267 9.72162245 
  3.130000e+00  4.16089267 9.72162245 
  3.132500e+00  4.16089267 9.72162245 
  3.135000e+00  4.16089267 9.72162245 
  3.137500e+00  4.16089267 9.72162245 
  3.140000e+00  4.16089267 9.72162245 
  3.142500e+00  4.16089267 9.72162245 
  3.145000e+00  4.16089267 9.72162245 
  3.147500e+00  4.16089267 9.72162245 
  3.150000e+00  4.16089267 9.72162245 
  3.152500e+00  4.16089267 9.72162245 
  3.155000e+00  4.16089267 9.72162245 
  3.157500e+00  4.16089267 9.72162245 
  3.160000e+00  4.16089267 9.72162245 
  3.162500e+00  4.16089267 9.72162245 
  3.165000e+00  4.16089267 9.72162245 
  3.167500e+00  4.16089267 9.72162245 
  3.170000e+00  4.16089267 9.72162245 
  3.172500e+00  4.16089267 9.72162245 
  3.175000e+00  4.16089267 9.72162245 
  3.177500e+00  4.16089267 9.72162245 
  3.180000e+00  4.16089267 9.72162245 
  3.182500e+00  4.16089267 9.72162245 
  3.185000e+00  4.16089267 9.72162245 
  3.187500e+00  4.16089267 9.72162245 
  3.190000e+00  4.16089267 9.72162245 
  3.192500e+00  4.16089267 9.72162245 
  3.195000e+00  4.16089267 9.72162245 
  3.197500e+00  4.16089267 9.72162245 
  3.200000e+00  4.16089267 9.72162245 
  3.202500e+00  4.16089267 9.72162245 
  3.205000e+00  4.16089267 9.72162245 
  3.207500e+00  4.16089267 9.72162245 
  3.210000e+00  4.16089267 9.72162245 
  3.212500e+00  4.16089267 9.72162245 
  3.215000e+00  4.16089267 9.72162245 
  3.217500e+00  4.16089267 9.72162245 
  3.220000e+00  4.16089267 9.72162245 
  3.222500e+00  4.16089267 9.72162245 
  3.225000e+00  4.16089267 9.72162245 
  3.227500e+00  4.16089267 9.72162245 
  3.230000e+00  4.16089267 9.72162245 
  3.232500e+00  4.16089267 9.72162245 
  3.235000e+00  4.16089267 9.72162245 
  3.237500e+00  4.16089267 9.72162245 
  3.240000e+00  4.16089267 9.72162245 
  3.242500e+00  4.16089267 9.72162245 
  3.245000e+00  4.16089267 9.72162245 
  3.247500e+00  4.16089267 9.72162245 
  3.250000e+00  4.16089267 9.72162245 
  3.252500e+00  4.16089267 9.72162245 
  3.255000e+00  4.16089267 9.72162245 
  3.257500e+00  4.16089267 9.72162245 
  3.260000e+00  4.16089267 9.72162245 
  3.262500e+00  4.16089267 9.72162245 
  3.265000e+00  4.16089267 9.72162245 
  3.267500e+00  4.16089267 9.72162245 
  3.270000e+00  4.16089267 9.72162245 
  3.272500e+00  4.16089267 9.72162245 
  3.275000e+00  4.16089267 9.72162245 
  3.277500e+00  4.16089267 9.72162245 
  3.280000e+00  4.16089267 9.72162245 
  3.282500e+00  4.16089267 9.72162245 
  3.285000e+00  4.16089267 9.72162245 
  3.287500e+00  4.16089267 9.72162245 
  3.290000e+00  4.16089267 9.72162245 
  3.292500e+00  4.16089267 9.72162245 
  3.295000e+00  4.16089267 9.72162245 
  3.297500e+00  4.16089267 9.72162245 
  3.300000e+00  4.16089267 9.72162245 
  3.302500e+00  4.16089267 9.72162245 
  3.305000e+00  4.16089267 9.72162245 
  3.307500e+00  4.16089267 9.72162245 
  3.310000e+00  4.16089267 9.72162245 
  3.312500e+00  4.16089267 9.72162245 
  3.315000e+00  4.16089267 9.72162245 
  3.317500e+00  4.16089267 9.72162245 
  3.320000e+00  4.16089267 9.72162245 
  3.322500e+00  4.16089267 9.72162245 
  3.325000e+00  4.16089267 9.72162245 
  3.327500e+00  4.16089267 9.72162245 
  3.330000e+00  4.16089267 9.72162245 
  3.332500e+00  4.16089267 9.72162245 
  3.335000e+00  4.16089267 9.72162245 
  3.337500e+00  4.16089267 9.72162245 
  3.340000e+00  4.16089267 9.72162245 
  3.342500e+00  4.16089267 9.72162245 
  3.345000e+00  4.16089267 9.72162245 
  3.347500e+00  4.16089267 9.72162245 
  3.350000e+00  4.16089267 9.72162245 
  3.352500e+00  4.16089267 9.72162245 
  3.355000e+00  4.16089267 9.72162245 
  3.357500e+00  4.16089267 9.72162245 
  3.360000e+00  4.16089267 9.72162245 
  3.362500e+00  4.16089267 9.72162245 
  3.365000e+00  4.16089267 9.72162245 
  3.367500e+00  4.16089267 9.72162245 
  3.370000e+00  4.16089267 9.72162245 
  3.372500e+00  4.16089267 9.72162245 
  3.375000e+00  4.16089267 9.72162245 
  3.377500e+00  4.16089267 9.72162245 
  3.380000e+00  4.16089267 9.72162245 
  3.382500e+00  4.16089267 9.72162245 
  3.385000e+00  4.16089267 9.72162245 
  3.387500e+00  4.16089267 9.72162245 
  3.390000e+00  4.16089267 9.72162245 
  3.392500e+00  4.16089267 9.72162245 
  3.395000e+00  4.16089267 9.72162245 
  3.397500e+00  4.16089267 9.72162245 
  3.400000e+00  4.16089267 9.72162245 
  3.402500e+00  4.16089267 9.72162245 
  3.405000e+00  4.16089267 9.72162245 
  3.407500e+00  4.16089267 9.72162245 
  3.410000e+00  4.16089267 9.72162245 
  3.412500e+00  4.16089267 9.72162245 
  3.415000e+00  4.16089267 9.72162245 
  3.417500e+00  4.16089267 9.72162245 
  3.420000e+00  4.16089267 9.72162245 
  3.422500e+00  4.16089267 9.72162245 
  3.425000e+00  4.16089267 9.72162245 
  3.427500e+00  4.16089267 9.72162245 
  3.430000e+00  4.16089267 9.72162245 
  3.432500e+00  4.16089267 9.72162245 
  3.435000e+00  4.16089267 9.72162245 
  3.437500e+00  4.16089267 9.72162245 
  3.440000e+00  4.16089267 9.72162245 
  3.442500e+00  4.16089267 9.72162245 
  3.445000e+00  4.16089267 9.72162245 
  3.447500e+00  4.16089267 9.72162245 
  3.450000e+00  4.16089267 9.72162245 
  3.452500e+00  4.16089267 9.72162245 
  3.455000e+00  4.16089267 9.72162245 
  3.457500e+00  4.16089267 9.72162245 
  3.460000e+00  4.16089267 9.72162245 
  3.462500e+00  4.16089267 9.72162245 
  3.465000e+00  4.16089267 9.72162245 
  3.467500e+00  4.16089267 9.72162245 
  3.470000e+00  4.16089267 9.72162245 
  3.472500e+00  4.16089267 9.72162245 
  3.475000e+00  4.16089267 9.72162245 
  3.477500e+00  4.16089267 9.72162245 
  3.480000e+00  4.16089267 9.72162245 
  3.482500e+00  4.16089267 9.72162245 
  3.485000e+00  4.16089267 9.72162245 
  3.487500e+00  4.16089267 9.72162245 
  3.490000e+00  4.16089267 9.72162245 
  3.492500e+00  4.16089267 9.72162245 
  3.495000e+00  4.16089267 9.72162245 
  3.497500e+00  4.16089267 9.72162245 
  3.500000e+00  4.16089267 9.72162245 
  3.502500e+00  4.16089267 9.72162245 
  3.505000e+00  4.16089267 9.72162245 
  3.507500e+00  4.16089267 9.72162245 
  3.510000e+00  4.16089267 9.72162245 
  3.512500e+00  4.16089267 9.72162245 
  3.515000e+00  4.16089267 9.72162245 
  3.517500e+00  4.16089267 9.72162245 
  3.520000e+00  4.16089267 9.72162245 
  3.522500e+00  4.16089267 9.72162245 
  3.525000e+00  4.16089267 9.72162245 
  3.527500e+00  4.16089267 9.72162245 
  3.530000e+00  4.16089267 9.72162245 
  3.532500e+00  4.16089267 9.72162245 
  3.535000e+00  4.16089267 9.72162245 
  3.537500e+00  4.16089267 9.72162245 
  3.540000e+00  4.16089267 9.72162245 
  3.542500e+00  4.16089267 9.72162245 
  3.545000e+00  4.16089267 9.72162245 
  3.547500e+00  4.16089267 9.72162245 
  3.550000e+00  4.16089267 9.72162245 
  3.552500e+00  4.16089267 9.72162245 
  3.555000e+00  4.16089267 9.72162245 
  3.557500e+00  4.16089267 9.72162245 
  3.560000e+00  4.16089267 9.72162245 
  3.562500e+00  4.16089267 9.72162245 
  3.565000e+00  4.16089267 9.72162245 
  3.567500e+00  4.16089267 9.72162245 
  3.570000e+00  4.16089267 9.72162245 
  3.572500e+00  4.16089267 9.72162245 
  3.575000e+00  4.16089267 9.72162245 
  3.577500e+00  4.16089267 9.72162245 
  3.580000e+00  4.16089267 9.72162245 
  3.582500e+00  4.16089267 9.72162245 
  3.585000e+00  4.16089267 9.72162245 
  3.587500e+00  4.16089267 9.72162245 
  3.590000e+00  4.16089267 9.72162245 
  3.592500e+00  4.16089267 9.72162245 
  3.595000e+00  4.16089267 9.72162245 
  3.597500e+00  4.16089267 9.72162245 
  3.600000e+00  4.16089267 9.72162245 
  3.602500e+00  4.16089267 9.72162245 
  3.605000e+00  4.16089267 9.72162245 
  3.607500e+00  4.16089267 9.72162245 
  3.610000e+00  4.16089267 9.72162245 
  3.612500e+00  4.16089267 9.72162245 
  3.615000e+00  4.16089267 9.72162245 
  3.617500e+00  4.16089267 9.72162245 
  3.620000e+00  4.16089267 9.72162245 
  3.622500e+00  4.16089267 9.72162245 
  3.625000e+00  4.16089267 9.72162245 
  3.627500e+00  4.16089267 9.72162245 
  3.630000e+00  4.16089267 9.72162245 
  3.632500e+00  4.16089267 9.72162245 
  3.635000e+00  4.16089267 9.72162245 
  3.637500e+00  4.16089267 9.72162245 
  3.640000e+00  4.16089267 9.72162244 
  3.642500e+00  4.16089267 9.72162244 
  3.645000e+00  4.16089267 9.72162244 
  3.647500e+00  4.16089267 9.72162244 
  3.650000e+00  4.16089267 9.72162244 
  3.652500e+00  4.16089267 9.72162244 
  3.655000e+00  4.16089267 9.72162244 
  3.657500e+00  4.16089267 9.72162244 
  3.660000e+00  4.16089267 9.72162244 
  3.662500e+00  4.16089267 9.72162244 
  3.665000e+00  4.16089267 9.72162244 
  3.667500e+00  4.16089267 9.72162244 
  3.670000e+00  4.16089267 9.72162244 
  3.672500e+00  4.16089267 9.72162244 
  3.675000e+00  4.16089267 9.72162244 
  3.677500e+00  4.16089267 9.72162244 
  3.680000e+00  4.16089267 9.72162244 
  3.682500e+00  4.16089267 9.72162244 
  3.685000e+00  4.16089267 9.72162244 
  3.687500e+00  4.16089267 9.72162244 
  3.690000e+00  4.16089267 9.72162244 
  3.692500e+00  4.16089267 9.72162244 
  3.695000e+00  4.16089267 9.72162244 
  3.697500e+00  4.16089267 9.72162244 
  3.700000e+00  4.16089267 9.72162244 
  3.702500e+00  4.16089267 9.72162244 
  3.705000e+00  4.16089267 9.72162244 
  3.707500e+00  4.16089267 9.72162244 
  3.710000e+00  4.16089267 9.72162244 
  3.712500e+00  4.16089267 9.72162244 
  3.715000e+00  4.16089267 9.72162244 
  3.717500e+00  4.16089267 9.72162244 
  3.720000e+00  4.16089267 9.72162244 
  3.722500e+00  4.16089267 9.72162244 
  3.725000e+00  4.16089267 9.72162244 
  3.727500e+00  4.16089267 9.72162244 
  3.730000e+00  4.16089267 9.72162244 
  3.732500e+00  4.16089267 9.72162244 
  3.735000e+00  4.16089267 9.72162244 
  3.737500e+00  4.16089267 9.72162244 
  3.740000e+00  4.16089267 9.72162244 
  3.742500e+00  4.16089267 9.72162244 
  3.745000e+00  4.16089267 9.72162244 
  3.747500e+00  4.16089267 9.72162244 
  3.750000e+00  4.16089267 9.72162244 
  3.752500e+00  4.16089267 9.72162244 
  3.755000e+00  4.16089267 9.72162244 
  3.757500e+00  4.16089267 9.72162244 
  3.760000e+00  4.16089267 9.72162244 
  3.762500e+00  4.16089267 9.72162244 
  3.765000e+00  4.16089267 9.72162244 
  3.767500e+00  4.16089267 9.72162244 
  3.770000e+00  4.16089267 9.72162244 
  3.772500e+00  4.16089267 9.72162244 
  3.775000e+00  4.16089267 9.72162244 
  3.777500e+00  4.16089267 9.72162244 
  3.780000e+00  4.16089267 9.72162244 
  3.782500e+00  4.16089267 9.72162244 
  3.785000e+00  4.16089267 9.72162244 
  3.787500e+00  4.16089267 9.72162244 
  3.790000e+00  4.16089267 9.72162244 
  3.792500e+00  4.16089267 9.72162244 
  3.795000e+00  4.16089267 9.72162244 
  3.797500e+00  4.16089267 9.72162244 
  3.800000e+00  4.16089267 9.72162244 
  3.802500e+00  4.16089267 9.72162244 
  3.805000e+00  4.16089267 9.72162244 
  3.807500e+00  4.16089267 9.72162244 
  3.810000e+00  4.16089267 9.72162244 
  3.812500e+00  4.16089267 9.72162244 
  3.815000e+00  4.16089267 9.72162244 
  3.817500e+00  4.16089267 9.72162244 
  3.820000e+00  4.16089267 9.72162244 
  3.822500e+00  4.16089267 9.72162244 
  3.825000e+00  4.16089267 9.72162244 
  3.827500e+00  4.16089267 9.72162244 
  3.830000e+00  4.16089267 9.72162244 
  3.832500e+00  4.16089267 9.72162244 
  3.835000e+00  4.16089267 9.72162244 
  3.837500e+00  4.16089267 9.72162244 
  3.840000e+00  4.16089267 9.72162244 
  3.842500e+00  4.16089267 9.72162244 
  3.845000e+00  4.16089267 9.72162244 
  3.847500e+00  4.16089267 9.72162244 
  3.850000e+00  4.16089267 9.72162244 
  3.852500e+00  4.16089267 9.72162244 
  3.855000e+00  4.16089267 9.72162244 
  3.857500e+00  4.16089267 9.72162244 
  3.860000e+00  4.16089267 9.72162244 
  3.862500e+00  4.16089267 9.72162244 
  3.865000e+00  4.16089267 9.72162244 
  3.867500e+00  4.16089267 9.72162244 
  3.870000e+00  4.16089267 9.72162244 
  3.872500e+00  4.16089267 9.72162244 
  3.875000e+00  4.16089267 9.72162244 
  3.877500e+00  4.16089267 9.72162244 
  3.880000e+00  4.16089267 9.72162244 
  3.882500e+00  4.16089267 9.72162244 
  3.885000e+00  4.16089267 9.72162244 
  3.887500e+00  4.16089267 9.72162244 
  3.890000e+00  4.16089267 9.72162244 
  3.892500e+00  4.16089267 9.72162244 
  3.895000e+00  4.16089267 9.72162244 
  3.897500e+00  4.16089267 9.72162244 
  3.900000e+00  4.16089267 9.72162244 
  3.902500e+00  4.16089267 9.72162244 
  3.905000e+00  4.16089267 9.72162244 
  3.907500e+00  4.16089267 9.72162244 
  3.910000e+00  4.16089267 9.72162244 
  3.912500e+00  4.16089267 9.72162244 
  3.915000e+00  4.16089267 9.72162244 
  3.917500e+00  4.16089267 9.72162244 
  3.920000e+00  4.16089267 9.72162244 
  3.922500e+00  4.16089267 9.72162244 
  3.925000e+00  4.16089267 9.72162244 
  3.927500e+00  4.16089267 9.72162244 
  3.930000e+00  4.16089267 9.72162244 
  3.932500e+00  4.16089267 9.72162244 
  3.935000e+00  4.16089267 9.72162244 
  3.937500e+00  4.16089267 9.72162244 
  3.940000e+00  4.16089267 9.72162244 
  3.942500e+00  4.16089267 9.72162244 
  3.945000e+00  4.16089267 9.72162244 
  3.947500e+00  4.16089267 9.72162244 
  3.950000e+00  4.16089267 9.72162244 
  3.952500e+00  4.16089267 9.72162244 
  3.955000e+00  4.16089267 9.72162244 
  3.957500e+00  4.16089267 9.72162244 
  3.960000e+00  4.16089267 9.72162244 
  3.962500e+00  4.16089267 9.72162244 
  3.965000e+00  4.16089267 9.72162244 
  3.967500e+00  4.16089267 9.72162244 
  3.970000e+00  4.16089267 9.72162244 
  3.972500e+00  4.16089267 9.72162244 
  3.975000e+00  4.16089267 9.72162244 
  3.977500e+00  4.16089267 9.72162244 
  3.980000e+00  4.16089267 9.72162244 
  3.982500e+00  4.16089267 9.72162244 
  3.985000e+00  4.16089267 9.72162244 
  3.987500e+00  4.16089267 9.72162244 
  3.990000e+00  4.16089267 9.72162244 
  3.992500e+00  4.16089267 9.72162244 
  3.995000e+00  4.16089267 9.72162244 
  3.997500e+00  4.16089267 9.72162244 
  4.000000e+00  4.16089267 9.72162244 
