  0.000000e+00  20.882712  20.882712
  2.500000e-03  19.061068  18.883118
  5.000000e-03  17.288004  17.942599  
  7.500000e-03  16.117049  17.347176  
  1.000000e-02  15.502080  16.827061  
  1.250000e-02  15.176248  16.292213  
  1.500000e-02  14.879374  15.730373  
  1.750000e-02  14.469952  15.160117  
  2.000000e-02  13.922363  14.590560  
  2.250000e-02  13.273068  14.018151  
  2.500000e-02  12.578064  13.441583  
  2.750000e-02  11.895034  12.869456  
  3.000000e-02  11.273381  12.315052  
  3.250000e-02  10.740699  11.787593  
  3.500000e-02  10.293571  11.290138  
  3.750000e-02  9.905545  10.823956  
  4.000000e-02  9.547767  10.390946  
  4.250000e-02  9.204509  9.991830  
  4.500000e-02  8.875316  9.625163  
  4.750000e-02  8.568649  9.288184  
  5.000000e-02  8.293713  8.977668  
  5.250000e-02  8.054921  8.690930  
  5.500000e-02  7.851099  8.426915  
  5.750000e-02  7.678118  8.186193  
  6.000000e-02  7.531644  7.969765  
  6.250000e-02  7.408161  7.777919  
  6.500000e-02  7.304772  7.609885  
  6.750000e-02  7.218825  7.464059  
  7.000000e-02  7.147790  7.338308  
  7.250000e-02  7.089232  7.230224  
  7.500000e-02  7.040807  7.137355  
  7.750000e-02  7.000312  7.057389  
  8.000000e-02  6.965759  6.988247  
  8.250000e-02  6.935434  6.928081  
  8.500000e-02  6.907905  6.875255  
  8.750000e-02  6.882003  6.828330  
  9.000000e-02  6.856812  6.786071  
  9.250000e-02  6.831677  6.747452  
  9.500000e-02  6.806202  6.711643  
  9.750000e-02  6.780229  6.677993  
  1.000000e-01  6.753786  6.646004  
  1.025000e-01  6.727024  6.615308  
  1.050000e-01  6.700151  6.585639  
  1.075000e-01  6.673389  6.556818  
  1.100000e-01  6.646937  6.528734  
  1.125000e-01  6.620957  6.501320  
  1.150000e-01  6.595568  6.474545  
  1.175000e-01  6.570849  6.448399  
  1.200000e-01  6.546839  6.422883  
  1.225000e-01  6.523552  6.398002  
  1.250000e-01  6.500976  6.373764  
  1.275000e-01  6.479089  6.350172  
  1.300000e-01  6.457864  6.327229  
  1.325000e-01  6.437273  6.304931  
  1.350000e-01  6.417292  6.283271  
  1.375000e-01  6.397898  6.262239  
  1.400000e-01  6.379073  6.241820  
  1.425000e-01  6.360796  6.221997  
  1.450000e-01  6.343047  6.202750  
  1.475000e-01  6.325802  6.184060  
  1.500000e-01  6.309038  6.165904  
  1.525000e-01  6.292732  6.148263  
  1.550000e-01  6.276861  6.131114  
  1.575000e-01  6.261403  6.114438  
  1.600000e-01  6.246340  6.098212  
  1.625000e-01  6.231653  6.082417  
  1.650000e-01  6.217323  6.067031  
  1.675000e-01  6.203332  6.052033  
  1.700000e-01  6.189662  6.037405  
  1.725000e-01  6.176293  6.023125  
  1.750000e-01  6.163207  6.009174  
  1.775000e-01  6.150385  5.995535  
  1.800000e-01  6.137810  5.982190  
  1.825000e-01  6.125466  5.969122  
  1.850000e-01  6.113340  5.956317  
  1.875000e-01  6.101423  5.943761  
  1.900000e-01  6.089704  5.931442  
  1.925000e-01  6.078179  5.919349  
  1.950000e-01  6.066841  5.907471  
  1.975000e-01  6.055684  5.895799  
  2.000000e-01  6.044705  5.884325  
  2.025000e-01  6.033897  5.873042  
  2.050000e-01  6.023256  5.861942  
  2.075000e-01  6.012775  5.851019  
  2.100000e-01  6.002450  5.840267  
  2.125000e-01  5.992275  5.829678  
  2.150000e-01  5.982243  5.819248  
  2.175000e-01  5.972350  5.808971  
  2.200000e-01  5.962589  5.798841  
  2.225000e-01  5.952956  5.788853  
  2.250000e-01  5.943447  5.779002  
  2.275000e-01  5.934055  5.769282  
  2.300000e-01  5.924777  5.759689  
  2.325000e-01  5.915607  5.750217  
  2.350000e-01  5.906541  5.740862  
  2.375000e-01  5.897575  5.731618  
  2.400000e-01  5.888705  5.722483  
  2.425000e-01  5.879926  5.713450  
  2.450000e-01  5.871234  5.704516  
  2.475000e-01  5.862626  5.695676  
  2.500000e-01  5.854098  5.686928  
  2.525000e-01  5.845646  5.678266  
  2.550000e-01  5.837268  5.669687  
  2.575000e-01  5.828961  5.661188  
  2.600000e-01  5.820722  5.652766  
  2.625000e-01  5.812547  5.644418  
  2.650000e-01  5.804436  5.636139  
  2.675000e-01  5.796385  5.627929  
  2.700000e-01  5.788393  5.619784  
  2.725000e-01  5.780457  5.611701  
  2.750000e-01  5.772576  5.603679  
  2.775000e-01  5.764747  5.595715  
  2.800000e-01  5.756970  5.587807  
  2.825000e-01  5.749242  5.579954  
  2.850000e-01  5.741562  5.572153  
  2.875000e-01  5.733930  5.564404  
  2.900000e-01  5.726343  5.556703  
  2.925000e-01  5.718801  5.549052  
  2.950000e-01  5.711303  5.541447  
  2.975000e-01  5.703848  5.533888  
  3.000000e-01  5.696435  5.526374  
  3.025000e-01  5.689065  5.518905  
  3.050000e-01  5.681736  5.511478  
  3.075000e-01  5.674448  5.504095  
  3.100000e-01  5.667201  5.496754  
  3.125000e-01  5.659995  5.489455  
  3.150000e-01  5.652829  5.482197  
  3.175000e-01  5.645704  5.474981  
  3.200000e-01  5.638620  5.467806  
  3.225000e-01  5.631577  5.460672  
  3.250000e-01  5.624576  5.453580  
  3.275000e-01  5.617616  5.446529  
  3.300000e-01  5.610698  5.439519  
  3.325000e-01  5.603822  5.432552  
  3.350000e-01  5.596990  5.425627  
  3.375000e-01  5.590202  5.418744  
  3.400000e-01  5.583457  5.411905  
  3.425000e-01  5.576758  5.405110  
  3.450000e-01  5.570104  5.398359  
  3.475000e-01  5.563497  5.391652  
  3.500000e-01  5.556936  5.384992  
  3.525000e-01  5.550424  5.378377  
  3.550000e-01  5.543960  5.371810  
  3.575000e-01  5.537545  5.365290  
  3.600000e-01  5.531181  5.358818  
  3.625000e-01  5.524867  5.352396  
  3.650000e-01  5.518605  5.346023  
  3.675000e-01  5.512395  5.339701  
  3.700000e-01  5.506238  5.333430  
  3.725000e-01  5.500135  5.327211  
  3.750000e-01  5.494086  5.321045  
  3.775000e-01  5.488092  5.314932  
  3.800000e-01  5.482153  5.308872  
  3.825000e-01  5.476270  5.302868  
  3.850000e-01  5.470444  5.296918  
  3.875000e-01  5.464674  5.291023  
  3.900000e-01  5.458962  5.285185  
  3.925000e-01  5.453307  5.279403  
  3.950000e-01  5.447710  5.273677  
  3.975000e-01  5.442170  5.268009  
  4.000000e-01  5.436689  5.262397  
  4.025000e-01  5.431266  5.256844  
  4.050000e-01  5.425901  5.251348  
  4.075000e-01  5.420594  5.245910  
  4.100000e-01  5.415346  5.240529  
  4.125000e-01  5.410155  5.235207  
  4.150000e-01  5.405023  5.229942  
  4.175000e-01  5.399948  5.224735  
  4.200000e-01  5.394930  5.219585  
  4.225000e-01  5.389969  5.214493  
  4.250000e-01  5.385065  5.209458  
  4.275000e-01  5.380218  5.204480  
  4.300000e-01  5.375426  5.199558  
  4.325000e-01  5.370689  5.194692  
  4.350000e-01  5.366008  5.189882  
  4.375000e-01  5.361381  5.185128  
  4.400000e-01  5.356808  5.180428  
  4.425000e-01  5.352288  5.175782  
  4.450000e-01  5.347820  5.171190  
  4.475000e-01  5.343405  5.166651  
  4.500000e-01  5.339041  5.162165  
  4.525000e-01  5.334727  5.157731  
  4.550000e-01  5.330464  5.153348  
  4.575000e-01  5.326250  5.149016  
  4.600000e-01  5.322084  5.144734  
  4.625000e-01  5.317967  5.140502  
  4.650000e-01  5.313896  5.136318  
  4.675000e-01  5.309872  5.132182  
  4.700000e-01  5.305894  5.128093  
  4.725000e-01  5.301960  5.124051  
  4.750000e-01  5.298071  5.120054  
  4.775000e-01  5.294226  5.116103  
  4.800000e-01  5.290423  5.112197  
  4.825000e-01  5.286663  5.108334  
  4.850000e-01  5.282944  5.104514  
  4.875000e-01  5.279266  5.100736  
  4.900000e-01  5.275628  5.097001  
  4.925000e-01  5.272030  5.093306  
  4.950000e-01  5.268470  5.089652  
  4.975000e-01  5.264949  5.086037  
  5.000000e-01  5.261466  5.082462  
  5.025000e-01  5.258019  5.078925  
  5.050000e-01  5.254609  5.075426  
  5.075000e-01  5.251235  5.071964  
  5.100000e-01  5.247896  5.068539  
  5.125000e-01  5.244592  5.065150  
  5.150000e-01  5.241323  5.061797  
  5.175000e-01  5.238087  5.058479  
  5.200000e-01  5.234885  5.055195  
  5.225000e-01  5.231715  5.051945  
  5.250000e-01  5.228578  5.048729  
  5.275000e-01  5.225474  5.045547  
  5.300000e-01  5.222401  5.042397  
  5.325000e-01  5.219359  5.039279  
  5.350000e-01  5.216348  5.036193  
  5.375000e-01  5.213369  5.033139  
  5.400000e-01  5.210419  5.030116  
  5.425000e-01  5.207499  5.027123  
  5.450000e-01  5.204610  5.024162  
  5.475000e-01  5.201750  5.021230  
  5.500000e-01  5.198919  5.018329  
  5.525000e-01  5.196117  5.015457  
  5.550000e-01  5.193344  5.012615  
  5.575000e-01  5.190600  5.009802  
  5.600000e-01  5.187884  5.007017  
  5.625000e-01  5.185196  5.004262  
  5.650000e-01  5.182537  5.001535  
  5.675000e-01  5.179906  4.998837  
  5.700000e-01  5.177302  4.996167  
  5.725000e-01  5.174727  4.993525  
  5.750000e-01  5.172179  4.990911  
  5.775000e-01  5.169658  4.988325  
  5.800000e-01  5.167166  4.985767  
  5.825000e-01  5.164700  4.983236  
  5.850000e-01  5.162262  4.980733  
  5.875000e-01  5.159852  4.978257  
  5.900000e-01  5.157468  4.975809  
  5.925000e-01  5.155112  4.973389  
  5.950000e-01  5.152783  4.970995  
  5.975000e-01  5.150481  4.968629  
  6.000000e-01  5.148206  4.966290  
  6.025000e-01  5.145958  4.963978  
  6.050000e-01  5.143738  4.961693  
  6.075000e-01  5.141544  4.959435  
  6.100000e-01  5.139377  4.957204  
  6.125000e-01  5.137237  4.955001  
  6.150000e-01  5.135124  4.952824  
  6.175000e-01  5.133038  4.950674  
  6.200000e-01  5.130978  4.948551  
  6.225000e-01  5.128946  4.946455  
  6.250000e-01  5.126940  4.944385  
  6.275000e-01  5.124961  4.942343  
  6.300000e-01  5.123008  4.940327  
  6.325000e-01  5.121082  4.938338  
  6.350000e-01  5.119182  4.936375  
  6.375000e-01  5.117309  4.934439  
  6.400000e-01  5.115462  4.932529  
  6.425000e-01  5.113641  4.930646  
  6.450000e-01  5.111847  4.928789  
  6.475000e-01  5.110078  4.926958  
  6.500000e-01  5.108336  4.925153  
  6.525000e-01  5.106619  4.923374  
  6.550000e-01  5.104928  4.921622  
  6.575000e-01  5.103262  4.919895  
  6.600000e-01  5.101622  4.918193  
  6.625000e-01  5.100007  4.916518  
  6.650000e-01  5.098417  4.914867  
  6.675000e-01  5.096853  4.913242  
  6.700000e-01  5.095312  4.911642  
  6.725000e-01  5.093797  4.910067  
  6.750000e-01  5.092306  4.908517  
  6.775000e-01  5.090839  4.906991  
  6.800000e-01  5.089396  4.905490  
  6.825000e-01  5.087976  4.904013  
  6.850000e-01  5.086580  4.902560  
  6.875000e-01  5.085208  4.901131  
  6.900000e-01  5.083859  4.899725  
  6.925000e-01  5.082532  4.898342  
  6.950000e-01  5.081228  4.896983  
  6.975000e-01  5.079947  4.895647  
  7.000000e-01  5.078687  4.894333  
  7.025000e-01  5.077449  4.893042  
  7.050000e-01  5.076233  4.891773  
  7.075000e-01  5.075039  4.890525  
  7.100000e-01  5.073865  4.889300  
  7.125000e-01  5.072712  4.888096  
  7.150000e-01  5.071579  4.886912  
  7.175000e-01  5.070467  4.885750  
  7.200000e-01  5.069374  4.884608  
  7.225000e-01  5.068301  4.883487  
  7.250000e-01  5.067248  4.882385  
  7.275000e-01  5.066213  4.881303  
  7.300000e-01  5.065197  4.880241  
  7.325000e-01  5.064200  4.879198  
  7.350000e-01  5.063220  4.878173  
  7.375000e-01  5.062259  4.877167  
  7.400000e-01  5.061315  4.876179  
  7.425000e-01  5.060388  4.875210  
  7.450000e-01  5.059479  4.874258  
  7.475000e-01  5.058586  4.873323  
  7.500000e-01  5.057709  4.872405  
  7.525000e-01  5.056848  4.871504  
  7.550000e-01  5.056004  4.870620  
  7.575000e-01  5.055174  4.869752  
  7.600000e-01  5.054360  4.868899  
  7.625000e-01  5.053561  4.868063  
  7.650000e-01  5.052777  4.867241  
  7.675000e-01  5.052007  4.866435  
  7.700000e-01  5.051251  4.865643  
  7.725000e-01  5.050508  4.864866  
  7.750000e-01  5.049780  4.864103  
  7.775000e-01  5.049064  4.863355  
  7.800000e-01  5.048362  4.862619  
  7.825000e-01  5.047673  4.861897  
  7.850000e-01  5.046995  4.861189  
  7.875000e-01  5.046331  4.860493  
  7.900000e-01  5.045678  4.859810  
  7.925000e-01  5.045037  4.859139  
  7.950000e-01  5.044407  4.858480  
  7.975000e-01  5.043789  4.857833  
  8.000000e-01  5.043181  4.857198  
  8.025000e-01  5.042585  4.856574  
  8.050000e-01  5.041999  4.855961  
  8.075000e-01  5.041423  4.855359  
  8.100000e-01  5.040857  4.854768  
  8.125000e-01  5.040302  4.854187  
  8.150000e-01  5.039756  4.853617  
  8.175000e-01  5.039219  4.853056  
  8.200000e-01  5.038692  4.852505  
  8.225000e-01  5.038174  4.851964  
  8.250000e-01  5.037664  4.851432  
  8.275000e-01  5.037164  4.850909  
  8.300000e-01  5.036671  4.850396  
  8.325000e-01  5.036187  4.849890  
  8.350000e-01  5.035711  4.849394  
  8.375000e-01  5.035244  4.848906  
  8.400000e-01  5.034783  4.848426  
  8.425000e-01  5.034331  4.847954  
  8.450000e-01  5.033885  4.847490  
  8.475000e-01  5.033447  4.847034  
  8.500000e-01  5.033017  4.846585  
  8.525000e-01  5.032593  4.846143  
  8.550000e-01  5.032175  4.845709  
  8.575000e-01  5.031765  4.845281  
  8.600000e-01  5.031361  4.844861  
  8.625000e-01  5.030963  4.844447  
  8.650000e-01  5.030571  4.844040  
  8.675000e-01  5.030185  4.843639  
  8.700000e-01  5.029806  4.843244  
  8.725000e-01  5.029432  4.842855  
  8.750000e-01  5.029063  4.842473  
  8.775000e-01  5.028701  4.842096  
  8.800000e-01  5.028343  4.841725  
  8.825000e-01  5.027991  4.841359  
  8.850000e-01  5.027644  4.840999  
  8.875000e-01  5.027302  4.840645  
  8.900000e-01  5.026965  4.840295  
  8.925000e-01  5.026633  4.839951  
  8.950000e-01  5.026305  4.839611  
  8.975000e-01  5.025982  4.839277  
  9.000000e-01  5.025664  4.838947  
  9.025000e-01  5.025350  4.838622  
  9.050000e-01  5.025040  4.838301  
  9.075000e-01  5.024735  4.837985  
  9.100000e-01  5.024433  4.837673  
  9.125000e-01  5.024136  4.837366  
  9.150000e-01  5.023843  4.837062  
  9.175000e-01  5.023553  4.836763  
  9.200000e-01  5.023267  4.836468  
  9.225000e-01  5.022985  4.836176  
  9.250000e-01  5.022707  4.835889  
  9.275000e-01  5.022432  4.835605  
  9.300000e-01  5.022160  4.835325  
  9.325000e-01  5.021892  4.835048  
  9.350000e-01  5.021627  4.834775  
  9.375000e-01  5.021366  4.834505  
  9.400000e-01  5.021107  4.834239  
  9.425000e-01  5.020852  4.833976  
  9.450000e-01  5.020600  4.833716  
  9.475000e-01  5.020350  4.833459  
  9.500000e-01  5.020104  4.833206  
  9.525000e-01  5.019860  4.832955  
  9.550000e-01  5.019620  4.832707  
  9.575000e-01  5.019382  4.832462  
  9.600000e-01  5.019146  4.832220  
  9.625000e-01  5.018913  4.831981  
  9.650000e-01  5.018683  4.831745  
  9.675000e-01  5.018456  4.831511  
  9.700000e-01  5.018231  4.831280  
  9.725000e-01  5.018008  4.831051  
  9.750000e-01  5.017787  4.830825  
  9.775000e-01  5.017569  4.830601  
  9.800000e-01  5.017354  4.830379  
  9.825000e-01  5.017140  4.830160  
  9.850000e-01  5.016929  4.829944  
  9.875000e-01  5.016720  4.829729  
  9.900000e-01  5.016512  4.829517  
  9.925000e-01  5.016307  4.829307  
  9.950000e-01  5.016104  4.829099  
  9.975000e-01  5.015903  4.828893  
  1.000000e+00  5.015704  4.828689  
  1.002500e+00  5.015507  4.828487  
  1.005000e+00  5.015312  4.828287  
  1.007500e+00  5.015118  4.828089  
  1.010000e+00  5.014927  4.827893  
  1.012500e+00  5.014737  4.827699  
  1.015000e+00  5.014549  4.827507  
  1.017500e+00  5.014362  4.827316  
  1.020000e+00  5.014178  4.827127  
  1.022500e+00  5.013995  4.826940  
  1.025000e+00  5.013813  4.826755  
  1.027500e+00  5.013633  4.826571  
  1.030000e+00  5.013455  4.826389  
  1.032500e+00  5.013278  4.826208  
  1.035000e+00  5.013103  4.826030  
  1.037500e+00  5.012929  4.825852  
  1.040000e+00  5.012757  4.825676  
  1.042500e+00  5.012586  4.825502  
  1.045000e+00  5.012417  4.825329  
  1.047500e+00  5.012249  4.825158  
  1.050000e+00  5.012082  4.824988  
  1.052500e+00  5.011917  4.824819  
  1.055000e+00  5.011753  4.824652  
  1.057500e+00  5.011590  4.824486  
  1.060000e+00  5.011428  4.824322  
  1.062500e+00  5.011268  4.824158  
  1.065000e+00  5.011109  4.823997  
  1.067500e+00  5.010952  4.823836  
  1.070000e+00  5.010795  4.823677  
  1.072500e+00  5.010640  4.823518  
  1.075000e+00  5.010485  4.823361  
  1.077500e+00  5.010332  4.823206  
  1.080000e+00  5.010181  4.823051  
  1.082500e+00  5.010030  4.822898  
  1.085000e+00  5.009880  4.822745  
  1.087500e+00  5.009731  4.822594  
  1.090000e+00  5.009584  4.822444  
  1.092500e+00  5.009437  4.822295  
  1.095000e+00  5.009292  4.822147  
  1.097500e+00  5.009148  4.822000  
  1.100000e+00  5.009004  4.821855  
  1.102500e+00  5.008862  4.821710  
  1.105000e+00  5.008720  4.821566  
  1.107500e+00  5.008580  4.821423  
  1.110000e+00  5.008440  4.821281  
  1.112500e+00  5.008302  4.821141  
  1.115000e+00  5.008164  4.821001  
  1.117500e+00  5.008027  4.820862  
  1.120000e+00  5.007891  4.820724  
  1.122500e+00  5.007756  4.820587  
  1.125000e+00  5.007622  4.820451  
  1.127500e+00  5.007489  4.820316  
  1.130000e+00  5.007357  4.820181  
  1.132500e+00  5.007225  4.820048  
  1.135000e+00  5.007094  4.819915  
  1.137500e+00  5.006965  4.819783  
  1.140000e+00  5.006836  4.819652  
  1.142500e+00  5.006707  4.819522  
  1.145000e+00  5.006580  4.819393  
  1.147500e+00  5.006453  4.819264  
  1.150000e+00  5.006327  4.819137  
  1.152500e+00  5.006202  4.819010  
  1.155000e+00  5.006078  4.818884  
  1.157500e+00  5.005954  4.818759  
  1.160000e+00  5.005831  4.818634  
  1.162500e+00  5.005709  4.818510  
  1.165000e+00  5.005588  4.818387  
  1.167500e+00  5.005467  4.818265  
  1.170000e+00  5.005347  4.818143  
  1.172500e+00  5.005228  4.818022  
  1.175000e+00  5.005110  4.817902  
  1.177500e+00  5.004992  4.817783  
  1.180000e+00  5.004874  4.817664  
  1.182500e+00  5.004758  4.817546  
  1.185000e+00  5.004642  4.817429  
  1.187500e+00  5.004527  4.817312  
  1.190000e+00  5.004412  4.817196  
  1.192500e+00  5.004299  4.817080  
  1.195000e+00  5.004185  4.816966  
  1.197500e+00  5.004073  4.816852  
  1.200000e+00  5.003961  4.816738  
  1.202500e+00  5.003849  4.816626  
  1.205000e+00  5.003739  4.816513  
  1.207500e+00  5.003628  4.816402  
  1.210000e+00  5.003519  4.816291  
  1.212500e+00  5.003410  4.816181  
  1.215000e+00  5.003302  4.816071  
  1.217500e+00  5.003194  4.815962  
  1.220000e+00  5.003087  4.815853  
  1.222500e+00  5.002980  4.815745  
  1.225000e+00  5.002874  4.815638  
  1.227500e+00  5.002769  4.815531  
  1.230000e+00  5.002664  4.815425  
  1.232500e+00  5.002559  4.815320  
  1.235000e+00  5.002456  4.815215  
  1.237500e+00  5.002352  4.815110  
  1.240000e+00  5.002250  4.815006  
  1.242500e+00  5.002147  4.814903  
  1.245000e+00  5.002046  4.814800  
  1.247500e+00  5.001945  4.814698  
  1.250000e+00  5.001844  4.814596  
  1.252500e+00  5.001744  4.814495  
  1.255000e+00  5.001644  4.814394  
  1.257500e+00  5.001545  4.814294  
  1.260000e+00  5.001447  4.814194  
  1.262500e+00  5.001349  4.814095  
  1.265000e+00  5.001251  4.813996  
  1.267500e+00  5.001154  4.813898  
  1.270000e+00  5.001058  4.813800  
  1.272500e+00  5.000962  4.813703  
  1.275000e+00  5.000866  4.813607  
  1.277500e+00  5.000771  4.813510  
  1.280000e+00  5.000676  4.813415  
  1.282500e+00  5.000582  4.813320  
  1.285000e+00  5.000488  4.813225  
  1.287500e+00  5.000395  4.813130  
  1.290000e+00  5.000302  4.813037  
  1.292500e+00  5.000210  4.812943  
  1.295000e+00  5.000118  4.812851  
  1.297500e+00  5.000027  4.812758  
  1.300000e+00  4.999936  4.812666  
  1.302500e+00  4.999845  4.812575  
  1.305000e+00  4.999755  4.812484  
  1.307500e+00  4.999666  4.812393  
  1.310000e+00  4.999577  4.812303  
  1.312500e+00  4.999488  4.812213  
  1.315000e+00  4.999399  4.812124  
  1.317500e+00  4.999312  4.812035  
  1.320000e+00  4.999224  4.811947  
  1.322500e+00  4.999137  4.811859  
  1.325000e+00  4.999050  4.811771  
  1.327500e+00  4.998964  4.811684  
  1.330000e+00  4.998878  4.811597  
  1.332500e+00  4.998793  4.811511  
  1.335000e+00  4.998708  4.811425  
  1.337500e+00  4.998623  4.811339  
  1.340000e+00  4.998539  4.811254  
  1.342500e+00  4.998455  4.811170  
  1.345000e+00  4.998372  4.811085  
  1.347500e+00  4.998289  4.811001  
  1.350000e+00  4.998206  4.810918  
  1.352500e+00  4.998124  4.810835  
  1.355000e+00  4.998042  4.810752  
  1.357500e+00  4.997961  4.810670  
  1.360000e+00  4.997880  4.810588  
  1.362500e+00  4.997799  4.810506  
  1.365000e+00  4.997719  4.810425  
  1.367500e+00  4.997639  4.810344  
  1.370000e+00  4.997559  4.810264  
  1.372500e+00  4.997480  4.810184  
  1.375000e+00  4.997401  4.810104  
  1.377500e+00  4.997322  4.810025  
  1.380000e+00  4.997244  4.809946  
  1.382500e+00  4.997166  4.809867  
  1.385000e+00  4.997089  4.809789  
  1.387500e+00  4.997012  4.809711  
  1.390000e+00  4.996935  4.809634  
  1.392500e+00  4.996859  4.809557  
  1.395000e+00  4.996783  4.809480  
  1.397500e+00  4.996707  4.809403  
  1.400000e+00  4.996632  4.809327  
  1.402500e+00  4.996557  4.809252  
  1.405000e+00  4.996482  4.809176  
  1.407500e+00  4.996408  4.809101  
  1.410000e+00  4.996334  4.809026  
  1.412500e+00  4.996260  4.808952  
  1.415000e+00  4.996187  4.808878  
  1.417500e+00  4.996114  4.808804  
  1.420000e+00  4.996041  4.808731  
  1.422500e+00  4.995969  4.808658  
  1.425000e+00  4.995897  4.808585  
  1.427500e+00  4.995825  4.808513  
  1.430000e+00  4.995754  4.808441  
  1.432500e+00  4.995683  4.808369  
  1.435000e+00  4.995612  4.808298  
  1.437500e+00  4.995542  4.808226  
  1.440000e+00  4.995472  4.808156  
  1.442500e+00  4.995402  4.808085  
  1.445000e+00  4.995333  4.808015  
  1.447500e+00  4.995263  4.807945  
  1.450000e+00  4.995195  4.807876  
  1.452500e+00  4.995126  4.807806  
  1.455000e+00  4.995058  4.807738  
  1.457500e+00  4.994990  4.807669  
  1.460000e+00  4.994922  4.807601  
  1.462500e+00  4.994855  4.807533  
  1.465000e+00  4.994788  4.807465  
  1.467500e+00  4.994721  4.807397  
  1.470000e+00  4.994655  4.807330  
  1.472500e+00  4.994588  4.807264  
  1.475000e+00  4.994523  4.807197  
  1.477500e+00  4.994457  4.807131  
  1.480000e+00  4.994392  4.807065  
  1.482500e+00  4.994327  4.806999  
  1.485000e+00  4.994262  4.806934  
  1.487500e+00  4.994197  4.806869  
  1.490000e+00  4.994133  4.806804  
  1.492500e+00  4.994069  4.806739  
  1.495000e+00  4.994006  4.806675  
  1.497500e+00  4.993942  4.806611  
  1.500000e+00  4.993879  4.806548  
  1.502500e+00  4.993817  4.806484  
  1.505000e+00  4.993754  4.806421  
  1.507500e+00  4.993692  4.806358  
  1.510000e+00  4.993630  4.806296  
  1.512500e+00  4.993568  4.806233  
  1.515000e+00  4.993507  4.806171  
  1.517500e+00  4.993445  4.806109  
  1.520000e+00  4.993384  4.806048  
  1.522500e+00  4.993324  4.805987  
  1.525000e+00  4.993263  4.805926  
  1.527500e+00  4.993203  4.805865  
  1.530000e+00  4.993143  4.805804  
  1.532500e+00  4.993084  4.805744  
  1.535000e+00  4.993024  4.805684  
  1.537500e+00  4.992965  4.805625  
  1.540000e+00  4.992906  4.805565  
  1.542500e+00  4.992848  4.805506  
  1.545000e+00  4.992789  4.805447  
  1.547500e+00  4.992731  4.805388  
  1.550000e+00  4.992673  4.805330  
  1.552500e+00  4.992616  4.805272  
  1.555000e+00  4.992558  4.805214  
  1.557500e+00  4.992501  4.805156  
  1.560000e+00  4.992444  4.805099  
  1.562500e+00  4.992388  4.805041  
  1.565000e+00  4.992331  4.804985  
  1.567500e+00  4.992275  4.804928  
  1.570000e+00  4.992219  4.804871  
  1.572500e+00  4.992163  4.804815  
  1.575000e+00  4.992108  4.804759  
  1.577500e+00  4.992052  4.804703  
  1.580000e+00  4.991997  4.804648  
  1.582500e+00  4.991943  4.804592  
  1.585000e+00  4.991888  4.804537  
  1.587500e+00  4.991834  4.804483  
  1.590000e+00  4.991780  4.804428  
  1.592500e+00  4.991726  4.804374  
  1.595000e+00  4.991672  4.804319  
  1.597500e+00  4.991619  4.804265  
  1.600000e+00  4.991565  4.804212  
  1.602500e+00  4.991513  4.804158  
  1.605000e+00  4.991460  4.804105  
  1.607500e+00  4.991407  4.804052  
  1.610000e+00  4.991355  4.803999  
  1.612500e+00  4.991303  4.803947  
  1.615000e+00  4.991251  4.803894  
  1.617500e+00  4.991199  4.803842  
  1.620000e+00  4.991148  4.803790  
  1.622500e+00  4.991096  4.803738  
  1.625000e+00  4.991045  4.803687  
  1.627500e+00  4.990995  4.803636  
  1.630000e+00  4.990944  4.803584  
  1.632500e+00  4.990894  4.803534  
  1.635000e+00  4.990843  4.803483  
  1.637500e+00  4.990793  4.803432  
  1.640000e+00  4.990744  4.803382  
  1.642500e+00  4.990694  4.803332  
  1.645000e+00  4.990645  4.803282  
  1.647500e+00  4.990595  4.803233  
  1.650000e+00  4.990546  4.803183  
  1.652500e+00  4.990498  4.803134  
  1.655000e+00  4.990449  4.803085  
  1.657500e+00  4.990401  4.803036  
  1.660000e+00  4.990352  4.802988  
  1.662500e+00  4.990304  4.802939  
  1.665000e+00  4.990257  4.802891  
  1.667500e+00  4.990209  4.802843  
  1.670000e+00  4.990162  4.802795  
  1.672500e+00  4.990114  4.802747  
  1.675000e+00  4.990067  4.802700  
  1.677500e+00  4.990021  4.802653  
  1.680000e+00  4.989974  4.802606  
  1.682500e+00  4.989927  4.802559  
  1.685000e+00  4.989881  4.802512  
  1.687500e+00  4.989835  4.802466  
  1.690000e+00  4.989789  4.802419  
  1.692500e+00  4.989744  4.802373  
  1.695000e+00  4.989698  4.802327  
  1.697500e+00  4.989653  4.802281  
  1.700000e+00  4.989608  4.802236  
  1.702500e+00  4.989563  4.802190  
  1.705000e+00  4.989518  4.802145  
  1.707500e+00  4.989473  4.802100  
  1.710000e+00  4.989429  4.802055  
  1.712500e+00  4.989384  4.802011  
  1.715000e+00  4.989340  4.801966  
  1.717500e+00  4.989296  4.801922  
  1.720000e+00  4.989253  4.801878  
  1.722500e+00  4.989209  4.801834  
  1.725000e+00  4.989166  4.801790  
  1.727500e+00  4.989123  4.801747  
  1.730000e+00  4.989080  4.801703  
  1.732500e+00  4.989037  4.801660  
  1.735000e+00  4.988994  4.801617  
  1.737500e+00  4.988952  4.801574  
  1.740000e+00  4.988909  4.801531  
  1.742500e+00  4.988867  4.801489  
  1.745000e+00  4.988825  4.801446  
  1.747500e+00  4.988783  4.801404  
  1.750000e+00  4.988741  4.801362  
  1.752500e+00  4.988700  4.801320  
  1.755000e+00  4.988659  4.801278  
  1.757500e+00  4.988617  4.801237  
  1.760000e+00  4.988576  4.801195  
  1.762500e+00  4.988536  4.801154  
  1.765000e+00  4.988495  4.801113  
  1.767500e+00  4.988454  4.801072  
  1.770000e+00  4.988414  4.801032  
  1.772500e+00  4.988374  4.800991  
  1.775000e+00  4.988334  4.800951  
  1.777500e+00  4.988294  4.800910  
  1.780000e+00  4.988254  4.800870  
  1.782500e+00  4.988214  4.800830  
  1.785000e+00  4.988175  4.800790  
  1.787500e+00  4.988136  4.800751  
  1.790000e+00  4.988096  4.800711  
  1.792500e+00  4.988057  4.800672  
  1.795000e+00  4.988019  4.800633  
  1.797500e+00  4.987980  4.800594  
  1.800000e+00  4.987941  4.800555  
  1.802500e+00  4.987903  4.800516  
  1.805000e+00  4.987865  4.800478  
  1.807500e+00  4.987827  4.800439  
  1.810000e+00  4.987789  4.800401  
  1.812500e+00  4.987751  4.800363  
  1.815000e+00  4.987713  4.800325  
  1.817500e+00  4.987676  4.800287  
  1.820000e+00  4.987639  4.800249  
  1.822500e+00  4.987601  4.800212  
  1.825000e+00  4.987564  4.800175  
  1.827500e+00  4.987527  4.800137  
  1.830000e+00  4.987491  4.800100  
  1.832500e+00  4.987454  4.800063  
  1.835000e+00  4.987418  4.800026  
  1.837500e+00  4.987381  4.799990  
  1.840000e+00  4.987345  4.799953  
  1.842500e+00  4.987309  4.799917  
  1.845000e+00  4.987273  4.799881  
  1.847500e+00  4.987237  4.799845  
  1.850000e+00  4.987202  4.799809  
  1.852500e+00  4.987166  4.799773  
  1.855000e+00  4.987131  4.799737  
  1.857500e+00  4.987096  4.799702  
  1.860000e+00  4.987060  4.799666  
  1.862500e+00  4.987025  4.799631  
  1.865000e+00  4.986991  4.799596  
  1.867500e+00  4.986956  4.799561  
  1.870000e+00  4.986921  4.799526  
  1.872500e+00  4.986887  4.799491  
  1.875000e+00  4.986853  4.799457  
  1.877500e+00  4.986818  4.799422  
  1.880000e+00  4.986784  4.799388  
  1.882500e+00  4.986750  4.799354  
  1.885000e+00  4.986717  4.799320  
  1.887500e+00  4.986683  4.799286  
  1.890000e+00  4.986650  4.799252  
  1.892500e+00  4.986616  4.799218  
  1.895000e+00  4.986583  4.799184  
  1.897500e+00  4.986550  4.799151  
  1.900000e+00  4.986517  4.799118  
  1.902500e+00  4.986484  4.799085  
  1.905000e+00  4.986451  4.799052  
  1.907500e+00  4.986418  4.799019  
  1.910000e+00  4.986386  4.798986  
  1.912500e+00  4.986353  4.798953  
  1.915000e+00  4.986321  4.798921  
  1.917500e+00  4.986289  4.798888  
  1.920000e+00  4.986257  4.798856  
  1.922500e+00  4.986225  4.798824  
  1.925000e+00  4.986193  4.798792  
  1.927500e+00  4.986162  4.798760  
  1.930000e+00  4.986130  4.798728  
  1.932500e+00  4.986099  4.798696  
  1.935000e+00  4.986067  4.798664  
  1.937500e+00  4.986036  4.798633  
  1.940000e+00  4.986005  4.798602  
  1.942500e+00  4.985974  4.798570  
  1.945000e+00  4.985943  4.798539  
  1.947500e+00  4.985912  4.798508  
  1.950000e+00  4.985882  4.798477  
  1.952500e+00  4.985851  4.798447  
  1.955000e+00  4.985821  4.798416  
  1.957500e+00  4.985791  4.798385  
  1.960000e+00  4.985760  4.798355  
  1.962500e+00  4.985730  4.798325  
  1.965000e+00  4.985700  4.798294  
  1.967500e+00  4.985670  4.798264  
  1.970000e+00  4.985641  4.798234  
  1.972500e+00  4.985611  4.798205  
  1.975000e+00  4.985582  4.798175  
  1.977500e+00  4.985552  4.798145  
  1.980000e+00  4.985523  4.798116  
  1.982500e+00  4.985494  4.798086  
  1.985000e+00  4.985465  4.798057  
  1.987500e+00  4.985436  4.798028  
  1.990000e+00  4.985407  4.797999  
  1.992500e+00  4.985378  4.797970  
  1.995000e+00  4.985349  4.797941  
  1.997500e+00  4.985321  4.797912  
  2.000000e+00  4.985292  4.797883  
  2.002500e+00  4.985264  4.797855  
  2.005000e+00  4.985236  4.797826  
  2.007500e+00  4.985208  4.797798  
  2.010000e+00  4.985180  4.797770  
  2.012500e+00  4.985152  4.797741  
  2.015000e+00  4.985124  4.797713  
  2.017500e+00  4.985096  4.797685  
  2.020000e+00  4.985069  4.797658  
  2.022500e+00  4.985041  4.797630  
  2.025000e+00  4.985014  4.797602  
  2.027500e+00  4.984986  4.797575  
  2.030000e+00  4.984959  4.797547  
  2.032500e+00  4.984932  4.797520  
  2.035000e+00  4.984905  4.797493  
  2.037500e+00  4.984878  4.797466  
  2.040000e+00  4.984851  4.797439  
  2.042500e+00  4.984825  4.797412  
  2.045000e+00  4.984798  4.797385  
  2.047500e+00  4.984772  4.797358  
  2.050000e+00  4.984745  4.797331  
  2.052500e+00  4.984719  4.797305  
  2.055000e+00  4.984693  4.797278  
  2.057500e+00  4.984666  4.797252  
  2.060000e+00  4.984640  4.797226  
  2.062500e+00  4.984614  4.797200  
  2.065000e+00  4.984589  4.797173  
  2.067500e+00  4.984563  4.797147  
  2.070000e+00  4.984537  4.797122  
  2.072500e+00  4.984512  4.797096  
  2.075000e+00  4.984486  4.797070  
  2.077500e+00  4.984461  4.797045  
  2.080000e+00  4.984435  4.797019  
  2.082500e+00  4.984410  4.796994  
  2.085000e+00  4.984385  4.796968  
  2.087500e+00  4.984360  4.796943  
  2.090000e+00  4.984335  4.796918  
  2.092500e+00  4.984310  4.796893  
  2.095000e+00  4.984285  4.796868  
  2.097500e+00  4.984261  4.796843  
  2.100000e+00  4.984236  4.796818  
  2.102500e+00  4.984212  4.796793  
  2.105000e+00  4.984187  4.796769  
  2.107500e+00  4.984163  4.796744  
  2.110000e+00  4.984139  4.796720  
  2.112500e+00  4.984115  4.796696  
  2.115000e+00  4.984090  4.796671  
  2.117500e+00  4.984066  4.796647  
  2.120000e+00  4.984043  4.796623  
  2.122500e+00  4.984019  4.796599  
  2.125000e+00  4.983995  4.796575  
  2.127500e+00  4.983971  4.796551  
  2.130000e+00  4.983948  4.796528  
  2.132500e+00  4.983924  4.796504  
  2.135000e+00  4.983901  4.796480  
  2.137500e+00  4.983878  4.796457  
  2.140000e+00  4.983854  4.796433  
  2.142500e+00  4.983831  4.796410  
  2.145000e+00  4.983808  4.796387  
  2.147500e+00  4.983785  4.796364  
  2.150000e+00  4.983762  4.796341  
  2.152500e+00  4.983740  4.796318  
  2.155000e+00  4.983717  4.796295  
  2.157500e+00  4.983694  4.796272  
  2.160000e+00  4.983672  4.796249  
  2.162500e+00  4.983649  4.796226  
  2.165000e+00  4.983627  4.796204  
  2.167500e+00  4.983604  4.796181  
  2.170000e+00  4.983582  4.796159  
  2.172500e+00  4.983560  4.796136  
  2.175000e+00  4.983538  4.796114  
  2.177500e+00  4.983516  4.796092  
  2.180000e+00  4.983494  4.796070  
  2.182500e+00  4.983472  4.796048  
  2.185000e+00  4.983450  4.796026  
  2.187500e+00  4.983428  4.796004  
  2.190000e+00  4.983407  4.795982  
  2.192500e+00  4.983385  4.795960  
  2.195000e+00  4.983364  4.795939  
  2.197500e+00  4.983342  4.795917  
  2.200000e+00  4.983321  4.795896  
  2.202500e+00  4.983300  4.795874  
  2.205000e+00  4.983279  4.795853  
  2.207500e+00  4.983257  4.795832  
  2.210000e+00  4.983236  4.795810  
  2.212500e+00  4.983215  4.795789  
  2.215000e+00  4.983194  4.795768  
  2.217500e+00  4.983174  4.795747  
  2.220000e+00  4.983153  4.795726  
  2.222500e+00  4.983132  4.795705  
  2.225000e+00  4.983112  4.795685  
  2.227500e+00  4.983091  4.795664  
  2.230000e+00  4.983071  4.795643  
  2.232500e+00  4.983050  4.795623  
  2.235000e+00  4.983030  4.795602  
  2.237500e+00  4.983010  4.795582  
  2.240000e+00  4.982989  4.795561  
  2.242500e+00  4.982969  4.795541  
  2.245000e+00  4.982949  4.795521  
  2.247500e+00  4.982929  4.795501  
  2.250000e+00  4.982909  4.795481  
  2.252500e+00  4.982890  4.795461  
  2.255000e+00  4.982870  4.795441  
  2.257500e+00  4.982850  4.795421  
  2.260000e+00  4.982830  4.795401  
  2.262500e+00  4.982811  4.795381  
  2.265000e+00  4.982791  4.795362  
  2.267500e+00  4.982772  4.795342  
  2.270000e+00  4.982753  4.795323  
  2.272500e+00  4.982733  4.795303  
  2.275000e+00  4.982714  4.795284  
  2.277500e+00  4.982695  4.795264  
  2.280000e+00  4.982676  4.795245  
  2.282500e+00  4.982657  4.795226  
  2.285000e+00  4.982638  4.795207  
  2.287500e+00  4.982619  4.795188  
  2.290000e+00  4.982600  4.795169  
  2.292500e+00  4.982581  4.795150  
  2.295000e+00  4.982562  4.795131  
  2.297500e+00  4.982544  4.795112  
  2.300000e+00  4.982525  4.795093  
  2.302500e+00  4.982507  4.795075  
  2.305000e+00  4.982488  4.795056  
  2.307500e+00  4.982470  4.795038  
  2.310000e+00  4.982451  4.795019  
  2.312500e+00  4.982433  4.795001  
  2.315000e+00  4.982415  4.794982  
  2.317500e+00  4.982397  4.794964  
  2.320000e+00  4.982379  4.794946  
  2.322500e+00  4.982361  4.794928  
  2.325000e+00  4.982343  4.794910  
  2.327500e+00  4.982325  4.794892  
  2.330000e+00  4.982307  4.794874  
  2.332500e+00  4.982289  4.794856  
  2.335000e+00  4.982271  4.794838  
  2.337500e+00  4.982254  4.794820  
  2.340000e+00  4.982236  4.794802  
  2.342500e+00  4.982219  4.794785  
  2.345000e+00  4.982201  4.794767  
  2.347500e+00  4.982184  4.794749  
  2.350000e+00  4.982166  4.794732  
  2.352500e+00  4.982149  4.794714  
  2.355000e+00  4.982132  4.794697  
  2.357500e+00  4.982114  4.794680  
  2.360000e+00  4.982097  4.794662  
  2.362500e+00  4.982080  4.794645  
  2.365000e+00  4.982063  4.794628  
  2.367500e+00  4.982046  4.794611  
  2.370000e+00  4.982029  4.794594  
  2.372500e+00  4.982012  4.794577  
  2.375000e+00  4.981996  4.794560  
  2.377500e+00  4.981979  4.794543  
  2.380000e+00  4.981962  4.794526  
  2.382500e+00  4.981946  4.794509  
  2.385000e+00  4.981929  4.794493  
  2.387500e+00  4.981913  4.794476  
  2.390000e+00  4.981896  4.794459  
  2.392500e+00  4.981880  4.794443  
  2.395000e+00  4.981863  4.794426  
  2.397500e+00  4.981847  4.794410  
  2.400000e+00  4.981831  4.794394  
  2.402500e+00  4.981815  4.794377  
  2.405000e+00  4.981798  4.794361  
  2.407500e+00  4.981782  4.794345  
  2.410000e+00  4.981766  4.794329  
  2.412500e+00  4.981750  4.794313  
  2.415000e+00  4.981734  4.794297  
  2.417500e+00  4.981718  4.794281  
  2.420000e+00  4.981703  4.794265  
  2.422500e+00  4.981687  4.794249  
  2.425000e+00  4.981671  4.794233  
  2.427500e+00  4.981655  4.794217  
  2.430000e+00  4.981640  4.794201  
  2.432500e+00  4.981624  4.794186  
  2.435000e+00  4.981609  4.794170  
  2.437500e+00  4.981593  4.794154  
  2.440000e+00  4.981578  4.794139  
  2.442500e+00  4.981563  4.794123  
  2.445000e+00  4.981547  4.794108  
  2.447500e+00  4.981532  4.794093  
  2.450000e+00  4.981517  4.794077  
  2.452500e+00  4.981502  4.794062  
  2.455000e+00  4.981486  4.794047  
  2.457500e+00  4.981471  4.794032  
  2.460000e+00  4.981456  4.794017  
  2.462500e+00  4.981441  4.794001  
  2.465000e+00  4.981427  4.793986  
  2.467500e+00  4.981412  4.793971  
  2.470000e+00  4.981397  4.793957  
  2.472500e+00  4.981382  4.793942  
  2.475000e+00  4.981367  4.793927  
  2.477500e+00  4.981353  4.793912  
  2.480000e+00  4.981338  4.793897  
  2.482500e+00  4.981324  4.793883  
  2.485000e+00  4.981309  4.793868  
  2.487500e+00  4.981294  4.793853  
  2.490000e+00  4.981280  4.793839  
  2.492500e+00  4.981266  4.793824  
  2.495000e+00  4.981251  4.793810  
  2.497500e+00  4.981237  4.793795  
  2.500000e+00  4.981223  4.793781  
  2.502500e+00  4.981209  4.793767  
  2.505000e+00  4.981194  4.793753  
  2.507500e+00  4.981180  4.793738  
  2.510000e+00  4.981166  4.793724  
  2.512500e+00  4.981152  4.793710  
  2.515000e+00  4.981138  4.793696  
  2.517500e+00  4.981124  4.793682  
  2.520000e+00  4.981110  4.793668  
  2.522500e+00  4.981097  4.793654  
  2.525000e+00  4.981083  4.793640  
  2.527500e+00  4.981069  4.793626  
  2.530000e+00  4.981055  4.793612  
  2.532500e+00  4.981042  4.793599  
  2.535000e+00  4.981028  4.793585  
  2.537500e+00  4.981015  4.793571  
  2.540000e+00  4.981001  4.793558  
  2.542500e+00  4.980988  4.793544  
  2.545000e+00  4.980974  4.793531  
  2.547500e+00  4.980961  4.793517  
  2.550000e+00  4.980947  4.793504  
  2.552500e+00  4.980934  4.793490  
  2.555000e+00  4.980921  4.793477  
  2.557500e+00  4.980908  4.793464  
  2.560000e+00  4.980894  4.793450  
  2.562500e+00  4.980881  4.793437  
  2.565000e+00  4.980868  4.793424  
  2.567500e+00  4.980855  4.793411  
  2.570000e+00  4.980842  4.793398  
  2.572500e+00  4.980829  4.793384  
  2.575000e+00  4.980816  4.793371  
  2.577500e+00  4.980803  4.793358  
  2.580000e+00  4.980790  4.793345  
  2.582500e+00  4.980778  4.793333  
  2.585000e+00  4.980765  4.793320  
  2.587500e+00  4.980752  4.793307  
  2.590000e+00  4.980739  4.793294  
  2.592500e+00  4.980727  4.793281  
  2.595000e+00  4.980714  4.793269  
  2.597500e+00  4.980702  4.793256  
  2.600000e+00  4.980689  4.793243  
  2.602500e+00  4.980677  4.793231  
  2.605000e+00  4.980664  4.793218  
  2.607500e+00  4.980652  4.793206  
  2.610000e+00  4.980639  4.793193  
  2.612500e+00  4.980627  4.793181  
  2.615000e+00  4.980615  4.793169  
  2.617500e+00  4.980603  4.793156  
  2.620000e+00  4.980590  4.793144  
  2.622500e+00  4.980578  4.793132  
  2.625000e+00  4.980566  4.793119  
  2.627500e+00  4.980554  4.793107  
  2.630000e+00  4.980542  4.793095  
  2.632500e+00  4.980530  4.793083  
  2.635000e+00  4.980518  4.793071  
  2.637500e+00  4.980506  4.793059  
  2.640000e+00  4.980494  4.793047  
  2.642500e+00  4.980482  4.793035  
  2.645000e+00  4.980470  4.793023  
  2.647500e+00  4.980459  4.793011  
  2.650000e+00  4.980447  4.792999  
  2.652500e+00  4.980435  4.792988  
  2.655000e+00  4.980423  4.792976  
  2.657500e+00  4.980412  4.792964  
  2.660000e+00  4.980400  4.792952  
  2.662500e+00  4.980389  4.792941  
  2.665000e+00  4.980377  4.792929  
  2.667500e+00  4.980366  4.792917  
  2.670000e+00  4.980354  4.792906  
  2.672500e+00  4.980343  4.792894  
  2.675000e+00  4.980331  4.792883  
  2.677500e+00  4.980320  4.792871  
  2.680000e+00  4.980309  4.792860  
  2.682500e+00  4.980297  4.792849  
  2.685000e+00  4.980286  4.792837  
  2.687500e+00  4.980275  4.792826  
  2.690000e+00  4.980264  4.792815  
  2.692500e+00  4.980252  4.792804  
  2.695000e+00  4.980241  4.792792  
  2.697500e+00  4.980230  4.792781  
  2.700000e+00  4.980219  4.792770  
  2.702500e+00  4.980208  4.792759  
  2.705000e+00  4.980197  4.792748  
  2.707500e+00  4.980186  4.792737  
  2.710000e+00  4.980175  4.792726  
  2.712500e+00  4.980165  4.792715  
  2.715000e+00  4.980154  4.792704  
  2.717500e+00  4.980143  4.792693  
  2.720000e+00  4.980132  4.792682  
  2.722500e+00  4.980121  4.792672  
  2.725000e+00  4.980111  4.792661  
  2.727500e+00  4.980100  4.792650  
  2.730000e+00  4.980089  4.792639  
  2.732500e+00  4.980079  4.792629  
  2.735000e+00  4.980068  4.792618  
  2.737500e+00  4.980058  4.792607  
  2.740000e+00  4.980047  4.792597  
  2.742500e+00  4.980037  4.792586  
  2.745000e+00  4.980026  4.792576  
  2.747500e+00  4.980016  4.792565  
  2.750000e+00  4.980006  4.792555  
  2.752500e+00  4.979995  4.792544  
  2.755000e+00  4.979985  4.792534  
  2.757500e+00  4.979975  4.792524  
  2.760000e+00  4.979964  4.792513  
  2.762500e+00  4.979954  4.792503  
  2.765000e+00  4.979944  4.792493  
  2.767500e+00  4.979934  4.792483  
  2.770000e+00  4.979924  4.792472  
  2.772500e+00  4.979914  4.792462  
  2.775000e+00  4.979904  4.792452  
  2.777500e+00  4.979894  4.792442  
  2.780000e+00  4.979884  4.792432  
  2.782500e+00  4.979874  4.792422  
  2.785000e+00  4.979864  4.792412  
  2.787500e+00  4.979854  4.792402  
  2.790000e+00  4.979844  4.792392  
  2.792500e+00  4.979834  4.792382  
  2.795000e+00  4.979824  4.792372  
  2.797500e+00  4.979814  4.792362  
  2.800000e+00  4.979805  4.792353  
  2.802500e+00  4.979795  4.792343  
  2.805000e+00  4.979785  4.792333  
  2.807500e+00  4.979776  4.792323  
  2.810000e+00  4.979766  4.792314  
  2.812500e+00  4.979756  4.792304  
  2.815000e+00  4.979747  4.792294  
  2.817500e+00  4.979737  4.792285  
  2.820000e+00  4.979728  4.792275  
  2.822500e+00  4.979718  4.792265  
  2.825000e+00  4.979709  4.792256  
  2.827500e+00  4.979699  4.792246  
  2.830000e+00  4.979690  4.792237  
  2.832500e+00  4.979681  4.792228  
  2.835000e+00  4.979671  4.792218  
  2.837500e+00  4.979662  4.792209  
  2.840000e+00  4.979653  4.792199  
  2.842500e+00  4.979643  4.792190  
  2.845000e+00  4.979634  4.792181  
  2.847500e+00  4.979625  4.792172  
  2.850000e+00  4.979616  4.792162  
  2.852500e+00  4.979607  4.792153  
  2.855000e+00  4.979597  4.792144  
  2.857500e+00  4.979588  4.792135  
  2.860000e+00  4.979579  4.792126  
  2.862500e+00  4.979570  4.792117  
  2.865000e+00  4.979561  4.792107  
  2.867500e+00  4.979552  4.792098  
  2.870000e+00  4.979543  4.792089  
  2.872500e+00  4.979534  4.792080  
  2.875000e+00  4.979526  4.792071  
  2.877500e+00  4.979517  4.792062  
  2.880000e+00  4.979508  4.792054  
  2.882500e+00  4.979499  4.792045  
  2.885000e+00  4.979490  4.792036  
  2.887500e+00  4.979481  4.792027  
  2.890000e+00  4.979473  4.792018  
  2.892500e+00  4.979464  4.792009  
  2.895000e+00  4.979455  4.792001  
  2.897500e+00  4.979447  4.791992  
  2.900000e+00  4.979438  4.791983  
  2.902500e+00  4.979429  4.791975  
  2.905000e+00  4.979421  4.791966  
  2.907500e+00  4.979412  4.791957  
  2.910000e+00  4.979404  4.791949  
  2.912500e+00  4.979395  4.791940  
  2.915000e+00  4.979387  4.791932  
  2.917500e+00  4.979378  4.791923  
  2.920000e+00  4.979370  4.791915  
  2.922500e+00  4.979361  4.791906  
  2.925000e+00  4.979353  4.791898  
  2.927500e+00  4.979345  4.791889  
  2.930000e+00  4.979336  4.791881  
  2.932500e+00  4.979328  4.791873  
  2.935000e+00  4.979320  4.791864  
  2.937500e+00  4.979312  4.791856  
  2.940000e+00  4.979303  4.791848  
  2.942500e+00  4.979295  4.791839  
  2.945000e+00  4.979287  4.791831  
  2.947500e+00  4.979279  4.791823  
  2.950000e+00  4.979271  4.791815  
  2.952500e+00  4.979263  4.791807  
  2.955000e+00  4.979254  4.791798  
  2.957500e+00  4.979246  4.791790  
  2.960000e+00  4.979238  4.791782  
  2.962500e+00  4.979230  4.791774  
  2.965000e+00  4.979222  4.791766  
  2.967500e+00  4.979214  4.791758  
  2.970000e+00  4.979206  4.791750  
  2.972500e+00  4.979199  4.791742  
  2.975000e+00  4.979191  4.791734  
  2.977500e+00  4.979183  4.791726  
  2.980000e+00  4.979175  4.791718  
  2.982500e+00  4.979167  4.791711  
  2.985000e+00  4.979159  4.791703  
  2.987500e+00  4.979152  4.791695  
  2.990000e+00  4.979144  4.791687  
  2.992500e+00  4.979136  4.791679  
  2.995000e+00  4.979128  4.791671  
  2.997500e+00  4.979121  4.791664  
  3.000000e+00  4.979113  4.791656  
  3.002500e+00  4.979105  4.791648  
  3.005000e+00  4.979098  4.791641  
  3.007500e+00  4.979090  4.791633  
  3.010000e+00  4.979083  4.791625  
  3.012500e+00  4.979075  4.791618  
  3.015000e+00  4.979068  4.791610  
  3.017500e+00  4.979060  4.791603  
  3.020000e+00  4.979053  4.791595  
  3.022500e+00  4.979045  4.791588  
  3.025000e+00  4.979038  4.791580  
  3.027500e+00  4.979030  4.791573  
  3.030000e+00  4.979023  4.791565  
  3.032500e+00  4.979016  4.791558  
  3.035000e+00  4.979008  4.791550  
  3.037500e+00  4.979001  4.791543  
  3.040000e+00  4.978994  4.791536  
  3.042500e+00  4.978986  4.791528  
  3.045000e+00  4.978979  4.791521  
  3.047500e+00  4.978972  4.791514  
  3.050000e+00  4.978965  4.791506  
  3.052500e+00  4.978957  4.791499  
  3.055000e+00  4.978950  4.791492  
  3.057500e+00  4.978943  4.791485  
  3.060000e+00  4.978936  4.791478  
  3.062500e+00  4.978929  4.791470  
  3.065000e+00  4.978922  4.791463  
  3.067500e+00  4.978915  4.791456  
  3.070000e+00  4.978908  4.791449  
  3.072500e+00  4.978901  4.791442  
  3.075000e+00  4.978894  4.791435  
  3.077500e+00  4.978887  4.791428  
  3.080000e+00  4.978880  4.791421  
  3.082500e+00  4.978873  4.791414  
  3.085000e+00  4.978866  4.791407  
  3.087500e+00  4.978859  4.791400  
  3.090000e+00  4.978852  4.791393  
  3.092500e+00  4.978845  4.791386  
  3.095000e+00  4.978838  4.791379  
  3.097500e+00  4.978831  4.791372  
  3.100000e+00  4.978825  4.791366  
  3.102500e+00  4.978818  4.791359  
  3.105000e+00  4.978811  4.791352  
  3.107500e+00  4.978804  4.791345  
  3.110000e+00  4.978798  4.791338  
  3.112500e+00  4.978791  4.791332  
  3.115000e+00  4.978784  4.791325  
  3.117500e+00  4.978777  4.791318  
  3.120000e+00  4.978771  4.791311  
  3.122500e+00  4.978764  4.791305  
  3.125000e+00  4.978758  4.791298  
  3.127500e+00  4.978751  4.791291  
  3.130000e+00  4.978744  4.791285  
  3.132500e+00  4.978738  4.791278  
  3.135000e+00  4.978731  4.791272  
  3.137500e+00  4.978725  4.791265  
  3.140000e+00  4.978718  4.791259  
  3.142500e+00  4.978712  4.791252  
  3.145000e+00  4.978705  4.791246  
  3.147500e+00  4.978699  4.791239  
  3.150000e+00  4.978693  4.791233  
  3.152500e+00  4.978686  4.791226  
  3.155000e+00  4.978680  4.791220  
  3.157500e+00  4.978673  4.791213  
  3.160000e+00  4.978667  4.791207  
  3.162500e+00  4.978661  4.791201  
  3.165000e+00  4.978654  4.791194  
  3.167500e+00  4.978648  4.791188  
  3.170000e+00  4.978642  4.791182  
  3.172500e+00  4.978636  4.791175  
  3.175000e+00  4.978629  4.791169  
  3.177500e+00  4.978623  4.791163  
  3.180000e+00  4.978617  4.791156  
  3.182500e+00  4.978611  4.791150  
  3.185000e+00  4.978605  4.791144  
  3.187500e+00  4.978598  4.791138  
  3.190000e+00  4.978592  4.791132  
  3.192500e+00  4.978586  4.791126  
  3.195000e+00  4.978580  4.791119  
  3.197500e+00  4.978574  4.791113  
  3.200000e+00  4.978568  4.791107  
  3.202500e+00  4.978562  4.791101  
  3.205000e+00  4.978556  4.791095  
  3.207500e+00  4.978550  4.791089  
  3.210000e+00  4.978544  4.791083  
  3.212500e+00  4.978538  4.791077  
  3.215000e+00  4.978532  4.791071  
  3.217500e+00  4.978526  4.791065  
  3.220000e+00  4.978520  4.791059  
  3.222500e+00  4.978514  4.791053  
  3.225000e+00  4.978508  4.791047  
  3.227500e+00  4.978503  4.791041  
  3.230000e+00  4.978497  4.791035  
  3.232500e+00  4.978491  4.791029  
  3.235000e+00  4.978485  4.791024  
  3.237500e+00  4.978479  4.791018  
  3.240000e+00  4.978473  4.791012  
  3.242500e+00  4.978468  4.791006  
  3.245000e+00  4.978462  4.791000  
  3.247500e+00  4.978456  4.790995  
  3.250000e+00  4.978450  4.790989  
  3.252500e+00  4.978445  4.790983  
  3.255000e+00  4.978439  4.790977  
  3.257500e+00  4.978433  4.790972  
  3.260000e+00  4.978428  4.790966  
  3.262500e+00  4.978422  4.790960  
  3.265000e+00  4.978416  4.790955  
  3.267500e+00  4.978411  4.790949  
  3.270000e+00  4.978405  4.790943  
  3.272500e+00  4.978400  4.790938  
  3.275000e+00  4.978394  4.790932  
  3.277500e+00  4.978389  4.790927  
  3.280000e+00  4.978383  4.790921  
  3.282500e+00  4.978378  4.790915  
  3.285000e+00  4.978372  4.790910  
  3.287500e+00  4.978367  4.790904  
  3.290000e+00  4.978361  4.790899  
  3.292500e+00  4.978356  4.790893  
  3.295000e+00  4.978350  4.790888  
  3.297500e+00  4.978345  4.790883  
  3.300000e+00  4.978339  4.790877  
  3.302500e+00  4.978334  4.790872  
  3.305000e+00  4.978329  4.790866  
  3.307500e+00  4.978323  4.790861  
  3.310000e+00  4.978318  4.790855  
  3.312500e+00  4.978313  4.790850  
  3.315000e+00  4.978307  4.790845  
  3.317500e+00  4.978302  4.790839  
  3.320000e+00  4.978297  4.790834  
  3.322500e+00  4.978292  4.790829  
  3.325000e+00  4.978286  4.790824  
  3.327500e+00  4.978281  4.790818  
  3.330000e+00  4.978276  4.790813  
  3.332500e+00  4.978271  4.790808  
  3.335000e+00  4.978265  4.790803  
  3.337500e+00  4.978260  4.790797  
  3.340000e+00  4.978255  4.790792  
  3.342500e+00  4.978250  4.790787  
  3.345000e+00  4.978245  4.790782  
  3.347500e+00  4.978240  4.790777  
  3.350000e+00  4.978235  4.790772  
  3.352500e+00  4.978230  4.790766  
  3.355000e+00  4.978224  4.790761  
  3.357500e+00  4.978219  4.790756  
  3.360000e+00  4.978214  4.790751  
  3.362500e+00  4.978209  4.790746  
  3.365000e+00  4.978204  4.790741  
  3.367500e+00  4.978199  4.790736  
  3.370000e+00  4.978194  4.790731  
  3.372500e+00  4.978189  4.790726  
  3.375000e+00  4.978184  4.790721  
  3.377500e+00  4.978179  4.790716  
  3.380000e+00  4.978175  4.790711  
  3.382500e+00  4.978170  4.790706  
  3.385000e+00  4.978165  4.790701  
  3.387500e+00  4.978160  4.790696  
  3.390000e+00  4.978155  4.790691  
  3.392500e+00  4.978150  4.790686  
  3.395000e+00  4.978145  4.790682  
  3.397500e+00  4.978140  4.790677  
  3.400000e+00  4.978136  4.790672  
  3.402500e+00  4.978131  4.790667  
  3.405000e+00  4.978126  4.790662  
  3.407500e+00  4.978121  4.790657  
  3.410000e+00  4.978116  4.790653  
  3.412500e+00  4.978112  4.790648  
  3.415000e+00  4.978107  4.790643  
  3.417500e+00  4.978102  4.790638  
  3.420000e+00  4.978098  4.790634  
  3.422500e+00  4.978093  4.790629  
  3.425000e+00  4.978088  4.790624  
  3.427500e+00  4.978084  4.790619  
  3.430000e+00  4.978079  4.790615  
  3.432500e+00  4.978074  4.790610  
  3.435000e+00  4.978070  4.790605  
  3.437500e+00  4.978065  4.790601  
  3.440000e+00  4.978060  4.790596  
  3.442500e+00  4.978056  4.790591  
  3.445000e+00  4.978051  4.790587  
  3.447500e+00  4.978047  4.790582  
  3.450000e+00  4.978042  4.790578  
  3.452500e+00  4.978038  4.790573  
  3.455000e+00  4.978033  4.790569  
  3.457500e+00  4.978028  4.790564  
  3.460000e+00  4.978024  4.790559  
  3.462500e+00  4.978019  4.790555  
  3.465000e+00  4.978015  4.790550  
  3.467500e+00  4.978011  4.790546  
  3.470000e+00  4.978006  4.790541  
  3.472500e+00  4.978002  4.790537  
  3.475000e+00  4.977997  4.790533  
  3.477500e+00  4.977993  4.790528  
  3.480000e+00  4.977988  4.790524  
  3.482500e+00  4.977984  4.790519  
  3.485000e+00  4.977980  4.790515  
  3.487500e+00  4.977975  4.790510  
  3.490000e+00  4.977971  4.790506  
  3.492500e+00  4.977967  4.790502  
  3.495000e+00  4.977962  4.790497  
  3.497500e+00  4.977958  4.790493  
  3.500000e+00  4.977954  4.790489  
  3.502500e+00  4.977949  4.790484  
  3.505000e+00  4.977945  4.790480  
  3.507500e+00  4.977941  4.790476  
  3.510000e+00  4.977936  4.790471  
  3.512500e+00  4.977932  4.790467  
  3.515000e+00  4.977928  4.790463  
  3.517500e+00  4.977924  4.790459  
  3.520000e+00  4.977920  4.790454  
  3.522500e+00  4.977915  4.790450  
  3.525000e+00  4.977911  4.790446  
  3.527500e+00  4.977907  4.790442  
  3.530000e+00  4.977903  4.790438  
  3.532500e+00  4.977899  4.790433  
  3.535000e+00  4.977895  4.790429  
  3.537500e+00  4.977890  4.790425  
  3.540000e+00  4.977886  4.790421  
  3.542500e+00  4.977882  4.790417  
  3.545000e+00  4.977878  4.790413  
  3.547500e+00  4.977874  4.790409  
  3.550000e+00  4.977870  4.790404  
  3.552500e+00  4.977866  4.790400  
  3.555000e+00  4.977862  4.790396  
  3.557500e+00  4.977858  4.790392  
  3.560000e+00  4.977854  4.790388  
  3.562500e+00  4.977850  4.790384  
  3.565000e+00  4.977846  4.790380  
  3.567500e+00  4.977842  4.790376  
  3.570000e+00  4.977838  4.790372  
  3.572500e+00  4.977834  4.790368  
  3.575000e+00  4.977830  4.790364  
  3.577500e+00  4.977826  4.790360  
  3.580000e+00  4.977822  4.790356  
  3.582500e+00  4.977818  4.790352  
  3.585000e+00  4.977814  4.790348  
  3.587500e+00  4.977810  4.790344  
  3.590000e+00  4.977806  4.790340  
  3.592500e+00  4.977802  4.790336  
  3.595000e+00  4.977799  4.790333  
  3.597500e+00  4.977795  4.790329  
  3.600000e+00  4.977791  4.790325  
  3.602500e+00  4.977787  4.790321  
  3.605000e+00  4.977783  4.790317  
  3.607500e+00  4.977779  4.790313  
  3.610000e+00  4.977776  4.790309  
  3.612500e+00  4.977772  4.790306  
  3.615000e+00  4.977768  4.790302  
  3.617500e+00  4.977764  4.790298  
  3.620000e+00  4.977760  4.790294  
  3.622500e+00  4.977757  4.790290  
  3.625000e+00  4.977753  4.790287  
  3.627500e+00  4.977749  4.790283  
  3.630000e+00  4.977745  4.790279  
  3.632500e+00  4.977742  4.790275  
  3.635000e+00  4.977738  4.790272  
  3.637500e+00  4.977734  4.790268  
  3.640000e+00  4.977731  4.790264  
  3.642500e+00  4.977727  4.790260  
  3.645000e+00  4.977723  4.790257  
  3.647500e+00  4.977720  4.790253  
  3.650000e+00  4.977716  4.790249  
  3.652500e+00  4.977712  4.790246  
  3.655000e+00  4.977709  4.790242  
  3.657500e+00  4.977705  4.790238  
  3.660000e+00  4.977702  4.790235  
  3.662500e+00  4.977698  4.790231  
  3.665000e+00  4.977694  4.790228  
  3.667500e+00  4.977691  4.790224  
  3.670000e+00  4.977687  4.790220  
  3.672500e+00  4.977684  4.790217  
  3.675000e+00  4.977680  4.790213  
  3.677500e+00  4.977677  4.790210  
  3.680000e+00  4.977673  4.790206  
  3.682500e+00  4.977670  4.790203  
  3.685000e+00  4.977666  4.790199  
  3.687500e+00  4.977663  4.790196  
  3.690000e+00  4.977659  4.790192  
  3.692500e+00  4.977656  4.790189  
  3.695000e+00  4.977652  4.790185  
  3.697500e+00  4.977649  4.790182  
  3.700000e+00  4.977645  4.790178  
  3.702500e+00  4.977642  4.790175  
  3.705000e+00  4.977638  4.790171  
  3.707500e+00  4.977635  4.790168  
  3.710000e+00  4.977631  4.790164  
  3.712500e+00  4.977628  4.790161  
  3.715000e+00  4.977625  4.790158  
  3.717500e+00  4.977621  4.790154  
  3.720000e+00  4.977618  4.790151  
  3.722500e+00  4.977615  4.790147  
  3.725000e+00  4.977611  4.790144  
  3.727500e+00  4.977608  4.790141  
  3.730000e+00  4.977605  4.790137  
  3.732500e+00  4.977601  4.790134  
  3.735000e+00  4.977598  4.790131  
  3.737500e+00  4.977595  4.790127  
  3.740000e+00  4.977591  4.790124  
  3.742500e+00  4.977588  4.790121  
  3.745000e+00  4.977585  4.790117  
  3.747500e+00  4.977581  4.790114  
  3.750000e+00  4.977578  4.790111  
  3.752500e+00  4.977575  4.790107  
  3.755000e+00  4.977572  4.790104  
  3.757500e+00  4.977568  4.790101  
  3.760000e+00  4.977565  4.790098  
  3.762500e+00  4.977562  4.790094  
  3.765000e+00  4.977559  4.790091  
  3.767500e+00  4.977556  4.790088  
  3.770000e+00  4.977552  4.790085  
  3.772500e+00  4.977549  4.790081  
  3.775000e+00  4.977546  4.790078  
  3.777500e+00  4.977543  4.790075  
  3.780000e+00  4.977540  4.790072  
  3.782500e+00  4.977537  4.790069  
  3.785000e+00  4.977533  4.790066  
  3.787500e+00  4.977530  4.790062  
  3.790000e+00  4.977527  4.790059  
  3.792500e+00  4.977524  4.790056  
  3.795000e+00  4.977521  4.790053  
  3.797500e+00  4.977518  4.790050  
  3.800000e+00  4.977515  4.790047  
  3.802500e+00  4.977512  4.790044  
  3.805000e+00  4.977509  4.790041  
  3.807500e+00  4.977505  4.790037  
  3.810000e+00  4.977502  4.790034  
  3.812500e+00  4.977499  4.790031  
  3.815000e+00  4.977496  4.790028  
  3.817500e+00  4.977493  4.790025  
  3.820000e+00  4.977490  4.790022  
  3.822500e+00  4.977487  4.790019  
  3.825000e+00  4.977484  4.790016  
  3.827500e+00  4.977481  4.790013  
  3.830000e+00  4.977478  4.790010  
  3.832500e+00  4.977475  4.790007  
  3.835000e+00  4.977472  4.790004  
  3.837500e+00  4.977469  4.790001  
  3.840000e+00  4.977466  4.789998  
  3.842500e+00  4.977463  4.789995  
  3.845000e+00  4.977460  4.789992  
  3.847500e+00  4.977458  4.789989  
  3.850000e+00  4.977455  4.789986  
  3.852500e+00  4.977452  4.789983  
  3.855000e+00  4.977449  4.789980  
  3.857500e+00  4.977446  4.789978  
  3.860000e+00  4.977443  4.789975  
  3.862500e+00  4.977440  4.789972  
  3.865000e+00  4.977437  4.789969  
  3.867500e+00  4.977434  4.789966  
  3.870000e+00  4.977431  4.789963  
  3.872500e+00  4.977429  4.789960  
  3.875000e+00  4.977426  4.789957  
  3.877500e+00  4.977423  4.789954  
  3.880000e+00  4.977420  4.789952  
  3.882500e+00  4.977417  4.789949  
  3.885000e+00  4.977414  4.789946  
  3.887500e+00  4.977412  4.789943  
  3.890000e+00  4.977409  4.789940  
  3.892500e+00  4.977406  4.789937  
  3.895000e+00  4.977403  4.789935  
  3.897500e+00  4.977400  4.789932  
  3.900000e+00  4.977398  4.789929  
  3.902500e+00  4.977395  4.789926  
  3.905000e+00  4.977392  4.789923  
  3.907500e+00  4.977389  4.789921  
  3.910000e+00  4.977387  4.789918  
  3.912500e+00  4.977384  4.789915  
  3.915000e+00  4.977381  4.789912  
  3.917500e+00  4.977378  4.789910  
  3.920000e+00  4.977376  4.789907  
  3.922500e+00  4.977373  4.789904  
  3.925000e+00  4.977370  4.789902  
  3.927500e+00  4.977368  4.789899  
  3.930000e+00  4.977365  4.789896  
  3.932500e+00  4.977362  4.789893  
  3.935000e+00  4.977360  4.789891  
  3.937500e+00  4.977357  4.789888  
  3.940000e+00  4.977354  4.789885  
  3.942500e+00  4.977352  4.789883  
  3.945000e+00  4.977349  4.789880  
  3.947500e+00  4.977346  4.789877  
  3.950000e+00  4.977344  4.789875  
  3.952500e+00  4.977341  4.789872  
  3.955000e+00  4.977339  4.789869  
  3.957500e+00  4.977336  4.789867  
  3.960000e+00  4.977333  4.789864  
  3.962500e+00  4.977331  4.789862  
  3.965000e+00  4.977328  4.789859  
  3.967500e+00  4.977326  4.789856  
  3.970000e+00  4.977323  4.789854  
  3.972500e+00  4.977320  4.789851  
  3.975000e+00  4.977318  4.789849  
  3.977500e+00  4.977315  4.789846  
  3.980000e+00  4.977313  4.789844  
  3.982500e+00  4.977310  4.789841  
  3.985000e+00  4.977308  4.789838  
  3.987500e+00  4.977305  4.789836  
  3.990000e+00  4.977303  4.789833  
  3.992500e+00  4.977300  4.789831  
  3.995000e+00  4.977298  4.789828  
  3.997500e+00  4.977295  4.789826  
  4.000000e+00  4.977293  4.789823  
