  0.000000e+00  105.000518  20.884233
  2.500000e-03  100.996592  18.088499
  5.000000e-03  95.883376  16.976339
  7.500000e-03  91.331140  16.351035
  1.000000e-02  87.865621  15.685465
  1.250000e-02  85.512654  15.011729
  1.500000e-02  84.198796  14.377855
  1.750000e-02  83.836881  13.778605
  2.000000e-02  84.308217  13.191583
  2.250000e-02  85.445290  12.605679
  2.500000e-02  87.028920  12.023233
  2.750000e-02  88.799320  11.451388
  3.000000e-02  90.487450  10.896312
  3.250000e-02  91.864569  10.363244
  3.500000e-02  92.790121  9.858095
  3.750000e-02  93.233434  9.386533
  4.000000e-02  93.259737  8.951348
  4.250000e-02  92.991582  8.551664
  4.500000e-02  92.565770  8.184793
  4.750000e-02  92.100971  7.848398
  5.000000e-02  91.681189  7.541332
  5.250000e-02  91.352870  7.263348
  5.500000e-02  91.130520  7.014371
  5.750000e-02  91.005896  6.793879
  6.000000e-02  90.957526  6.600638
  6.250000e-02  90.958817  6.432747
  6.500000e-02  90.984105  6.287861
  6.750000e-02  91.012501  6.163425
  7.000000e-02  91.029715  6.056859
  7.250000e-02  91.028224  5.965672
  7.500000e-02  91.006293  5.887524
  7.750000e-02  90.966366  5.820260
  8.000000e-02  90.913325  5.761944
  8.250000e-02  90.852929  5.710874
  8.500000e-02  90.790660  5.665595
  8.750000e-02  90.731003  5.624897
  9.000000e-02  90.677124  5.587795
  9.250000e-02  90.630851  5.553509
  9.500000e-02  90.592864  5.521437
  9.750000e-02  90.562969  5.491126
  1.000000e-01  90.540403  5.462241
  1.025000e-01  90.524102  5.434546
  1.050000e-01  90.512903  5.407874
  1.075000e-01  90.505683  5.382110
  1.100000e-01  90.501428  5.357173
  1.125000e-01  90.499259  5.333008
  1.150000e-01  90.498437  5.309570
  1.175000e-01  90.498349  5.286824
  1.200000e-01  90.498505  5.264741
  1.225000e-01  90.498535  5.243293
  1.250000e-01  90.498188  5.222453
  1.275000e-01  90.497334  5.202199
  1.300000e-01  90.495957  5.182508
  1.325000e-01  90.494140  5.163358
  1.350000e-01  90.492047  5.144732
  1.375000e-01  90.489890  5.126612
  1.400000e-01  90.487898  5.108983
  1.425000e-01  90.486284  5.091828
  1.450000e-01  90.485218  5.075133
  1.475000e-01  90.484811  5.058884
  1.500000e-01  90.485103  5.043066
  1.525000e-01  90.486067  5.027661
  1.550000e-01  90.487624  5.012655
  1.575000e-01  90.489653  4.998029
  1.600000e-01  90.492017  4.983766
  1.625000e-01  90.494575  4.969847
  1.650000e-01  90.497202  4.956256
  1.675000e-01  90.499797  4.942973
  1.700000e-01  90.502285  4.929982
  1.725000e-01  90.504622  4.917266
  1.750000e-01  90.506784  4.904811
  1.775000e-01  90.508768  4.892601
  1.800000e-01  90.510580  4.880623
  1.825000e-01  90.512232  4.868865
  1.850000e-01  90.513732  4.857316
  1.875000e-01  90.515088  4.845965
  1.900000e-01  90.516299  4.834802
  1.925000e-01  90.517361  4.823819
  1.950000e-01  90.518266  4.813009
  1.975000e-01  90.519000  4.802362
  2.000000e-01  90.519553  4.791873
  2.025000e-01  90.519916  4.781535
  2.050000e-01  90.520082  4.771341
  2.075000e-01  90.520051  4.761287
  2.100000e-01  90.519827  4.751365
  2.125000e-01  90.519419  4.741572
  2.150000e-01  90.518839  4.731901
  2.175000e-01  90.518106  4.722349
  2.200000e-01  90.517237  4.712910
  2.225000e-01  90.516250  4.703580
  2.250000e-01  90.515166  4.694354
  2.275000e-01  90.513999  4.685230
  2.300000e-01  90.512764  4.676202
  2.325000e-01  90.511473  4.667268
  2.350000e-01  90.510132  4.658424
  2.375000e-01  90.508748  4.649666
  2.400000e-01  90.507322  4.640992
  2.425000e-01  90.505853  4.632399
  2.450000e-01  90.504341  4.623884
  2.475000e-01  90.502782  4.615444
  2.500000e-01  90.501171  4.607077
  2.525000e-01  90.499506  4.598782
  2.550000e-01  90.497783  4.590555
  2.575000e-01  90.495999  4.582395
  2.600000e-01  90.494151  4.574300
  2.625000e-01  90.492239  4.566269
  2.650000e-01  90.490263  4.558300
  2.675000e-01  90.488223  4.550391
  2.700000e-01  90.486121  4.542541
  2.725000e-01  90.483961  4.534749
  2.750000e-01  90.481743  4.527014
  2.775000e-01  90.479473  4.519334
  2.800000e-01  90.477154  4.511709
  2.825000e-01  90.474789  4.504137
  2.850000e-01  90.472382  4.496618
  2.875000e-01  90.469937  4.489150
  2.900000e-01  90.467457  4.481734
  2.925000e-01  90.464945  4.474368
  2.950000e-01  90.462404  4.467052
  2.975000e-01  90.459836  4.459786
  3.000000e-01  90.457244  4.452568
  3.025000e-01  90.454630  4.445398
  3.050000e-01  90.451995  4.438275
  3.075000e-01  90.449340  4.431201
  3.100000e-01  90.446668  4.424173
  3.125000e-01  90.443979  4.417191
  3.150000e-01  90.441275  4.410257
  3.175000e-01  90.438556  4.403368
  3.200000e-01  90.435824  4.396525
  3.225000e-01  90.433080  4.389727
  3.250000e-01  90.430325  4.382975
  3.275000e-01  90.427559  4.376269
  3.300000e-01  90.424785  4.369607
  3.325000e-01  90.422002  4.362990
  3.350000e-01  90.419212  4.356419
  3.375000e-01  90.416416  4.349892
  3.400000e-01  90.413615  4.343410
  3.425000e-01  90.410809  4.336973
  3.450000e-01  90.408000  4.330580
  3.475000e-01  90.405188  4.324232
  3.500000e-01  90.402374  4.317928
  3.525000e-01  90.399560  4.311669
  3.550000e-01  90.396745  4.305455
  3.575000e-01  90.393930  4.299285
  3.600000e-01  90.391117  4.293160
  3.625000e-01  90.388305  4.287079
  3.650000e-01  90.385496  4.281043
  3.675000e-01  90.382691  4.275052
  3.700000e-01  90.379888  4.269106
  3.725000e-01  90.377091  4.263204
  3.750000e-01  90.374298  4.257346
  3.775000e-01  90.371511  4.251534
  3.800000e-01  90.368731  4.245766
  3.825000e-01  90.365957  4.240043
  3.850000e-01  90.363191  4.234365
  3.875000e-01  90.360434  4.228732
  3.900000e-01  90.357685  4.223144
  3.925000e-01  90.354945  4.217601
  3.950000e-01  90.352215  4.212103
  3.975000e-01  90.349496  4.206650
  4.000000e-01  90.346788  4.201241
  4.025000e-01  90.344092  4.195878
  4.050000e-01  90.341407  4.190560
  4.075000e-01  90.338736  4.185287
  4.100000e-01  90.336077  4.180060
  4.125000e-01  90.333432  4.174877
  4.150000e-01  90.330800  4.169739
  4.175000e-01  90.328183  4.164647
  4.200000e-01  90.325580  4.159599
  4.225000e-01  90.322992  4.154597
  4.250000e-01  90.320420  4.149640
  4.275000e-01  90.317862  4.144728
  4.300000e-01  90.315321  4.139861
  4.325000e-01  90.312795  4.135039
  4.350000e-01  90.310285  4.130262
  4.375000e-01  90.307792  4.125529
  4.400000e-01  90.305315  4.120842
  4.425000e-01  90.302854  4.116200
  4.450000e-01  90.300410  4.111602
  4.475000e-01  90.297983  4.107049
  4.500000e-01  90.295572  4.102541
  4.525000e-01  90.293178  4.098078
  4.550000e-01  90.290800  4.093658
  4.575000e-01  90.288440  4.089284
  4.600000e-01  90.286096  4.084954
  4.625000e-01  90.283769  4.080668
  4.650000e-01  90.281458  4.076426
  4.675000e-01  90.279165  4.072228
  4.700000e-01  90.276888  4.068074
  4.725000e-01  90.274627  4.063964
  4.750000e-01  90.272383  4.059898
  4.775000e-01  90.270156  4.055875
  4.800000e-01  90.267945  4.051896
  4.825000e-01  90.265750  4.047960
  4.850000e-01  90.263572  4.044067
  4.875000e-01  90.261409  4.040217
  4.900000e-01  90.259263  4.036410
  4.925000e-01  90.257133  4.032646
  4.950000e-01  90.255019  4.028924
  4.975000e-01  90.252921  4.025244
  5.000000e-01  90.250838  4.021607
  5.025000e-01  90.248772  4.018012
  5.050000e-01  90.246720  4.014458
  5.075000e-01  90.244684  4.010946
  5.100000e-01  90.242664  4.007476
  5.125000e-01  90.240659  4.004046
  5.150000e-01  90.238669  4.000658
  5.175000e-01  90.236695  3.997310
  5.200000e-01  90.234735  3.994003
  5.225000e-01  90.232790  3.990736
  5.250000e-01  90.230860  3.987509
  5.275000e-01  90.228945  3.984322
  5.300000e-01  90.227045  3.981174
  5.325000e-01  90.225159  3.978066
  5.350000e-01  90.223288  3.974997
  5.375000e-01  90.221431  3.971967
  5.400000e-01  90.219589  3.968975
  5.425000e-01  90.217761  3.966022
  5.450000e-01  90.215947  3.963107
  5.475000e-01  90.214147  3.960229
  5.500000e-01  90.212362  3.957389
  5.525000e-01  90.210590  3.954586
  5.550000e-01  90.208832  3.951820
  5.575000e-01  90.207088  3.949091
  5.600000e-01  90.205358  3.946398
  5.625000e-01  90.203642  3.943741
  5.650000e-01  90.201939  3.941120
  5.675000e-01  90.200250  3.938534
  5.700000e-01  90.198574  3.935984
  5.725000e-01  90.196912  3.933468
  5.750000e-01  90.195263  3.930987
  5.775000e-01  90.193628  3.928540
  5.800000e-01  90.192006  3.926127
  5.825000e-01  90.190397  3.923747
  5.850000e-01  90.188801  3.921401
  5.875000e-01  90.187218  3.919088
  5.900000e-01  90.185649  3.916808
  5.925000e-01  90.184092  3.914560
  5.950000e-01  90.182548  3.912343
  5.975000e-01  90.181017  3.910159
  6.000000e-01  90.179499  3.908006
  6.025000e-01  90.177993  3.905884
  6.050000e-01  90.176500  3.903792
  6.075000e-01  90.175020  3.901731
  6.100000e-01  90.173552  3.899700
  6.125000e-01  90.172096  3.897699
  6.150000e-01  90.170653  3.895727
  6.175000e-01  90.169222  3.893784
  6.200000e-01  90.167804  3.891870
  6.225000e-01  90.166397  3.889985
  6.250000e-01  90.165003  3.888127
  6.275000e-01  90.163621  3.886297
  6.300000e-01  90.162250  3.884495
  6.325000e-01  90.160892  3.882719
  6.350000e-01  90.159545  3.880971
  6.375000e-01  90.158210  3.879248
  6.400000e-01  90.156886  3.877552
  6.425000e-01  90.155575  3.875882
  6.450000e-01  90.154274  3.874237
  6.475000e-01  90.152985  3.872617
  6.500000e-01  90.151707  3.871022
  6.525000e-01  90.150440  3.869451
  6.550000e-01  90.149185  3.867905
  6.575000e-01  90.147940  3.866382
  6.600000e-01  90.146707  3.864883
  6.625000e-01  90.145484  3.863407
  6.650000e-01  90.144272  3.861954
  6.675000e-01  90.143071  3.860524
  6.700000e-01  90.141880  3.859116
  6.725000e-01  90.140699  3.857729
  6.750000e-01  90.139529  3.856365
  6.775000e-01  90.138370  3.855021
  6.800000e-01  90.137220  3.853699
  6.825000e-01  90.136081  3.852397
  6.850000e-01  90.134951  3.851116
  6.875000e-01  90.133832  3.849855
  6.900000e-01  90.132722  3.848614
  6.925000e-01  90.131622  3.847392
  6.950000e-01  90.130531  3.846190
  6.975000e-01  90.129450  3.845007
  7.000000e-01  90.128378  3.843842
  7.025000e-01  90.127315  3.842695
  7.050000e-01  90.126262  3.841567
  7.075000e-01  90.125218  3.840457
  7.100000e-01  90.124182  3.839364
  7.125000e-01  90.123156  3.838288
  7.150000e-01  90.122138  3.837230
  7.175000e-01  90.121129  3.836188
  7.200000e-01  90.120128  3.835163
  7.225000e-01  90.119136  3.834154
  7.250000e-01  90.118152  3.833161
  7.275000e-01  90.117176  3.832183
  7.300000e-01  90.116209  3.831221
  7.325000e-01  90.115249  3.830275
  7.350000e-01  90.114298  3.829343
  7.375000e-01  90.113354  3.828426
  7.400000e-01  90.112418  3.827524
  7.425000e-01  90.111489  3.826635
  7.450000e-01  90.110568  3.825761
  7.475000e-01  90.109654  3.824901
  7.500000e-01  90.108748  3.824054
  7.525000e-01  90.107849  3.823220
  7.550000e-01  90.106957  3.822400
  7.575000e-01  90.106072  3.821592
  7.600000e-01  90.105194  3.820797
  7.625000e-01  90.104323  3.820015
  7.650000e-01  90.103458  3.819244
  7.675000e-01  90.102600  3.818486
  7.700000e-01  90.101749  3.817740
  7.725000e-01  90.100903  3.817005
  7.750000e-01  90.100065  3.816281
  7.775000e-01  90.099232  3.815569
  7.800000e-01  90.098406  3.814868
  7.825000e-01  90.097586  3.814178
  7.850000e-01  90.096772  3.813498
  7.875000e-01  90.095963  3.812829
  7.900000e-01  90.095161  3.812170
  7.925000e-01  90.094364  3.811521
  7.950000e-01  90.093573  3.810882
  7.975000e-01  90.092787  3.810252
  8.000000e-01  90.092007  3.809633
  8.025000e-01  90.091232  3.809022
  8.050000e-01  90.090462  3.808421
  8.075000e-01  90.089698  3.807829
  8.100000e-01  90.088939  3.807246
  8.125000e-01  90.088185  3.806671
  8.150000e-01  90.087436  3.806105
  8.175000e-01  90.086691  3.805548
  8.200000e-01  90.085952  3.804999
  8.225000e-01  90.085217  3.804458
  8.250000e-01  90.084488  3.803924
  8.275000e-01  90.083762  3.803399
  8.300000e-01  90.083042  3.802881
  8.325000e-01  90.082325  3.802371
  8.350000e-01  90.081613  3.801869
  8.375000e-01  90.080906  3.801373
  8.400000e-01  90.080203  3.800885
  8.425000e-01  90.079504  3.800404
  8.450000e-01  90.078809  3.799929
  8.475000e-01  90.078118  3.799461
  8.500000e-01  90.077432  3.799000
  8.525000e-01  90.076749  3.798546
  8.550000e-01  90.076070  3.798097
  8.575000e-01  90.075395  3.797655
  8.600000e-01  90.074724  3.797220
  8.625000e-01  90.074057  3.796790
  8.650000e-01  90.073393  3.796366
  8.675000e-01  90.072733  3.795948
  8.700000e-01  90.072076  3.795535
  8.725000e-01  90.071423  3.795129
  8.750000e-01  90.070774  3.794727
  8.775000e-01  90.070128  3.794331
  8.800000e-01  90.069485  3.793941
  8.825000e-01  90.068846  3.793555
  8.850000e-01  90.068210  3.793175
  8.875000e-01  90.067577  3.792799
  8.900000e-01  90.066947  3.792429
  8.925000e-01  90.066321  3.792063
  8.950000e-01  90.065698  3.791702
  8.975000e-01  90.065077  3.791346
  9.000000e-01  90.064460  3.790994
  9.025000e-01  90.063846  3.790647
  9.050000e-01  90.063234  3.790304
  9.075000e-01  90.062626  3.789965
  9.100000e-01  90.062020  3.789630
  9.125000e-01  90.061418  3.789300
  9.150000e-01  90.060818  3.788974
  9.175000e-01  90.060220  3.788651
  9.200000e-01  90.059626  3.788333
  9.225000e-01  90.059034  3.788019
  9.250000e-01  90.058445  3.787708
  9.275000e-01  90.057858  3.787401
  9.300000e-01  90.057274  3.787097
  9.325000e-01  90.056693  3.786797
  9.350000e-01  90.056114  3.786501
  9.375000e-01  90.055537  3.786208
  9.400000e-01  90.054963  3.785918
  9.425000e-01  90.054392  3.785632
  9.450000e-01  90.053823  3.785349
  9.475000e-01  90.053256  3.785069
  9.500000e-01  90.052692  3.784792
  9.525000e-01  90.052130  3.784518
  9.550000e-01  90.051570  3.784248
  9.575000e-01  90.051012  3.783980
  9.600000e-01  90.050457  3.783715
  9.625000e-01  90.049904  3.783453
  9.650000e-01  90.049353  3.783194
  9.675000e-01  90.048804  3.782937
  9.700000e-01  90.048258  3.782683
  9.725000e-01  90.047713  3.782432
  9.750000e-01  90.047171  3.782184
  9.775000e-01  90.046631  3.781938
  9.800000e-01  90.046093  3.781694
  9.825000e-01  90.045557  3.781453
  9.850000e-01  90.045023  3.781215
  9.875000e-01  90.044491  3.780978
  9.900000e-01  90.043961  3.780744
  9.925000e-01  90.043433  3.780513
  9.950000e-01  90.042906  3.780283
  9.975000e-01  90.042382  3.780056
  1.000000e+00  90.041860  3.779831
  1.002500e+00  90.041340  3.779609
  1.005000e+00  90.040821  3.779388
  1.007500e+00  90.040304  3.779169
  1.010000e+00  90.039790  3.778952
  1.012500e+00  90.039277  3.778738
  1.015000e+00  90.038766  3.778525
  1.017500e+00  90.038256  3.778314
  1.020000e+00  90.037749  3.778105
  1.022500e+00  90.037243  3.777898
  1.025000e+00  90.036739  3.777693
  1.027500e+00  90.036237  3.777490
  1.030000e+00  90.035737  3.777288
  1.032500e+00  90.035238  3.777088
  1.035000e+00  90.034741  3.776890
  1.037500e+00  90.034246  3.776693
  1.040000e+00  90.033752  3.776498
  1.042500e+00  90.033260  3.776305
  1.045000e+00  90.032770  3.776113
  1.047500e+00  90.032281  3.775923
  1.050000e+00  90.031794  3.775735
  1.052500e+00  90.031309  3.775548
  1.055000e+00  90.030825  3.775362
  1.057500e+00  90.030343  3.775178
  1.060000e+00  90.029863  3.774995
  1.062500e+00  90.029384  3.774814
  1.065000e+00  90.028907  3.774634
  1.067500e+00  90.028431  3.774456
  1.070000e+00  90.027957  3.774279
  1.072500e+00  90.027485  3.774103
  1.075000e+00  90.027014  3.773929
  1.077500e+00  90.026544  3.773756
  1.080000e+00  90.026077  3.773584
  1.082500e+00  90.025610  3.773413
  1.085000e+00  90.025146  3.773244
  1.087500e+00  90.024682  3.773076
  1.090000e+00  90.024220  3.772909
  1.092500e+00  90.023760  3.772743
  1.095000e+00  90.023301  3.772578
  1.097500e+00  90.022844  3.772415
  1.100000e+00  90.022388  3.772253
  1.102500e+00  90.021934  3.772092
  1.105000e+00  90.021481  3.771931
  1.107500e+00  90.021030  3.771772
  1.110000e+00  90.020580  3.771615
  1.112500e+00  90.020131  3.771458
  1.115000e+00  90.019684  3.771302
  1.117500e+00  90.019239  3.771147
  1.120000e+00  90.018795  3.770993
  1.122500e+00  90.018352  3.770840
  1.125000e+00  90.017910  3.770689
  1.127500e+00  90.017471  3.770538
  1.130000e+00  90.017032  3.770388
  1.132500e+00  90.016595  3.770239
  1.135000e+00  90.016159  3.770091
  1.137500e+00  90.015725  3.769944
  1.140000e+00  90.015292  3.769797
  1.142500e+00  90.014861  3.769652
  1.145000e+00  90.014430  3.769508
  1.147500e+00  90.014002  3.769364
  1.150000e+00  90.013574  3.769221
  1.152500e+00  90.013148  3.769080
  1.155000e+00  90.012723  3.768939
  1.157500e+00  90.012300  3.768798
  1.160000e+00  90.011878  3.768659
  1.162500e+00  90.011458  3.768520
  1.165000e+00  90.011038  3.768383
  1.167500e+00  90.010620  3.768246
  1.170000e+00  90.010204  3.768110
  1.172500e+00  90.009788  3.767974
  1.175000e+00  90.009374  3.767839
  1.177500e+00  90.008962  3.767706
  1.180000e+00  90.008550  3.767572
  1.182500e+00  90.008140  3.767440
  1.185000e+00  90.007732  3.767308
  1.187500e+00  90.007324  3.767177
  1.190000e+00  90.006918  3.767047
  1.192500e+00  90.006513  3.766917
  1.195000e+00  90.006110  3.766789
  1.197500e+00  90.005708  3.766660
  1.200000e+00  90.005307  3.766533
  1.202500e+00  90.004907  3.766406
  1.205000e+00  90.004509  3.766280
  1.207500e+00  90.004112  3.766154
  1.210000e+00  90.003716  3.766030
  1.212500e+00  90.003321  3.765905
  1.215000e+00  90.002928  3.765782
  1.217500e+00  90.002536  3.765659
  1.220000e+00  90.002145  3.765536
  1.222500e+00  90.001756  3.765415
  1.225000e+00  90.001368  3.765294
  1.227500e+00  90.000981  3.765173
  1.230000e+00  90.000595  3.765053
  1.232500e+00  90.000211  3.764934
  1.235000e+00  89.999827  3.764815
  1.237500e+00  89.999445  3.764697
  1.240000e+00  89.999064  3.764580
  1.242500e+00  89.998685  3.764463
  1.245000e+00  89.998307  3.764346
  1.247500e+00  89.997930  3.764231
  1.250000e+00  89.997554  3.764115
  1.252500e+00  89.997179  3.764001
  1.255000e+00  89.996806  3.763886
  1.257500e+00  89.996433  3.763773
  1.260000e+00  89.996062  3.763660
  1.262500e+00  89.995692  3.763547
  1.265000e+00  89.995324  3.763435
  1.267500e+00  89.994956  3.763324
  1.270000e+00  89.994590  3.763213
  1.272500e+00  89.994225  3.763102
  1.275000e+00  89.993861  3.762992
  1.277500e+00  89.993499  3.762883
  1.280000e+00  89.993137  3.762774
  1.282500e+00  89.992777  3.762665
  1.285000e+00  89.992418  3.762557
  1.287500e+00  89.992060  3.762450
  1.290000e+00  89.991703  3.762343
  1.292500e+00  89.991347  3.762236
  1.295000e+00  89.990993  3.762130
  1.297500e+00  89.990640  3.762025
  1.300000e+00  89.990288  3.761920
  1.302500e+00  89.989937  3.761815
  1.305000e+00  89.989587  3.761711
  1.307500e+00  89.989238  3.761607
  1.310000e+00  89.988891  3.761504
  1.312500e+00  89.988544  3.761401
  1.315000e+00  89.988199  3.761299
  1.317500e+00  89.987855  3.761197
  1.320000e+00  89.987512  3.761096
  1.322500e+00  89.987170  3.760995
  1.325000e+00  89.986830  3.760894
  1.327500e+00  89.986490  3.760794
  1.330000e+00  89.986152  3.760694
  1.332500e+00  89.985815  3.760595
  1.335000e+00  89.985478  3.760496
  1.337500e+00  89.985143  3.760398
  1.340000e+00  89.984809  3.760300
  1.342500e+00  89.984477  3.760202
  1.345000e+00  89.984145  3.760105
  1.347500e+00  89.983814  3.760009
  1.350000e+00  89.983485  3.759912
  1.352500e+00  89.983156  3.759816
  1.355000e+00  89.982829  3.759721
  1.357500e+00  89.982503  3.759626
  1.360000e+00  89.982178  3.759531
  1.362500e+00  89.981854  3.759437
  1.365000e+00  89.981531  3.759343
  1.367500e+00  89.981209  3.759249
  1.370000e+00  89.980888  3.759156
  1.372500e+00  89.980568  3.759063
  1.375000e+00  89.980250  3.758971
  1.377500e+00  89.979932  3.758879
  1.380000e+00  89.979616  3.758787
  1.382500e+00  89.979300  3.758696
  1.385000e+00  89.978986  3.758605
  1.387500e+00  89.978673  3.758515
  1.390000e+00  89.978360  3.758425
  1.392500e+00  89.978049  3.758335
  1.395000e+00  89.977739  3.758246
  1.397500e+00  89.977430  3.758157
  1.400000e+00  89.977122  3.758068
  1.402500e+00  89.976815  3.757980
  1.405000e+00  89.976509  3.757892
  1.407500e+00  89.976204  3.757804
  1.410000e+00  89.975900  3.757717
  1.412500e+00  89.975597  3.757630
  1.415000e+00  89.975296  3.757543
  1.417500e+00  89.974995  3.757457
  1.420000e+00  89.974695  3.757371
  1.422500e+00  89.974396  3.757286
  1.425000e+00  89.974099  3.757201
  1.427500e+00  89.973802  3.757116
  1.430000e+00  89.973506  3.757032
  1.432500e+00  89.973211  3.756947
  1.435000e+00  89.972918  3.756864
  1.437500e+00  89.972625  3.756780
  1.440000e+00  89.972333  3.756697
  1.442500e+00  89.972043  3.756614
  1.445000e+00  89.971753  3.756532
  1.447500e+00  89.971464  3.756450
  1.450000e+00  89.971177  3.756368
  1.452500e+00  89.970890  3.756286
  1.455000e+00  89.970604  3.756205
  1.457500e+00  89.970319  3.756124
  1.460000e+00  89.970035  3.756044
  1.462500e+00  89.969753  3.755964
  1.465000e+00  89.969471  3.755884
  1.467500e+00  89.969190  3.755804
  1.470000e+00  89.968910  3.755725
  1.472500e+00  89.968631  3.755646
  1.475000e+00  89.968353  3.755567
  1.477500e+00  89.968076  3.755489
  1.480000e+00  89.967800  3.755411
  1.482500e+00  89.967525  3.755333
  1.485000e+00  89.967251  3.755256
  1.487500e+00  89.966978  3.755179
  1.490000e+00  89.966705  3.755102
  1.492500e+00  89.966434  3.755025
  1.495000e+00  89.966164  3.754949
  1.497500e+00  89.965894  3.754873
  1.500000e+00  89.965626  3.754797
  1.502500e+00  89.965358  3.754722
  1.505000e+00  89.965091  3.754647
  1.507500e+00  89.964826  3.754572
  1.510000e+00  89.964561  3.754498
  1.512500e+00  89.964297  3.754424
  1.515000e+00  89.964034  3.754350
  1.517500e+00  89.963772  3.754276
  1.520000e+00  89.963511  3.754203
  1.522500e+00  89.963250  3.754130
  1.525000e+00  89.962991  3.754057
  1.527500e+00  89.962733  3.753984
  1.530000e+00  89.962475  3.753912
  1.532500e+00  89.962219  3.753840
  1.535000e+00  89.961963  3.753769
  1.537500e+00  89.961708  3.753697
  1.540000e+00  89.961454  3.753626
  1.542500e+00  89.961201  3.753555
  1.545000e+00  89.960949  3.753485
  1.547500e+00  89.960697  3.753414
  1.550000e+00  89.960447  3.753344
  1.552500e+00  89.960197  3.753275
  1.555000e+00  89.959949  3.753205
  1.557500e+00  89.959701  3.753136
  1.560000e+00  89.959454  3.753067
  1.562500e+00  89.959208  3.752998
  1.565000e+00  89.958963  3.752930
  1.567500e+00  89.958718  3.752862
  1.570000e+00  89.958475  3.752794
  1.572500e+00  89.958232  3.752726
  1.575000e+00  89.957990  3.752659
  1.577500e+00  89.957749  3.752592
  1.580000e+00  89.957509  3.752525
  1.582500e+00  89.957270  3.752458
  1.585000e+00  89.957032  3.752392
  1.587500e+00  89.956794  3.752326
  1.590000e+00  89.956557  3.752260
  1.592500e+00  89.956321  3.752194
  1.595000e+00  89.956086  3.752129
  1.597500e+00  89.955852  3.752064
  1.600000e+00  89.955618  3.751999
  1.602500e+00  89.955386  3.751934
  1.605000e+00  89.955154  3.751870
  1.607500e+00  89.954923  3.751805
  1.610000e+00  89.954693  3.751742
  1.612500e+00  89.954464  3.751678
  1.615000e+00  89.954235  3.751614
  1.617500e+00  89.954007  3.751551
  1.620000e+00  89.953780  3.751488
  1.622500e+00  89.953554  3.751426
  1.625000e+00  89.953329  3.751363
  1.627500e+00  89.953104  3.751301
  1.630000e+00  89.952881  3.751239
  1.632500e+00  89.952658  3.751177
  1.635000e+00  89.952435  3.751115
  1.637500e+00  89.952214  3.751054
  1.640000e+00  89.951993  3.750993
  1.642500e+00  89.951774  3.750932
  1.645000e+00  89.951555  3.750872
  1.647500e+00  89.951336  3.750811
  1.650000e+00  89.951119  3.750751
  1.652500e+00  89.950902  3.750691
  1.655000e+00  89.950686  3.750631
  1.657500e+00  89.950471  3.750572
  1.660000e+00  89.950256  3.750513
  1.662500e+00  89.950043  3.750454
  1.665000e+00  89.949830  3.750395
  1.667500e+00  89.949618  3.750336
  1.670000e+00  89.949406  3.750278
  1.672500e+00  89.949196  3.750220
  1.675000e+00  89.948986  3.750162
  1.677500e+00  89.948777  3.750104
  1.680000e+00  89.948568  3.750046
  1.682500e+00  89.948360  3.749989
  1.685000e+00  89.948153  3.749932
  1.687500e+00  89.947947  3.749875
  1.690000e+00  89.947742  3.749818
  1.692500e+00  89.947537  3.749762
  1.695000e+00  89.947333  3.749706
  1.697500e+00  89.947130  3.749650
  1.700000e+00  89.946927  3.749594
  1.702500e+00  89.946725  3.749538
  1.705000e+00  89.946524  3.749483
  1.707500e+00  89.946324  3.749428
  1.710000e+00  89.946124  3.749373
  1.712500e+00  89.945925  3.749318
  1.715000e+00  89.945727  3.749263
  1.717500e+00  89.945529  3.749209
  1.720000e+00  89.945332  3.749155
  1.722500e+00  89.945136  3.749101
  1.725000e+00  89.944941  3.749047
  1.727500e+00  89.944746  3.748993
  1.730000e+00  89.944552  3.748940
  1.732500e+00  89.944358  3.748887
  1.735000e+00  89.944166  3.748834
  1.737500e+00  89.943974  3.748781
  1.740000e+00  89.943782  3.748728
  1.742500e+00  89.943592  3.748676
  1.745000e+00  89.943402  3.748624
  1.747500e+00  89.943212  3.748572
  1.750000e+00  89.943024  3.748520
  1.752500e+00  89.942836  3.748468
  1.755000e+00  89.942648  3.748417
  1.757500e+00  89.942462  3.748366
  1.760000e+00  89.942276  3.748315
  1.762500e+00  89.942091  3.748264
  1.765000e+00  89.941906  3.748213
  1.767500e+00  89.941722  3.748162
  1.770000e+00  89.941539  3.748112
  1.772500e+00  89.941356  3.748062
  1.775000e+00  89.941174  3.748012
  1.777500e+00  89.940993  3.747962
  1.780000e+00  89.940812  3.747913
  1.782500e+00  89.940632  3.747863
  1.785000e+00  89.940452  3.747814
  1.787500e+00  89.940274  3.747765
  1.790000e+00  89.940096  3.747716
  1.792500e+00  89.939918  3.747668
  1.795000e+00  89.939741  3.747619
  1.797500e+00  89.939565  3.747571
  1.800000e+00  89.939389  3.747523
  1.802500e+00  89.939214  3.747475
  1.805000e+00  89.939040  3.747427
  1.807500e+00  89.938866  3.747380
  1.810000e+00  89.938693  3.747332
  1.812500e+00  89.938521  3.747285
  1.815000e+00  89.938349  3.747238
  1.817500e+00  89.938178  3.747191
  1.820000e+00  89.938007  3.747144
  1.822500e+00  89.937837  3.747098
  1.825000e+00  89.937668  3.747051
  1.827500e+00  89.937499  3.747005
  1.830000e+00  89.937331  3.746959
  1.832500e+00  89.937163  3.746913
  1.835000e+00  89.936996  3.746868
  1.837500e+00  89.936830  3.746822
  1.840000e+00  89.936664  3.746777
  1.842500e+00  89.936498  3.746732
  1.845000e+00  89.936334  3.746686
  1.847500e+00  89.936170  3.746642
  1.850000e+00  89.936006  3.746597
  1.852500e+00  89.935844  3.746552
  1.855000e+00  89.935681  3.746508
  1.857500e+00  89.935520  3.746464
  1.860000e+00  89.935358  3.746420
  1.862500e+00  89.935198  3.746376
  1.865000e+00  89.935038  3.746332
  1.867500e+00  89.934878  3.746289
  1.870000e+00  89.934720  3.746245
  1.872500e+00  89.934561  3.746202
  1.875000e+00  89.934404  3.746159
  1.877500e+00  89.934247  3.746116
  1.880000e+00  89.934090  3.746073
  1.882500e+00  89.933934  3.746031
  1.885000e+00  89.933779  3.745988
  1.887500e+00  89.933624  3.745946
  1.890000e+00  89.933469  3.745904
  1.892500e+00  89.933316  3.745862
  1.895000e+00  89.933162  3.745820
  1.897500e+00  89.933010  3.745778
  1.900000e+00  89.932858  3.745737
  1.902500e+00  89.932706  3.745695
  1.905000e+00  89.932555  3.745654
  1.907500e+00  89.932405  3.745613
  1.910000e+00  89.932255  3.745572
  1.912500e+00  89.932105  3.745531
  1.915000e+00  89.931956  3.745491
  1.917500e+00  89.931808  3.745450
  1.920000e+00  89.931660  3.745410
  1.922500e+00  89.931513  3.745370
  1.925000e+00  89.931366  3.745330
  1.927500e+00  89.931220  3.745290
  1.930000e+00  89.931074  3.745250
  1.932500e+00  89.930929  3.745211
  1.935000e+00  89.930784  3.745171
  1.937500e+00  89.930640  3.745132
  1.940000e+00  89.930497  3.745093
  1.942500e+00  89.930353  3.745054
  1.945000e+00  89.930211  3.745015
  1.947500e+00  89.930069  3.744976
  1.950000e+00  89.929927  3.744938
  1.952500e+00  89.929786  3.744899
  1.955000e+00  89.929646  3.744861
  1.957500e+00  89.929505  3.744823
  1.960000e+00  89.929366  3.744785
  1.962500e+00  89.929227  3.744747
  1.965000e+00  89.929088  3.744709
  1.967500e+00  89.928950  3.744671
  1.970000e+00  89.928813  3.744634
  1.972500e+00  89.928676  3.744597
  1.975000e+00  89.928539  3.744559
  1.977500e+00  89.928403  3.744522
  1.980000e+00  89.928267  3.744485
  1.982500e+00  89.928132  3.744449
  1.985000e+00  89.927998  3.744412
  1.987500e+00  89.927864  3.744375
  1.990000e+00  89.927730  3.744339
  1.992500e+00  89.927597  3.744303
  1.995000e+00  89.927464  3.744267
  1.997500e+00  89.927332  3.744231
  2.000000e+00  89.927200  3.744195
  2.002500e+00  89.927069  3.744159
  2.005000e+00  89.926938  3.744123
  2.007500e+00  89.926808  3.744088
  2.010000e+00  89.926678  3.744053
  2.012500e+00  89.926548  3.744017
  2.015000e+00  89.926419  3.743982
  2.017500e+00  89.926291  3.743947
  2.020000e+00  89.926163  3.743912
  2.022500e+00  89.926035  3.743878
  2.025000e+00  89.925908  3.743843
  2.027500e+00  89.925782  3.743809
  2.030000e+00  89.925655  3.743774
  2.032500e+00  89.925530  3.743740
  2.035000e+00  89.925404  3.743706
  2.037500e+00  89.925280  3.743672
  2.040000e+00  89.925155  3.743638
  2.042500e+00  89.925031  3.743605
  2.045000e+00  89.924908  3.743571
  2.047500e+00  89.924785  3.743537
  2.050000e+00  89.924662  3.743504
  2.052500e+00  89.924540  3.743471
  2.055000e+00  89.924418  3.743438
  2.057500e+00  89.924297  3.743405
  2.060000e+00  89.924176  3.743372
  2.062500e+00  89.924056  3.743339
  2.065000e+00  89.923936  3.743307
  2.067500e+00  89.923816  3.743274
  2.070000e+00  89.923697  3.743242
  2.072500e+00  89.923578  3.743209
  2.075000e+00  89.923460  3.743177
  2.077500e+00  89.923342  3.743145
  2.080000e+00  89.923225  3.743113
  2.082500e+00  89.923108  3.743082
  2.085000e+00  89.922991  3.743050
  2.087500e+00  89.922875  3.743018
  2.090000e+00  89.922759  3.742987
  2.092500e+00  89.922644  3.742955
  2.095000e+00  89.922529  3.742924
  2.097500e+00  89.922414  3.742893
  2.100000e+00  89.922300  3.742862
  2.102500e+00  89.922187  3.742831
  2.105000e+00  89.922073  3.742800
  2.107500e+00  89.921960  3.742770
  2.110000e+00  89.921848  3.742739
  2.112500e+00  89.921736  3.742709
  2.115000e+00  89.921624  3.742678
  2.117500e+00  89.921513  3.742648
  2.120000e+00  89.921402  3.742618
  2.122500e+00  89.921292  3.742588
  2.125000e+00  89.921181  3.742558
  2.127500e+00  89.921072  3.742528
  2.130000e+00  89.920963  3.742499
  2.132500e+00  89.920854  3.742469
  2.135000e+00  89.920745  3.742440
  2.137500e+00  89.920637  3.742410
  2.140000e+00  89.920529  3.742381
  2.142500e+00  89.920422  3.742352
  2.145000e+00  89.920315  3.742323
  2.147500e+00  89.920208  3.742294
  2.150000e+00  89.920102  3.742265
  2.152500e+00  89.919996  3.742236
  2.155000e+00  89.919891  3.742208
  2.157500e+00  89.919786  3.742179
  2.160000e+00  89.919681  3.742151
  2.162500e+00  89.919577  3.742122
  2.165000e+00  89.919473  3.742094
  2.167500e+00  89.919369  3.742066
  2.170000e+00  89.919266  3.742038
  2.172500e+00  89.919164  3.742010
  2.175000e+00  89.919061  3.741982
  2.177500e+00  89.918959  3.741955
  2.180000e+00  89.918857  3.741927
  2.182500e+00  89.918756  3.741899
  2.185000e+00  89.918655  3.741872
  2.187500e+00  89.918554  3.741845
  2.190000e+00  89.918454  3.741818
  2.192500e+00  89.918354  3.741790
  2.195000e+00  89.918255  3.741763
  2.197500e+00  89.918155  3.741736
  2.200000e+00  89.918057  3.741710
  2.202500e+00  89.917958  3.741683
  2.205000e+00  89.917860  3.741656
  2.207500e+00  89.917762  3.741630
  2.210000e+00  89.917665  3.741603
  2.212500e+00  89.917568  3.741577
  2.215000e+00  89.917471  3.741551
  2.217500e+00  89.917375  3.741525
  2.220000e+00  89.917279  3.741498
  2.222500e+00  89.917183  3.741473
  2.225000e+00  89.917088  3.741447
  2.227500e+00  89.916993  3.741421
  2.230000e+00  89.916898  3.741395
  2.232500e+00  89.916804  3.741370
  2.235000e+00  89.916710  3.741344
  2.237500e+00  89.916616  3.741319
  2.240000e+00  89.916523  3.741293
  2.242500e+00  89.916430  3.741268
  2.245000e+00  89.916337  3.741243
  2.247500e+00  89.916245  3.741218
  2.250000e+00  89.916153  3.741193
  2.252500e+00  89.916061  3.741168
  2.255000e+00  89.915970  3.741143
  2.257500e+00  89.915879  3.741119
  2.260000e+00  89.915788  3.741094
  2.262500e+00  89.915698  3.741070
  2.265000e+00  89.915608  3.741045
  2.267500e+00  89.915518  3.741021
  2.270000e+00  89.915429  3.740997
  2.272500e+00  89.915340  3.740972
  2.275000e+00  89.915251  3.740948
  2.277500e+00  89.915162  3.740924
  2.280000e+00  89.915074  3.740900
  2.282500e+00  89.914987  3.740877
  2.285000e+00  89.914899  3.740853
  2.287500e+00  89.914812  3.740829
  2.290000e+00  89.914725  3.740806
  2.292500e+00  89.914639  3.740782
  2.295000e+00  89.914552  3.740759
  2.297500e+00  89.914466  3.740736
  2.300000e+00  89.914381  3.740712
  2.302500e+00  89.914295  3.740689
  2.305000e+00  89.914210  3.740666
  2.307500e+00  89.914126  3.740643
  2.310000e+00  89.914041  3.740620
  2.312500e+00  89.913957  3.740598
  2.315000e+00  89.913873  3.740575
  2.317500e+00  89.913790  3.740552
  2.320000e+00  89.913707  3.740530
  2.322500e+00  89.913624  3.740507
  2.325000e+00  89.913541  3.740485
  2.327500e+00  89.913459  3.740462
  2.330000e+00  89.913377  3.740440
  2.332500e+00  89.913295  3.740418
  2.335000e+00  89.913214  3.740396
  2.337500e+00  89.913133  3.740374
  2.340000e+00  89.913052  3.740352
  2.342500e+00  89.912971  3.740330
  2.345000e+00  89.912891  3.740308
  2.347500e+00  89.912811  3.740287
  2.350000e+00  89.912731  3.740265
  2.352500e+00  89.912652  3.740244
  2.355000e+00  89.912573  3.740222
  2.357500e+00  89.912494  3.740201
  2.360000e+00  89.912415  3.740179
  2.362500e+00  89.912337  3.740158
  2.365000e+00  89.912259  3.740137
  2.367500e+00  89.912181  3.740116
  2.370000e+00  89.912104  3.740095
  2.372500e+00  89.912027  3.740074
  2.375000e+00  89.911950  3.740053
  2.377500e+00  89.911873  3.740033
  2.380000e+00  89.911797  3.740012
  2.382500e+00  89.911721  3.739991
  2.385000e+00  89.911645  3.739971
  2.387500e+00  89.911570  3.739950
  2.390000e+00  89.911494  3.739930
  2.392500e+00  89.911419  3.739909
  2.395000e+00  89.911345  3.739889
  2.397500e+00  89.911270  3.739869
  2.400000e+00  89.911196  3.739849
  2.402500e+00  89.911122  3.739829
  2.405000e+00  89.911048  3.739809
  2.407500e+00  89.910975  3.739789
  2.410000e+00  89.910902  3.739769
  2.412500e+00  89.910829  3.739749
  2.415000e+00  89.910756  3.739730
  2.417500e+00  89.910684  3.739710
  2.420000e+00  89.910612  3.739691
  2.422500e+00  89.910540  3.739671
  2.425000e+00  89.910469  3.739652
  2.427500e+00  89.910397  3.739632
  2.430000e+00  89.910326  3.739613
  2.432500e+00  89.910255  3.739594
  2.435000e+00  89.910185  3.739575
  2.437500e+00  89.910114  3.739556
  2.440000e+00  89.910044  3.739537
  2.442500e+00  89.909975  3.739518
  2.445000e+00  89.909905  3.739499
  2.447500e+00  89.909836  3.739480
  2.450000e+00  89.909767  3.739462
  2.452500e+00  89.909698  3.739443
  2.455000e+00  89.909629  3.739424
  2.457500e+00  89.909561  3.739406
  2.460000e+00  89.909493  3.739387
  2.462500e+00  89.909425  3.739369
  2.465000e+00  89.909357  3.739351
  2.467500e+00  89.909290  3.739332
  2.470000e+00  89.909223  3.739314
  2.472500e+00  89.909156  3.739296
  2.475000e+00  89.909089  3.739278
  2.477500e+00  89.909023  3.739260
  2.480000e+00  89.908957  3.739242
  2.482500e+00  89.908891  3.739224
  2.485000e+00  89.908825  3.739206
  2.487500e+00  89.908760  3.739189
  2.490000e+00  89.908695  3.739171
  2.492500e+00  89.908630  3.739153
  2.495000e+00  89.908565  3.739136
  2.497500e+00  89.908500  3.739118
  2.500000e+00  89.908436  3.739101
  2.502500e+00  89.908372  3.739084
  2.505000e+00  89.908308  3.739066
  2.507500e+00  89.908245  3.739049
  2.510000e+00  89.908181  3.739032
  2.512500e+00  89.908118  3.739015
  2.515000e+00  89.908055  3.738998
  2.517500e+00  89.907992  3.738981
  2.520000e+00  89.907930  3.738964
  2.522500e+00  89.907868  3.738947
  2.525000e+00  89.907806  3.738930
  2.527500e+00  89.907744  3.738913
  2.530000e+00  89.907682  3.738897
  2.532500e+00  89.907621  3.738880
  2.535000e+00  89.907560  3.738863
  2.537500e+00  89.907499  3.738847
  2.540000e+00  89.907438  3.738831
  2.542500e+00  89.907377  3.738814
  2.545000e+00  89.907317  3.738798
  2.547500e+00  89.907257  3.738782
  2.550000e+00  89.907197  3.738765
  2.552500e+00  89.907137  3.738749
  2.555000e+00  89.907078  3.738733
  2.557500e+00  89.907019  3.738717
  2.560000e+00  89.906960  3.738701
  2.562500e+00  89.906901  3.738685
  2.565000e+00  89.906842  3.738669
  2.567500e+00  89.906784  3.738653
  2.570000e+00  89.906726  3.738638
  2.572500e+00  89.906668  3.738622
  2.575000e+00  89.906610  3.738606
  2.577500e+00  89.906552  3.738591
  2.580000e+00  89.906495  3.738575
  2.582500e+00  89.906438  3.738560
  2.585000e+00  89.906381  3.738544
  2.587500e+00  89.906324  3.738529
  2.590000e+00  89.906268  3.738514
  2.592500e+00  89.906211  3.738498
  2.595000e+00  89.906155  3.738483
  2.597500e+00  89.906099  3.738468
  2.600000e+00  89.906044  3.738453
  2.602500e+00  89.905988  3.738438
  2.605000e+00  89.905933  3.738423
  2.607500e+00  89.905878  3.738408
  2.610000e+00  89.905823  3.738393
  2.612500e+00  89.905768  3.738378
  2.615000e+00  89.905713  3.738363
  2.617500e+00  89.905659  3.738349
  2.620000e+00  89.905605  3.738334
  2.622500e+00  89.905551  3.738319
  2.625000e+00  89.905497  3.738305
  2.627500e+00  89.905443  3.738290
  2.630000e+00  89.905390  3.738276
  2.632500e+00  89.905337  3.738261
  2.635000e+00  89.905284  3.738247
  2.637500e+00  89.905231  3.738233
  2.640000e+00  89.905178  3.738218
  2.642500e+00  89.905126  3.738204
  2.645000e+00  89.905073  3.738190
  2.647500e+00  89.905021  3.738176
  2.650000e+00  89.904969  3.738162
  2.652500e+00  89.904918  3.738148
  2.655000e+00  89.904866  3.738134
  2.657500e+00  89.904815  3.738120
  2.660000e+00  89.904764  3.738106
  2.662500e+00  89.904713  3.738092
  2.665000e+00  89.904662  3.738078
  2.667500e+00  89.904611  3.738065
  2.670000e+00  89.904561  3.738051
  2.672500e+00  89.904510  3.738037
  2.675000e+00  89.904460  3.738024
  2.677500e+00  89.904410  3.738010
  2.680000e+00  89.904361  3.737997
  2.682500e+00  89.904311  3.737984
  2.685000e+00  89.904262  3.737970
  2.687500e+00  89.904213  3.737957
  2.690000e+00  89.904164  3.737944
  2.692500e+00  89.904115  3.737930
  2.695000e+00  89.904066  3.737917
  2.697500e+00  89.904017  3.737904
  2.700000e+00  89.903969  3.737891
  2.702500e+00  89.903921  3.737878
  2.705000e+00  89.903873  3.737865
  2.707500e+00  89.903825  3.737852
  2.710000e+00  89.903777  3.737839
  2.712500e+00  89.903730  3.737826
  2.715000e+00  89.903683  3.737813
  2.717500e+00  89.903636  3.737801
  2.720000e+00  89.903589  3.737788
  2.722500e+00  89.903542  3.737775
  2.725000e+00  89.903495  3.737762
  2.727500e+00  89.903449  3.737750
  2.730000e+00  89.903402  3.737737
  2.732500e+00  89.903356  3.737725
  2.735000e+00  89.903310  3.737712
  2.737500e+00  89.903264  3.737700
  2.740000e+00  89.903219  3.737688
  2.742500e+00  89.903173  3.737675
  2.745000e+00  89.903128  3.737663
  2.747500e+00  89.903083  3.737651
  2.750000e+00  89.903038  3.737639
  2.752500e+00  89.902993  3.737626
  2.755000e+00  89.902948  3.737614
  2.757500e+00  89.902904  3.737602
  2.760000e+00  89.902859  3.737590
  2.762500e+00  89.902815  3.737578
  2.765000e+00  89.902771  3.737566
  2.767500e+00  89.902727  3.737554
  2.770000e+00  89.902683  3.737543
  2.772500e+00  89.902640  3.737531
  2.775000e+00  89.902596  3.737519
  2.777500e+00  89.902553  3.737507
  2.780000e+00  89.902510  3.737496
  2.782500e+00  89.902467  3.737484
  2.785000e+00  89.902424  3.737472
  2.787500e+00  89.902381  3.737461
  2.790000e+00  89.902339  3.737449
  2.792500e+00  89.902296  3.737438
  2.795000e+00  89.902254  3.737426
  2.797500e+00  89.902212  3.737415
  2.800000e+00  89.902170  3.737404
  2.802500e+00  89.902128  3.737392
  2.805000e+00  89.902087  3.737381
  2.807500e+00  89.902045  3.737370
  2.810000e+00  89.902004  3.737359
  2.812500e+00  89.901963  3.737347
  2.815000e+00  89.901922  3.737336
  2.817500e+00  89.901881  3.737325
  2.820000e+00  89.901840  3.737314
  2.822500e+00  89.901799  3.737303
  2.825000e+00  89.901759  3.737292
  2.827500e+00  89.901719  3.737281
  2.830000e+00  89.901678  3.737270
  2.832500e+00  89.901638  3.737260
  2.835000e+00  89.901598  3.737249
  2.837500e+00  89.901559  3.737238
  2.840000e+00  89.901519  3.737227
  2.842500e+00  89.901480  3.737217
  2.845000e+00  89.901440  3.737206
  2.847500e+00  89.901401  3.737195
  2.850000e+00  89.901362  3.737185
  2.852500e+00  89.901323  3.737174
  2.855000e+00  89.901284  3.737164
  2.857500e+00  89.901246  3.737153
  2.860000e+00  89.901207  3.737143
  2.862500e+00  89.901169  3.737132
  2.865000e+00  89.901131  3.737122
  2.867500e+00  89.901092  3.737112
  2.870000e+00  89.901055  3.737101
  2.872500e+00  89.901017  3.737091
  2.875000e+00  89.900979  3.737081
  2.877500e+00  89.900941  3.737071
  2.880000e+00  89.900904  3.737061
  2.882500e+00  89.900867  3.737051
  2.885000e+00  89.900830  3.737041
  2.887500e+00  89.900793  3.737031
  2.890000e+00  89.900756  3.737021
  2.892500e+00  89.900719  3.737011
  2.895000e+00  89.900682  3.737001
  2.897500e+00  89.900646  3.736991
  2.900000e+00  89.900609  3.736981
  2.902500e+00  89.900573  3.736971
  2.905000e+00  89.900537  3.736961
  2.907500e+00  89.900501  3.736952
  2.910000e+00  89.900465  3.736942
  2.912500e+00  89.900429  3.736932
  2.915000e+00  89.900394  3.736923
  2.917500e+00  89.900358  3.736913
  2.920000e+00  89.900323  3.736903
  2.922500e+00  89.900288  3.736894
  2.925000e+00  89.900253  3.736884
  2.927500e+00  89.900218  3.736875
  2.930000e+00  89.900183  3.736865
  2.932500e+00  89.900148  3.736856
  2.935000e+00  89.900113  3.736847
  2.937500e+00  89.900079  3.736837
  2.940000e+00  89.900045  3.736828
  2.942500e+00  89.900010  3.736819
  2.945000e+00  89.899976  3.736809
  2.947500e+00  89.899942  3.736800
  2.950000e+00  89.899908  3.736791
  2.952500e+00  89.899875  3.736782
  2.955000e+00  89.899841  3.736773
  2.957500e+00  89.899807  3.736764
  2.960000e+00  89.899774  3.736755
  2.962500e+00  89.899741  3.736746
  2.965000e+00  89.899708  3.736737
  2.967500e+00  89.899674  3.736728
  2.970000e+00  89.899642  3.736719
  2.972500e+00  89.899609  3.736710
  2.975000e+00  89.899576  3.736701
  2.977500e+00  89.899543  3.736692
  2.980000e+00  89.899511  3.736683
  2.982500e+00  89.899479  3.736675
  2.985000e+00  89.899446  3.736666
  2.987500e+00  89.899414  3.736657
  2.990000e+00  89.899382  3.736649
  2.992500e+00  89.899350  3.736640
  2.995000e+00  89.899319  3.736631
  2.997500e+00  89.899287  3.736623
  3.000000e+00  89.899255  3.736614
  3.002500e+00  89.899224  3.736606
  3.005000e+00  89.899192  3.736597
  3.007500e+00  89.899161  3.736589
  3.010000e+00  89.899130  3.736580
  3.012500e+00  89.899099  3.736572
  3.015000e+00  89.899068  3.736564
  3.017500e+00  89.899037  3.736555
  3.020000e+00  89.899007  3.736547
  3.022500e+00  89.898976  3.736539
  3.025000e+00  89.898946  3.736530
  3.027500e+00  89.898915  3.736522
  3.030000e+00  89.898885  3.736514
  3.032500e+00  89.898855  3.736506
  3.035000e+00  89.898825  3.736498
  3.037500e+00  89.898795  3.736490
  3.040000e+00  89.898765  3.736481
  3.042500e+00  89.898735  3.736473
  3.045000e+00  89.898706  3.736465
  3.047500e+00  89.898676  3.736457
  3.050000e+00  89.898647  3.736449
  3.052500e+00  89.898618  3.736442
  3.055000e+00  89.898588  3.736434
  3.057500e+00  89.898559  3.736426
  3.060000e+00  89.898530  3.736418
  3.062500e+00  89.898501  3.736410
  3.065000e+00  89.898473  3.736402
  3.067500e+00  89.898444  3.736395
  3.070000e+00  89.898415  3.736387
  3.072500e+00  89.898387  3.736379
  3.075000e+00  89.898359  3.736371
  3.077500e+00  89.898330  3.736364
  3.080000e+00  89.898302  3.736356
  3.082500e+00  89.898274  3.736348
  3.085000e+00  89.898246  3.736341
  3.087500e+00  89.898218  3.736333
  3.090000e+00  89.898190  3.736326
  3.092500e+00  89.898163  3.736318
  3.095000e+00  89.898135  3.736311
  3.097500e+00  89.898108  3.736303
  3.100000e+00  89.898080  3.736296
  3.102500e+00  89.898053  3.736289
  3.105000e+00  89.898026  3.736281
  3.107500e+00  89.897999  3.736274
  3.110000e+00  89.897972  3.736267
  3.112500e+00  89.897945  3.736259
  3.115000e+00  89.897918  3.736252
  3.117500e+00  89.897891  3.736245
  3.120000e+00  89.897864  3.736238
  3.122500e+00  89.897838  3.736230
  3.125000e+00  89.897811  3.736223
  3.127500e+00  89.897785  3.736216
  3.130000e+00  89.897759  3.736209
  3.132500e+00  89.897733  3.736202
  3.135000e+00  89.897707  3.736195
  3.137500e+00  89.897681  3.736188
  3.140000e+00  89.897655  3.736181
  3.142500e+00  89.897629  3.736174
  3.145000e+00  89.897603  3.736167
  3.147500e+00  89.897578  3.736160
  3.150000e+00  89.897552  3.736153
  3.152500e+00  89.897527  3.736146
  3.155000e+00  89.897501  3.736139
  3.157500e+00  89.897476  3.736132
  3.160000e+00  89.897451  3.736126
  3.162500e+00  89.897426  3.736119
  3.165000e+00  89.897401  3.736112
  3.167500e+00  89.897376  3.736105
  3.170000e+00  89.897351  3.736099
  3.172500e+00  89.897326  3.736092
  3.175000e+00  89.897302  3.736085
  3.177500e+00  89.897277  3.736079
  3.180000e+00  89.897253  3.736072
  3.182500e+00  89.897228  3.736065
  3.185000e+00  89.897204  3.736059
  3.187500e+00  89.897180  3.736052
  3.190000e+00  89.897156  3.736046
  3.192500e+00  89.897132  3.736039
  3.195000e+00  89.897108  3.736033
  3.197500e+00  89.897084  3.736026
  3.200000e+00  89.897060  3.736020
  3.202500e+00  89.897037  3.736013
  3.205000e+00  89.897013  3.736007
  3.207500e+00  89.896989  3.736001
  3.210000e+00  89.896966  3.735994
  3.212500e+00  89.896943  3.735988
  3.215000e+00  89.896919  3.735982
  3.217500e+00  89.896896  3.735975
  3.220000e+00  89.896873  3.735969
  3.222500e+00  89.896850  3.735963
  3.225000e+00  89.896827  3.735957
  3.227500e+00  89.896804  3.735950
  3.230000e+00  89.896781  3.735944
  3.232500e+00  89.896759  3.735938
  3.235000e+00  89.896736  3.735932
  3.237500e+00  89.896713  3.735926
  3.240000e+00  89.896691  3.735920
  3.242500e+00  89.896669  3.735914
  3.245000e+00  89.896646  3.735908
  3.247500e+00  89.896624  3.735902
  3.250000e+00  89.896602  3.735896
  3.252500e+00  89.896580  3.735890
  3.255000e+00  89.896558  3.735884
  3.257500e+00  89.896536  3.735878
  3.260000e+00  89.896514  3.735872
  3.262500e+00  89.896492  3.735866
  3.265000e+00  89.896471  3.735860
  3.267500e+00  89.896449  3.735854
  3.270000e+00  89.896427  3.735848
  3.272500e+00  89.896406  3.735843
  3.275000e+00  89.896385  3.735837
  3.277500e+00  89.896363  3.735831
  3.280000e+00  89.896342  3.735825
  3.282500e+00  89.896321  3.735820
  3.285000e+00  89.896300  3.735814
  3.287500e+00  89.896279  3.735808
  3.290000e+00  89.896258  3.735802
  3.292500e+00  89.896237  3.735797
  3.295000e+00  89.896216  3.735791
  3.297500e+00  89.896195  3.735786
  3.300000e+00  89.896175  3.735780
  3.302500e+00  89.896154  3.735774
  3.305000e+00  89.896134  3.735769
  3.307500e+00  89.896113  3.735763
  3.310000e+00  89.896093  3.735758
  3.312500e+00  89.896073  3.735752
  3.315000e+00  89.896052  3.735747
  3.317500e+00  89.896032  3.735741
  3.320000e+00  89.896012  3.735736
  3.322500e+00  89.895992  3.735731
  3.325000e+00  89.895972  3.735725
  3.327500e+00  89.895952  3.735720
  3.330000e+00  89.895933  3.735714
  3.332500e+00  89.895913  3.735709
  3.335000e+00  89.895893  3.735704
  3.337500e+00  89.895874  3.735698
  3.340000e+00  89.895854  3.735693
  3.342500e+00  89.895835  3.735688
  3.345000e+00  89.895815  3.735683
  3.347500e+00  89.895796  3.735677
  3.350000e+00  89.895777  3.735672
  3.352500e+00  89.895758  3.735667
  3.355000e+00  89.895739  3.735662
  3.357500e+00  89.895720  3.735657
  3.360000e+00  89.895701  3.735652
  3.362500e+00  89.895682  3.735646
  3.365000e+00  89.895663  3.735641
  3.367500e+00  89.895644  3.735636
  3.370000e+00  89.895625  3.735631
  3.372500e+00  89.895607  3.735626
  3.375000e+00  89.895588  3.735621
  3.377500e+00  89.895570  3.735616
  3.380000e+00  89.895551  3.735611
  3.382500e+00  89.895533  3.735606
  3.385000e+00  89.895515  3.735601
  3.387500e+00  89.895496  3.735596
  3.390000e+00  89.895478  3.735591
  3.392500e+00  89.895460  3.735586
  3.395000e+00  89.895442  3.735582
  3.397500e+00  89.895424  3.735577
  3.400000e+00  89.895406  3.735572
  3.402500e+00  89.895388  3.735567
  3.405000e+00  89.895370  3.735562
  3.407500e+00  89.895353  3.735557
  3.410000e+00  89.895335  3.735553
  3.412500e+00  89.895317  3.735548
  3.415000e+00  89.895300  3.735543
  3.417500e+00  89.895282  3.735538
  3.420000e+00  89.895265  3.735534
  3.422500e+00  89.895248  3.735529
  3.425000e+00  89.895230  3.735524
  3.427500e+00  89.895213  3.735520
  3.430000e+00  89.895196  3.735515
  3.432500e+00  89.895179  3.735510
  3.435000e+00  89.895162  3.735506
  3.437500e+00  89.895145  3.735501
  3.440000e+00  89.895128  3.735496
  3.442500e+00  89.895111  3.735492
  3.445000e+00  89.895094  3.735487
  3.447500e+00  89.895077  3.735483
  3.450000e+00  89.895061  3.735478
  3.452500e+00  89.895044  3.735474
  3.455000e+00  89.895027  3.735469
  3.457500e+00  89.895011  3.735465
  3.460000e+00  89.894994  3.735460
  3.462500e+00  89.894978  3.735456
  3.465000e+00  89.894962  3.735451
  3.467500e+00  89.894945  3.735447
  3.470000e+00  89.894929  3.735443
  3.472500e+00  89.894913  3.735438
  3.475000e+00  89.894897  3.735434
  3.477500e+00  89.894881  3.735430
  3.480000e+00  89.894865  3.735425
  3.482500e+00  89.894849  3.735421
  3.485000e+00  89.894833  3.735417
  3.487500e+00  89.894817  3.735412
  3.490000e+00  89.894801  3.735408
  3.492500e+00  89.894785  3.735404
  3.495000e+00  89.894770  3.735400
  3.497500e+00  89.894754  3.735395
  3.500000e+00  89.894739  3.735391
  3.502500e+00  89.894723  3.735387
  3.505000e+00  89.894708  3.735383
  3.507500e+00  89.894692  3.735379
  3.510000e+00  89.894677  3.735374
  3.512500e+00  89.894662  3.735370
  3.515000e+00  89.894646  3.735366
  3.517500e+00  89.894631  3.735362
  3.520000e+00  89.894616  3.735358
  3.522500e+00  89.894601  3.735354
  3.525000e+00  89.894586  3.735350
  3.527500e+00  89.894571  3.735346
  3.530000e+00  89.894556  3.735342
  3.532500e+00  89.894541  3.735338
  3.535000e+00  89.894526  3.735334
  3.537500e+00  89.894512  3.735330
  3.540000e+00  89.894497  3.735326
  3.542500e+00  89.894482  3.735322
  3.545000e+00  89.894468  3.735318
  3.547500e+00  89.894453  3.735314
  3.550000e+00  89.894439  3.735310
  3.552500e+00  89.894424  3.735306
  3.555000e+00  89.894410  3.735302
  3.557500e+00  89.894395  3.735298
  3.560000e+00  89.894381  3.735294
  3.562500e+00  89.894367  3.735290
  3.565000e+00  89.894353  3.735287
  3.567500e+00  89.894339  3.735283
  3.570000e+00  89.894324  3.735279
  3.572500e+00  89.894310  3.735275
  3.575000e+00  89.894296  3.735271
  3.577500e+00  89.894282  3.735268
  3.580000e+00  89.894268  3.735264
  3.582500e+00  89.894255  3.735260
  3.585000e+00  89.894241  3.735256
  3.587500e+00  89.894227  3.735253
  3.590000e+00  89.894213  3.735249
  3.592500e+00  89.894200  3.735245
  3.595000e+00  89.894186  3.735241
  3.597500e+00  89.894173  3.735238
  3.600000e+00  89.894159  3.735234
  3.602500e+00  89.894146  3.735230
  3.605000e+00  89.894132  3.735227
  3.607500e+00  89.894119  3.735223
  3.610000e+00  89.894105  3.735220
  3.612500e+00  89.894092  3.735216
  3.615000e+00  89.894079  3.735212
  3.617500e+00  89.894066  3.735209
  3.620000e+00  89.894053  3.735205
  3.622500e+00  89.894039  3.735202
  3.625000e+00  89.894026  3.735198
  3.627500e+00  89.894013  3.735195
  3.630000e+00  89.894000  3.735191
  3.632500e+00  89.893988  3.735188
  3.635000e+00  89.893975  3.735184
  3.637500e+00  89.893962  3.735181
  3.640000e+00  89.893949  3.735177
  3.642500e+00  89.893936  3.735174
  3.645000e+00  89.893924  3.735170
  3.647500e+00  89.893911  3.735167
  3.650000e+00  89.893898  3.735164
  3.652500e+00  89.893886  3.735160
  3.655000e+00  89.893873  3.735157
  3.657500e+00  89.893861  3.735153
  3.660000e+00  89.893849  3.735150
  3.662500e+00  89.893836  3.735147
  3.665000e+00  89.893824  3.735143
  3.667500e+00  89.893812  3.735140
  3.670000e+00  89.893799  3.735137
  3.672500e+00  89.893787  3.735133
  3.675000e+00  89.893775  3.735130
  3.677500e+00  89.893763  3.735127
  3.680000e+00  89.893751  3.735124
  3.682500e+00  89.893739  3.735120
  3.685000e+00  89.893727  3.735117
  3.687500e+00  89.893715  3.735114
  3.690000e+00  89.893703  3.735111
  3.692500e+00  89.893691  3.735107
  3.695000e+00  89.893679  3.735104
  3.697500e+00  89.893667  3.735101
  3.700000e+00  89.893656  3.735098
  3.702500e+00  89.893644  3.735095
  3.705000e+00  89.893632  3.735091
  3.707500e+00  89.893621  3.735088
  3.710000e+00  89.893609  3.735085
  3.712500e+00  89.893598  3.735082
  3.715000e+00  89.893586  3.735079
  3.717500e+00  89.893575  3.735076
  3.720000e+00  89.893563  3.735073
  3.722500e+00  89.893552  3.735070
  3.725000e+00  89.893540  3.735067
  3.727500e+00  89.893529  3.735064
  3.730000e+00  89.893518  3.735061
  3.732500e+00  89.893507  3.735057
  3.735000e+00  89.893496  3.735054
  3.737500e+00  89.893484  3.735051
  3.740000e+00  89.893473  3.735048
  3.742500e+00  89.893462  3.735045
  3.745000e+00  89.893451  3.735042
  3.747500e+00  89.893440  3.735039
  3.750000e+00  89.893429  3.735037
  3.752500e+00  89.893418  3.735034
  3.755000e+00  89.893408  3.735031
  3.757500e+00  89.893397  3.735028
  3.760000e+00  89.893386  3.735025
  3.762500e+00  89.893375  3.735022
  3.765000e+00  89.893365  3.735019
  3.767500e+00  89.893354  3.735016
  3.770000e+00  89.893343  3.735013
  3.772500e+00  89.893333  3.735010
  3.775000e+00  89.893322  3.735007
  3.777500e+00  89.893312  3.735005
  3.780000e+00  89.893301  3.735002
  3.782500e+00  89.893291  3.734999
  3.785000e+00  89.893280  3.734996
  3.787500e+00  89.893270  3.734993
  3.790000e+00  89.893259  3.734991
  3.792500e+00  89.893249  3.734988
  3.795000e+00  89.893239  3.734985
  3.797500e+00  89.893229  3.734982
  3.800000e+00  89.893218  3.734979
  3.802500e+00  89.893208  3.734977
  3.805000e+00  89.893198  3.734974
  3.807500e+00  89.893188  3.734971
  3.810000e+00  89.893178  3.734968
  3.812500e+00  89.893168  3.734966
  3.815000e+00  89.893158  3.734963
  3.817500e+00  89.893148  3.734960
  3.820000e+00  89.893138  3.734958
  3.822500e+00  89.893128  3.734955
  3.825000e+00  89.893118  3.734952
  3.827500e+00  89.893109  3.734950
  3.830000e+00  89.893099  3.734947
  3.832500e+00  89.893089  3.734944
  3.835000e+00  89.893079  3.734942
  3.837500e+00  89.893070  3.734939
  3.840000e+00  89.893060  3.734937
  3.842500e+00  89.893050  3.734934
  3.845000e+00  89.893041  3.734931
  3.847500e+00  89.893031  3.734929
  3.850000e+00  89.893022  3.734926
  3.852500e+00  89.893012  3.734924
  3.855000e+00  89.893003  3.734921
  3.857500e+00  89.892994  3.734919
  3.860000e+00  89.892984  3.734916
  3.862500e+00  89.892975  3.734913
  3.865000e+00  89.892966  3.734911
  3.867500e+00  89.892956  3.734908
  3.870000e+00  89.892947  3.734906
  3.872500e+00  89.892938  3.734903
  3.875000e+00  89.892929  3.734901
  3.877500e+00  89.892920  3.734898
  3.880000e+00  89.892910  3.734896
  3.882500e+00  89.892901  3.734894
  3.885000e+00  89.892892  3.734891
  3.887500e+00  89.892883  3.734889
  3.890000e+00  89.892874  3.734886
  3.892500e+00  89.892865  3.734884
  3.895000e+00  89.892856  3.734881
  3.897500e+00  89.892848  3.734879
  3.900000e+00  89.892839  3.734877
  3.902500e+00  89.892830  3.734874
  3.905000e+00  89.892821  3.734872
  3.907500e+00  89.892812  3.734869
  3.910000e+00  89.892804  3.734867
  3.912500e+00  89.892795  3.734865
  3.915000e+00  89.892786  3.734862
  3.917500e+00  89.892778  3.734860
  3.920000e+00  89.892769  3.734858
  3.922500e+00  89.892760  3.734855
  3.925000e+00  89.892752  3.734853
  3.927500e+00  89.892743  3.734851
  3.930000e+00  89.892735  3.734848
  3.932500e+00  89.892726  3.734846
  3.935000e+00  89.892718  3.734844
  3.937500e+00  89.892710  3.734842
  3.940000e+00  89.892701  3.734839
  3.942500e+00  89.892693  3.734837
  3.945000e+00  89.892684  3.734835
  3.947500e+00  89.892676  3.734833
  3.950000e+00  89.892668  3.734830
  3.952500e+00  89.892660  3.734828
  3.955000e+00  89.892652  3.734826
  3.957500e+00  89.892643  3.734824
  3.960000e+00  89.892635  3.734821
  3.962500e+00  89.892627  3.734819
  3.965000e+00  89.892619  3.734817
  3.967500e+00  89.892611  3.734815
  3.970000e+00  89.892603  3.734813
  3.972500e+00  89.892595  3.734811
  3.975000e+00  89.892587  3.734808
  3.977500e+00  89.892579  3.734806
  3.980000e+00  89.892571  3.734804
  3.982500e+00  89.892563  3.734802
  3.985000e+00  89.892555  3.734800
  3.987500e+00  89.892548  3.734798
  3.990000e+00  89.892540  3.734796
  3.992500e+00  89.892532  3.734794
  3.995000e+00  89.892524  3.734791
  3.997500e+00  89.892517  3.734789
  4.000000e+00  89.892509  3.734787
