  0.000000e+00  105.000518  20.884233
  5.000000e-03  101.022100  18.136614
  1.000000e-02  95.683395  17.250144
  1.500000e-02  90.788976  16.741170
  2.000000e-02  87.022808  16.162670
  2.500000e-02  84.493405  15.521757
  3.000000e-02  83.164987  14.878752
  3.500000e-02  82.980198  14.252352
  4.000000e-02  83.845944  13.638245
  4.500000e-02  85.595904  13.035840
  5.000000e-02  87.960706  12.451073
  5.500000e-02  90.560968  11.880927
  6.000000e-02  92.953885  11.307738
  6.500000e-02  94.743982  10.725107
  7.000000e-02  95.706812  10.157800
  7.500000e-02  95.846422  9.639112
  8.000000e-02  95.353651  9.184289
  8.500000e-02  94.502735  8.789114
  9.000000e-02  93.550889  8.441111
  9.500000e-02  92.682121  8.129893
  1.000000e-01  91.997212  7.850914
  1.050000e-01  91.528830  7.603153
  1.100000e-01  91.262586  7.385695
  1.150000e-01  91.156013  7.196265
  1.200000e-01  91.154344  7.031475
  1.250000e-01  91.203320  6.887649
  1.300000e-01  91.258544  6.761432
  1.350000e-01  91.290576  6.649958
  1.400000e-01  91.285644  6.550724
  1.450000e-01  91.242977  6.461453
  1.500000e-01  91.170442  6.380086
  1.550000e-01  91.080053  6.304881
  1.600000e-01  90.984329  6.234496
  1.650000e-01  90.893826  6.167970
  1.700000e-01  90.815816  6.104642
  1.750000e-01  90.753920  6.044044
  1.800000e-01  90.708507  5.985831
  1.850000e-01  90.677591  5.929740
  1.900000e-01  90.657968  5.875580
  1.950000e-01  90.646281  5.823223
  2.000000e-01  90.639817  5.772595
  2.050000e-01  90.636904  5.723662
  2.100000e-01  90.636902  5.676420
  2.150000e-01  90.639900  5.630884
  2.200000e-01  90.646257  5.587081
  2.250000e-01  90.656164  5.545043
  2.300000e-01  90.669327  5.504808
  2.350000e-01  90.684861  5.466408
  2.400000e-01  90.701374  5.429867
  2.450000e-01  90.717216  5.395198
  2.500000e-01  90.730796  5.362396
  2.550000e-01  90.740893  5.331441
  2.600000e-01  90.746882  5.302290
  2.650000e-01  90.748829  5.274880
  2.700000e-01  90.747445  5.249125
  2.750000e-01  90.743913  5.224915
  2.800000e-01  90.739641  5.202118
  2.850000e-01  90.736002  5.180584
  2.900000e-01  90.734102  5.160154
  2.950000e-01  90.734628  5.140663
  3.000000e-01  90.737787  5.121952
  3.050000e-01  90.743333  5.103876
  3.100000e-01  90.750658  5.086311
  3.150000e-01  90.758917  5.069150
  3.200000e-01  90.767167  5.052315
  3.250000e-01  90.774487  5.035744
  3.300000e-01  90.780068  5.019400
  3.350000e-01  90.783275  5.003257
  3.400000e-01  90.783675  4.987305
  3.450000e-01  90.781039  4.971542
  3.500000e-01  90.775329  4.955974
  3.550000e-01  90.766668  4.940610
  3.600000e-01  90.755313  4.925459
  3.650000e-01  90.741612  4.910531
  3.700000e-01  90.725969  4.895832
  3.750000e-01  90.708815  4.881366
  3.800000e-01  90.690574  4.867132
  3.850000e-01  90.671643  4.853128
  3.900000e-01  90.652375  4.839344
  3.950000e-01  90.633073  4.825773
  4.000000e-01  90.613983  4.812403
  4.050000e-01  90.595299  4.799224
  4.100000e-01  90.577166  4.786224
  4.150000e-01  90.559688  4.773394
  4.200000e-01  90.542936  4.760729
  4.250000e-01  90.526948  4.748222
  4.300000e-01  90.511740  4.735872
  4.350000e-01  90.497304  4.723677
  4.400000e-01  90.483615  4.711640
  4.450000e-01  90.470633  4.699762
  4.500000e-01  90.458308  4.688047
  4.550000e-01  90.446581  4.676499
  4.600000e-01  90.435392  4.665123
  4.650000e-01  90.424685  4.653922
  4.700000e-01  90.414406  4.642900
  4.750000e-01  90.404513  4.632059
  4.800000e-01  90.394971  4.621403
  4.850000e-01  90.385753  4.610932
  4.900000e-01  90.376841  4.600647
  4.950000e-01  90.368221  4.590548
  5.000000e-01  90.359885  4.580635
  5.050000e-01  90.351826  4.570906
  5.100000e-01  90.344037  4.561362
  5.150000e-01  90.336513  4.551999
  5.200000e-01  90.329251  4.542818
  5.250000e-01  90.322249  4.533815
  5.300000e-01  90.315506  4.524991
  5.350000e-01  90.309026  4.516344
  5.400000e-01  90.302814  4.507873
  5.450000e-01  90.296878  4.499577
  5.500000e-01  90.291225  4.491455
  5.550000e-01  90.285865  4.483507
  5.600000e-01  90.280804  4.475732
  5.650000e-01  90.276045  4.468129
  5.700000e-01  90.271588  4.460698
  5.750000e-01  90.267427  4.453437
  5.800000e-01  90.263550  4.446346
  5.850000e-01  90.259939  4.439423
  5.900000e-01  90.256572  4.432667
  5.950000e-01  90.253424  4.426077
  6.000000e-01  90.250464  4.419652
  6.050000e-01  90.247661  4.413389
  6.100000e-01  90.244985  4.407287
  6.150000e-01  90.242403  4.401344
  6.200000e-01  90.239889  4.395559
  6.250000e-01  90.237415  4.389928
  6.300000e-01  90.234959  4.384450
  6.350000e-01  90.232501  4.379122
  6.400000e-01  90.230027  4.373943
  6.450000e-01  90.227524  4.368909
  6.500000e-01  90.224983  4.364019
  6.550000e-01  90.222399  4.359269
  6.600000e-01  90.219769  4.354658
  6.650000e-01  90.217093  4.350182
  6.700000e-01  90.214370  4.345839
  6.750000e-01  90.211604  4.341626
  6.800000e-01  90.208797  4.337540
  6.850000e-01  90.205953  4.333579
  6.900000e-01  90.203077  4.329740
  6.950000e-01  90.200174  4.326020
  7.000000e-01  90.197251  4.322417
  7.050000e-01  90.194313  4.318927
  7.100000e-01  90.191367  4.315548
  7.150000e-01  90.188420  4.312277
  7.200000e-01  90.185481  4.309112
  7.250000e-01  90.182557  4.306050
  7.300000e-01  90.179657  4.303087
  7.350000e-01  90.176789  4.300222
  7.400000e-01  90.173960  4.297452
  7.450000e-01  90.171180  4.294774
  7.500000e-01  90.168454  4.292185
  7.550000e-01  90.165791  4.289683
  7.600000e-01  90.163195  4.287266
  7.650000e-01  90.160671  4.284931
  7.700000e-01  90.158223  4.282675
  7.750000e-01  90.155853  4.280495
  7.800000e-01  90.153563  4.278391
  7.850000e-01  90.151352  4.276358
  7.900000e-01  90.149219  4.274395
  7.950000e-01  90.147161  4.272499
  8.000000e-01  90.145176  4.270669
  8.050000e-01  90.143259  4.268902
  8.100000e-01  90.141406  4.267196
  8.150000e-01  90.139611  4.265548
  8.200000e-01  90.137869  4.263957
  8.250000e-01  90.136173  4.262421
  8.300000e-01  90.134518  4.260937
  8.350000e-01  90.132898  4.259505
  8.400000e-01  90.131307  4.258121
  8.450000e-01  90.129740  4.256785
  8.500000e-01  90.128192  4.255494
  8.550000e-01  90.126658  4.254247
  8.600000e-01  90.125135  4.253042
  8.650000e-01  90.123618  4.251878
  8.700000e-01  90.122106  4.250752
  8.750000e-01  90.120596  4.249664
  8.800000e-01  90.119087  4.248612
  8.850000e-01  90.117577  4.247594
  8.900000e-01  90.116066  4.246610
  8.950000e-01  90.114553  4.245657
  9.000000e-01  90.113040  4.244735
  9.050000e-01  90.111526  4.243842
  9.100000e-01  90.110013  4.242978
  9.150000e-01  90.108501  4.242140
  9.200000e-01  90.106993  4.241328
  9.250000e-01  90.105489  4.240541
  9.300000e-01  90.103992  4.239777
  9.350000e-01  90.102502  4.239036
  9.400000e-01  90.101020  4.238317
  9.450000e-01  90.099550  4.237619
  9.500000e-01  90.098091  4.236940
  9.550000e-01  90.096644  4.236281
  9.600000e-01  90.095211  4.235640
  9.650000e-01  90.093793  4.235016
  9.700000e-01  90.092389  4.234410
  9.750000e-01  90.091001  4.233819
  9.800000e-01  90.089629  4.233243
  9.850000e-01  90.088273  4.232682
  9.900000e-01  90.086932  4.232136
  9.950000e-01  90.085607  4.231602
  1.000000e+00  90.084298  4.231082
  1.005000e+00  90.083003  4.230573
  1.010000e+00  90.081724  4.230077
  1.015000e+00  90.080459  4.229592
  1.020000e+00  90.079207  4.229117
  1.025000e+00  90.077970  4.228653
  1.030000e+00  90.076744  4.228199
  1.035000e+00  90.075532  4.227754
  1.040000e+00  90.074331  4.227318
  1.045000e+00  90.073141  4.226891
  1.050000e+00  90.071963  4.226473
  1.055000e+00  90.070795  4.226062
  1.060000e+00  90.069637  4.225659
  1.065000e+00  90.068489  4.225263
  1.070000e+00  90.067350  4.224874
  1.075000e+00  90.066221  4.224492
  1.080000e+00  90.065100  4.224117
  1.085000e+00  90.063988  4.223748
  1.090000e+00  90.062883  4.223385
  1.095000e+00  90.061787  4.223028
  1.100000e+00  90.060699  4.222676
  1.105000e+00  90.059619  4.222329
  1.110000e+00  90.058546  4.221988
  1.115000e+00  90.057481  4.221652
  1.120000e+00  90.056423  4.221320
  1.125000e+00  90.055372  4.220993
  1.130000e+00  90.054329  4.220671
  1.135000e+00  90.053293  4.220353
  1.140000e+00  90.052264  4.220039
  1.145000e+00  90.051242  4.219729
  1.150000e+00  90.050227  4.219423
  1.155000e+00  90.049220  4.219121
  1.160000e+00  90.048220  4.218822
  1.165000e+00  90.047227  4.218528
  1.170000e+00  90.046242  4.218236
  1.175000e+00  90.045263  4.217948
  1.180000e+00  90.044292  4.217663
  1.185000e+00  90.043329  4.217381
  1.190000e+00  90.042372  4.217103
  1.195000e+00  90.041423  4.216827
  1.200000e+00  90.040481  4.216554
  1.205000e+00  90.039546  4.216284
  1.210000e+00  90.038619  4.216017
  1.215000e+00  90.037698  4.215753
  1.220000e+00  90.036785  4.215491
  1.225000e+00  90.035879  4.215232
  1.230000e+00  90.034980  4.214975
  1.235000e+00  90.034088  4.214721
  1.240000e+00  90.033202  4.214470
  1.245000e+00  90.032324  4.214220
  1.250000e+00  90.031453  4.213973
  1.255000e+00  90.030588  4.213729
  1.260000e+00  90.029730  4.213486
  1.265000e+00  90.028878  4.213246
  1.270000e+00  90.028033  4.213008
  1.275000e+00  90.027195  4.212772
  1.280000e+00  90.026363  4.212538
  1.285000e+00  90.025538  4.212306
  1.290000e+00  90.024718  4.212076
  1.295000e+00  90.023906  4.211849
  1.300000e+00  90.023099  4.211623
  1.305000e+00  90.022299  4.211399
  1.310000e+00  90.021504  4.211177
  1.315000e+00  90.020716  4.210957
  1.320000e+00  90.019934  4.210739
  1.325000e+00  90.019158  4.210522
  1.330000e+00  90.018387  4.210307
  1.335000e+00  90.017623  4.210095
  1.340000e+00  90.016864  4.209883
  1.345000e+00  90.016111  4.209674
  1.350000e+00  90.015364  4.209466
  1.355000e+00  90.014622  4.209260
  1.360000e+00  90.013886  4.209056
  1.365000e+00  90.013155  4.208853
  1.370000e+00  90.012430  4.208652
  1.375000e+00  90.011710  4.208453
  1.380000e+00  90.010996  4.208255
  1.385000e+00  90.010287  4.208059
  1.390000e+00  90.009583  4.207864
  1.395000e+00  90.008884  4.207671
  1.400000e+00  90.008190  4.207479
  1.405000e+00  90.007502  4.207289
  1.410000e+00  90.006819  4.207101
  1.415000e+00  90.006140  4.206914
  1.420000e+00  90.005467  4.206728
  1.425000e+00  90.004799  4.206544
  1.430000e+00  90.004135  4.206361
  1.435000e+00  90.003477  4.206180
  1.440000e+00  90.002823  4.206000
  1.445000e+00  90.002174  4.205821
  1.450000e+00  90.001530  4.205644
  1.455000e+00  90.000891  4.205468
  1.460000e+00  90.000257  4.205294
  1.465000e+00  89.999627  4.205121
  1.470000e+00  89.999002  4.204949
  1.475000e+00  89.998382  4.204779
  1.480000e+00  89.997766  4.204610
  1.485000e+00  89.997155  4.204442
  1.490000e+00  89.996548  4.204276
  1.495000e+00  89.995946  4.204110
  1.500000e+00  89.995349  4.203947
  1.505000e+00  89.994756  4.203784
  1.510000e+00  89.994167  4.203622
  1.515000e+00  89.993583  4.203462
  1.520000e+00  89.993003  4.203303
  1.525000e+00  89.992428  4.203146
  1.530000e+00  89.991857  4.202989
  1.535000e+00  89.991290  4.202834
  1.540000e+00  89.990727  4.202679
  1.545000e+00  89.990169  4.202526
  1.550000e+00  89.989614  4.202375
  1.555000e+00  89.989064  4.202224
  1.560000e+00  89.988518  4.202074
  1.565000e+00  89.987975  4.201926
  1.570000e+00  89.987437  4.201779
  1.575000e+00  89.986903  4.201633
  1.580000e+00  89.986373  4.201487
  1.585000e+00  89.985846  4.201344
  1.590000e+00  89.985324  4.201201
  1.595000e+00  89.984805  4.201059
  1.600000e+00  89.984290  4.200918
  1.605000e+00  89.983779  4.200778
  1.610000e+00  89.983271  4.200640
  1.615000e+00  89.982768  4.200502
  1.620000e+00  89.982267  4.200366
  1.625000e+00  89.981771  4.200230
  1.630000e+00  89.981278  4.200096
  1.635000e+00  89.980789  4.199962
  1.640000e+00  89.980304  4.199830
  1.645000e+00  89.979821  4.199698
  1.650000e+00  89.979343  4.199568
  1.655000e+00  89.978868  4.199438
  1.660000e+00  89.978396  4.199310
  1.665000e+00  89.977928  4.199182
  1.670000e+00  89.977464  4.199056
  1.675000e+00  89.977002  4.198930
  1.680000e+00  89.976545  4.198805
  1.685000e+00  89.976090  4.198682
  1.690000e+00  89.975639  4.198559
  1.695000e+00  89.975191  4.198437
  1.700000e+00  89.974747  4.198316
  1.705000e+00  89.974305  4.198196
  1.710000e+00  89.973867  4.198076
  1.715000e+00  89.973433  4.197958
  1.720000e+00  89.973001  4.197841
  1.725000e+00  89.972573  4.197724
  1.730000e+00  89.972148  4.197608
  1.735000e+00  89.971725  4.197493
  1.740000e+00  89.971306  4.197379
  1.745000e+00  89.970891  4.197266
  1.750000e+00  89.970478  4.197154
  1.755000e+00  89.970068  4.197043
  1.760000e+00  89.969661  4.196932
  1.765000e+00  89.969257  4.196822
  1.770000e+00  89.968857  4.196713
  1.775000e+00  89.968459  4.196605
  1.780000e+00  89.968064  4.196497
  1.785000e+00  89.967672  4.196391
  1.790000e+00  89.967283  4.196285
  1.795000e+00  89.966896  4.196180
  1.800000e+00  89.966513  4.196076
  1.805000e+00  89.966132  4.195972
  1.810000e+00  89.965754  4.195870
  1.815000e+00  89.965379  4.195768
  1.820000e+00  89.965007  4.195666
  1.825000e+00  89.964637  4.195566
  1.830000e+00  89.964270  4.195466
  1.835000e+00  89.963906  4.195367
  1.840000e+00  89.963544  4.195269
  1.845000e+00  89.963185  4.195172
  1.850000e+00  89.962829  4.195075
  1.855000e+00  89.962475  4.194979
  1.860000e+00  89.962124  4.194883
  1.865000e+00  89.961775  4.194789
  1.870000e+00  89.961429  4.194695
  1.875000e+00  89.961086  4.194601
  1.880000e+00  89.960745  4.194509
  1.885000e+00  89.960406  4.194417
  1.890000e+00  89.960070  4.194326
  1.895000e+00  89.959736  4.194235
  1.900000e+00  89.959405  4.194145
  1.905000e+00  89.959077  4.194056
  1.910000e+00  89.958750  4.193967
  1.915000e+00  89.958426  4.193879
  1.920000e+00  89.958105  4.193792
  1.925000e+00  89.957785  4.193706
  1.930000e+00  89.957468  4.193620
  1.935000e+00  89.957154  4.193534
  1.940000e+00  89.956841  4.193449
  1.945000e+00  89.956531  4.193365
  1.950000e+00  89.956223  4.193282
  1.955000e+00  89.955918  4.193199
  1.960000e+00  89.955614  4.193117
  1.965000e+00  89.955313  4.193035
  1.970000e+00  89.955014  4.192954
  1.975000e+00  89.954718  4.192873
  1.980000e+00  89.954423  4.192793
  1.985000e+00  89.954130  4.192714
  1.990000e+00  89.953840  4.192635
  1.995000e+00  89.953552  4.192557
  2.000000e+00  89.953266  4.192479
  2.005000e+00  89.952981  4.192402
  2.010000e+00  89.952699  4.192326
  2.015000e+00  89.952419  4.192250
  2.020000e+00  89.952142  4.192175
  2.025000e+00  89.951866  4.192100
  2.030000e+00  89.951592  4.192025
  2.035000e+00  89.951320  4.191952
  2.040000e+00  89.951050  4.191879
  2.045000e+00  89.950782  4.191806
  2.050000e+00  89.950516  4.191734
  2.055000e+00  89.950251  4.191662
  2.060000e+00  89.949989  4.191591
  2.065000e+00  89.949729  4.191520
  2.070000e+00  89.949470  4.191450
  2.075000e+00  89.949214  4.191381
  2.080000e+00  89.948959  4.191312
  2.085000e+00  89.948706  4.191243
  2.090000e+00  89.948455  4.191175
  2.095000e+00  89.948206  4.191108
  2.100000e+00  89.947958  4.191041
  2.105000e+00  89.947713  4.190974
  2.110000e+00  89.947469  4.190908
  2.115000e+00  89.947227  4.190842
  2.120000e+00  89.946986  4.190777
  2.125000e+00  89.946748  4.190712
  2.130000e+00  89.946511  4.190648
  2.135000e+00  89.946276  4.190585
  2.140000e+00  89.946042  4.190521
  2.145000e+00  89.945810  4.190458
  2.150000e+00  89.945580  4.190396
  2.155000e+00  89.945352  4.190334
  2.160000e+00  89.945125  4.190273
  2.165000e+00  89.944900  4.190212
  2.170000e+00  89.944676  4.190151
  2.175000e+00  89.944454  4.190091
  2.180000e+00  89.944234  4.190031
  2.185000e+00  89.944015  4.189972
  2.190000e+00  89.943798  4.189913
  2.195000e+00  89.943582  4.189855
  2.200000e+00  89.943368  4.189797
  2.205000e+00  89.943155  4.189739
  2.210000e+00  89.942944  4.189682
  2.215000e+00  89.942735  4.189625
  2.220000e+00  89.942527  4.189569
  2.225000e+00  89.942320  4.189513
  2.230000e+00  89.942115  4.189457
  2.235000e+00  89.941912  4.189402
  2.240000e+00  89.941710  4.189348
  2.245000e+00  89.941509  4.189293
  2.250000e+00  89.941310  4.189239
  2.255000e+00  89.941112  4.189186
  2.260000e+00  89.940916  4.189132
  2.265000e+00  89.940721  4.189080
  2.270000e+00  89.940527  4.189027
  2.275000e+00  89.940335  4.188975
  2.280000e+00  89.940144  4.188924
  2.285000e+00  89.939955  4.188872
  2.290000e+00  89.939767  4.188821
  2.295000e+00  89.939580  4.188771
  2.300000e+00  89.939395  4.188721
  2.305000e+00  89.939211  4.188671
  2.310000e+00  89.939028  4.188621
  2.315000e+00  89.938847  4.188572
  2.320000e+00  89.938667  4.188523
  2.325000e+00  89.938488  4.188475
  2.330000e+00  89.938311  4.188427
  2.335000e+00  89.938134  4.188379
  2.340000e+00  89.937959  4.188332
  2.345000e+00  89.937786  4.188285
  2.350000e+00  89.937613  4.188238
  2.355000e+00  89.937442  4.188192
  2.360000e+00  89.937272  4.188146
  2.365000e+00  89.937103  4.188100
  2.370000e+00  89.936935  4.188055
  2.375000e+00  89.936769  4.188009
  2.380000e+00  89.936604  4.187965
  2.385000e+00  89.936440  4.187920
  2.390000e+00  89.936277  4.187876
  2.395000e+00  89.936115  4.187832
  2.400000e+00  89.935955  4.187789
  2.405000e+00  89.935795  4.187746
  2.410000e+00  89.935637  4.187703
  2.415000e+00  89.935480  4.187660
  2.420000e+00  89.935324  4.187618
  2.425000e+00  89.935169  4.187576
  2.430000e+00  89.935015  4.187535
  2.435000e+00  89.934862  4.187493
  2.440000e+00  89.934711  4.187452
  2.445000e+00  89.934560  4.187412
  2.450000e+00  89.934411  4.187371
  2.455000e+00  89.934263  4.187331
  2.460000e+00  89.934115  4.187291
  2.465000e+00  89.933969  4.187251
  2.470000e+00  89.933824  4.187212
  2.475000e+00  89.933680  4.187173
  2.480000e+00  89.933536  4.187134
  2.485000e+00  89.933394  4.187096
  2.490000e+00  89.933253  4.187058
  2.495000e+00  89.933113  4.187020
  2.500000e+00  89.932974  4.186982
  2.505000e+00  89.932836  4.186945
  2.510000e+00  89.932699  4.186908
  2.515000e+00  89.932563  4.186871
  2.520000e+00  89.932427  4.186834
  2.525000e+00  89.932293  4.186798
  2.530000e+00  89.932160  4.186762
  2.535000e+00  89.932027  4.186726
  2.540000e+00  89.931896  4.186690
  2.545000e+00  89.931766  4.186655
  2.550000e+00  89.931636  4.186620
  2.555000e+00  89.931508  4.186585
  2.560000e+00  89.931380  4.186551
  2.565000e+00  89.931253  4.186516
  2.570000e+00  89.931127  4.186482
  2.575000e+00  89.931002  4.186448
  2.580000e+00  89.930878  4.186415
  2.585000e+00  89.930755  4.186381
  2.590000e+00  89.930633  4.186348
  2.595000e+00  89.930511  4.186315
  2.600000e+00  89.930390  4.186283
  2.605000e+00  89.930271  4.186250
  2.610000e+00  89.930152  4.186218
  2.615000e+00  89.930034  4.186186
  2.620000e+00  89.929917  4.186155
  2.625000e+00  89.929800  4.186123
  2.630000e+00  89.929685  4.186092
  2.635000e+00  89.929570  4.186061
  2.640000e+00  89.929456  4.186030
  2.645000e+00  89.929343  4.185999
  2.650000e+00  89.929231  4.185969
  2.655000e+00  89.929119  4.185939
  2.660000e+00  89.929008  4.185909
  2.665000e+00  89.928898  4.185879
  2.670000e+00  89.928789  4.185849
  2.675000e+00  89.928681  4.185820
  2.680000e+00  89.928573  4.185791
  2.685000e+00  89.928466  4.185762
  2.690000e+00  89.928360  4.185733
  2.695000e+00  89.928255  4.185705
  2.700000e+00  89.928150  4.185677
  2.705000e+00  89.928047  4.185648
  2.710000e+00  89.927943  4.185621
  2.715000e+00  89.927841  4.185593
  2.720000e+00  89.927739  4.185565
  2.725000e+00  89.927638  4.185538
  2.730000e+00  89.927538  4.185511
  2.735000e+00  89.927439  4.185484
  2.740000e+00  89.927340  4.185457
  2.745000e+00  89.927242  4.185431
  2.750000e+00  89.927144  4.185404
  2.755000e+00  89.927048  4.185378
  2.760000e+00  89.926952  4.185352
  2.765000e+00  89.926856  4.185326
  2.770000e+00  89.926762  4.185301
  2.775000e+00  89.926668  4.185275
  2.780000e+00  89.926574  4.185250
  2.785000e+00  89.926482  4.185225
  2.790000e+00  89.926389  4.185200
  2.795000e+00  89.926298  4.185175
  2.800000e+00  89.926207  4.185151
  2.805000e+00  89.926117  4.185126
  2.810000e+00  89.926028  4.185102
  2.815000e+00  89.925939  4.185078
  2.820000e+00  89.925851  4.185054
  2.825000e+00  89.925763  4.185031
  2.830000e+00  89.925676  4.185007
  2.835000e+00  89.925590  4.184984
  2.840000e+00  89.925504  4.184961
  2.845000e+00  89.925419  4.184937
  2.850000e+00  89.925335  4.184915
  2.855000e+00  89.925251  4.184892
  2.860000e+00  89.925167  4.184869
  2.865000e+00  89.925085  4.184847
  2.870000e+00  89.925002  4.184825
  2.875000e+00  89.924921  4.184803
  2.880000e+00  89.924840  4.184781
  2.885000e+00  89.924759  4.184759
  2.890000e+00  89.924680  4.184737
  2.895000e+00  89.924600  4.184716
  2.900000e+00  89.924522  4.184695
  2.905000e+00  89.924443  4.184673
  2.910000e+00  89.924366  4.184652
  2.915000e+00  89.924289  4.184632
  2.920000e+00  89.924212  4.184611
  2.925000e+00  89.924136  4.184590
  2.930000e+00  89.924061  4.184570
  2.935000e+00  89.923986  4.184550
  2.940000e+00  89.923911  4.184530
  2.945000e+00  89.923838  4.184510
  2.950000e+00  89.923764  4.184490
  2.955000e+00  89.923691  4.184470
  2.960000e+00  89.923619  4.184450
  2.965000e+00  89.923547  4.184431
  2.970000e+00  89.923476  4.184412
  2.975000e+00  89.923405  4.184393
  2.980000e+00  89.923335  4.184374
  2.985000e+00  89.923265  4.184355
  2.990000e+00  89.923196  4.184336
  2.995000e+00  89.923127  4.184317
  3.000000e+00  89.923059  4.184299
  3.005000e+00  89.922991  4.184280
  3.010000e+00  89.922923  4.184262
  3.015000e+00  89.922856  4.184244
  3.020000e+00  89.922790  4.184226
  3.025000e+00  89.922724  4.184208
  3.030000e+00  89.922659  4.184191
  3.035000e+00  89.922593  4.184173
  3.040000e+00  89.922529  4.184155
  3.045000e+00  89.922465  4.184138
  3.050000e+00  89.922401  4.184121
  3.055000e+00  89.922338  4.184104
  3.060000e+00  89.922275  4.184087
  3.065000e+00  89.922213  4.184070
  3.070000e+00  89.922151  4.184053
  3.075000e+00  89.922089  4.184037
  3.080000e+00  89.922028  4.184020
  3.085000e+00  89.921968  4.184004
  3.090000e+00  89.921908  4.183987
  3.095000e+00  89.921848  4.183971
  3.100000e+00  89.921789  4.183955
  3.105000e+00  89.921730  4.183939
  3.110000e+00  89.921671  4.183923
  3.115000e+00  89.921613  4.183908
  3.120000e+00  89.921555  4.183892
  3.125000e+00  89.921498  4.183877
  3.130000e+00  89.921441  4.183861
  3.135000e+00  89.921385  4.183846
  3.140000e+00  89.921329  4.183831
  3.145000e+00  89.921273  4.183816
  3.150000e+00  89.921218  4.183801
  3.155000e+00  89.921163  4.183786
  3.160000e+00  89.921108  4.183771
  3.165000e+00  89.921054  4.183756
  3.170000e+00  89.921001  4.183742
  3.175000e+00  89.920947  4.183728
  3.180000e+00  89.920894  4.183713
  3.185000e+00  89.920842  4.183699
  3.190000e+00  89.920789  4.183685
  3.195000e+00  89.920737  4.183671
  3.200000e+00  89.920686  4.183657
  3.205000e+00  89.920635  4.183643
  3.210000e+00  89.920584  4.183629
  3.215000e+00  89.920534  4.183616
  3.220000e+00  89.920483  4.183602
  3.225000e+00  89.920434  4.183589
  3.230000e+00  89.920384  4.183575
  3.235000e+00  89.920335  4.183562
  3.240000e+00  89.920287  4.183549
  3.245000e+00  89.920238  4.183536
  3.250000e+00  89.920190  4.183523
  3.255000e+00  89.920143  4.183510
  3.260000e+00  89.920095  4.183497
  3.265000e+00  89.920048  4.183484
  3.270000e+00  89.920002  4.183472
  3.275000e+00  89.919955  4.183459
  3.280000e+00  89.919909  4.183447
  3.285000e+00  89.919864  4.183434
  3.290000e+00  89.919818  4.183422
  3.295000e+00  89.919773  4.183410
  3.300000e+00  89.919728  4.183398
  3.305000e+00  89.919684  4.183386
  3.310000e+00  89.919640  4.183374
  3.315000e+00  89.919596  4.183362
  3.320000e+00  89.919553  4.183350
  3.325000e+00  89.919509  4.183339
  3.330000e+00  89.919467  4.183327
  3.335000e+00  89.919424  4.183315
  3.340000e+00  89.919382  4.183304
  3.345000e+00  89.919340  4.183293
  3.350000e+00  89.919298  4.183281
  3.355000e+00  89.919257  4.183270
  3.360000e+00  89.919216  4.183259
  3.365000e+00  89.919175  4.183248
  3.370000e+00  89.919134  4.183237
  3.375000e+00  89.919094  4.183226
  3.380000e+00  89.919054  4.183215
  3.385000e+00  89.919014  4.183205
  3.390000e+00  89.918975  4.183194
  3.395000e+00  89.918936  4.183183
  3.400000e+00  89.918897  4.183173
  3.405000e+00  89.918858  4.183162
  3.410000e+00  89.918820  4.183152
  3.415000e+00  89.918782  4.183142
  3.420000e+00  89.918744  4.183132
  3.425000e+00  89.918707  4.183121
  3.430000e+00  89.918669  4.183111
  3.435000e+00  89.918632  4.183101
  3.440000e+00  89.918596  4.183091
  3.445000e+00  89.918559  4.183081
  3.450000e+00  89.918523  4.183072
  3.455000e+00  89.918487  4.183062
  3.460000e+00  89.918451  4.183052
  3.465000e+00  89.918416  4.183043
  3.470000e+00  89.918381  4.183033
  3.475000e+00  89.918346  4.183024
  3.480000e+00  89.918311  4.183014
  3.485000e+00  89.918277  4.183005
  3.490000e+00  89.918242  4.182996
  3.495000e+00  89.918208  4.182987
  3.500000e+00  89.918175  4.182977
  3.505000e+00  89.918141  4.182968
  3.510000e+00  89.918108  4.182959
  3.515000e+00  89.918075  4.182950
  3.520000e+00  89.918042  4.182942
  3.525000e+00  89.918009  4.182933
  3.530000e+00  89.917977  4.182924
  3.535000e+00  89.917945  4.182915
  3.540000e+00  89.917913  4.182907
  3.545000e+00  89.917881  4.182898
  3.550000e+00  89.917850  4.182890
  3.555000e+00  89.917819  4.182881
  3.560000e+00  89.917788  4.182873
  3.565000e+00  89.917757  4.182864
  3.570000e+00  89.917726  4.182856
  3.575000e+00  89.917696  4.182848
  3.580000e+00  89.917666  4.182840
  3.585000e+00  89.917636  4.182832
  3.590000e+00  89.917606  4.182824
  3.595000e+00  89.917576  4.182816
  3.600000e+00  89.917547  4.182808
  3.605000e+00  89.917518  4.182800
  3.610000e+00  89.917489  4.182792
  3.615000e+00  89.917460  4.182784
  3.620000e+00  89.917432  4.182776
  3.625000e+00  89.917404  4.182769
  3.630000e+00  89.917375  4.182761
  3.635000e+00  89.917348  4.182754
  3.640000e+00  89.917320  4.182746
  3.645000e+00  89.917292  4.182739
  3.650000e+00  89.917265  4.182731
  3.655000e+00  89.917238  4.182724
  3.660000e+00  89.917211  4.182717
  3.665000e+00  89.917184  4.182709
  3.670000e+00  89.917158  4.182702
  3.675000e+00  89.917131  4.182695
  3.680000e+00  89.917105  4.182688
  3.685000e+00  89.917079  4.182681
  3.690000e+00  89.917053  4.182674
  3.695000e+00  89.917027  4.182667
  3.700000e+00  89.917002  4.182660
  3.705000e+00  89.916977  4.182653
  3.710000e+00  89.916952  4.182647
  3.715000e+00  89.916927  4.182640
  3.720000e+00  89.916902  4.182633
  3.725000e+00  89.916877  4.182626
  3.730000e+00  89.916853  4.182620
  3.735000e+00  89.916829  4.182613
  3.740000e+00  89.916804  4.182607
  3.745000e+00  89.916781  4.182600
  3.750000e+00  89.916757  4.182594
  3.755000e+00  89.916733  4.182587
  3.760000e+00  89.916710  4.182581
  3.765000e+00  89.916687  4.182575
  3.770000e+00  89.916663  4.182569
  3.775000e+00  89.916641  4.182562
  3.780000e+00  89.916618  4.182556
  3.785000e+00  89.916595  4.182550
  3.790000e+00  89.916573  4.182544
  3.795000e+00  89.916550  4.182538
  3.800000e+00  89.916528  4.182532
  3.805000e+00  89.916506  4.182526
  3.810000e+00  89.916484  4.182520
  3.815000e+00  89.916463  4.182514
  3.820000e+00  89.916441  4.182509
  3.825000e+00  89.916420  4.182503
  3.830000e+00  89.916399  4.182497
  3.835000e+00  89.916378  4.182491
  3.840000e+00  89.916357  4.182486
  3.845000e+00  89.916336  4.182480
  3.850000e+00  89.916315  4.182474
  3.855000e+00  89.916295  4.182469
  3.860000e+00  89.916274  4.182463
  3.865000e+00  89.916254  4.182458
  3.870000e+00  89.916234  4.182452
  3.875000e+00  89.916214  4.182447
  3.880000e+00  89.916194  4.182442
  3.885000e+00  89.916175  4.182436
  3.890000e+00  89.916155  4.182431
  3.895000e+00  89.916136  4.182426
  3.900000e+00  89.916117  4.182421
  3.905000e+00  89.916098  4.182416
  3.910000e+00  89.916079  4.182410
  3.915000e+00  89.916060  4.182405
  3.920000e+00  89.916041  4.182400
  3.925000e+00  89.916022  4.182395
  3.930000e+00  89.916004  4.182390
  3.935000e+00  89.915986  4.182385
  3.940000e+00  89.915968  4.182380
  3.945000e+00  89.915949  4.182375
  3.950000e+00  89.915932  4.182371
  3.955000e+00  89.915914  4.182366
  3.960000e+00  89.915896  4.182361
  3.965000e+00  89.915879  4.182356
  3.970000e+00  89.915861  4.182352
  3.975000e+00  89.915844  4.182347
  3.980000e+00  89.915827  4.182342
  3.985000e+00  89.915810  4.182338
  3.990000e+00  89.915793  4.182333
  3.995000e+00  89.915776  4.182328
  4.000000e+00  89.915759  4.182324
  0.000000e+00  105.000518  20.884233
  5.000000e-03  100.836487  17.925677
  1.000000e-02  95.383179  16.969208
  1.500000e-02  90.467502  16.443247
  2.000000e-02  86.738841  15.829447
  2.500000e-02  84.288128  15.153399
  3.000000e-02  83.075061  14.480527
  3.500000e-02  83.035760  13.826799
  4.000000e-02  84.062117  13.186920
  4.500000e-02  85.963207  12.561964
  5.000000e-02  88.436163  11.957587
  5.500000e-02  91.066369  11.365870
  6.000000e-02  93.390579  10.765570
  6.500000e-02  95.024543  10.156021
  7.000000e-02  95.788309  9.570541
  7.500000e-02  95.743611  9.043447
  8.000000e-02  95.124617  8.585456
  8.500000e-02  94.220124  8.188056
  9.000000e-02  93.277244  7.837267
  9.500000e-02  92.458443  7.523573
  1.000000e-01  91.842423  7.243562
  1.050000e-01  91.444034  6.996348
  1.100000e-01  91.236385  6.780391
  1.150000e-01  91.169821  6.592675
  1.200000e-01  91.187456  6.429340
  1.250000e-01  91.237311  6.286539
  1.300000e-01  91.280304  6.160903
  1.350000e-01  91.293501  6.049551
  1.400000e-01  91.269089  5.949926
  1.450000e-01  91.210579  5.859705
  1.500000e-01  91.128093  5.776868
  1.550000e-01  91.034102  5.699796
  1.600000e-01  90.940285  5.627301
  1.650000e-01  90.855597  5.558565
  1.700000e-01  90.785436  5.493015
  1.750000e-01  90.731692  5.430236
  1.800000e-01  90.693438  5.369910
  1.850000e-01  90.668008  5.311794
  1.900000e-01  90.652122  5.255712
  1.950000e-01  90.642835  5.201552
  2.000000e-01  90.638094  5.149248
  2.050000e-01  90.636884  5.098775
  2.100000e-01  90.639020  5.050133
  2.150000e-01  90.644727  5.003340
  2.200000e-01  90.654177  4.958427
  2.250000e-01  90.667136  4.915429
  2.300000e-01  90.682793  4.874379
  2.350000e-01  90.699807  4.835306
  2.400000e-01  90.716523  4.798227
  2.450000e-01  90.731287  4.763142
  2.500000e-01  90.742772  4.730032
  2.550000e-01  90.750230  4.698858
  2.600000e-01  90.753605  4.669557
  2.650000e-01  90.753513  4.642041
  2.700000e-01  90.751075  4.616195
  2.750000e-01  90.747677  4.591879
  2.800000e-01  90.744693  4.568934
  2.850000e-01  90.743251  4.547184
  2.900000e-01  90.744067  4.526453
  2.950000e-01  90.747378  4.506568
  3.000000e-01  90.752960  4.487371
  3.050000e-01  90.760221  4.468724
  3.100000e-01  90.768325  4.450514
  3.150000e-01  90.776334  4.432653
  3.200000e-01  90.783326  4.415077
  3.250000e-01  90.788489  4.397743
  3.300000e-01  90.791185  4.380626
  3.350000e-01  90.790978  4.363714
  3.400000e-01  90.787637  4.347008
  3.450000e-01  90.781129  4.330513
  3.500000e-01  90.771586  4.314239
  3.550000e-01  90.759278  4.298197
  3.600000e-01  90.744571  4.282397
  3.650000e-01  90.727894  4.266846
  3.700000e-01  90.709699  4.251548
  3.750000e-01  90.690436  4.236501
  3.800000e-01  90.670523  4.221701
  3.850000e-01  90.650333  4.207138
  3.900000e-01  90.630183  4.192803
  3.950000e-01  90.610329  4.178684
  4.000000e-01  90.590971  4.164767
  4.050000e-01  90.572257  4.151044
  4.100000e-01  90.554288  4.137503
  4.150000e-01  90.537128  4.124140
  4.200000e-01  90.520808  4.110950
  4.250000e-01  90.505331  4.097930
  4.300000e-01  90.490677  4.085083
  4.350000e-01  90.476808  4.072409
  4.400000e-01  90.463670  4.059914
  4.450000e-01  90.451203  4.047600
  4.500000e-01  90.439339  4.035474
  4.550000e-01  90.428015  4.023539
  4.600000e-01  90.417172  4.011800
  4.650000e-01  90.406760  4.000261
  4.700000e-01  90.396737  3.988924
  4.750000e-01  90.387075  3.977792
  4.800000e-01  90.377753  3.966866
  4.850000e-01  90.368755  3.956145
  4.900000e-01  90.360073  3.945630
  4.950000e-01  90.351701  3.935319
  5.000000e-01  90.343632  3.925212
  5.050000e-01  90.335862  3.915306
  5.100000e-01  90.328387  3.905600
  5.150000e-01  90.321205  3.896092
  5.200000e-01  90.314314  3.886781
  5.250000e-01  90.307718  3.877664
  5.300000e-01  90.301418  3.868742
  5.350000e-01  90.295423  3.860012
  5.400000e-01  90.289740  3.851474
  5.450000e-01  90.284376  3.843126
  5.500000e-01  90.279337  3.834968
  5.550000e-01  90.274626  3.827000
  5.600000e-01  90.270243  3.819219
  5.650000e-01  90.266179  3.811625
  5.700000e-01  90.262423  3.804216
  5.750000e-01  90.258955  3.796993
  5.800000e-01  90.255750  3.789951
  5.850000e-01  90.252781  3.783092
  5.900000e-01  90.250016  3.776411
  5.950000e-01  90.247419  3.769908
  6.000000e-01  90.244956  3.763581
  6.050000e-01  90.242594  3.757426
  6.100000e-01  90.240302  3.751442
  6.150000e-01  90.238049  3.745627
  6.200000e-01  90.235811  3.739977
  6.250000e-01  90.233566  3.734490
  6.300000e-01  90.231297  3.729164
  6.350000e-01  90.228991  3.723994
  6.400000e-01  90.226638  3.718980
  6.450000e-01  90.224231  3.714117
  6.500000e-01  90.221768  3.709402
  6.550000e-01  90.219248  3.704833
  6.600000e-01  90.216671  3.700406
  6.650000e-01  90.214039  3.696118
  6.700000e-01  90.211358  3.691966
  6.750000e-01  90.208630  3.687948
  6.800000e-01  90.205862  3.684058
  6.850000e-01  90.203060  3.680296
  6.900000e-01  90.200231  3.676657
  6.950000e-01  90.197382  3.673138
  7.000000e-01  90.194521  3.669737
  7.050000e-01  90.191656  3.666449
  7.100000e-01  90.188796  3.663273
  7.150000e-01  90.185952  3.660205
  7.200000e-01  90.183131  3.657241
  7.250000e-01  90.180343  3.654380
  7.300000e-01  90.177596  3.651617
  7.350000e-01  90.174901  3.648951
  7.400000e-01  90.172263  3.646378
  7.450000e-01  90.169691  3.643894
  7.500000e-01  90.167190  3.641499
  7.550000e-01  90.164763  3.639188
  7.600000e-01  90.162416  3.636958
  7.650000e-01  90.160148  3.634808
  7.700000e-01  90.157962  3.632734
  7.750000e-01  90.155855  3.630735
  7.800000e-01  90.153827  3.628806
  7.850000e-01  90.151873  3.626946
  7.900000e-01  90.149990  3.625153
  7.950000e-01  90.148173  3.623423
  8.000000e-01  90.146415  3.621756
  8.050000e-01  90.144712  3.620147
  8.100000e-01  90.143056  3.618596
  8.150000e-01  90.141441  3.617100
  8.200000e-01  90.139861  3.615657
  8.250000e-01  90.138309  3.614265
  8.300000e-01  90.136779  3.612922
  8.350000e-01  90.135267  3.611626
  8.400000e-01  90.133767  3.610375
  8.450000e-01  90.132275  3.609167
  8.500000e-01  90.130786  3.608002
  8.550000e-01  90.129299  3.606876
  8.600000e-01  90.127811  3.605789
  8.650000e-01  90.126320  3.604738
  8.700000e-01  90.124825  3.603723
  8.750000e-01  90.123326  3.602741
  8.800000e-01  90.121822  3.601792
  8.850000e-01  90.120314  3.600874
  8.900000e-01  90.118803  3.599985
  8.950000e-01  90.117291  3.599125
  9.000000e-01  90.115778  3.598292
  9.050000e-01  90.114266  3.597485
  9.100000e-01  90.112757  3.596702
  9.150000e-01  90.111253  3.595944
  9.200000e-01  90.109755  3.595208
  9.250000e-01  90.108266  3.594494
  9.300000e-01  90.106786  3.593800
  9.350000e-01  90.105318  3.593126
  9.400000e-01  90.103862  3.592472
  9.450000e-01  90.102420  3.591835
  9.500000e-01  90.100993  3.591216
  9.550000e-01  90.099580  3.590613
  9.600000e-01  90.098184  3.590026
  9.650000e-01  90.096804  3.589454
  9.700000e-01  90.095440  3.588896
  9.750000e-01  90.094092  3.588352
  9.800000e-01  90.092761  3.587821
  9.850000e-01  90.091445  3.587303
  9.900000e-01  90.090145  3.586796
  9.950000e-01  90.088861  3.586301
  1.000000e+00  90.087591  3.585818
  1.005000e+00  90.086335  3.585344
  1.010000e+00  90.085093  3.584881
  1.015000e+00  90.083864  3.584427
  1.020000e+00  90.082647  3.583982
  1.025000e+00  90.081443  3.583546
  1.030000e+00  90.080250  3.583118
  1.035000e+00  90.079068  3.582699
  1.040000e+00  90.077897  3.582287
  1.045000e+00  90.076736  3.581882
  1.050000e+00  90.075585  3.581485
  1.055000e+00  90.074444  3.581095
  1.060000e+00  90.073311  3.580710
  1.065000e+00  90.072188  3.580333
  1.070000e+00  90.071072  3.579961
  1.075000e+00  90.069965  3.579595
  1.080000e+00  90.068867  3.579234
  1.085000e+00  90.067776  3.578879
  1.090000e+00  90.066693  3.578529
  1.095000e+00  90.065617  3.578184
  1.100000e+00  90.064550  3.577844
  1.105000e+00  90.063489  3.577509
  1.110000e+00  90.062437  3.577178
  1.115000e+00  90.061391  3.576851
  1.120000e+00  90.060353  3.576528
  1.125000e+00  90.059323  3.576210
  1.130000e+00  90.058300  3.575895
  1.135000e+00  90.057284  3.575584
  1.140000e+00  90.056276  3.575277
  1.145000e+00  90.055275  3.574974
  1.150000e+00  90.054282  3.574674
  1.155000e+00  90.053296  3.574377
  1.160000e+00  90.052318  3.574084
  1.165000e+00  90.051348  3.573793
  1.170000e+00  90.050385  3.573506
  1.175000e+00  90.049429  3.573222
  1.180000e+00  90.048481  3.572941
  1.185000e+00  90.047541  3.572663
  1.190000e+00  90.046608  3.572388
  1.195000e+00  90.045683  3.572115
  1.200000e+00  90.044765  3.571845
  1.205000e+00  90.043854  3.571578
  1.210000e+00  90.042951  3.571313
  1.215000e+00  90.042055  3.571051
  1.220000e+00  90.041166  3.570791
  1.225000e+00  90.040285  3.570534
  1.230000e+00  90.039410  3.570279
  1.235000e+00  90.038543  3.570027
  1.240000e+00  90.037682  3.569776
  1.245000e+00  90.036828  3.569528
  1.250000e+00  90.035981  3.569283
  1.255000e+00  90.035141  3.569039
  1.260000e+00  90.034308  3.568798
  1.265000e+00  90.033481  3.568559
  1.270000e+00  90.032661  3.568322
  1.275000e+00  90.031847  3.568087
  1.280000e+00  90.031040  3.567854
  1.285000e+00  90.030239  3.567623
  1.290000e+00  90.029445  3.567394
  1.295000e+00  90.028656  3.567166
  1.300000e+00  90.027874  3.566941
  1.305000e+00  90.027098  3.566718
  1.310000e+00  90.026329  3.566497
  1.315000e+00  90.025565  3.566277
  1.320000e+00  90.024807  3.566060
  1.325000e+00  90.024055  3.565844
  1.330000e+00  90.023309  3.565630
  1.335000e+00  90.022569  3.565417
  1.340000e+00  90.021834  3.565207
  1.345000e+00  90.021105  3.564998
  1.350000e+00  90.020382  3.564791
  1.355000e+00  90.019664  3.564586
  1.360000e+00  90.018951  3.564382
  1.365000e+00  90.018244  3.564180
  1.370000e+00  90.017543  3.563979
  1.375000e+00  90.016846  3.563781
  1.380000e+00  90.016155  3.563583
  1.385000e+00  90.015470  3.563388
  1.390000e+00  90.014789  3.563194
  1.395000e+00  90.014114  3.563001
  1.400000e+00  90.013444  3.562810
  1.405000e+00  90.012778  3.562621
  1.410000e+00  90.012118  3.562433
  1.415000e+00  90.011463  3.562247
  1.420000e+00  90.010813  3.562062
  1.425000e+00  90.010168  3.561879
  1.430000e+00  90.009528  3.561697
  1.435000e+00  90.008893  3.561516
  1.440000e+00  90.008263  3.561337
  1.445000e+00  90.007637  3.561160
  1.450000e+00  90.007017  3.560984
  1.455000e+00  90.006401  3.560809
  1.460000e+00  90.005790  3.560635
  1.465000e+00  90.005184  3.560463
  1.470000e+00  90.004582  3.560293
  1.475000e+00  90.003985  3.560123
  1.480000e+00  90.003393  3.559955
  1.485000e+00  90.002805  3.559789
  1.490000e+00  90.002222  3.559623
  1.495000e+00  90.001643  3.559459
  1.500000e+00  90.001069  3.559297
  1.505000e+00  90.000499  3.559135
  1.510000e+00  89.999933  3.558975
  1.515000e+00  89.999372  3.558816
  1.520000e+00  89.998816  3.558658
  1.525000e+00  89.998263  3.558502
  1.530000e+00  89.997715  3.558346
  1.535000e+00  89.997171  3.558192
  1.540000e+00  89.996631  3.558040
  1.545000e+00  89.996095  3.557888
  1.550000e+00  89.995563  3.557738
  1.555000e+00  89.995035  3.557588
  1.560000e+00  89.994511  3.557440
  1.565000e+00  89.993992  3.557293
  1.570000e+00  89.993476  3.557148
  1.575000e+00  89.992964  3.557003
  1.580000e+00  89.992456  3.556859
  1.585000e+00  89.991951  3.556717
  1.590000e+00  89.991451  3.556576
  1.595000e+00  89.990954  3.556435
  1.600000e+00  89.990461  3.556296
  1.605000e+00  89.989972  3.556158
  1.610000e+00  89.989487  3.556021
  1.615000e+00  89.989005  3.555885
  1.620000e+00  89.988526  3.555751
  1.625000e+00  89.988052  3.555617
  1.630000e+00  89.987581  3.555484
  1.635000e+00  89.987113  3.555352
  1.640000e+00  89.986650  3.555222
  1.645000e+00  89.986189  3.555092
  1.650000e+00  89.985732  3.554963
  1.655000e+00  89.985279  3.554836
  1.660000e+00  89.984829  3.554709
  1.665000e+00  89.984383  3.554583
  1.670000e+00  89.983940  3.554458
  1.675000e+00  89.983500  3.554335
  1.680000e+00  89.983063  3.554212
  1.685000e+00  89.982630  3.554090
  1.690000e+00  89.982201  3.553969
  1.695000e+00  89.981774  3.553849
  1.700000e+00  89.981351  3.553730
  1.705000e+00  89.980931  3.553611
  1.710000e+00  89.980514  3.553494
  1.715000e+00  89.980101  3.553378
  1.720000e+00  89.979690  3.553262
  1.725000e+00  89.979283  3.553148
  1.730000e+00  89.978879  3.553034
  1.735000e+00  89.978478  3.552921
  1.740000e+00  89.978079  3.552809
  1.745000e+00  89.977684  3.552698
  1.750000e+00  89.977292  3.552588
  1.755000e+00  89.976903  3.552478
  1.760000e+00  89.976517  3.552370
  1.765000e+00  89.976134  3.552262
  1.770000e+00  89.975754  3.552155
  1.775000e+00  89.975376  3.552049
  1.780000e+00  89.975002  3.551944
  1.785000e+00  89.974630  3.551839
  1.790000e+00  89.974261  3.551736
  1.795000e+00  89.973895  3.551633
  1.800000e+00  89.973532  3.551530
  1.805000e+00  89.973171  3.551429
  1.810000e+00  89.972813  3.551329
  1.815000e+00  89.972458  3.551229
  1.820000e+00  89.972106  3.551130
  1.825000e+00  89.971756  3.551031
  1.830000e+00  89.971409  3.550934
  1.835000e+00  89.971064  3.550837
  1.840000e+00  89.970722  3.550741
  1.845000e+00  89.970383  3.550646
  1.850000e+00  89.970046  3.550551
  1.855000e+00  89.969712  3.550457
  1.860000e+00  89.969380  3.550364
  1.865000e+00  89.969051  3.550272
  1.870000e+00  89.968724  3.550180
  1.875000e+00  89.968400  3.550089
  1.880000e+00  89.968078  3.549998
  1.885000e+00  89.967758  3.549909
  1.890000e+00  89.967441  3.549820
  1.895000e+00  89.967127  3.549731
  1.900000e+00  89.966815  3.549644
  1.905000e+00  89.966505  3.549557
  1.910000e+00  89.966197  3.549470
  1.915000e+00  89.965892  3.549385
  1.920000e+00  89.965589  3.549300
  1.925000e+00  89.965288  3.549215
  1.930000e+00  89.964990  3.549131
  1.935000e+00  89.964694  3.549048
  1.940000e+00  89.964400  3.548966
  1.945000e+00  89.964108  3.548884
  1.950000e+00  89.963818  3.548803
  1.955000e+00  89.963531  3.548722
  1.960000e+00  89.963246  3.548642
  1.965000e+00  89.962963  3.548563
  1.970000e+00  89.962682  3.548484
  1.975000e+00  89.962403  3.548405
  1.980000e+00  89.962126  3.548328
  1.985000e+00  89.961852  3.548251
  1.990000e+00  89.961579  3.548174
  1.995000e+00  89.961309  3.548098
  2.000000e+00  89.961040  3.548023
  2.005000e+00  89.960774  3.547948
  2.010000e+00  89.960509  3.547874
  2.015000e+00  89.960247  3.547800
  2.020000e+00  89.959986  3.547727
  2.025000e+00  89.959727  3.547655
  2.030000e+00  89.959471  3.547583
  2.035000e+00  89.959216  3.547511
  2.040000e+00  89.958963  3.547440
  2.045000e+00  89.958712  3.547370
  2.050000e+00  89.958463  3.547300
  2.055000e+00  89.958216  3.547231
  2.060000e+00  89.957971  3.547162
  2.065000e+00  89.957727  3.547094
  2.070000e+00  89.957485  3.547026
  2.075000e+00  89.957245  3.546959
  2.080000e+00  89.957007  3.546892
  2.085000e+00  89.956771  3.546826
  2.090000e+00  89.956536  3.546760
  2.095000e+00  89.956304  3.546694
  2.100000e+00  89.956073  3.546630
  2.105000e+00  89.955843  3.546565
  2.110000e+00  89.955616  3.546502
  2.115000e+00  89.955390  3.546438
  2.120000e+00  89.955165  3.546375
  2.125000e+00  89.954943  3.546313
  2.130000e+00  89.954722  3.546251
  2.135000e+00  89.954503  3.546189
  2.140000e+00  89.954285  3.546128
  2.145000e+00  89.954069  3.546068
  2.150000e+00  89.953854  3.546008
  2.155000e+00  89.953642  3.545948
  2.160000e+00  89.953430  3.545889
  2.165000e+00  89.953221  3.545830
  2.170000e+00  89.953013  3.545772
  2.175000e+00  89.952806  3.545714
  2.180000e+00  89.952601  3.545656
  2.185000e+00  89.952398  3.545599
  2.190000e+00  89.952196  3.545543
  2.195000e+00  89.951995  3.545487
  2.200000e+00  89.951796  3.545431
  2.205000e+00  89.951599  3.545375
  2.210000e+00  89.951403  3.545320
  2.215000e+00  89.951208  3.545266
  2.220000e+00  89.951015  3.545212
  2.225000e+00  89.950823  3.545158
  2.230000e+00  89.950633  3.545105
  2.235000e+00  89.950444  3.545052
  2.240000e+00  89.950256  3.544999
  2.245000e+00  89.950070  3.544947
  2.250000e+00  89.949886  3.544895
  2.255000e+00  89.949702  3.544844
  2.260000e+00  89.949520  3.544793
  2.265000e+00  89.949340  3.544742
  2.270000e+00  89.949161  3.544692
  2.275000e+00  89.948983  3.544642
  2.280000e+00  89.948806  3.544593
  2.285000e+00  89.948631  3.544544
  2.290000e+00  89.948457  3.544495
  2.295000e+00  89.948284  3.544446
  2.300000e+00  89.948112  3.544398
  2.305000e+00  89.947942  3.544351
  2.310000e+00  89.947773  3.544303
  2.315000e+00  89.947606  3.544256
  2.320000e+00  89.947439  3.544210
  2.325000e+00  89.947274  3.544163
  2.330000e+00  89.947110  3.544117
  2.335000e+00  89.946947  3.544072
  2.340000e+00  89.946786  3.544027
  2.345000e+00  89.946625  3.543982
  2.350000e+00  89.946466  3.543937
  2.355000e+00  89.946308  3.543893
  2.360000e+00  89.946151  3.543849
  2.365000e+00  89.945996  3.543805
  2.370000e+00  89.945841  3.543762
  2.375000e+00  89.945688  3.543719
  2.380000e+00  89.945536  3.543676
  2.385000e+00  89.945384  3.543634
  2.390000e+00  89.945234  3.543592
  2.395000e+00  89.945086  3.543550
  2.400000e+00  89.944938  3.543509
  2.405000e+00  89.944791  3.543468
  2.410000e+00  89.944645  3.543427
  2.415000e+00  89.944501  3.543386
  2.420000e+00  89.944357  3.543346
  2.425000e+00  89.944215  3.543306
  2.430000e+00  89.944074  3.543267
  2.435000e+00  89.943933  3.543227
  2.440000e+00  89.943794  3.543188
  2.445000e+00  89.943656  3.543149
  2.450000e+00  89.943518  3.543111
  2.455000e+00  89.943382  3.543073
  2.460000e+00  89.943247  3.543035
  2.465000e+00  89.943113  3.542997
  2.470000e+00  89.942979  3.542960
  2.475000e+00  89.942847  3.542923
  2.480000e+00  89.942716  3.542886
  2.485000e+00  89.942586  3.542850
  2.490000e+00  89.942456  3.542813
  2.495000e+00  89.942328  3.542777
  2.500000e+00  89.942200  3.542742
  2.505000e+00  89.942074  3.542706
  2.510000e+00  89.941948  3.542671
  2.515000e+00  89.941824  3.542636
  2.520000e+00  89.941700  3.542602
  2.525000e+00  89.941577  3.542567
  2.530000e+00  89.941455  3.542533
  2.535000e+00  89.941334  3.542499
  2.540000e+00  89.941214  3.542465
  2.545000e+00  89.941095  3.542432
  2.550000e+00  89.940976  3.542399
  2.555000e+00  89.940859  3.542366
  2.560000e+00  89.940742  3.542333
  2.565000e+00  89.940626  3.542301
  2.570000e+00  89.940511  3.542269
  2.575000e+00  89.940397  3.542237
  2.580000e+00  89.940284  3.542205
  2.585000e+00  89.940171  3.542173
  2.590000e+00  89.940060  3.542142
  2.595000e+00  89.939949  3.542111
  2.600000e+00  89.939839  3.542080
  2.605000e+00  89.939730  3.542050
  2.610000e+00  89.939621  3.542019
  2.615000e+00  89.939514  3.541989
  2.620000e+00  89.939407  3.541959
  2.625000e+00  89.939301  3.541930
  2.630000e+00  89.939196  3.541900
  2.635000e+00  89.939091  3.541871
  2.640000e+00  89.938988  3.541842
  2.645000e+00  89.938885  3.541813
  2.650000e+00  89.938783  3.541784
  2.655000e+00  89.938681  3.541756
  2.660000e+00  89.938581  3.541728
  2.665000e+00  89.938481  3.541700
  2.670000e+00  89.938381  3.541672
  2.675000e+00  89.938283  3.541644
  2.680000e+00  89.938185  3.541617
  2.685000e+00  89.938088  3.541590
  2.690000e+00  89.937992  3.541563
  2.695000e+00  89.937896  3.541536
  2.700000e+00  89.937801  3.541510
  2.705000e+00  89.937707  3.541483
  2.710000e+00  89.937614  3.541457
  2.715000e+00  89.937521  3.541431
  2.720000e+00  89.937428  3.541405
  2.725000e+00  89.937337  3.541379
  2.730000e+00  89.937246  3.541354
  2.735000e+00  89.937156  3.541329
  2.740000e+00  89.937067  3.541304
  2.745000e+00  89.936978  3.541279
  2.750000e+00  89.936889  3.541254
  2.755000e+00  89.936802  3.541230
  2.760000e+00  89.936715  3.541205
  2.765000e+00  89.936629  3.541181
  2.770000e+00  89.936543  3.541157
  2.775000e+00  89.936458  3.541133
  2.780000e+00  89.936374  3.541110
  2.785000e+00  89.936290  3.541086
  2.790000e+00  89.936207  3.541063
  2.795000e+00  89.936124  3.541040
  2.800000e+00  89.936042  3.541017
  2.805000e+00  89.935961  3.540994
  2.810000e+00  89.935880  3.540971
  2.815000e+00  89.935800  3.540949
  2.820000e+00  89.935720  3.540927
  2.825000e+00  89.935641  3.540905
  2.830000e+00  89.935563  3.540883
  2.835000e+00  89.935485  3.540861
  2.840000e+00  89.935408  3.540839
  2.845000e+00  89.935331  3.540818
  2.850000e+00  89.935255  3.540796
  2.855000e+00  89.935179  3.540775
  2.860000e+00  89.935104  3.540754
  2.865000e+00  89.935030  3.540733
  2.870000e+00  89.934956  3.540713
  2.875000e+00  89.934883  3.540692
  2.880000e+00  89.934810  3.540672
  2.885000e+00  89.934737  3.540651
  2.890000e+00  89.934666  3.540631
  2.895000e+00  89.934594  3.540611
  2.900000e+00  89.934523  3.540591
  2.905000e+00  89.934453  3.540572
  2.910000e+00  89.934383  3.540552
  2.915000e+00  89.934314  3.540533
  2.920000e+00  89.934246  3.540514
  2.925000e+00  89.934177  3.540495
  2.930000e+00  89.934110  3.540476
  2.935000e+00  89.934042  3.540457
  2.940000e+00  89.933976  3.540438
  2.945000e+00  89.933909  3.540419
  2.950000e+00  89.933844  3.540401
  2.955000e+00  89.933778  3.540383
  2.960000e+00  89.933713  3.540365
  2.965000e+00  89.933649  3.540347
  2.970000e+00  89.933585  3.540329
  2.975000e+00  89.933522  3.540311
  2.980000e+00  89.933459  3.540293
  2.985000e+00  89.933396  3.540276
  2.990000e+00  89.933334  3.540258
  2.995000e+00  89.933273  3.540241
  3.000000e+00  89.933212  3.540224
  3.005000e+00  89.933151  3.540207
  3.010000e+00  89.933091  3.540190
  3.015000e+00  89.933031  3.540173
  3.020000e+00  89.932972  3.540157
  3.025000e+00  89.932913  3.540140
  3.030000e+00  89.932854  3.540124
  3.035000e+00  89.932796  3.540108
  3.040000e+00  89.932738  3.540092
  3.045000e+00  89.932681  3.540076
  3.050000e+00  89.932624  3.540060
  3.055000e+00  89.932568  3.540044
  3.060000e+00  89.932512  3.540028
  3.065000e+00  89.932456  3.540013
  3.070000e+00  89.932401  3.539997
  3.075000e+00  89.932346  3.539982
  3.080000e+00  89.932292  3.539967
  3.085000e+00  89.932238  3.539951
  3.090000e+00  89.932185  3.539936
  3.095000e+00  89.932131  3.539922
  3.100000e+00  89.932079  3.539907
  3.105000e+00  89.932026  3.539892
  3.110000e+00  89.931974  3.539877
  3.115000e+00  89.931922  3.539863
  3.120000e+00  89.931871  3.539849
  3.125000e+00  89.931820  3.539834
  3.130000e+00  89.931770  3.539820
  3.135000e+00  89.931719  3.539806
  3.140000e+00  89.931670  3.539792
  3.145000e+00  89.931620  3.539778
  3.150000e+00  89.931571  3.539765
  3.155000e+00  89.931522  3.539751
  3.160000e+00  89.931474  3.539737
  3.165000e+00  89.931426  3.539724
  3.170000e+00  89.931378  3.539711
  3.175000e+00  89.931331  3.539697
  3.180000e+00  89.931284  3.539684
  3.185000e+00  89.931237  3.539671
  3.190000e+00  89.931191  3.539658
  3.195000e+00  89.931145  3.539645
  3.200000e+00  89.931100  3.539633
  3.205000e+00  89.931054  3.539620
  3.210000e+00  89.931009  3.539607
  3.215000e+00  89.930965  3.539595
  3.220000e+00  89.930920  3.539582
  3.225000e+00  89.930876  3.539570
  3.230000e+00  89.930833  3.539558
  3.235000e+00  89.930789  3.539546
  3.240000e+00  89.930746  3.539534
  3.245000e+00  89.930703  3.539522
  3.250000e+00  89.930661  3.539510
  3.255000e+00  89.930619  3.539498
  3.260000e+00  89.930577  3.539486
  3.265000e+00  89.930536  3.539475
  3.270000e+00  89.930494  3.539463
  3.275000e+00  89.930454  3.539452
  3.280000e+00  89.930413  3.539440
  3.285000e+00  89.930373  3.539429
  3.290000e+00  89.930333  3.539418
  3.295000e+00  89.930293  3.539407
  3.300000e+00  89.930253  3.539396
  3.305000e+00  89.930214  3.539385
  3.310000e+00  89.930175  3.539374
  3.315000e+00  89.930137  3.539363
  3.320000e+00  89.930099  3.539352
  3.325000e+00  89.930061  3.539342
  3.330000e+00  89.930023  3.539331
  3.335000e+00  89.929985  3.539321
  3.340000e+00  89.929948  3.539310
  3.345000e+00  89.929911  3.539300
  3.350000e+00  89.929875  3.539290
  3.355000e+00  89.929838  3.539279
  3.360000e+00  89.929802  3.539269
  3.365000e+00  89.929766  3.539259
  3.370000e+00  89.929731  3.539249
  3.375000e+00  89.929695  3.539239
  3.380000e+00  89.929660  3.539229
  3.385000e+00  89.929625  3.539220
  3.390000e+00  89.929591  3.539210
  3.395000e+00  89.929556  3.539200
  3.400000e+00  89.929522  3.539191
  3.405000e+00  89.929488  3.539181
  3.410000e+00  89.929455  3.539172
  3.415000e+00  89.929422  3.539163
  3.420000e+00  89.929388  3.539153
  3.425000e+00  89.929356  3.539144
  3.430000e+00  89.929323  3.539135
  3.435000e+00  89.929291  3.539126
  3.440000e+00  89.929258  3.539117
  3.445000e+00  89.929226  3.539108
  3.450000e+00  89.929195  3.539099
  3.455000e+00  89.929163  3.539090
  3.460000e+00  89.929132  3.539082
  3.465000e+00  89.929101  3.539073
  3.470000e+00  89.929070  3.539064
  3.475000e+00  89.929040  3.539056
  3.480000e+00  89.929009  3.539047
  3.485000e+00  89.928979  3.539039
  3.490000e+00  89.928949  3.539030
  3.495000e+00  89.928920  3.539022
  3.500000e+00  89.928890  3.539014
  3.505000e+00  89.928861  3.539006
  3.510000e+00  89.928832  3.538998
  3.515000e+00  89.928803  3.538989
  3.520000e+00  89.928775  3.538981
  3.525000e+00  89.928746  3.538974
  3.530000e+00  89.928718  3.538966
  3.535000e+00  89.928690  3.538958
  3.540000e+00  89.928662  3.538950
  3.545000e+00  89.928635  3.538942
  3.550000e+00  89.928607  3.538935
  3.555000e+00  89.928580  3.538927
  3.560000e+00  89.928553  3.538919
  3.565000e+00  89.928526  3.538912
  3.570000e+00  89.928500  3.538904
  3.575000e+00  89.928473  3.538897
  3.580000e+00  89.928447  3.538890
  3.585000e+00  89.928421  3.538882
  3.590000e+00  89.928395  3.538875
  3.595000e+00  89.928369  3.538868
  3.600000e+00  89.928344  3.538861
  3.605000e+00  89.928319  3.538854
  3.610000e+00  89.928294  3.538847
  3.615000e+00  89.928269  3.538840
  3.620000e+00  89.928244  3.538833
  3.625000e+00  89.928219  3.538826
  3.630000e+00  89.928195  3.538819
  3.635000e+00  89.928171  3.538812
  3.640000e+00  89.928147  3.538806
  3.645000e+00  89.928123  3.538799
  3.650000e+00  89.928099  3.538792
  3.655000e+00  89.928076  3.538786
  3.660000e+00  89.928052  3.538779
  3.665000e+00  89.928029  3.538773
  3.670000e+00  89.928006  3.538766
  3.675000e+00  89.927983  3.538760
  3.680000e+00  89.927961  3.538754
  3.685000e+00  89.927938  3.538747
  3.690000e+00  89.927916  3.538741
  3.695000e+00  89.927894  3.538735
  3.700000e+00  89.927872  3.538729
  3.705000e+00  89.927850  3.538722
  3.710000e+00  89.927828  3.538716
  3.715000e+00  89.927806  3.538710
  3.720000e+00  89.927785  3.538704
  3.725000e+00  89.927764  3.538698
  3.730000e+00  89.927743  3.538693
  3.735000e+00  89.927722  3.538687
  3.740000e+00  89.927701  3.538681
  3.745000e+00  89.927680  3.538675
  3.750000e+00  89.927660  3.538669
  3.755000e+00  89.927640  3.538664
  3.760000e+00  89.927619  3.538658
  3.765000e+00  89.927599  3.538652
  3.770000e+00  89.927580  3.538647
  3.775000e+00  89.927560  3.538641
  3.780000e+00  89.927540  3.538636
  3.785000e+00  89.927521  3.538630
  3.790000e+00  89.927501  3.538625
  3.795000e+00  89.927482  3.538620
  3.800000e+00  89.927463  3.538614
  3.805000e+00  89.927444  3.538609
  3.810000e+00  89.927426  3.538604
  3.815000e+00  89.927407  3.538598
  3.820000e+00  89.927388  3.538593
  3.825000e+00  89.927370  3.538588
  3.830000e+00  89.927352  3.538583
  3.835000e+00  89.927334  3.538578
  3.840000e+00  89.927316  3.538573
  3.845000e+00  89.927298  3.538568
  3.850000e+00  89.927280  3.538563
  3.855000e+00  89.927263  3.538558
  3.860000e+00  89.927245  3.538553
  3.865000e+00  89.927228  3.538548
  3.870000e+00  89.927211  3.538543
  3.875000e+00  89.927194  3.538539
  3.880000e+00  89.927177  3.538534
  3.885000e+00  89.927160  3.538529
  3.890000e+00  89.927143  3.538525
  3.895000e+00  89.927127  3.538520
  3.900000e+00  89.927110  3.538515
  3.905000e+00  89.927094  3.538511
  3.910000e+00  89.927078  3.538506
  3.915000e+00  89.927061  3.538502
  3.920000e+00  89.927045  3.538497
  3.925000e+00  89.927030  3.538493
  3.930000e+00  89.927014  3.538488
  3.935000e+00  89.926998  3.538484
  3.940000e+00  89.926983  3.538480
  3.945000e+00  89.926967  3.538475
  3.950000e+00  89.926952  3.538471
  3.955000e+00  89.926937  3.538467
  3.960000e+00  89.926922  3.538463
  3.965000e+00  89.926907  3.538458
  3.970000e+00  89.926892  3.538454
  3.975000e+00  89.926877  3.538450
  3.980000e+00  89.926862  3.538446
  3.985000e+00  89.926848  3.538442
  3.990000e+00  89.926833  3.538438
  3.995000e+00  89.926819  3.538434
  4.000000e+00  89.926805  3.538430
