  0.000000e+00  -31.1566322680 9.7146943154 
  5.000000e-03  -31.1566322680 9.6963101047 
  1.000000e-02  -31.1566322680 9.6852715111 
  1.500000e-02  -31.1566322680 9.6858126318 
  2.000000e-02  -31.1566322680 9.6935877886 
  2.500000e-02  -31.1566322680 9.7026559346 
  3.000000e-02  -31.1566322680 9.7090177677 
  3.500000e-02  -31.1566322680 9.7114603329 
  4.000000e-02  -31.1566322680 9.7110184325 
  4.500000e-02  -31.1566322680 9.7099299567 
  5.000000e-02  -31.1566322680 9.7104675338 
  5.500000e-02  -31.1566322680 9.7138311522 
  6.000000e-02  -31.1566322680 9.7194936947 
  6.500000e-02  -31.1566322680 9.7256021151 
  7.000000e-02  -31.1566322680 9.7302826037 
  7.500000e-02  -31.1566322680 9.7326582236 
  8.000000e-02  -31.1566322680 9.7328760939 
  8.500000e-02  -31.1566322680 9.7315717994 
  9.000000e-02  -31.1566322680 9.7293961569 
  9.500000e-02  -31.1566322680 9.7268237799 
  1.000000e-01  -31.1566322680 9.7241595213 
  1.050000e-01  -31.1566322680 9.7215988295 
  1.100000e-01  -31.1566322680 9.7192632054 
  1.150000e-01  -31.1566322680 9.7172045141 
  1.200000e-01  -31.1566322680 9.7154022336 
  1.250000e-01  -31.1566322680 9.7137726205 
  1.300000e-01  -31.1566322680 9.7121925910 
  1.350000e-01  -31.1566322680 9.7105304183 
  1.400000e-01  -31.1566322680 9.7086738977 
  1.450000e-01  -31.1566322680 9.7065505505 
  1.500000e-01  -31.1566322680 9.7041386689 
  1.550000e-01  -31.1566322680 9.7014699833 
  1.600000e-01  -31.1566322680 9.6986248113 
  1.650000e-01  -31.1566322680 9.6957204961 
  1.700000e-01  -31.1566322680 9.6928947693 
  1.750000e-01  -31.1566322680 9.6902869610 
  1.800000e-01  -31.1566322680 9.6880206360 
  1.850000e-01  -31.1566322680 9.6861906938 
  1.900000e-01  -31.1566322680 9.6848565243 
  1.950000e-01  -31.1566322680 9.6840411732 
  2.000000e-01  -31.1566322680 9.6837352591 
  2.050000e-01  -31.1566322680 9.6839038308 
  2.100000e-01  -31.1566322680 9.6844943782 
  2.150000e-01  -31.1566322680 9.6854445746 
  2.200000e-01  -31.1566322680 9.6866888172 
  2.250000e-01  -31.1566322680 9.6881630936 
  2.300000e-01  -31.1566322680 9.6898080825 
  2.350000e-01  -31.1566322680 9.6915706746 
  2.400000e-01  -31.1566322680 9.6934042751 
  2.450000e-01  -31.1566322680 9.6952683233 
  2.500000e-01  -31.1566322680 9.6971274346 
  2.550000e-01  -31.1566322680 9.6989504828 
  2.600000e-01  -31.1566322680 9.7007098174 
  2.650000e-01  -31.1566322680 9.7023807087 
  2.700000e-01  -31.1566322680 9.7039410464 
  2.750000e-01  -31.1566322680 9.7053712848 
  2.800000e-01  -31.1566322680 9.7066546138 
  2.850000e-01  -31.1566322680 9.7077773234 
  2.900000e-01  -31.1566322680 9.7087293029 
  2.950000e-01  -31.1566322680 9.7095045841 
  3.000000e-01  -31.1566322680 9.7101018139 
  3.050000e-01  -31.1566322680 9.7105245302 
  3.100000e-01  -31.1566322680 9.7107811372 
  3.150000e-01  -31.1566322680 9.7108845254 
  3.200000e-01  -31.1566322680 9.7108513433 
  3.250000e-01  -31.1566322680 9.7107009933 
  3.300000e-01  -31.1566322680 9.7104544732 
  3.350000e-01  -31.1566322680 9.7101332023 
  3.400000e-01  -31.1566322680 9.7097579656 
  3.450000e-01  -31.1566322680 9.7093480735 
  3.500000e-01  -31.1566322680 9.7089207898 
  3.550000e-01  -31.1566322680 9.7084910304 
  3.600000e-01  -31.1566322680 9.7080713003 
  3.650000e-01  -31.1566322680 9.7076718057 
  3.700000e-01  -31.1566322680 9.7073006753 
  3.750000e-01  -31.1566322680 9.7069642263 
  3.800000e-01  -31.1566322680 9.7066672284 
  3.850000e-01  -31.1566322680 9.7064131335 
  3.900000e-01  -31.1566322680 9.7062042607 
  3.950000e-01  -31.1566322680 9.7060419376 
  4.000000e-01  -31.1566322680 9.7059266053 
  4.050000e-01  -31.1566322680 9.7058579021 
  4.100000e-01  -31.1566322680 9.7058347347 
  4.150000e-01  -31.1566322680 9.7058553482 
  4.200000e-01  -31.1566322680 9.7059173987 
  4.250000e-01  -31.1566322680 9.7060180317 
  4.300000e-01  -31.1566322680 9.7061539681 
  4.350000e-01  -31.1566322680 9.7063215965 
  4.400000e-01  -31.1566322680 9.7065170728 
  4.450000e-01  -31.1566322680 9.7067364240 
  4.500000e-01  -31.1566322680 9.7069756554 
  4.550000e-01  -31.1566322680 9.7072308570 
  4.600000e-01  -31.1566322680 9.7074983047 
  4.650000e-01  -31.1566322680 9.7077745514 
  4.700000e-01  -31.1566322680 9.7080565024 
  4.750000e-01  -31.1566322680 9.7083414719 
  4.800000e-01  -31.1566322680 9.7086272161 
  4.850000e-01  -31.1566322680 9.7089119442 
  4.900000e-01  -31.1566322680 9.7091943066 
  4.950000e-01  -31.1566322680 9.7094733658 
  5.000000e-01  -31.1566322680 9.7097485515 
  5.050000e-01  -31.1566322680 9.7100196080 
  5.100000e-01  -31.1566322680 9.7102865359 
  5.150000e-01  -31.1566322680 9.7105495347 
  5.200000e-01  -31.1566322680 9.7108089484 
  5.250000e-01  -31.1566322680 9.7110652164 
  5.300000e-01  -31.1566322680 9.7113188311 
  5.350000e-01  -31.1566322680 9.7115703025 
  5.400000e-01  -31.1566322680 9.7118201290 
  5.450000e-01  -31.1566322680 9.7120687738 
  5.500000e-01  -31.1566322680 9.7123166467 
  5.550000e-01  -31.1566322680 9.7125640892 
  5.600000e-01  -31.1566322680 9.7128113644 
  5.650000e-01  -31.1566322680 9.7130586491 
  5.700000e-01  -31.1566322680 9.7133060298 
  5.750000e-01  -31.1566322680 9.7135535021 
  5.800000e-01  -31.1566322680 9.7138009732 
  5.850000e-01  -31.1566322680 9.7140482667 
  5.900000e-01  -31.1566322680 9.7142951316 
  5.950000e-01  -31.1566322680 9.7145412530 
  6.000000e-01  -31.1566322680 9.7147862647 
  6.050000e-01  -31.1566322680 9.7150297633 
  6.100000e-01  -31.1566322680 9.7152713229 
  6.150000e-01  -31.1566322680 9.7155105094 
  6.200000e-01  -31.1566322680 9.7157468939 
  6.250000e-01  -31.1566322680 9.7159800656 
  6.300000e-01  -31.1566322680 9.7162096417 
  6.350000e-01  -31.1566322680 9.7164352765 
  6.400000e-01  -31.1566322680 9.7166566674 
  6.450000e-01  -31.1566322680 9.7168735591 
  6.500000e-01  -31.1566322680 9.7170857461 
  6.550000e-01  -31.1566322680 9.7172930726 
  6.600000e-01  -31.1566322680 9.7174954318 
  6.650000e-01  -31.1566322680 9.7176927623 
  6.700000e-01  -31.1566322680 9.7178850454 
  6.750000e-01  -31.1566322680 9.7180723002 
  6.800000e-01  -31.1566322680 9.7182545784 
  6.850000e-01  -31.1566322680 9.7184319603 
  6.900000e-01  -31.1566322680 9.7186045485 
  6.950000e-01  -31.1566322680 9.7187724640 
  7.000000e-01  -31.1566322680 9.7189358414 
  7.050000e-01  -31.1566322680 9.7190948245 
  7.100000e-01  -31.1566322680 9.7192495632 
  7.150000e-01  -31.1566322680 9.7194002095 
  7.200000e-01  -31.1566322680 9.7195469155 
  7.250000e-01  -31.1566322680 9.7196898302 
  7.300000e-01  -31.1566322680 9.7198290980 
  7.350000e-01  -31.1566322680 9.7199648568 
  7.400000e-01  -31.1566322680 9.7200972362 
  7.450000e-01  -31.1566322680 9.7202263568 
  7.500000e-01  -31.1566322680 9.7203523289 
  7.550000e-01  -31.1566322680 9.7204752522 
  7.600000e-01  -31.1566322680 9.7205952148 
  7.650000e-01  -31.1566322680 9.7207122938 
  7.700000e-01  -31.1566322680 9.7208265546 
  7.750000e-01  -31.1566322680 9.7209380523 
  7.800000e-01  -31.1566322680 9.7210468316 
  7.850000e-01  -31.1566322680 9.7211529282 
  7.900000e-01  -31.1566322680 9.7212563697 
  7.950000e-01  -31.1566322680 9.7213571776 
  8.000000e-01  -31.1566322680 9.7214553679 
  8.050000e-01  -31.1566322680 9.7215509537 
  8.100000e-01  -31.1566322680 9.7216439463 
  8.150000e-01  -31.1566322680 9.7217343568 
  8.200000e-01  -31.1566322680 9.7218221981 
  8.250000e-01  -31.1566322680 9.7219074856 
  8.300000e-01  -31.1566322680 9.7219902389 
  8.350000e-01  -31.1566322680 9.7220704826 
  8.400000e-01  -31.1566322680 9.7221482469 
  8.450000e-01  -31.1566322680 9.7222235682 
  8.500000e-01  -31.1566322680 9.7222964889 
  8.550000e-01  -31.1566322680 9.7223670581 
  8.600000e-01  -31.1566322680 9.7224353304 
  8.650000e-01  -31.1566322680 9.7225013660 
  8.700000e-01  -31.1566322680 9.7225652299 
  8.750000e-01  -31.1566322680 9.7226269909 
  8.800000e-01  -31.1566322680 9.7226867210 
  8.850000e-01  -31.1566322680 9.7227444944 
  8.900000e-01  -31.1566322680 9.7228003864 
  8.950000e-01  -31.1566322680 9.7228544726 
  9.000000e-01  -31.1566322680 9.7229068280 
  9.050000e-01  -31.1566322680 9.7229575258 
  9.100000e-01  -31.1566322680 9.7230066371 
  9.150000e-01  -31.1566322680 9.7230542301 
  9.200000e-01  -31.1566322680 9.7231003694 
  9.250000e-01  -31.1566322680 9.7231451157 
  9.300000e-01  -31.1566322680 9.7231885254 
  9.350000e-01  -31.1566322680 9.7232306503 
  9.400000e-01  -31.1566322680 9.7232715379 
  9.450000e-01  -31.1566322680 9.7233112311 
  9.500000e-01  -31.1566322680 9.7233497684 
  9.550000e-01  -31.1566322680 9.7233871841 
  9.600000e-01  -31.1566322680 9.7234235087 
  9.650000e-01  -31.1566322680 9.7234587692 
  9.700000e-01  -31.1566322680 9.7234929895 
  9.750000e-01  -31.1566322680 9.7235261908 
  9.800000e-01  -31.1566322680 9.7235583923 
  9.850000e-01  -31.1566322680 9.7235896111 
  9.900000e-01  -31.1566322680 9.7236198635 
  9.950000e-01  -31.1566322680 9.7236491646 
  1.000000e+00  -31.1566322680 9.7236775292 
  1.005000e+00  -31.1566322680 9.7237049719 
  1.010000e+00  -31.1566322680 9.7237315077 
  1.015000e+00  -31.1566322680 9.7237571518 
  1.020000e+00  -31.1566322680 9.7237819203 
  1.025000e+00  -31.1566322680 9.7238058300 
  1.030000e+00  -31.1566322680 9.7238288985 
  1.035000e+00  -31.1566322680 9.7238511446 
  1.040000e+00  -31.1566322680 9.7238725877 
  1.045000e+00  -31.1566322680 9.7238932484 
  1.050000e+00  -31.1566322680 9.7239131477 
  1.055000e+00  -31.1566322680 9.7239323079 
  1.060000e+00  -31.1566322680 9.7239507512 
  1.065000e+00  -31.1566322680 9.7239685007 
  1.070000e+00  -31.1566322680 9.7239855796 
  1.075000e+00  -31.1566322680 9.7240020113 
  1.080000e+00  -31.1566322680 9.7240178190 
  1.085000e+00  -31.1566322680 9.7240330260 
  1.090000e+00  -31.1566322680 9.7240476551 
  1.095000e+00  -31.1566322680 9.7240617288 
  1.100000e+00  -31.1566322680 9.7240752689 
  1.105000e+00  -31.1566322680 9.7240882967 
  1.110000e+00  -31.1566322680 9.7241008327 
  1.115000e+00  -31.1566322680 9.7241128966 
  1.120000e+00  -31.1566322680 9.7241245075 
  1.125000e+00  -31.1566322680 9.7241356834 
  1.130000e+00  -31.1566322680 9.7241464414 
  1.135000e+00  -31.1566322680 9.7241567978 
  1.140000e+00  -31.1566322680 9.7241667681 
  1.145000e+00  -31.1566322680 9.7241763668 
  1.150000e+00  -31.1566322680 9.7241856076 
  1.155000e+00  -31.1566322680 9.7241945033 
  1.160000e+00  -31.1566322680 9.7242030660 
  1.165000e+00  -31.1566322680 9.7242113072 
  1.170000e+00  -31.1566322680 9.7242192376 
  1.175000e+00  -31.1566322680 9.7242268672 
  1.180000e+00  -31.1566322680 9.7242342056 
  1.185000e+00  -31.1566322680 9.7242412618 
  1.190000e+00  -31.1566322680 9.7242480444 
  1.195000e+00  -31.1566322680 9.7242545617 
  1.200000e+00  -31.1566322680 9.7242608214 
  1.205000e+00  -31.1566322680 9.7242668312 
  1.210000e+00  -31.1566322680 9.7242725983 
  1.215000e+00  -31.1566322680 9.7242781299 
  1.220000e+00  -31.1566322680 9.7242834330 
  1.225000e+00  -31.1566322680 9.7242885143 
  1.230000e+00  -31.1566322680 9.7242933806 
  1.235000e+00  -31.1566322680 9.7242980385 
  1.240000e+00  -31.1566322680 9.7243024945 
  1.245000e+00  -31.1566322680 9.7243067552 
  1.250000e+00  -31.1566322680 9.7243108270 
  1.255000e+00  -31.1566322680 9.7243147162 
  1.260000e+00  -31.1566322680 9.7243184291 
  1.265000e+00  -31.1566322680 9.7243219720 
  1.270000e+00  -31.1566322680 9.7243253510 
  1.275000e+00  -31.1566322680 9.7243285723 
  1.280000e+00  -31.1566322680 9.7243316416 
  1.285000e+00  -31.1566322680 9.7243345650 
  1.290000e+00  -31.1566322680 9.7243373481 
  1.295000e+00  -31.1566322680 9.7243399966 
  1.300000e+00  -31.1566322680 9.7243425158 
  1.305000e+00  -31.1566322680 9.7243449110 
  1.310000e+00  -31.1566322680 9.7243471874 
  1.315000e+00  -31.1566322680 9.7243493499 
  1.320000e+00  -31.1566322680 9.7243514032 
  1.325000e+00  -31.1566322680 9.7243533519 
  1.330000e+00  -31.1566322680 9.7243552004 
  1.335000e+00  -31.1566322680 9.7243569528 
  1.340000e+00  -31.1566322680 9.7243586131 
  1.345000e+00  -31.1566322680 9.7243601853 
  1.350000e+00  -31.1566322680 9.7243616729 
  1.355000e+00  -31.1566322680 9.7243630794 
  1.360000e+00  -31.1566322680 9.7243644081 
  1.365000e+00  -31.1566322680 9.7243656622 
  1.370000e+00  -31.1566322680 9.7243668448 
  1.375000e+00  -31.1566322680 9.7243679587 
  1.380000e+00  -31.1566322680 9.7243690068 
  1.385000e+00  -31.1566322680 9.7243699915 
  1.390000e+00  -31.1566322680 9.7243709156 
  1.395000e+00  -31.1566322680 9.7243717814 
  1.400000e+00  -31.1566322680 9.7243725913 
  1.405000e+00  -31.1566322680 9.7243733475 
  1.410000e+00  -31.1566322680 9.7243740522 
  1.415000e+00  -31.1566322680 9.7243747075 
  1.420000e+00  -31.1566322680 9.7243753155 
  1.425000e+00  -31.1566322680 9.7243758780 
  1.430000e+00  -31.1566322680 9.7243763969 
  1.435000e+00  -31.1566322680 9.7243768741 
  1.440000e+00  -31.1566322680 9.7243773114 
  1.445000e+00  -31.1566322680 9.7243777103 
  1.450000e+00  -31.1566322680 9.7243780726 
  1.455000e+00  -31.1566322680 9.7243783998 
  1.460000e+00  -31.1566322680 9.7243786935 
  1.465000e+00  -31.1566322680 9.7243789550 
  1.470000e+00  -31.1566322680 9.7243791859 
  1.475000e+00  -31.1566322680 9.7243793874 
  1.480000e+00  -31.1566322680 9.7243795609 
  1.485000e+00  -31.1566322680 9.7243797076 
  1.490000e+00  -31.1566322680 9.7243798287 
  1.495000e+00  -31.1566322680 9.7243799254 
  1.500000e+00  -31.1566322680 9.7243799988 
  1.505000e+00  -31.1566322680 9.7243800499 
  1.510000e+00  -31.1566322680 9.7243800798 
  1.515000e+00  -31.1566322680 9.7243800895 
  1.520000e+00  -31.1566322680 9.7243800798 
  1.525000e+00  -31.1566322680 9.7243800518 
  1.530000e+00  -31.1566322680 9.7243800063 
  1.535000e+00  -31.1566322680 9.7243799441 
  1.540000e+00  -31.1566322680 9.7243798661 
  1.545000e+00  -31.1566322680 9.7243797730 
  1.550000e+00  -31.1566322680 9.7243796656 
  1.555000e+00  -31.1566322680 9.7243795447 
  1.560000e+00  -31.1566322680 9.7243794108 
  1.565000e+00  -31.1566322680 9.7243792648 
  1.570000e+00  -31.1566322680 9.7243791072 
  1.575000e+00  -31.1566322680 9.7243789387 
  1.580000e+00  -31.1566322680 9.7243787600 
  1.585000e+00  -31.1566322680 9.7243785716 
  1.590000e+00  -31.1566322680 9.7243783740 
  1.595000e+00  -31.1566322680 9.7243781679 
  1.600000e+00  -31.1566322680 9.7243779538 
  1.605000e+00  -31.1566322680 9.7243777321 
  1.610000e+00  -31.1566322680 9.7243775034 
  1.615000e+00  -31.1566322680 9.7243772682 
  1.620000e+00  -31.1566322680 9.7243770269 
  1.625000e+00  -31.1566322680 9.7243767799 
  1.630000e+00  -31.1566322680 9.7243765276 
  1.635000e+00  -31.1566322680 9.7243762705 
  1.640000e+00  -31.1566322680 9.7243760089 
  1.645000e+00  -31.1566322680 9.7243757432 
  1.650000e+00  -31.1566322680 9.7243754737 
  1.655000e+00  -31.1566322680 9.7243752007 
  1.660000e+00  -31.1566322680 9.7243749245 
  1.665000e+00  -31.1566322680 9.7243746455 
  1.670000e+00  -31.1566322680 9.7243743638 
  1.675000e+00  -31.1566322680 9.7243740798 
  1.680000e+00  -31.1566322680 9.7243737937 
  1.685000e+00  -31.1566322680 9.7243735057 
  1.690000e+00  -31.1566322680 9.7243732160 
  1.695000e+00  -31.1566322680 9.7243729248 
  1.700000e+00  -31.1566322680 9.7243726323 
  1.705000e+00  -31.1566322680 9.7243723386 
  1.710000e+00  -31.1566322680 9.7243720440 
  1.715000e+00  -31.1566322680 9.7243717486 
  1.720000e+00  -31.1566322680 9.7243714525 
  1.725000e+00  -31.1566322680 9.7243711558 
  1.730000e+00  -31.1566322680 9.7243708588 
  1.735000e+00  -31.1566322680 9.7243705615 
  1.740000e+00  -31.1566322680 9.7243702640 
  1.745000e+00  -31.1566322680 9.7243699665 
  1.750000e+00  -31.1566322680 9.7243696691 
  1.755000e+00  -31.1566322680 9.7243693718 
  1.760000e+00  -31.1566322680 9.7243690749 
  1.765000e+00  -31.1566322680 9.7243687782 
  1.770000e+00  -31.1566322680 9.7243684821 
  1.775000e+00  -31.1566322680 9.7243681865 
  1.780000e+00  -31.1566322680 9.7243678915 
  1.785000e+00  -31.1566322680 9.7243675972 
  1.790000e+00  -31.1566322680 9.7243673038 
  1.795000e+00  -31.1566322680 9.7243670112 
  1.800000e+00  -31.1566322680 9.7243667196 
  1.805000e+00  -31.1566322680 9.7243664289 
  1.810000e+00  -31.1566322680 9.7243661394 
  1.815000e+00  -31.1566322680 9.7243658511 
  1.820000e+00  -31.1566322680 9.7243655639 
  1.825000e+00  -31.1566322680 9.7243652780 
  1.830000e+00  -31.1566322680 9.7243649935 
  1.835000e+00  -31.1566322680 9.7243647103 
  1.840000e+00  -31.1566322680 9.7243644285 
  1.845000e+00  -31.1566322680 9.7243641482 
  1.850000e+00  -31.1566322680 9.7243638694 
  1.855000e+00  -31.1566322680 9.7243635922 
  1.860000e+00  -31.1566322680 9.7243633166 
  1.865000e+00  -31.1566322680 9.7243630425 
  1.870000e+00  -31.1566322680 9.7243627701 
  1.875000e+00  -31.1566322680 9.7243624994 
  1.880000e+00  -31.1566322680 9.7243622304 
  1.885000e+00  -31.1566322680 9.7243619630 
  1.890000e+00  -31.1566322680 9.7243616974 
  1.895000e+00  -31.1566322680 9.7243614336 
  1.900000e+00  -31.1566322680 9.7243611715 
  1.905000e+00  -31.1566322680 9.7243609112 
  1.910000e+00  -31.1566322680 9.7243606526 
  1.915000e+00  -31.1566322680 9.7243603959 
  1.920000e+00  -31.1566322680 9.7243601409 
  1.925000e+00  -31.1566322680 9.7243598877 
  1.930000e+00  -31.1566322680 9.7243596364 
  1.935000e+00  -31.1566322680 9.7243593868 
  1.940000e+00  -31.1566322680 9.7243591391 
  1.945000e+00  -31.1566322680 9.7243588931 
  1.950000e+00  -31.1566322680 9.7243586490 
  1.955000e+00  -31.1566322680 9.7243584066 
  1.960000e+00  -31.1566322680 9.7243581661 
  1.965000e+00  -31.1566322680 9.7243579273 
  1.970000e+00  -31.1566322680 9.7243576904 
  1.975000e+00  -31.1566322680 9.7243574552 
  1.980000e+00  -31.1566322680 9.7243572219 
  1.985000e+00  -31.1566322680 9.7243569903 
  1.990000e+00  -31.1566322680 9.7243567605 
  1.995000e+00  -31.1566322680 9.7243565325 
  2.000000e+00  -31.1566322680 9.7243563062 
  2.005000e+00  -31.1566322680 9.7243560817 
  2.010000e+00  -31.1566322680 9.7243558590 
  2.015000e+00  -31.1566322680 9.7243556380 
  2.020000e+00  -31.1566322680 9.7243554188 
  2.025000e+00  -31.1566322680 9.7243552013 
  2.030000e+00  -31.1566322680 9.7243549856 
  2.035000e+00  -31.1566322680 9.7243547715 
  2.040000e+00  -31.1566322680 9.7243545592 
  2.045000e+00  -31.1566322680 9.7243543486 
  2.050000e+00  -31.1566322680 9.7243541397 
  2.055000e+00  -31.1566322680 9.7243539325 
  2.060000e+00  -31.1566322680 9.7243537270 
  2.065000e+00  -31.1566322680 9.7243535232 
  2.070000e+00  -31.1566322680 9.7243533210 
  2.075000e+00  -31.1566322680 9.7243531205 
  2.080000e+00  -31.1566322680 9.7243529216 
  2.085000e+00  -31.1566322680 9.7243527244 
  2.090000e+00  -31.1566322680 9.7243525288 
  2.095000e+00  -31.1566322680 9.7243523348 
  2.100000e+00  -31.1566322680 9.7243521425 
  2.105000e+00  -31.1566322680 9.7243519517 
  2.110000e+00  -31.1566322680 9.7243517625 
  2.115000e+00  -31.1566322680 9.7243515749 
  2.120000e+00  -31.1566322680 9.7243513889 
  2.125000e+00  -31.1566322680 9.7243512044 
  2.130000e+00  -31.1566322680 9.7243510215 
  2.135000e+00  -31.1566322680 9.7243508401 
  2.140000e+00  -31.1566322680 9.7243506602 
  2.145000e+00  -31.1566322680 9.7243504818 
  2.150000e+00  -31.1566322680 9.7243503050 
  2.155000e+00  -31.1566322680 9.7243501296 
  2.160000e+00  -31.1566322680 9.7243499556 
  2.165000e+00  -31.1566322680 9.7243497832 
  2.170000e+00  -31.1566322680 9.7243496122 
  2.175000e+00  -31.1566322680 9.7243494426 
  2.180000e+00  -31.1566322680 9.7243492744 
  2.185000e+00  -31.1566322680 9.7243491077 
  2.190000e+00  -31.1566322680 9.7243489424 
  2.195000e+00  -31.1566322680 9.7243487784 
  2.200000e+00  -31.1566322680 9.7243486159 
  2.205000e+00  -31.1566322680 9.7243484547 
  2.210000e+00  -31.1566322680 9.7243482949 
  2.215000e+00  -31.1566322680 9.7243481364 
  2.220000e+00  -31.1566322680 9.7243479792 
  2.225000e+00  -31.1566322680 9.7243478234 
  2.230000e+00  -31.1566322680 9.7243476689 
  2.235000e+00  -31.1566322680 9.7243475156 
  2.240000e+00  -31.1566322680 9.7243473637 
  2.245000e+00  -31.1566322680 9.7243472131 
  2.250000e+00  -31.1566322680 9.7243470637 
  2.255000e+00  -31.1566322680 9.7243469156 
  2.260000e+00  -31.1566322680 9.7243467687 
  2.265000e+00  -31.1566322680 9.7243466230 
  2.270000e+00  -31.1566322680 9.7243464786 
  2.275000e+00  -31.1566322680 9.7243463354 
  2.280000e+00  -31.1566322680 9.7243461934 
  2.285000e+00  -31.1566322680 9.7243460526 
  2.290000e+00  -31.1566322680 9.7243459130 
  2.295000e+00  -31.1566322680 9.7243457746 
  2.300000e+00  -31.1566322680 9.7243456373 
  2.305000e+00  -31.1566322680 9.7243455011 
  2.310000e+00  -31.1566322680 9.7243453662 
  2.315000e+00  -31.1566322680 9.7243452323 
  2.320000e+00  -31.1566322680 9.7243450996 
  2.325000e+00  -31.1566322680 9.7243449680 
  2.330000e+00  -31.1566322680 9.7243448374 
  2.335000e+00  -31.1566322680 9.7243447080 
  2.340000e+00  -31.1566322680 9.7243445797 
  2.345000e+00  -31.1566322680 9.7243444524 
  2.350000e+00  -31.1566322680 9.7243443262 
  2.355000e+00  -31.1566322680 9.7243442011 
  2.360000e+00  -31.1566322680 9.7243440770 
  2.365000e+00  -31.1566322680 9.7243439540 
  2.370000e+00  -31.1566322680 9.7243438319 
  2.375000e+00  -31.1566322680 9.7243437109 
  2.380000e+00  -31.1566322680 9.7243435909 
  2.385000e+00  -31.1566322680 9.7243434719 
  2.390000e+00  -31.1566322680 9.7243433539 
  2.395000e+00  -31.1566322680 9.7243432369 
  2.400000e+00  -31.1566322680 9.7243431209 
  2.405000e+00  -31.1566322680 9.7243430058 
  2.410000e+00  -31.1566322680 9.7243428917 
  2.415000e+00  -31.1566322680 9.7243427785 
  2.420000e+00  -31.1566322680 9.7243426663 
  2.425000e+00  -31.1566322680 9.7243425550 
  2.430000e+00  -31.1566322680 9.7243424446 
  2.435000e+00  -31.1566322680 9.7243423352 
  2.440000e+00  -31.1566322680 9.7243422266 
  2.445000e+00  -31.1566322680 9.7243421190 
  2.450000e+00  -31.1566322680 9.7243420122 
  2.455000e+00  -31.1566322680 9.7243419064 
  2.460000e+00  -31.1566322680 9.7243418014 
  2.465000e+00  -31.1566322680 9.7243416973 
  2.470000e+00  -31.1566322680 9.7243415940 
  2.475000e+00  -31.1566322680 9.7243414916 
  2.480000e+00  -31.1566322680 9.7243413900 
  2.485000e+00  -31.1566322680 9.7243412893 
  2.490000e+00  -31.1566322680 9.7243411894 
  2.495000e+00  -31.1566322680 9.7243410904 
  2.500000e+00  -31.1566322680 9.7243409921 
  2.505000e+00  -31.1566322680 9.7243408947 
  2.510000e+00  -31.1566322680 9.7243407980 
  2.515000e+00  -31.1566322680 9.7243407022 
  2.520000e+00  -31.1566322680 9.7243406072 
  2.525000e+00  -31.1566322680 9.7243405129 
  2.530000e+00  -31.1566322680 9.7243404194 
  2.535000e+00  -31.1566322680 9.7243403267 
  2.540000e+00  -31.1566322680 9.7243402347 
  2.545000e+00  -31.1566322680 9.7243401435 
  2.550000e+00  -31.1566322680 9.7243400530 
  2.555000e+00  -31.1566322680 9.7243399633 
  2.560000e+00  -31.1566322680 9.7243398743 
  2.565000e+00  -31.1566322680 9.7243397861 
  2.570000e+00  -31.1566322680 9.7243396985 
  2.575000e+00  -31.1566322680 9.7243396117 
  2.580000e+00  -31.1566322680 9.7243395256 
  2.585000e+00  -31.1566322680 9.7243394402 
  2.590000e+00  -31.1566322680 9.7243393555 
  2.595000e+00  -31.1566322680 9.7243392715 
  2.600000e+00  -31.1566322680 9.7243391882 
  2.605000e+00  -31.1566322680 9.7243391055 
  2.610000e+00  -31.1566322680 9.7243390236 
  2.615000e+00  -31.1566322680 9.7243389423 
  2.620000e+00  -31.1566322680 9.7243388616 
  2.625000e+00  -31.1566322680 9.7243387816 
  2.630000e+00  -31.1566322680 9.7243387023 
  2.635000e+00  -31.1566322680 9.7243386236 
  2.640000e+00  -31.1566322680 9.7243385456 
  2.645000e+00  -31.1566322680 9.7243384682 
  2.650000e+00  -31.1566322680 9.7243383914 
  2.655000e+00  -31.1566322680 9.7243383152 
  2.660000e+00  -31.1566322680 9.7243382397 
  2.665000e+00  -31.1566322680 9.7243381648 
  2.670000e+00  -31.1566322680 9.7243380905 
  2.675000e+00  -31.1566322680 9.7243380168 
  2.680000e+00  -31.1566322680 9.7243379436 
  2.685000e+00  -31.1566322680 9.7243378711 
  2.690000e+00  -31.1566322680 9.7243377992 
  2.695000e+00  -31.1566322680 9.7243377278 
  2.700000e+00  -31.1566322680 9.7243376571 
  2.705000e+00  -31.1566322680 9.7243375869 
  2.710000e+00  -31.1566322680 9.7243375172 
  2.715000e+00  -31.1566322680 9.7243374481 
  2.720000e+00  -31.1566322680 9.7243373796 
  2.725000e+00  -31.1566322680 9.7243373117 
  2.730000e+00  -31.1566322680 9.7243372443 
  2.735000e+00  -31.1566322680 9.7243371774 
  2.740000e+00  -31.1566322680 9.7243371111 
  2.745000e+00  -31.1566322680 9.7243370453 
  2.750000e+00  -31.1566322680 9.7243369800 
  2.755000e+00  -31.1566322680 9.7243369153 
  2.760000e+00  -31.1566322680 9.7243368511 
  2.765000e+00  -31.1566322680 9.7243367874 
  2.770000e+00  -31.1566322680 9.7243367242 
  2.775000e+00  -31.1566322680 9.7243366615 
  2.780000e+00  -31.1566322680 9.7243365994 
  2.785000e+00  -31.1566322680 9.7243365377 
  2.790000e+00  -31.1566322680 9.7243364765 
  2.795000e+00  -31.1566322680 9.7243364158 
  2.800000e+00  -31.1566322680 9.7243363556 
  2.805000e+00  -31.1566322680 9.7243362959 
  2.810000e+00  -31.1566322680 9.7243362367 
  2.815000e+00  -31.1566322680 9.7243361779 
  2.820000e+00  -31.1566322680 9.7243361197 
  2.825000e+00  -31.1566322680 9.7243360619 
  2.830000e+00  -31.1566322680 9.7243360045 
  2.835000e+00  -31.1566322680 9.7243359476 
  2.840000e+00  -31.1566322680 9.7243358912 
  2.845000e+00  -31.1566322680 9.7243358352 
  2.850000e+00  -31.1566322680 9.7243357797 
  2.855000e+00  -31.1566322680 9.7243357246 
  2.860000e+00  -31.1566322680 9.7243356699 
  2.865000e+00  -31.1566322680 9.7243356157 
  2.870000e+00  -31.1566322680 9.7243355619 
  2.875000e+00  -31.1566322680 9.7243355086 
  2.880000e+00  -31.1566322680 9.7243354557 
  2.885000e+00  -31.1566322680 9.7243354032 
  2.890000e+00  -31.1566322680 9.7243353511 
  2.895000e+00  -31.1566322680 9.7243352994 
  2.900000e+00  -31.1566322680 9.7243352482 
  2.905000e+00  -31.1566322680 9.7243351973 
  2.910000e+00  -31.1566322680 9.7243351469 
  2.915000e+00  -31.1566322680 9.7243350969 
  2.920000e+00  -31.1566322680 9.7243350472 
  2.925000e+00  -31.1566322680 9.7243349980 
  2.930000e+00  -31.1566322680 9.7243349492 
  2.935000e+00  -31.1566322680 9.7243349007 
  2.940000e+00  -31.1566322680 9.7243348527 
  2.945000e+00  -31.1566322680 9.7243348050 
  2.950000e+00  -31.1566322680 9.7243347577 
  2.955000e+00  -31.1566322680 9.7243347107 
  2.960000e+00  -31.1566322680 9.7243346642 
  2.965000e+00  -31.1566322680 9.7243346180 
  2.970000e+00  -31.1566322680 9.7243345722 
  2.975000e+00  -31.1566322680 9.7243345267 
  2.980000e+00  -31.1566322680 9.7243344817 
  2.985000e+00  -31.1566322680 9.7243344369 
  2.990000e+00  -31.1566322680 9.7243343926 
  2.995000e+00  -31.1566322680 9.7243343485 
  3.000000e+00  -31.1566322680 9.7243343049 
  3.005000e+00  -31.1566322680 9.7243342615 
  3.010000e+00  -31.1566322680 9.7243342186 
  3.015000e+00  -31.1566322680 9.7243341759 
  3.020000e+00  -31.1566322680 9.7243341336 
  3.025000e+00  -31.1566322680 9.7243340917 
  3.030000e+00  -31.1566322680 9.7243340500 
  3.035000e+00  -31.1566322680 9.7243340087 
  3.040000e+00  -31.1566322680 9.7243339678 
  3.045000e+00  -31.1566322680 9.7243339271 
  3.050000e+00  -31.1566322680 9.7243338868 
  3.055000e+00  -31.1566322680 9.7243338468 
  3.060000e+00  -31.1566322680 9.7243338071 
  3.065000e+00  -31.1566322680 9.7243337678 
  3.070000e+00  -31.1566322680 9.7243337287 
  3.075000e+00  -31.1566322680 9.7243336900 
  3.080000e+00  -31.1566322680 9.7243336515 
  3.085000e+00  -31.1566322680 9.7243336134 
  3.090000e+00  -31.1566322680 9.7243335756 
  3.095000e+00  -31.1566322680 9.7243335380 
  3.100000e+00  -31.1566322680 9.7243335008 
  3.105000e+00  -31.1566322680 9.7243334639 
  3.110000e+00  -31.1566322680 9.7243334272 
  3.115000e+00  -31.1566322680 9.7243333909 
  3.120000e+00  -31.1566322680 9.7243333548 
  3.125000e+00  -31.1566322680 9.7243333190 
  3.130000e+00  -31.1566322680 9.7243332835 
  3.135000e+00  -31.1566322680 9.7243332483 
  3.140000e+00  -31.1566322680 9.7243332133 
  3.145000e+00  -31.1566322680 9.7243331787 
  3.150000e+00  -31.1566322680 9.7243331443 
  3.155000e+00  -31.1566322680 9.7243331102 
  3.160000e+00  -31.1566322680 9.7243330763 
  3.165000e+00  -31.1566322680 9.7243330428 
  3.170000e+00  -31.1566322680 9.7243330095 
  3.175000e+00  -31.1566322680 9.7243329764 
  3.180000e+00  -31.1566322680 9.7243329436 
  3.185000e+00  -31.1566322680 9.7243329111 
  3.190000e+00  -31.1566322680 9.7243328788 
  3.195000e+00  -31.1566322680 9.7243328468 
  3.200000e+00  -31.1566322680 9.7243328151 
  3.205000e+00  -31.1566322680 9.7243327835 
  3.210000e+00  -31.1566322680 9.7243327523 
  3.215000e+00  -31.1566322680 9.7243327213 
  3.220000e+00  -31.1566322680 9.7243326905 
  3.225000e+00  -31.1566322680 9.7243326600 
  3.230000e+00  -31.1566322680 9.7243326297 
  3.235000e+00  -31.1566322680 9.7243325997 
  3.240000e+00  -31.1566322680 9.7243325699 
  3.245000e+00  -31.1566322680 9.7243325403 
  3.250000e+00  -31.1566322680 9.7243325110 
  3.255000e+00  -31.1566322680 9.7243324818 
  3.260000e+00  -31.1566322680 9.7243324530 
  3.265000e+00  -31.1566322680 9.7243324243 
  3.270000e+00  -31.1566322680 9.7243323959 
  3.275000e+00  -31.1566322680 9.7243323677 
  3.280000e+00  -31.1566322680 9.7243323397 
  3.285000e+00  -31.1566322680 9.7243323120 
  3.290000e+00  -31.1566322680 9.7243322845 
  3.295000e+00  -31.1566322680 9.7243322572 
  3.300000e+00  -31.1566322680 9.7243322301 
  3.305000e+00  -31.1566322680 9.7243322032 
  3.310000e+00  -31.1566322680 9.7243321765 
  3.315000e+00  -31.1566322680 9.7243321500 
  3.320000e+00  -31.1566322680 9.7243321238 
  3.325000e+00  -31.1566322680 9.7243320978 
  3.330000e+00  -31.1566322680 9.7243320719 
  3.335000e+00  -31.1566322680 9.7243320463 
  3.340000e+00  -31.1566322680 9.7243320209 
  3.345000e+00  -31.1566322680 9.7243319956 
  3.350000e+00  -31.1566322680 9.7243319706 
  3.355000e+00  -31.1566322680 9.7243319458 
  3.360000e+00  -31.1566322680 9.7243319211 
  3.365000e+00  -31.1566322680 9.7243318967 
  3.370000e+00  -31.1566322680 9.7243318725 
  3.375000e+00  -31.1566322680 9.7243318484 
  3.380000e+00  -31.1566322680 9.7243318245 
  3.385000e+00  -31.1566322680 9.7243318009 
  3.390000e+00  -31.1566322680 9.7243317774 
  3.395000e+00  -31.1566322680 9.7243317541 
  3.400000e+00  -31.1566322680 9.7243317310 
  3.405000e+00  -31.1566322680 9.7243317080 
  3.410000e+00  -31.1566322680 9.7243316853 
  3.415000e+00  -31.1566322680 9.7243316627 
  3.420000e+00  -31.1566322680 9.7243316403 
  3.425000e+00  -31.1566322680 9.7243316181 
  3.430000e+00  -31.1566322680 9.7243315960 
  3.435000e+00  -31.1566322680 9.7243315742 
  3.440000e+00  -31.1566322680 9.7243315525 
  3.445000e+00  -31.1566322680 9.7243315310 
  3.450000e+00  -31.1566322680 9.7243315096 
  3.455000e+00  -31.1566322680 9.7243314884 
  3.460000e+00  -31.1566322680 9.7243314674 
  3.465000e+00  -31.1566322680 9.7243314466 
  3.470000e+00  -31.1566322680 9.7243314259 
  3.475000e+00  -31.1566322680 9.7243314053 
  3.480000e+00  -31.1566322680 9.7243313850 
  3.485000e+00  -31.1566322680 9.7243313648 
  3.490000e+00  -31.1566322680 9.7243313448 
  3.495000e+00  -31.1566322680 9.7243313249 
  3.500000e+00  -31.1566322680 9.7243313052 
  3.505000e+00  -31.1566322680 9.7243312856 
  3.510000e+00  -31.1566322680 9.7243312662 
  3.515000e+00  -31.1566322680 9.7243312469 
  3.520000e+00  -31.1566322680 9.7243312278 
  3.525000e+00  -31.1566322680 9.7243312089 
  3.530000e+00  -31.1566322680 9.7243311901 
  3.535000e+00  -31.1566322680 9.7243311714 
  3.540000e+00  -31.1566322680 9.7243311529 
  3.545000e+00  -31.1566322680 9.7243311346 
  3.550000e+00  -31.1566322680 9.7243311164 
  3.555000e+00  -31.1566322680 9.7243310983 
  3.560000e+00  -31.1566322680 9.7243310804 
  3.565000e+00  -31.1566322680 9.7243310626 
  3.570000e+00  -31.1566322680 9.7243310449 
  3.575000e+00  -31.1566322680 9.7243310275 
  3.580000e+00  -31.1566322680 9.7243310101 
  3.585000e+00  -31.1566322680 9.7243309929 
  3.590000e+00  -31.1566322680 9.7243309758 
  3.595000e+00  -31.1566322680 9.7243309588 
  3.600000e+00  -31.1566322680 9.7243309420 
  3.605000e+00  -31.1566322680 9.7243309253 
  3.610000e+00  -31.1566322680 9.7243309088 
  3.615000e+00  -31.1566322680 9.7243308924 
  3.620000e+00  -31.1566322680 9.7243308761 
  3.625000e+00  -31.1566322680 9.7243308599 
  3.630000e+00  -31.1566322680 9.7243308439 
  3.635000e+00  -31.1566322680 9.7243308280 
  3.640000e+00  -31.1566322680 9.7243308122 
  3.645000e+00  -31.1566322680 9.7243307966 
  3.650000e+00  -31.1566322680 9.7243307810 
  3.655000e+00  -31.1566322680 9.7243307656 
  3.660000e+00  -31.1566322680 9.7243307504 
  3.665000e+00  -31.1566322680 9.7243307352 
  3.670000e+00  -31.1566322680 9.7243307202 
  3.675000e+00  -31.1566322680 9.7243307053 
  3.680000e+00  -31.1566322680 9.7243306905 
  3.685000e+00  -31.1566322680 9.7243306758 
  3.690000e+00  -31.1566322680 9.7243306612 
  3.695000e+00  -31.1566322680 9.7243306468 
  3.700000e+00  -31.1566322680 9.7243306324 
  3.705000e+00  -31.1566322680 9.7243306182 
  3.710000e+00  -31.1566322680 9.7243306041 
  3.715000e+00  -31.1566322680 9.7243305901 
  3.720000e+00  -31.1566322680 9.7243305763 
  3.725000e+00  -31.1566322680 9.7243305625 
  3.730000e+00  -31.1566322680 9.7243305488 
  3.735000e+00  -31.1566322680 9.7243305353 
  3.740000e+00  -31.1566322680 9.7243305218 
  3.745000e+00  -31.1566322680 9.7243305085 
  3.750000e+00  -31.1566322680 9.7243304953 
  3.755000e+00  -31.1566322680 9.7243304822 
  3.760000e+00  -31.1566322680 9.7243304692 
  3.765000e+00  -31.1566322680 9.7243304562 
  3.770000e+00  -31.1566322680 9.7243304434 
  3.775000e+00  -31.1566322680 9.7243304307 
  3.780000e+00  -31.1566322680 9.7243304181 
  3.785000e+00  -31.1566322680 9.7243304056 
  3.790000e+00  -31.1566322680 9.7243303932 
  3.795000e+00  -31.1566322680 9.7243303809 
  3.800000e+00  -31.1566322680 9.7243303687 
  3.805000e+00  -31.1566322680 9.7243303566 
  3.810000e+00  -31.1566322680 9.7243303446 
  3.815000e+00  -31.1566322680 9.7243303327 
  3.820000e+00  -31.1566322680 9.7243303209 
  3.825000e+00  -31.1566322680 9.7243303092 
  3.830000e+00  -31.1566322680 9.7243302975 
  3.835000e+00  -31.1566322680 9.7243302860 
  3.840000e+00  -31.1566322680 9.7243302746 
  3.845000e+00  -31.1566322680 9.7243302632 
  3.850000e+00  -31.1566322680 9.7243302520 
  3.855000e+00  -31.1566322680 9.7243302408 
  3.860000e+00  -31.1566322680 9.7243302297 
  3.865000e+00  -31.1566322680 9.7243302187 
  3.870000e+00  -31.1566322680 9.7243302078 
  3.875000e+00  -31.1566322680 9.7243301970 
  3.880000e+00  -31.1566322680 9.7243301863 
  3.885000e+00  -31.1566322680 9.7243301757 
  3.890000e+00  -31.1566322680 9.7243301651 
  3.895000e+00  -31.1566322680 9.7243301546 
  3.900000e+00  -31.1566322680 9.7243301443 
  3.905000e+00  -31.1566322680 9.7243301340 
  3.910000e+00  -31.1566322680 9.7243301237 
  3.915000e+00  -31.1566322680 9.7243301136 
  3.920000e+00  -31.1566322680 9.7243301036 
  3.925000e+00  -31.1566322680 9.7243300936 
  3.930000e+00  -31.1566322680 9.7243300837 
  3.935000e+00  -31.1566322680 9.7243300739 
  3.940000e+00  -31.1566322680 9.7243300642 
  3.945000e+00  -31.1566322680 9.7243300545 
  3.950000e+00  -31.1566322680 9.7243300450 
  3.955000e+00  -31.1566322680 9.7243300355 
  3.960000e+00  -31.1566322680 9.7243300260 
  3.965000e+00  -31.1566322680 9.7243300167 
  3.970000e+00  -31.1566322680 9.7243300074 
  3.975000e+00  -31.1566322680 9.7243299983 
  3.980000e+00  -31.1566322680 9.7243299891 
  3.985000e+00  -31.1566322680 9.7243299801 
  3.990000e+00  -31.1566322680 9.7243299711 
  3.995000e+00  -31.1566322680 9.7243299622 
  4.000000e+00  -31.1566322680 9.7243299534 
  0.000000e+00  -31.1566322680 9.7146943154 
  5.000000e-03  -31.1566322680 9.6955943920 
  1.000000e-02  -31.1566322680 9.6849377448 
  1.500000e-02  -31.1566322680 9.6861730786 
  2.000000e-02  -31.1566322680 9.6943972559 
  2.500000e-02  -31.1566322680 9.7035035915 
  3.000000e-02  -31.1566322680 9.7096114850 
  3.500000e-02  -31.1566322680 9.7117485249 
  4.000000e-02  -31.1566322680 9.7111896858 
  4.500000e-02  -31.1566322680 9.7103267812 
  5.000000e-02  -31.1566322680 9.7114197783 
  5.500000e-02  -31.1566322680 9.7154408703 
  6.000000e-02  -31.1566322680 9.7215196039 
  6.500000e-02  -31.1566322680 9.7276062327 
  7.000000e-02  -31.1566322680 9.7319222971 
  7.500000e-02  -31.1566322680 9.7338341742 
  8.000000e-02  -31.1566322680 9.7336712299 
  8.500000e-02  -31.1566322680 9.7321231611 
  9.000000e-02  -31.1566322680 9.7298144285 
  9.500000e-02  -31.1566322680 9.7271771343 
  1.000000e-01  -31.1566322680 9.7244878579 
  1.050000e-01  -31.1566322680 9.7219263772 
  1.100000e-01  -31.1566322680 9.7195995366 
  1.150000e-01  -31.1566322680 9.7175398468 
  1.200000e-01  -31.1566322680 9.7157055168 
  1.250000e-01  -31.1566322680 9.7139959406 
  1.300000e-01  -31.1566322680 9.7122802576 
  1.350000e-01  -31.1566322680 9.7104292461 
  1.400000e-01  -31.1566322680 9.7083422021 
  1.450000e-01  -31.1566322680 9.7059650180 
  1.500000e-01  -31.1566322680 9.7032989896 
  1.550000e-01  -31.1566322680 9.7004008619 
  1.600000e-01  -31.1566322680 9.6973746583 
  1.650000e-01  -31.1566322680 9.6943565003 
  1.700000e-01  -31.1566322680 9.6914950734 
  1.750000e-01  -31.1566322680 9.6889315951 
  1.800000e-01  -31.1566322680 9.6867831272 
  1.850000e-01  -31.1566322680 9.6851318260 
  1.900000e-01  -31.1566322680 9.6840209122 
  1.950000e-01  -31.1566322680 9.6834565465 
  2.000000e-01  -31.1566322680 9.6834138546 
  2.050000e-01  -31.1566322680 9.6838450947 
  2.100000e-01  -31.1566322680 9.6846882074 
  2.150000e-01  -31.1566322680 9.6858744753 
  2.200000e-01  -31.1566322680 9.6873345556 
  2.250000e-01  -31.1566322680 9.6890026163 
  2.300000e-01  -31.1566322680 9.6908186726 
  2.350000e-01  -31.1566322680 9.6927294572 
  2.400000e-01  -31.1566322680 9.6946882793 
  2.450000e-01  -31.1566322680 9.6966543222 
  2.500000e-01  -31.1566322680 9.6985917538 
  2.550000e-01  -31.1566322680 9.7004688925 
  2.600000e-01  -31.1566322680 9.7022575663 
  2.650000e-01  -31.1566322680 9.7039327173 
  2.700000e-01  -31.1566322680 9.7054722671 
  2.750000e-01  -31.1566322680 9.7068572344 
  2.800000e-01  -31.1566322680 9.7080720790 
  2.850000e-01  -31.1566322680 9.7091052109 
  2.900000e-01  -31.1566322680 9.7099495672 
  2.950000e-01  -31.1566322680 9.7106031257 
  3.000000e-01  -31.1566322680 9.7110692124 
  3.050000e-01  -31.1566322680 9.7113564846 
  3.100000e-01  -31.1566322680 9.7114785239 
  3.150000e-01  -31.1566322680 9.7114530456 
  3.200000e-01  -31.1566322680 9.7113008049 
  3.250000e-01  -31.1566322680 9.7110443339 
  3.300000e-01  -31.1566322680 9.7107066642 
  3.350000e-01  -31.1566322680 9.7103101799 
  3.400000e-01  -31.1566322680 9.7098757095 
  3.450000e-01  -31.1566322680 9.7094219085 
  3.500000e-01  -31.1566322680 9.7089649369 
  3.550000e-01  -31.1566322680 9.7085183877 
  3.600000e-01  -31.1566322680 9.7080934026 
  3.650000e-01  -31.1566322680 9.7076988988 
  3.700000e-01  -31.1566322680 9.7073418416 
  3.750000e-01  -31.1566322680 9.7070275122 
  3.800000e-01  -31.1566322680 9.7067597425 
  3.850000e-01  -31.1566322680 9.7065411038 
  3.900000e-01  -31.1566322680 9.7063730537 
  3.950000e-01  -31.1566322680 9.7062560502 
  4.000000e-01  -31.1566322680 9.7061896453 
  4.050000e-01  -31.1566322680 9.7061725695 
  4.100000e-01  -31.1566322680 9.7062028147 
  4.150000e-01  -31.1566322680 9.7062777205 
  4.200000e-01  -31.1566322680 9.7063940665 
  4.250000e-01  -31.1566322680 9.7065481717 
  4.300000e-01  -31.1566322680 9.7067360011 
  4.350000e-01  -31.1566322680 9.7069532791 
  4.400000e-01  -31.1566322680 9.7071956086 
  4.450000e-01  -31.1566322680 9.7074585926 
  4.500000e-01  -31.1566322680 9.7077379537 
  4.550000e-01  -31.1566322680 9.7080296470 
  4.600000e-01  -31.1566322680 9.7083299587 
  4.650000e-01  -31.1566322680 9.7086355862 
  4.700000e-01  -31.1566322680 9.7089436937 
  4.750000e-01  -31.1566322680 9.7092519430 
  4.800000e-01  -31.1566322680 9.7095584967 
  4.850000e-01  -31.1566322680 9.7098619992 
  4.900000e-01  -31.1566322680 9.7101615372 
  4.950000e-01  -31.1566322680 9.7104565865 
  5.000000e-01  -31.1566322680 9.7107469509 
  5.050000e-01  -31.1566322680 9.7110326969 
  5.100000e-01  -31.1566322680 9.7113140907 
  5.150000e-01  -31.1566322680 9.7115915397 
  5.200000e-01  -31.1566322680 9.7118655400 
  5.250000e-01  -31.1566322680 9.7121366319 
  5.300000e-01  -31.1566322680 9.7124053629 
  5.350000e-01  -31.1566322680 9.7126722566 
  5.400000e-01  -31.1566322680 9.7129377890 
  5.450000e-01  -31.1566322680 9.7132023691 
  5.500000e-01  -31.1566322680 9.7134663243 
  5.550000e-01  -31.1566322680 9.7137298909 
  5.600000e-01  -31.1566322680 9.7139932072 
  5.650000e-01  -31.1566322680 9.7142563115 
  5.700000e-01  -31.1566322680 9.7145191436 
  5.750000e-01  -31.1566322680 9.7147815499 
  5.800000e-01  -31.1566322680 9.7150432915 
  5.850000e-01  -31.1566322680 9.7153040558 
  5.900000e-01  -31.1566322680 9.7155634701 
  5.950000e-01  -31.1566322680 9.7158211163 
  6.000000e-01  -31.1566322680 9.7160765470 
  6.050000e-01  -31.1566322680 9.7163293014 
  6.100000e-01  -31.1566322680 9.7165789207 
  6.150000e-01  -31.1566322680 9.7168249613 
  6.200000e-01  -31.1566322680 9.7170670078 
  6.250000e-01  -31.1566322680 9.7173046820 
  6.300000e-01  -31.1566322680 9.7175376512 
  6.350000e-01  -31.1566322680 9.7177656332 
  6.400000e-01  -31.1566322680 9.7179883994 
  6.450000e-01  -31.1566322680 9.7182057756 
  6.500000e-01  -31.1566322680 9.7184176412 
  6.550000e-01  -31.1566322680 9.7186239267 
  6.600000e-01  -31.1566322680 9.7188246097 
  6.650000e-01  -31.1566322680 9.7190197106 
  6.700000e-01  -31.1566322680 9.7192092873 
  6.750000e-01  -31.1566322680 9.7193934294 
  6.800000e-01  -31.1566322680 9.7195722530 
  6.850000e-01  -31.1566322680 9.7197458949 
  6.900000e-01  -31.1566322680 9.7199145080 
  6.950000e-01  -31.1566322680 9.7200782560 
  7.000000e-01  -31.1566322680 9.7202373098 
  7.050000e-01  -31.1566322680 9.7203918433 
  7.100000e-01  -31.1566322680 9.7205420303 
  7.150000e-01  -31.1566322680 9.7206880418 
  7.200000e-01  -31.1566322680 9.7208300433 
  7.250000e-01  -31.1566322680 9.7209681932 
  7.300000e-01  -31.1566322680 9.7211026404 
  7.350000e-01  -31.1566322680 9.7212335237 
  7.400000e-01  -31.1566322680 9.7213609703 
  7.450000e-01  -31.1566322680 9.7214850951 
  7.500000e-01  -31.1566322680 9.7216060002 
  7.550000e-01  -31.1566322680 9.7217237750 
  7.600000e-01  -31.1566322680 9.7218384962 
  7.650000e-01  -31.1566322680 9.7219502286 
  7.700000e-01  -31.1566322680 9.7220590255 
  7.750000e-01  -31.1566322680 9.7221649306 
  7.800000e-01  -31.1566322680 9.7222679788 
  7.850000e-01  -31.1566322680 9.7223681981 
  7.900000e-01  -31.1566322680 9.7224656114 
  7.950000e-01  -31.1566322680 9.7225602384 
  8.000000e-01  -31.1566322680 9.7226520971 
  8.050000e-01  -31.1566322680 9.7227412062 
  8.100000e-01  -31.1566322680 9.7228275862 
  8.150000e-01  -31.1566322680 9.7229112612 
  8.200000e-01  -31.1566322680 9.7229922599 
  8.250000e-01  -31.1566322680 9.7230706167 
  8.300000e-01  -31.1566322680 9.7231463723 
  8.350000e-01  -31.1566322680 9.7232195740 
  8.400000e-01  -31.1566322680 9.7232902756 
  8.450000e-01  -31.1566322680 9.7233585377 
  8.500000e-01  -31.1566322680 9.7234244267 
  8.550000e-01  -31.1566322680 9.7234880141 
  8.600000e-01  -31.1566322680 9.7235493763 
  8.650000e-01  -31.1566322680 9.7236085929 
  8.700000e-01  -31.1566322680 9.7236657462 
  8.750000e-01  -31.1566322680 9.7237209197 
  8.800000e-01  -31.1566322680 9.7237741975 
  8.850000e-01  -31.1566322680 9.7238256628 
  8.900000e-01  -31.1566322680 9.7238753971 
  8.950000e-01  -31.1566322680 9.7239234795 
  9.000000e-01  -31.1566322680 9.7239699857 
  9.050000e-01  -31.1566322680 9.7240149874 
  9.100000e-01  -31.1566322680 9.7240585518 
  9.150000e-01  -31.1566322680 9.7241007414 
  9.200000e-01  -31.1566322680 9.7241416134 
  9.250000e-01  -31.1566322680 9.7241812200 
  9.300000e-01  -31.1566322680 9.7242196082 
  9.350000e-01  -31.1566322680 9.7242568200 
  9.400000e-01  -31.1566322680 9.7242928928 
  9.450000e-01  -31.1566322680 9.7243278593 
  9.500000e-01  -31.1566322680 9.7243617486 
  9.550000e-01  -31.1566322680 9.7243945861 
  9.600000e-01  -31.1566322680 9.7244263942 
  9.650000e-01  -31.1566322680 9.7244571929 
  9.700000e-01  -31.1566322680 9.7244870002 
  9.750000e-01  -31.1566322680 9.7245158328 
  9.800000e-01  -31.1566322680 9.7245437063 
  9.850000e-01  -31.1566322680 9.7245706360 
  9.900000e-01  -31.1566322680 9.7245966371 
  9.950000e-01  -31.1566322680 9.7246217248 
  1.000000e+00  -31.1566322680 9.7246459152 
  1.005000e+00  -31.1566322680 9.7246692250 
  1.010000e+00  -31.1566322680 9.7246916719 
  1.015000e+00  -31.1566322680 9.7247132744 
  1.020000e+00  -31.1566322680 9.7247340524 
  1.025000e+00  -31.1566322680 9.7247540267 
  1.030000e+00  -31.1566322680 9.7247732190 
  1.035000e+00  -31.1566322680 9.7247916519 
  1.040000e+00  -31.1566322680 9.7248093490 
  1.045000e+00  -31.1566322680 9.7248263342 
  1.050000e+00  -31.1566322680 9.7248426321 
  1.055000e+00  -31.1566322680 9.7248582675 
  1.060000e+00  -31.1566322680 9.7248732653 
  1.065000e+00  -31.1566322680 9.7248876502 
  1.070000e+00  -31.1566322680 9.7249014470 
  1.075000e+00  -31.1566322680 9.7249146798 
  1.080000e+00  -31.1566322680 9.7249273724 
  1.085000e+00  -31.1566322680 9.7249395477 
  1.090000e+00  -31.1566322680 9.7249512282 
  1.095000e+00  -31.1566322680 9.7249624353 
  1.100000e+00  -31.1566322680 9.7249731896 
  1.105000e+00  -31.1566322680 9.7249835106 
  1.110000e+00  -31.1566322680 9.7249934171 
  1.115000e+00  -31.1566322680 9.7250029267 
  1.120000e+00  -31.1566322680 9.7250120558 
  1.125000e+00  -31.1566322680 9.7250208203 
  1.130000e+00  -31.1566322680 9.7250292346 
  1.135000e+00  -31.1566322680 9.7250373126 
  1.140000e+00  -31.1566322680 9.7250450669 
  1.145000e+00  -31.1566322680 9.7250525096 
  1.150000e+00  -31.1566322680 9.7250596519 
  1.155000e+00  -31.1566322680 9.7250665042 
  1.160000e+00  -31.1566322680 9.7250730762 
  1.165000e+00  -31.1566322680 9.7250793773 
  1.170000e+00  -31.1566322680 9.7250854161 
  1.175000e+00  -31.1566322680 9.7250912009 
  1.180000e+00  -31.1566322680 9.7250967394 
  1.185000e+00  -31.1566322680 9.7251020393 
  1.190000e+00  -31.1566322680 9.7251071078 
  1.195000e+00  -31.1566322680 9.7251119519 
  1.200000e+00  -31.1566322680 9.7251165784 
  1.205000e+00  -31.1566322680 9.7251209941 
  1.210000e+00  -31.1566322680 9.7251252056 
  1.215000e+00  -31.1566322680 9.7251292193 
  1.220000e+00  -31.1566322680 9.7251330418 
  1.225000e+00  -31.1566322680 9.7251366793 
  1.230000e+00  -31.1566322680 9.7251401384 
  1.235000e+00  -31.1566322680 9.7251434252 
  1.240000e+00  -31.1566322680 9.7251465461 
  1.245000e+00  -31.1566322680 9.7251495071 
  1.250000e+00  -31.1566322680 9.7251523146 
  1.255000e+00  -31.1566322680 9.7251549745 
  1.260000e+00  -31.1566322680 9.7251574928 
  1.265000e+00  -31.1566322680 9.7251598753 
  1.270000e+00  -31.1566322680 9.7251621278 
  1.275000e+00  -31.1566322680 9.7251642558 
  1.280000e+00  -31.1566322680 9.7251662649 
  1.285000e+00  -31.1566322680 9.7251681602 
  1.290000e+00  -31.1566322680 9.7251699470 
  1.295000e+00  -31.1566322680 9.7251716300 
  1.300000e+00  -31.1566322680 9.7251732140 
  1.305000e+00  -31.1566322680 9.7251747035 
  1.310000e+00  -31.1566322680 9.7251761029 
  1.315000e+00  -31.1566322680 9.7251774162 
  1.320000e+00  -31.1566322680 9.7251786475 
  1.325000e+00  -31.1566322680 9.7251798005 
  1.330000e+00  -31.1566322680 9.7251808786 
  1.335000e+00  -31.1566322680 9.7251818854 
  1.340000e+00  -31.1566322680 9.7251828240 
  1.345000e+00  -31.1566322680 9.7251836974 
  1.350000e+00  -31.1566322680 9.7251845086 
  1.355000e+00  -31.1566322680 9.7251852604 
  1.360000e+00  -31.1566322680 9.7251859553 
  1.365000e+00  -31.1566322680 9.7251865958 
  1.370000e+00  -31.1566322680 9.7251871845 
  1.375000e+00  -31.1566322680 9.7251877234 
  1.380000e+00  -31.1566322680 9.7251882149 
  1.385000e+00  -31.1566322680 9.7251886611 
  1.390000e+00  -31.1566322680 9.7251890639 
  1.395000e+00  -31.1566322680 9.7251894253 
  1.400000e+00  -31.1566322680 9.7251897472 
  1.405000e+00  -31.1566322680 9.7251900313 
  1.410000e+00  -31.1566322680 9.7251902794 
  1.415000e+00  -31.1566322680 9.7251904931 
  1.420000e+00  -31.1566322680 9.7251906741 
  1.425000e+00  -31.1566322680 9.7251908238 
  1.430000e+00  -31.1566322680 9.7251909437 
  1.435000e+00  -31.1566322680 9.7251910352 
  1.440000e+00  -31.1566322680 9.7251910998 
  1.445000e+00  -31.1566322680 9.7251911387 
  1.450000e+00  -31.1566322680 9.7251911532 
  1.455000e+00  -31.1566322680 9.7251911445 
  1.460000e+00  -31.1566322680 9.7251911136 
  1.465000e+00  -31.1566322680 9.7251910619 
  1.470000e+00  -31.1566322680 9.7251909902 
  1.475000e+00  -31.1566322680 9.7251908996 
  1.480000e+00  -31.1566322680 9.7251907912 
  1.485000e+00  -31.1566322680 9.7251906657 
  1.490000e+00  -31.1566322680 9.7251905242 
  1.495000e+00  -31.1566322680 9.7251903674 
  1.500000e+00  -31.1566322680 9.7251901963 
  1.505000e+00  -31.1566322680 9.7251900115 
  1.510000e+00  -31.1566322680 9.7251898139 
  1.515000e+00  -31.1566322680 9.7251896042 
  1.520000e+00  -31.1566322680 9.7251893830 
  1.525000e+00  -31.1566322680 9.7251891512 
  1.530000e+00  -31.1566322680 9.7251889093 
  1.535000e+00  -31.1566322680 9.7251886579 
  1.540000e+00  -31.1566322680 9.7251883977 
  1.545000e+00  -31.1566322680 9.7251881293 
  1.550000e+00  -31.1566322680 9.7251878532 
  1.555000e+00  -31.1566322680 9.7251875700 
  1.560000e+00  -31.1566322680 9.7251872802 
  1.565000e+00  -31.1566322680 9.7251869843 
  1.570000e+00  -31.1566322680 9.7251866828 
  1.575000e+00  -31.1566322680 9.7251863762 
  1.580000e+00  -31.1566322680 9.7251860649 
  1.585000e+00  -31.1566322680 9.7251857494 
  1.590000e+00  -31.1566322680 9.7251854300 
  1.595000e+00  -31.1566322680 9.7251851072 
  1.600000e+00  -31.1566322680 9.7251847814 
  1.605000e+00  -31.1566322680 9.7251844528 
  1.610000e+00  -31.1566322680 9.7251841218 
  1.615000e+00  -31.1566322680 9.7251837888 
  1.620000e+00  -31.1566322680 9.7251834540 
  1.625000e+00  -31.1566322680 9.7251831178 
  1.630000e+00  -31.1566322680 9.7251827802 
  1.635000e+00  -31.1566322680 9.7251824417 
  1.640000e+00  -31.1566322680 9.7251821025 
  1.645000e+00  -31.1566322680 9.7251817626 
  1.650000e+00  -31.1566322680 9.7251814225 
  1.655000e+00  -31.1566322680 9.7251810821 
  1.660000e+00  -31.1566322680 9.7251807417 
  1.665000e+00  -31.1566322680 9.7251804014 
  1.670000e+00  -31.1566322680 9.7251800615 
  1.675000e+00  -31.1566322680 9.7251797219 
  1.680000e+00  -31.1566322680 9.7251793829 
  1.685000e+00  -31.1566322680 9.7251790445 
  1.690000e+00  -31.1566322680 9.7251787068 
  1.695000e+00  -31.1566322680 9.7251783700 
  1.700000e+00  -31.1566322680 9.7251780341 
  1.705000e+00  -31.1566322680 9.7251776992 
  1.710000e+00  -31.1566322680 9.7251773654 
  1.715000e+00  -31.1566322680 9.7251770328 
  1.720000e+00  -31.1566322680 9.7251767015 
  1.725000e+00  -31.1566322680 9.7251763714 
  1.730000e+00  -31.1566322680 9.7251760428 
  1.735000e+00  -31.1566322680 9.7251757156 
  1.740000e+00  -31.1566322680 9.7251753898 
  1.745000e+00  -31.1566322680 9.7251750657 
  1.750000e+00  -31.1566322680 9.7251747432 
  1.755000e+00  -31.1566322680 9.7251744223 
  1.760000e+00  -31.1566322680 9.7251741032 
  1.765000e+00  -31.1566322680 9.7251737858 
  1.770000e+00  -31.1566322680 9.7251734703 
  1.775000e+00  -31.1566322680 9.7251731566 
  1.780000e+00  -31.1566322680 9.7251728449 
  1.785000e+00  -31.1566322680 9.7251725351 
  1.790000e+00  -31.1566322680 9.7251722273 
  1.795000e+00  -31.1566322680 9.7251719215 
  1.800000e+00  -31.1566322680 9.7251716178 
  1.805000e+00  -31.1566322680 9.7251713162 
  1.810000e+00  -31.1566322680 9.7251710167 
  1.815000e+00  -31.1566322680 9.7251707193 
  1.820000e+00  -31.1566322680 9.7251704242 
  1.825000e+00  -31.1566322680 9.7251701312 
  1.830000e+00  -31.1566322680 9.7251698404 
  1.835000e+00  -31.1566322680 9.7251695518 
  1.840000e+00  -31.1566322680 9.7251692654 
  1.845000e+00  -31.1566322680 9.7251689813 
  1.850000e+00  -31.1566322680 9.7251686994 
  1.855000e+00  -31.1566322680 9.7251684198 
  1.860000e+00  -31.1566322680 9.7251681424 
  1.865000e+00  -31.1566322680 9.7251678673 
  1.870000e+00  -31.1566322680 9.7251675944 
  1.875000e+00  -31.1566322680 9.7251673237 
  1.880000e+00  -31.1566322680 9.7251670552 
  1.885000e+00  -31.1566322680 9.7251667890 
  1.890000e+00  -31.1566322680 9.7251665250 
  1.895000e+00  -31.1566322680 9.7251662632 
  1.900000e+00  -31.1566322680 9.7251660036 
  1.905000e+00  -31.1566322680 9.7251657462 
  1.910000e+00  -31.1566322680 9.7251654909 
  1.915000e+00  -31.1566322680 9.7251652378 
  1.920000e+00  -31.1566322680 9.7251649869 
  1.925000e+00  -31.1566322680 9.7251647380 
  1.930000e+00  -31.1566322680 9.7251644913 
  1.935000e+00  -31.1566322680 9.7251642467 
  1.940000e+00  -31.1566322680 9.7251640042 
  1.945000e+00  -31.1566322680 9.7251637638 
  1.950000e+00  -31.1566322680 9.7251635255 
  1.955000e+00  -31.1566322680 9.7251632892 
  1.960000e+00  -31.1566322680 9.7251630549 
  1.965000e+00  -31.1566322680 9.7251628226 
  1.970000e+00  -31.1566322680 9.7251625924 
  1.975000e+00  -31.1566322680 9.7251623642 
  1.980000e+00  -31.1566322680 9.7251621379 
  1.985000e+00  -31.1566322680 9.7251619137 
  1.990000e+00  -31.1566322680 9.7251616913 
  1.995000e+00  -31.1566322680 9.7251614709 
  2.000000e+00  -31.1566322680 9.7251612525 
  2.005000e+00  -31.1566322680 9.7251610360 
  2.010000e+00  -31.1566322680 9.7251608213 
  2.015000e+00  -31.1566322680 9.7251606086 
  2.020000e+00  -31.1566322680 9.7251603977 
  2.025000e+00  -31.1566322680 9.7251601887 
  2.030000e+00  -31.1566322680 9.7251599815 
  2.035000e+00  -31.1566322680 9.7251597762 
  2.040000e+00  -31.1566322680 9.7251595727 
  2.045000e+00  -31.1566322680 9.7251593710 
  2.050000e+00  -31.1566322680 9.7251591711 
  2.055000e+00  -31.1566322680 9.7251589730 
  2.060000e+00  -31.1566322680 9.7251587766 
  2.065000e+00  -31.1566322680 9.7251585819 
  2.070000e+00  -31.1566322680 9.7251583890 
  2.075000e+00  -31.1566322680 9.7251581978 
  2.080000e+00  -31.1566322680 9.7251580084 
  2.085000e+00  -31.1566322680 9.7251578206 
  2.090000e+00  -31.1566322680 9.7251576344 
  2.095000e+00  -31.1566322680 9.7251574500 
  2.100000e+00  -31.1566322680 9.7251572671 
  2.105000e+00  -31.1566322680 9.7251570859 
  2.110000e+00  -31.1566322680 9.7251569063 
  2.115000e+00  -31.1566322680 9.7251567283 
  2.120000e+00  -31.1566322680 9.7251565519 
  2.125000e+00  -31.1566322680 9.7251563771 
  2.130000e+00  -31.1566322680 9.7251562038 
  2.135000e+00  -31.1566322680 9.7251560320 
  2.140000e+00  -31.1566322680 9.7251558618 
  2.145000e+00  -31.1566322680 9.7251556930 
  2.150000e+00  -31.1566322680 9.7251555258 
  2.155000e+00  -31.1566322680 9.7251553600 
  2.160000e+00  -31.1566322680 9.7251551957 
  2.165000e+00  -31.1566322680 9.7251550329 
  2.170000e+00  -31.1566322680 9.7251548715 
  2.175000e+00  -31.1566322680 9.7251547115 
  2.180000e+00  -31.1566322680 9.7251545529 
  2.185000e+00  -31.1566322680 9.7251543958 
  2.190000e+00  -31.1566322680 9.7251542400 
  2.195000e+00  -31.1566322680 9.7251540856 
  2.200000e+00  -31.1566322680 9.7251539325 
  2.205000e+00  -31.1566322680 9.7251537808 
  2.210000e+00  -31.1566322680 9.7251536304 
  2.215000e+00  -31.1566322680 9.7251534814 
  2.220000e+00  -31.1566322680 9.7251533336 
  2.225000e+00  -31.1566322680 9.7251531872 
  2.230000e+00  -31.1566322680 9.7251530420 
  2.235000e+00  -31.1566322680 9.7251528981 
  2.240000e+00  -31.1566322680 9.7251527554 
  2.245000e+00  -31.1566322680 9.7251526141 
  2.250000e+00  -31.1566322680 9.7251524739 
  2.255000e+00  -31.1566322680 9.7251523350 
  2.260000e+00  -31.1566322680 9.7251521972 
  2.265000e+00  -31.1566322680 9.7251520607 
  2.270000e+00  -31.1566322680 9.7251519254 
  2.275000e+00  -31.1566322680 9.7251517913 
  2.280000e+00  -31.1566322680 9.7251516583 
  2.285000e+00  -31.1566322680 9.7251515265 
  2.290000e+00  -31.1566322680 9.7251513958 
  2.295000e+00  -31.1566322680 9.7251512663 
  2.300000e+00  -31.1566322680 9.7251511378 
  2.305000e+00  -31.1566322680 9.7251510106 
  2.310000e+00  -31.1566322680 9.7251508844 
  2.315000e+00  -31.1566322680 9.7251507593 
  2.320000e+00  -31.1566322680 9.7251506352 
  2.325000e+00  -31.1566322680 9.7251505123 
  2.330000e+00  -31.1566322680 9.7251503904 
  2.335000e+00  -31.1566322680 9.7251502696 
  2.340000e+00  -31.1566322680 9.7251501498 
  2.345000e+00  -31.1566322680 9.7251500311 
  2.350000e+00  -31.1566322680 9.7251499134 
  2.355000e+00  -31.1566322680 9.7251497967 
  2.360000e+00  -31.1566322680 9.7251496810 
  2.365000e+00  -31.1566322680 9.7251495663 
  2.370000e+00  -31.1566322680 9.7251494526 
  2.375000e+00  -31.1566322680 9.7251493398 
  2.380000e+00  -31.1566322680 9.7251492280 
  2.385000e+00  -31.1566322680 9.7251491172 
  2.390000e+00  -31.1566322680 9.7251490074 
  2.395000e+00  -31.1566322680 9.7251488985 
  2.400000e+00  -31.1566322680 9.7251487905 
  2.405000e+00  -31.1566322680 9.7251486834 
  2.410000e+00  -31.1566322680 9.7251485773 
  2.415000e+00  -31.1566322680 9.7251484720 
  2.420000e+00  -31.1566322680 9.7251483677 
  2.425000e+00  -31.1566322680 9.7251482643 
  2.430000e+00  -31.1566322680 9.7251481617 
  2.435000e+00  -31.1566322680 9.7251480600 
  2.440000e+00  -31.1566322680 9.7251479592 
  2.445000e+00  -31.1566322680 9.7251478592 
  2.450000e+00  -31.1566322680 9.7251477601 
  2.455000e+00  -31.1566322680 9.7251476619 
  2.460000e+00  -31.1566322680 9.7251475644 
  2.465000e+00  -31.1566322680 9.7251474678 
  2.470000e+00  -31.1566322680 9.7251473721 
  2.475000e+00  -31.1566322680 9.7251472771 
  2.480000e+00  -31.1566322680 9.7251471829 
  2.485000e+00  -31.1566322680 9.7251470896 
  2.490000e+00  -31.1566322680 9.7251469970 
  2.495000e+00  -31.1566322680 9.7251469052 
  2.500000e+00  -31.1566322680 9.7251468142 
  2.505000e+00  -31.1566322680 9.7251467239 
  2.510000e+00  -31.1566322680 9.7251466345 
  2.515000e+00  -31.1566322680 9.7251465458 
  2.520000e+00  -31.1566322680 9.7251464578 
  2.525000e+00  -31.1566322680 9.7251463706 
  2.530000e+00  -31.1566322680 9.7251462841 
  2.535000e+00  -31.1566322680 9.7251461983 
  2.540000e+00  -31.1566322680 9.7251461133 
  2.545000e+00  -31.1566322680 9.7251460289 
  2.550000e+00  -31.1566322680 9.7251459453 
  2.555000e+00  -31.1566322680 9.7251458624 
  2.560000e+00  -31.1566322680 9.7251457802 
  2.565000e+00  -31.1566322680 9.7251456987 
  2.570000e+00  -31.1566322680 9.7251456179 
  2.575000e+00  -31.1566322680 9.7251455377 
  2.580000e+00  -31.1566322680 9.7251454582 
  2.585000e+00  -31.1566322680 9.7251453794 
  2.590000e+00  -31.1566322680 9.7251453013 
  2.595000e+00  -31.1566322680 9.7251452238 
  2.600000e+00  -31.1566322680 9.7251451469 
  2.605000e+00  -31.1566322680 9.7251450707 
  2.610000e+00  -31.1566322680 9.7251449951 
  2.615000e+00  -31.1566322680 9.7251449202 
  2.620000e+00  -31.1566322680 9.7251448459 
  2.625000e+00  -31.1566322680 9.7251447722 
  2.630000e+00  -31.1566322680 9.7251446992 
  2.635000e+00  -31.1566322680 9.7251446267 
  2.640000e+00  -31.1566322680 9.7251445548 
  2.645000e+00  -31.1566322680 9.7251444836 
  2.650000e+00  -31.1566322680 9.7251444129 
  2.655000e+00  -31.1566322680 9.7251443429 
  2.660000e+00  -31.1566322680 9.7251442734 
  2.665000e+00  -31.1566322680 9.7251442045 
  2.670000e+00  -31.1566322680 9.7251441362 
  2.675000e+00  -31.1566322680 9.7251440684 
  2.680000e+00  -31.1566322680 9.7251440012 
  2.685000e+00  -31.1566322680 9.7251439346 
  2.690000e+00  -31.1566322680 9.7251438685 
  2.695000e+00  -31.1566322680 9.7251438030 
  2.700000e+00  -31.1566322680 9.7251437380 
  2.705000e+00  -31.1566322680 9.7251436735 
  2.710000e+00  -31.1566322680 9.7251436096 
  2.715000e+00  -31.1566322680 9.7251435463 
  2.720000e+00  -31.1566322680 9.7251434834 
  2.725000e+00  -31.1566322680 9.7251434211 
  2.730000e+00  -31.1566322680 9.7251433593 
  2.735000e+00  -31.1566322680 9.7251432980 
  2.740000e+00  -31.1566322680 9.7251432372 
  2.745000e+00  -31.1566322680 9.7251431769 
  2.750000e+00  -31.1566322680 9.7251431171 
  2.755000e+00  -31.1566322680 9.7251430578 
  2.760000e+00  -31.1566322680 9.7251429990 
  2.765000e+00  -31.1566322680 9.7251429407 
  2.770000e+00  -31.1566322680 9.7251428829 
  2.775000e+00  -31.1566322680 9.7251428255 
  2.780000e+00  -31.1566322680 9.7251427686 
  2.785000e+00  -31.1566322680 9.7251427122 
  2.790000e+00  -31.1566322680 9.7251426563 
  2.795000e+00  -31.1566322680 9.7251426008 
  2.800000e+00  -31.1566322680 9.7251425458 
  2.805000e+00  -31.1566322680 9.7251424912 
  2.810000e+00  -31.1566322680 9.7251424371 
  2.815000e+00  -31.1566322680 9.7251423834 
  2.820000e+00  -31.1566322680 9.7251423302 
  2.825000e+00  -31.1566322680 9.7251422774 
  2.830000e+00  -31.1566322680 9.7251422251 
  2.835000e+00  -31.1566322680 9.7251421732 
  2.840000e+00  -31.1566322680 9.7251421217 
  2.845000e+00  -31.1566322680 9.7251420706 
  2.850000e+00  -31.1566322680 9.7251420200 
  2.855000e+00  -31.1566322680 9.7251419697 
  2.860000e+00  -31.1566322680 9.7251419199 
  2.865000e+00  -31.1566322680 9.7251418705 
  2.870000e+00  -31.1566322680 9.7251418215 
  2.875000e+00  -31.1566322680 9.7251417729 
  2.880000e+00  -31.1566322680 9.7251417247 
  2.885000e+00  -31.1566322680 9.7251416769 
  2.890000e+00  -31.1566322680 9.7251416295 
  2.895000e+00  -31.1566322680 9.7251415825 
  2.900000e+00  -31.1566322680 9.7251415359 
  2.905000e+00  -31.1566322680 9.7251414897 
  2.910000e+00  -31.1566322680 9.7251414438 
  2.915000e+00  -31.1566322680 9.7251413983 
  2.920000e+00  -31.1566322680 9.7251413532 
  2.925000e+00  -31.1566322680 9.7251413085 
  2.930000e+00  -31.1566322680 9.7251412641 
  2.935000e+00  -31.1566322680 9.7251412201 
  2.940000e+00  -31.1566322680 9.7251411764 
  2.945000e+00  -31.1566322680 9.7251411331 
  2.950000e+00  -31.1566322680 9.7251410902 
  2.955000e+00  -31.1566322680 9.7251410476 
  2.960000e+00  -31.1566322680 9.7251410054 
  2.965000e+00  -31.1566322680 9.7251409635 
  2.970000e+00  -31.1566322680 9.7251409220 
  2.975000e+00  -31.1566322680 9.7251408808 
  2.980000e+00  -31.1566322680 9.7251408399 
  2.985000e+00  -31.1566322680 9.7251407994 
  2.990000e+00  -31.1566322680 9.7251407592 
  2.995000e+00  -31.1566322680 9.7251407193 
  3.000000e+00  -31.1566322680 9.7251406798 
  3.005000e+00  -31.1566322680 9.7251406406 
  3.010000e+00  -31.1566322680 9.7251406017 
  3.015000e+00  -31.1566322680 9.7251405631 
  3.020000e+00  -31.1566322680 9.7251405248 
  3.025000e+00  -31.1566322680 9.7251404869 
  3.030000e+00  -31.1566322680 9.7251404493 
  3.035000e+00  -31.1566322680 9.7251404119 
  3.040000e+00  -31.1566322680 9.7251403749 
  3.045000e+00  -31.1566322680 9.7251403382 
  3.050000e+00  -31.1566322680 9.7251403018 
  3.055000e+00  -31.1566322680 9.7251402657 
  3.060000e+00  -31.1566322680 9.7251402298 
  3.065000e+00  -31.1566322680 9.7251401943 
  3.070000e+00  -31.1566322680 9.7251401591 
  3.075000e+00  -31.1566322680 9.7251401241 
  3.080000e+00  -31.1566322680 9.7251400894 
  3.085000e+00  -31.1566322680 9.7251400551 
  3.090000e+00  -31.1566322680 9.7251400210 
  3.095000e+00  -31.1566322680 9.7251399871 
  3.100000e+00  -31.1566322680 9.7251399536 
  3.105000e+00  -31.1566322680 9.7251399203 
  3.110000e+00  -31.1566322680 9.7251398873 
  3.115000e+00  -31.1566322680 9.7251398546 
  3.120000e+00  -31.1566322680 9.7251398221 
  3.125000e+00  -31.1566322680 9.7251397899 
  3.130000e+00  -31.1566322680 9.7251397580 
  3.135000e+00  -31.1566322680 9.7251397263 
  3.140000e+00  -31.1566322680 9.7251396949 
  3.145000e+00  -31.1566322680 9.7251396638 
  3.150000e+00  -31.1566322680 9.7251396329 
  3.155000e+00  -31.1566322680 9.7251396022 
  3.160000e+00  -31.1566322680 9.7251395718 
  3.165000e+00  -31.1566322680 9.7251395417 
  3.170000e+00  -31.1566322680 9.7251395118 
  3.175000e+00  -31.1566322680 9.7251394821 
  3.180000e+00  -31.1566322680 9.7251394527 
  3.185000e+00  -31.1566322680 9.7251394235 
  3.190000e+00  -31.1566322680 9.7251393946 
  3.195000e+00  -31.1566322680 9.7251393659 
  3.200000e+00  -31.1566322680 9.7251393374 
  3.205000e+00  -31.1566322680 9.7251393092 
  3.210000e+00  -31.1566322680 9.7251392812 
  3.215000e+00  -31.1566322680 9.7251392534 
  3.220000e+00  -31.1566322680 9.7251392259 
  3.225000e+00  -31.1566322680 9.7251391986 
  3.230000e+00  -31.1566322680 9.7251391715 
  3.235000e+00  -31.1566322680 9.7251391446 
  3.240000e+00  -31.1566322680 9.7251391180 
  3.245000e+00  -31.1566322680 9.7251390915 
  3.250000e+00  -31.1566322680 9.7251390653 
  3.255000e+00  -31.1566322680 9.7251390393 
  3.260000e+00  -31.1566322680 9.7251390135 
  3.265000e+00  -31.1566322680 9.7251389879 
  3.270000e+00  -31.1566322680 9.7251389625 
  3.275000e+00  -31.1566322680 9.7251389374 
  3.280000e+00  -31.1566322680 9.7251389124 
  3.285000e+00  -31.1566322680 9.7251388877 
  3.290000e+00  -31.1566322680 9.7251388631 
  3.295000e+00  -31.1566322680 9.7251388387 
  3.300000e+00  -31.1566322680 9.7251388146 
  3.305000e+00  -31.1566322680 9.7251387906 
  3.310000e+00  -31.1566322680 9.7251387669 
  3.315000e+00  -31.1566322680 9.7251387433 
  3.320000e+00  -31.1566322680 9.7251387199 
  3.325000e+00  -31.1566322680 9.7251386968 
  3.330000e+00  -31.1566322680 9.7251386738 
  3.335000e+00  -31.1566322680 9.7251386510 
  3.340000e+00  -31.1566322680 9.7251386283 
  3.345000e+00  -31.1566322680 9.7251386059 
  3.350000e+00  -31.1566322680 9.7251385837 
  3.355000e+00  -31.1566322680 9.7251385616 
  3.360000e+00  -31.1566322680 9.7251385397 
  3.365000e+00  -31.1566322680 9.7251385180 
  3.370000e+00  -31.1566322680 9.7251384965 
  3.375000e+00  -31.1566322680 9.7251384751 
  3.380000e+00  -31.1566322680 9.7251384539 
  3.385000e+00  -31.1566322680 9.7251384329 
  3.390000e+00  -31.1566322680 9.7251384121 
  3.395000e+00  -31.1566322680 9.7251383914 
  3.400000e+00  -31.1566322680 9.7251383709 
  3.405000e+00  -31.1566322680 9.7251383506 
  3.410000e+00  -31.1566322680 9.7251383305 
  3.415000e+00  -31.1566322680 9.7251383105 
  3.420000e+00  -31.1566322680 9.7251382906 
  3.425000e+00  -31.1566322680 9.7251382710 
  3.430000e+00  -31.1566322680 9.7251382515 
  3.435000e+00  -31.1566322680 9.7251382321 
  3.440000e+00  -31.1566322680 9.7251382129 
  3.445000e+00  -31.1566322680 9.7251381939 
  3.450000e+00  -31.1566322680 9.7251381750 
  3.455000e+00  -31.1566322680 9.7251381563 
  3.460000e+00  -31.1566322680 9.7251381378 
  3.465000e+00  -31.1566322680 9.7251381194 
  3.470000e+00  -31.1566322680 9.7251381011 
  3.475000e+00  -31.1566322680 9.7251380830 
  3.480000e+00  -31.1566322680 9.7251380650 
  3.485000e+00  -31.1566322680 9.7251380472 
  3.490000e+00  -31.1566322680 9.7251380295 
  3.495000e+00  -31.1566322680 9.7251380120 
  3.500000e+00  -31.1566322680 9.7251379946 
  3.505000e+00  -31.1566322680 9.7251379774 
  3.510000e+00  -31.1566322680 9.7251379603 
  3.515000e+00  -31.1566322680 9.7251379434 
  3.520000e+00  -31.1566322680 9.7251379265 
  3.525000e+00  -31.1566322680 9.7251379099 
  3.530000e+00  -31.1566322680 9.7251378933 
  3.535000e+00  -31.1566322680 9.7251378769 
  3.540000e+00  -31.1566322680 9.7251378607 
  3.545000e+00  -31.1566322680 9.7251378445 
  3.550000e+00  -31.1566322680 9.7251378285 
  3.555000e+00  -31.1566322680 9.7251378127 
  3.560000e+00  -31.1566322680 9.7251377969 
  3.565000e+00  -31.1566322680 9.7251377813 
  3.570000e+00  -31.1566322680 9.7251377658 
  3.575000e+00  -31.1566322680 9.7251377505 
  3.580000e+00  -31.1566322680 9.7251377353 
  3.585000e+00  -31.1566322680 9.7251377202 
  3.590000e+00  -31.1566322680 9.7251377052 
  3.595000e+00  -31.1566322680 9.7251376903 
  3.600000e+00  -31.1566322680 9.7251376756 
  3.605000e+00  -31.1566322680 9.7251376610 
  3.610000e+00  -31.1566322680 9.7251376465 
  3.615000e+00  -31.1566322680 9.7251376322 
  3.620000e+00  -31.1566322680 9.7251376179 
  3.625000e+00  -31.1566322680 9.7251376038 
  3.630000e+00  -31.1566322680 9.7251375898 
  3.635000e+00  -31.1566322680 9.7251375759 
  3.640000e+00  -31.1566322680 9.7251375621 
  3.645000e+00  -31.1566322680 9.7251375484 
  3.650000e+00  -31.1566322680 9.7251375349 
  3.655000e+00  -31.1566322680 9.7251375214 
  3.660000e+00  -31.1566322680 9.7251375081 
  3.665000e+00  -31.1566322680 9.7251374949 
  3.670000e+00  -31.1566322680 9.7251374818 
  3.675000e+00  -31.1566322680 9.7251374688 
  3.680000e+00  -31.1566322680 9.7251374559 
  3.685000e+00  -31.1566322680 9.7251374431 
  3.690000e+00  -31.1566322680 9.7251374304 
  3.695000e+00  -31.1566322680 9.7251374178 
  3.700000e+00  -31.1566322680 9.7251374053 
  3.705000e+00  -31.1566322680 9.7251373930 
  3.710000e+00  -31.1566322680 9.7251373807 
  3.715000e+00  -31.1566322680 9.7251373685 
  3.720000e+00  -31.1566322680 9.7251373565 
  3.725000e+00  -31.1566322680 9.7251373445 
  3.730000e+00  -31.1566322680 9.7251373327 
  3.735000e+00  -31.1566322680 9.7251373209 
  3.740000e+00  -31.1566322680 9.7251373092 
  3.745000e+00  -31.1566322680 9.7251372977 
  3.750000e+00  -31.1566322680 9.7251372862 
  3.755000e+00  -31.1566322680 9.7251372748 
  3.760000e+00  -31.1566322680 9.7251372635 
  3.765000e+00  -31.1566322680 9.7251372523 
  3.770000e+00  -31.1566322680 9.7251372413 
  3.775000e+00  -31.1566322680 9.7251372303 
  3.780000e+00  -31.1566322680 9.7251372193 
  3.785000e+00  -31.1566322680 9.7251372085 
  3.790000e+00  -31.1566322680 9.7251371978 
  3.795000e+00  -31.1566322680 9.7251371872 
  3.800000e+00  -31.1566322680 9.7251371766 
  3.805000e+00  -31.1566322680 9.7251371661 
  3.810000e+00  -31.1566322680 9.7251371558 
  3.815000e+00  -31.1566322680 9.7251371455 
  3.820000e+00  -31.1566322680 9.7251371353 
  3.825000e+00  -31.1566322680 9.7251371252 
  3.830000e+00  -31.1566322680 9.7251371151 
  3.835000e+00  -31.1566322680 9.7251371052 
  3.840000e+00  -31.1566322680 9.7251370953 
  3.845000e+00  -31.1566322680 9.7251370856 
  3.850000e+00  -31.1566322680 9.7251370759 
  3.855000e+00  -31.1566322680 9.7251370662 
  3.860000e+00  -31.1566322680 9.7251370567 
  3.865000e+00  -31.1566322680 9.7251370473 
  3.870000e+00  -31.1566322680 9.7251370379 
  3.875000e+00  -31.1566322680 9.7251370286 
  3.880000e+00  -31.1566322680 9.7251370194 
  3.885000e+00  -31.1566322680 9.7251370102 
  3.890000e+00  -31.1566322680 9.7251370012 
  3.895000e+00  -31.1566322680 9.7251369922 
  3.900000e+00  -31.1566322680 9.7251369833 
  3.905000e+00  -31.1566322680 9.7251369744 
  3.910000e+00  -31.1566322680 9.7251369657 
  3.915000e+00  -31.1566322680 9.7251369570 
  3.920000e+00  -31.1566322680 9.7251369484 
  3.925000e+00  -31.1566322680 9.7251369398 
  3.930000e+00  -31.1566322680 9.7251369314 
  3.935000e+00  -31.1566322680 9.7251369230 
  3.940000e+00  -31.1566322680 9.7251369146 
  3.945000e+00  -31.1566322680 9.7251369064 
  3.950000e+00  -31.1566322680 9.7251368982 
  3.955000e+00  -31.1566322680 9.7251368901 
  3.960000e+00  -31.1566322680 9.7251368820 
  3.965000e+00  -31.1566322680 9.7251368740 
  3.970000e+00  -31.1566322680 9.7251368661 
  3.975000e+00  -31.1566322680 9.7251368583 
  3.980000e+00  -31.1566322680 9.7251368505 
  3.985000e+00  -31.1566322680 9.7251368428 
  3.990000e+00  -31.1566322680 9.7251368352 
  3.995000e+00  -31.1566322680 9.7251368276 
  4.000000e+00  -31.1566322680 9.7251368201 
