  1.000000e-02  17.090838  18.274266 
  1.500000e-02  15.924198  17.795707 
  2.000000e-02  15.321238  17.348832 
  2.500000e-02  14.969903  16.852560 
  3.000000e-02  14.589264  16.302598 
  3.500000e-02  14.014178  15.675675 
  4.000000e-02  13.233820  15.061965 
  4.500000e-02  12.323858  14.449848 
  5.000000e-02  11.401255  13.844734 
  5.500000e-02  10.590468  13.255666 
  6.000000e-02  9.971360  12.680419 
  6.500000e-02  9.532339  12.112325 
  7.000000e-02  9.191651  11.553370 
  7.500000e-02  8.880578  11.054214 
  8.000000e-02  8.515635  10.499519 
  8.500000e-02  8.150380  10.074269 
  9.000000e-02  7.837568  9.714988 
  9.500000e-02  7.597658  9.392742 
  1.000000e-01  7.422835  9.095856 
  1.050000e-01  7.296476  8.824203 
  1.100000e-01  7.205191  8.580128 
  1.150000e-01  7.138685  8.361329 
  1.200000e-01  7.091374  8.171798 
  1.250000e-01  7.060276  8.007985 
  1.300000e-01  7.042194  7.866272 
  1.350000e-01  7.032571  7.742848 
  1.400000e-01  7.026035  7.634403 
  1.450000e-01  7.017714  7.538288 
  1.500000e-01  6.998531  7.443288 
  1.550000e-01  6.971105  7.361656 
  1.600000e-01  6.937349  7.287955 
  1.650000e-01  6.897827  7.218965 
  1.700000e-01  6.852044  7.152620 
  1.750000e-01  6.799547  7.087908 
  1.800000e-01  6.739833  7.022180 
  1.850000e-01  6.674831  6.958764 
  1.900000e-01  6.607624  6.896961 
  1.950000e-01  6.540982  6.836382 
  2.000000e-01  6.476627  6.776748 
  2.050000e-01  6.415311  6.718022 
  2.100000e-01  6.357316  6.660413 
  2.150000e-01  6.302916  6.604264 
  2.200000e-01  6.251588  6.548392 
  2.250000e-01  6.204612  6.495543 
  2.300000e-01  6.162542  6.445067 
  2.350000e-01  6.125359  6.396866 
  2.400000e-01  6.092631  6.350990 
  2.450000e-01  6.063764  6.307440 
  2.500000e-01  6.038127  6.266479 
  2.550000e-01  6.015283  6.228221 
  2.600000e-01  5.994925  6.192603 
  2.650000e-01  5.976696  6.159473 
  2.700000e-01  5.960128  6.128629 
  2.750000e-01  5.944697  6.099865 
  2.800000e-01  5.929908  6.072972 
  2.850000e-01  5.914918  6.047001 
  2.900000e-01  5.899786  6.022929 
  2.950000e-01  5.884528  6.000251 
  3.000000e-01  5.869080  5.978644 
  3.050000e-01  5.853312  5.957861 
  3.100000e-01  5.837044  5.937535 
  3.150000e-01  5.820208  5.917835 
  3.200000e-01  5.802893  5.898598 
  3.250000e-01  5.785240  5.879719 
  3.300000e-01  5.767368  5.861109 
  3.350000e-01  5.749368  5.842709 
  3.400000e-01  5.731322  5.824487 
  3.450000e-01  5.713327  5.806436 
  3.500000e-01  5.695499  5.788556 
  3.550000e-01  5.677917  5.770778 
  3.600000e-01  5.660728  5.753234 
  3.650000e-01  5.644049  5.735934 
  3.700000e-01  5.627943  5.718888 
  3.750000e-01  5.612424  5.702111 
  3.800000e-01  5.597467  5.685618 
  3.850000e-01  5.583021  5.669427 
  3.900000e-01  5.569035  5.653567 
  3.950000e-01  5.555437  5.638026 
  4.000000e-01  5.542157  5.622803 
  4.050000e-01  5.529131  5.607889 
  4.100000e-01  5.516299  5.593266 
  4.150000e-01  5.503616  5.578928 
  4.200000e-01  5.491014  5.564791 
  4.250000e-01  5.478496  5.550916 
  4.300000e-01  5.466075  5.537285 
  4.350000e-01  5.453770  5.523879 
  4.400000e-01  5.441599  5.510683 
  4.450000e-01  5.429579  5.497688 
  4.500000e-01  5.417730  5.484891 
  4.550000e-01  5.406075  5.472294 
  4.600000e-01  5.394639  5.459903 
  4.650000e-01  5.383454  5.447738 
  4.700000e-01  5.372540  5.435792 
  4.750000e-01  5.361913  5.424073 
  4.800000e-01  5.351573  5.412567 
  4.850000e-01  5.341524  5.401305 
  4.900000e-01  5.331767  5.390292 
  4.950000e-01  5.322298  5.379531 
  5.000000e-01  5.313109  5.369021 
  5.050000e-01  5.304188  5.358761 
  5.100000e-01  5.295520  5.348747 
  5.150000e-01  5.287089  5.338977 
  5.200000e-01  5.278877  5.329446 
  5.250000e-01  5.270871  5.320149 
  5.300000e-01  5.263057  5.311082 
  5.350000e-01  5.255426  5.302239 
  5.400000e-01  5.247969  5.293614 
  5.450000e-01  5.240679  5.285200 
  5.500000e-01  5.233552  5.276991 
  5.550000e-01  5.226585  5.268982 
  5.600000e-01  5.219775  5.261165 
  5.650000e-01  5.213121  5.253536 
  5.700000e-01  5.206621  5.246090 
  5.750000e-01  5.200274  5.238821 
  5.800000e-01  5.194080  5.231725 
  5.850000e-01  5.188035  5.224799 
  5.900000e-01  5.182139  5.218038 
  5.950000e-01  5.176390  5.211440 
  6.000000e-01  5.170785  5.205001 
  6.050000e-01  5.165322  5.198718 
  6.100000e-01  5.160000  5.192588 
  6.150000e-01  5.154815  5.186610 
  6.200000e-01  5.149767  5.180779 
  6.250000e-01  5.144853  5.175095 
  6.300000e-01  5.140071  5.169554 
  6.350000e-01  5.135420  5.164155 
  6.400000e-01  5.130898  5.158896 
  6.450000e-01  5.126504  5.153774 
  6.500000e-01  5.122237  5.148788 
  6.550000e-01  5.118094  5.143936 
  6.600000e-01  5.114075  5.139216 
  6.650000e-01  5.110178  5.134627 
  6.700000e-01  5.106402  5.130167 
  6.750000e-01  5.102745  5.125834 
  6.800000e-01  5.099206  5.121627 
  6.850000e-01  5.095783  5.117545 
  6.900000e-01  5.092475  5.113585 
  6.950000e-01  5.089279  5.109747 
  7.000000e-01  5.086195  5.106028 
  7.050000e-01  5.083220  5.102426 
  7.100000e-01  5.080351  5.098941 
  7.150000e-01  5.077587  5.095570 
  7.200000e-01  5.074925  5.092311 
  7.250000e-01  5.072364  5.089163 
  7.300000e-01  5.069900  5.086122 
  7.350000e-01  5.067532  5.083188 
  7.400000e-01  5.065256  5.080358 
  7.450000e-01  5.063070  5.077629 
  7.500000e-01  5.060972  5.075000 
  7.550000e-01  5.058959  5.072468 
  7.600000e-01  5.057028  5.070030 
  7.650000e-01  5.055176  5.067685 
  7.700000e-01  5.053400  5.065428 
  7.750000e-01  5.051698  5.063259 
  7.800000e-01  5.050067  5.061174 
  7.850000e-01  5.048503  5.059170 
  7.900000e-01  5.047004  5.057245 
  7.950000e-01  5.045567  5.055396 
  8.000000e-01  5.044190  5.053621 
  8.050000e-01  5.042869  5.051916 
  8.100000e-01  5.041603  5.050280 
  8.150000e-01  5.040388  5.048709 
  8.200000e-01  5.039223  5.047202 
  8.250000e-01  5.038104  5.045754 
  8.300000e-01  5.037030  5.044365 
  8.350000e-01  5.035999  5.043032 
  8.400000e-01  5.035009  5.041752 
  8.450000e-01  5.034057  5.040523 
  8.500000e-01  5.033142  5.039343 
  8.550000e-01  5.032262  5.038209 
  8.600000e-01  5.031415  5.037120 
  8.650000e-01  5.030599  5.036073 
  8.700000e-01  5.029814  5.035067 
  8.750000e-01  5.029057  5.034099 
  8.800000e-01  5.028326  5.033169 
  8.850000e-01  5.027621  5.032273 
  8.900000e-01  5.026940  5.031410 
  8.950000e-01  5.026282  5.030579 
  9.000000e-01  5.025644  5.029778 
  9.050000e-01  5.025028  5.029006 
  9.100000e-01  5.024430  5.028261 
  9.150000e-01  5.023850  5.027541 
  9.200000e-01  5.023287  5.026846 
  9.250000e-01  5.022741  5.026174 
  9.300000e-01  5.022209  5.025523 
  9.350000e-01  5.021692  5.024894 
  9.400000e-01  5.021188  5.024284 
  9.450000e-01  5.020698  5.023693 
  9.500000e-01  5.020219  5.023119 
  9.550000e-01  5.019752  5.022562 
  9.600000e-01  5.019296  5.022020 
  9.650000e-01  5.018850  5.021494 
  9.700000e-01  5.018414  5.020982 
  9.750000e-01  5.017987  5.020483 
  9.800000e-01  5.017570  5.019997 
  9.850000e-01  5.017160  5.019523 
  9.900000e-01  5.016759  5.019060 
  9.950000e-01  5.016365  5.018608 
  1.000000e+00  5.015978  5.018167 
  1.005000e+00  5.015599  5.017735 
  1.010000e+00  5.015226  5.017313 
  1.015000e+00  5.014859  5.016899 
  1.020000e+00  5.014498  5.016494 
  1.025000e+00  5.014143  5.016097 
  1.030000e+00  5.013793  5.015707 
  1.035000e+00  5.013449  5.015325 
  1.040000e+00  5.013109  5.014949 
  1.045000e+00  5.012775  5.014580 
  1.050000e+00  5.012445  5.014218 
  1.055000e+00  5.012120  5.013861 
  1.060000e+00  5.011799  5.013510 
  1.065000e+00  5.011482  5.013165 
  1.070000e+00  5.011169  5.012825 
  1.075000e+00  5.010861  5.012490 
  1.080000e+00  5.010556  5.012160 
  1.085000e+00  5.010255  5.011835 
  1.090000e+00  5.009957  5.011514 
  1.095000e+00  5.009663  5.011198 
  1.100000e+00  5.009372  5.010886 
  1.105000e+00  5.009085  5.010578 
  1.110000e+00  5.008801  5.010274 
  1.115000e+00  5.008520  5.009974 
  1.120000e+00  5.008242  5.009677 
  1.125000e+00  5.007967  5.009385 
  1.130000e+00  5.007695  5.009095 
  1.135000e+00  5.007427  5.008809 
  1.140000e+00  5.007161  5.008527 
  1.145000e+00  5.006897  5.008248 
  1.150000e+00  5.006637  5.007972 
  1.155000e+00  5.006379  5.007699 
  1.160000e+00  5.006124  5.007429 
  1.165000e+00  5.005872  5.007162 
  1.170000e+00  5.005622  5.006897 
  1.175000e+00  5.005375  5.006636 
  1.180000e+00  5.005130  5.006378 
  1.185000e+00  5.004887  5.006122 
  1.190000e+00  5.004647  5.005869 
  1.195000e+00  5.004410  5.005619 
  1.200000e+00  5.004175  5.005371 
  1.205000e+00  5.003942  5.005126 
  1.210000e+00  5.003711  5.004883 
  1.215000e+00  5.003483  5.004643 
  1.220000e+00  5.003257  5.004405 
  1.225000e+00  5.003033  5.004169 
  1.230000e+00  5.002812  5.003936 
  1.235000e+00  5.002592  5.003705 
  1.240000e+00  5.002375  5.003477 
  1.245000e+00  5.002160  5.003251 
  1.250000e+00  5.001946  5.003027 
  1.255000e+00  5.001735  5.002805 
  1.260000e+00  5.001526  5.002586 
  1.265000e+00  5.001319  5.002368 
  1.270000e+00  5.001114  5.002153 
  1.275000e+00  5.000911  5.001940 
  1.280000e+00  5.000710  5.001729 
  1.285000e+00  5.000511  5.001520 
  1.290000e+00  5.000314  5.001313 
  1.295000e+00  5.000118  5.001108 
  1.300000e+00  4.999925  5.000904 
  1.305000e+00  4.999733  5.000703 
  1.310000e+00  4.999543  5.000504 
  1.315000e+00  4.999355  5.000307 
  1.320000e+00  4.999169  5.000112 
  1.325000e+00  4.998984  4.999918 
  1.330000e+00  4.998802  4.999726 
  1.335000e+00  4.998621  4.999536 
  1.340000e+00  4.998441  4.999348 
  1.345000e+00  4.998264  4.999162 
  1.350000e+00  4.998088  4.998978 
  1.355000e+00  4.997913  4.998795 
  1.360000e+00  4.997741  4.998614 
  1.365000e+00  4.997570  4.998435 
  1.370000e+00  4.997400  4.998257 
  1.375000e+00  4.997232  4.998081 
  1.380000e+00  4.997066  4.997907 
  1.385000e+00  4.996901  4.997734 
  1.390000e+00  4.996738  4.997563 
  1.395000e+00  4.996576  4.997393 
  1.400000e+00  4.996416  4.997225 
  1.405000e+00  4.996257  4.997059 
  1.410000e+00  4.996100  4.996894 
  1.415000e+00  4.995944  4.996731 
  1.420000e+00  4.995789  4.996569 
  1.425000e+00  4.995636  4.996409 
  1.430000e+00  4.995485  4.996250 
  1.435000e+00  4.995334  4.996093 
  1.440000e+00  4.995186  4.995937 
  1.445000e+00  4.995038  4.995783 
  1.450000e+00  4.994892  4.995630 
  1.455000e+00  4.994747  4.995478 
  1.460000e+00  4.994604  4.995328 
  1.465000e+00  4.994461  4.995179 
  1.470000e+00  4.994321  4.995032 
  1.475000e+00  4.994181  4.994886 
  1.480000e+00  4.994043  4.994741 
  1.485000e+00  4.993905  4.994597 
  1.490000e+00  4.993770  4.994455 
  1.495000e+00  4.993635  4.994314 
  1.500000e+00  4.993501  4.994175 
  1.505000e+00  4.993369  4.994036 
  1.510000e+00  4.993238  4.993899 
  1.515000e+00  4.993108  4.993763 
  1.520000e+00  4.992979  4.993629 
  1.525000e+00  4.992852  4.993495 
  1.530000e+00  4.992725  4.993363 
  1.535000e+00  4.992600  4.993232 
  1.540000e+00  4.992476  4.993102 
  1.545000e+00  4.992353  4.992973 
  1.550000e+00  4.992230  4.992846 
  1.555000e+00  4.992109  4.992719 
  1.560000e+00  4.991990  4.992594 
  1.565000e+00  4.991871  4.992470 
  1.570000e+00  4.991753  4.992346 
  1.575000e+00  4.991636  4.992224 
  1.580000e+00  4.991520  4.992103 
  1.585000e+00  4.991405  4.991984 
  1.590000e+00  4.991292  4.991865 
  1.595000e+00  4.991179  4.991747 
  1.600000e+00  4.991067  4.991630 
  1.605000e+00  4.990956  4.991514 
  1.610000e+00  4.990846  4.991400 
  1.615000e+00  4.990737  4.991286 
  1.620000e+00  4.990629  4.991173 
  1.625000e+00  4.990522  4.991061 
  1.630000e+00  4.990416  4.990950 
  1.635000e+00  4.990311  4.990841 
  1.640000e+00  4.990207  4.990732 
  1.645000e+00  4.990103  4.990624 
  1.650000e+00  4.990001  4.990517 
  1.655000e+00  4.989899  4.990410 
  1.660000e+00  4.989798  4.990305 
  1.665000e+00  4.989698  4.990201 
  1.670000e+00  4.989599  4.990098 
  1.675000e+00  4.989501  4.989995 
  1.680000e+00  4.989403  4.989893 
  1.685000e+00  4.989307  4.989792 
  1.690000e+00  4.989211  4.989693 
  1.695000e+00  4.989116  4.989593 
  1.700000e+00  4.989022  4.989495 
  1.705000e+00  4.988928  4.989398 
  1.710000e+00  4.988836  4.989301 
  1.715000e+00  4.988744  4.989205 
  1.720000e+00  4.988653  4.989110 
  1.725000e+00  4.988562  4.989016 
  1.730000e+00  4.988473  4.988923 
  1.735000e+00  4.988384  4.988830 
  1.740000e+00  4.988296  4.988738 
  1.745000e+00  4.988208  4.988647 
  1.750000e+00  4.988121  4.988557 
  1.755000e+00  4.988035  4.988467 
  1.760000e+00  4.987950  4.988378 
  1.765000e+00  4.987866  4.988290 
  1.770000e+00  4.987782  4.988203 
  1.775000e+00  4.987699  4.988116 
  1.780000e+00  4.987616  4.988030 
  1.785000e+00  4.987534  4.987945 
  1.790000e+00  4.987453  4.987860 
  1.795000e+00  4.987373  4.987777 
  1.800000e+00  4.987293  4.987693 
  1.805000e+00  4.987213  4.987611 
  1.810000e+00  4.987135  4.987529 
  1.815000e+00  4.987057  4.987448 
  1.820000e+00  4.986980  4.987367 
  1.825000e+00  4.986903  4.987288 
  1.830000e+00  4.986827  4.987208 
  1.835000e+00  4.986751  4.987130 
  1.840000e+00  4.986676  4.987052 
  1.845000e+00  4.986602  4.986975 
  1.850000e+00  4.986529  4.986898 
  1.855000e+00  4.986455  4.986822 
  1.860000e+00  4.986383  4.986746 
  1.865000e+00  4.986311  4.986672 
  1.870000e+00  4.986240  4.986597 
  1.875000e+00  4.986169  4.986524 
  1.880000e+00  4.986099  4.986451 
  1.885000e+00  4.986029  4.986378 
  1.890000e+00  4.985960  4.986306 
  1.895000e+00  4.985891  4.986235 
  1.900000e+00  4.985823  4.986164 
  1.905000e+00  4.985756  4.986094 
  1.910000e+00  4.985689  4.986024 
  1.915000e+00  4.985622  4.985955 
  1.920000e+00  4.985556  4.985886 
  1.925000e+00  4.985491  4.985818 
  1.930000e+00  4.985426  4.985751 
  1.935000e+00  4.985361  4.985684 
  1.940000e+00  4.985297  4.985617 
  1.945000e+00  4.985234  4.985551 
  1.950000e+00  4.985171  4.985486 
  1.955000e+00  4.985108  4.985421 
  1.960000e+00  4.985046  4.985357 
  1.965000e+00  4.984985  4.985293 
  1.970000e+00  4.984924  4.985229 
  1.975000e+00  4.984863  4.985166 
  1.980000e+00  4.984803  4.985104 
  1.985000e+00  4.984744  4.985042 
  1.990000e+00  4.984684  4.984981 
  1.995000e+00  4.984626  4.984920 
  2.000000e+00  4.984567  4.984859 
  2.005000e+00  4.984510  4.984799 
  2.010000e+00  4.984452  4.984739 
  2.015000e+00  4.984395  4.984680 
  2.020000e+00  4.984339  4.984621 
  2.025000e+00  4.984282  4.984563 
  2.030000e+00  4.984227  4.984505 
  2.035000e+00  4.984171  4.984448 
  2.040000e+00  4.984117  4.984391 
  2.045000e+00  4.984062  4.984334 
  2.050000e+00  4.984008  4.984278 
  2.055000e+00  4.983954  4.984223 
  2.060000e+00  4.983901  4.984167 
  2.065000e+00  4.983848  4.984112 
  2.070000e+00  4.983796  4.984058 
  2.075000e+00  4.983744  4.984004 
  2.080000e+00  4.983692  4.983950 
  2.085000e+00  4.983641  4.983897 
  2.090000e+00  4.983590  4.983844 
  2.095000e+00  4.983539  4.983792 
  2.100000e+00  4.983489  4.983740 
  2.105000e+00  4.983439  4.983688 
  2.110000e+00  4.983390  4.983637 
  2.115000e+00  4.983341  4.983586 
  2.120000e+00  4.983292  4.983535 
  2.125000e+00  4.983244  4.983485 
  2.130000e+00  4.983196  4.983435 
  2.135000e+00  4.983148  4.983386 
  2.140000e+00  4.983101  4.983337 
  2.145000e+00  4.983054  4.983288 
  2.150000e+00  4.983007  4.983240 
  2.155000e+00  4.982961  4.983192 
  2.160000e+00  4.982915  4.983144 
  2.165000e+00  4.982869  4.983097 
  2.170000e+00  4.982824  4.983050 
  2.175000e+00  4.982779  4.983003 
  2.180000e+00  4.982734  4.982957 
  2.185000e+00  4.982690  4.982911 
  2.190000e+00  4.982646  4.982866 
  2.195000e+00  4.982602  4.982820 
  2.200000e+00  4.982559  4.982775 
  2.205000e+00  4.982516  4.982731 
  2.210000e+00  4.982473  4.982686 
  2.215000e+00  4.982431  4.982642 
  2.220000e+00  4.982388  4.982599 
  2.225000e+00  4.982347  4.982555 
  2.230000e+00  4.982305  4.982512 
  2.235000e+00  4.982264  4.982470 
  2.240000e+00  4.982223  4.982427 
  2.245000e+00  4.982182  4.982385 
  2.250000e+00  4.982142  4.982343 
  2.255000e+00  4.982102  4.982302 
  2.260000e+00  4.982062  4.982260 
  2.265000e+00  4.982022  4.982219 
  2.270000e+00  4.981983  4.982179 
  2.275000e+00  4.981944  4.982138 
  2.280000e+00  4.981905  4.982098 
  2.285000e+00  4.981867  4.982058 
  2.290000e+00  4.981828  4.982019 
  2.295000e+00  4.981791  4.981980 
  2.300000e+00  4.981753  4.981941 
  2.305000e+00  4.981716  4.981902 
  2.310000e+00  4.981678  4.981863 
  2.315000e+00  4.981642  4.981825 
  2.320000e+00  4.981605  4.981787 
  2.325000e+00  4.981569  4.981750 
  2.330000e+00  4.981532  4.981712 
  2.335000e+00  4.981497  4.981675 
  2.340000e+00  4.981461  4.981638 
  2.345000e+00  4.981426  4.981602 
  2.350000e+00  4.981390  4.981565 
  2.355000e+00  4.981355  4.981529 
  2.360000e+00  4.981321  4.981493 
  2.365000e+00  4.981286  4.981458 
  2.370000e+00  4.981252  4.981422 
  2.375000e+00  4.981218  4.981387 
  2.380000e+00  4.981185  4.981352 
  2.385000e+00  4.981151  4.981318 
  2.390000e+00  4.981118  4.981283 
  2.395000e+00  4.981085  4.981249 
  2.400000e+00  4.981052  4.981215 
  2.405000e+00  4.981019  4.981182 
  2.410000e+00  4.980987  4.981148 
  2.415000e+00  4.980955  4.981115 
  2.420000e+00  4.980923  4.981082 
  2.425000e+00  4.980891  4.981049 
  2.430000e+00  4.980860  4.981016 
  2.435000e+00  4.980828  4.980984 
  2.440000e+00  4.980797  4.980952 
  2.445000e+00  4.980766  4.980920 
  2.450000e+00  4.980736  4.980888 
  2.455000e+00  4.980705  4.980857 
  2.460000e+00  4.980675  4.980826 
  2.465000e+00  4.980645  4.980795 
  2.470000e+00  4.980615  4.980764 
  2.475000e+00  4.980585  4.980733 
  2.480000e+00  4.980556  4.980703 
  2.485000e+00  4.980527  4.980672 
  2.490000e+00  4.980498  4.980642 
  2.495000e+00  4.980469  4.980612 
  2.500000e+00  4.980440  4.980583 
  2.505000e+00  4.980412  4.980553 
  2.510000e+00  4.980383  4.980524 
  2.515000e+00  4.980355  4.980495 
  2.520000e+00  4.980327  4.980466 
  2.525000e+00  4.980299  4.980437 
  2.530000e+00  4.980272  4.980409 
  2.535000e+00  4.980244  4.980381 
  2.540000e+00  4.980217  4.980353 
  2.545000e+00  4.980190  4.980325 
  2.550000e+00  4.980163  4.980297 
  2.555000e+00  4.980137  4.980269 
  2.560000e+00  4.980110  4.980242 
  2.565000e+00  4.980084  4.980215 
  2.570000e+00  4.980058  4.980188 
  2.575000e+00  4.980032  4.980161 
  2.580000e+00  4.980006  4.980134 
  2.585000e+00  4.979980  4.980108 
  2.590000e+00  4.979955  4.980081 
  2.595000e+00  4.979929  4.980055 
  2.600000e+00  4.979904  4.980029 
  2.605000e+00  4.979879  4.980003 
  2.610000e+00  4.979854  4.979978 
  2.615000e+00  4.979829  4.979952 
  2.620000e+00  4.979805  4.979927 
  2.625000e+00  4.979781  4.979902 
  2.630000e+00  4.979756  4.979877 
  2.635000e+00  4.979732  4.979852 
  2.640000e+00  4.979708  4.979827 
  2.645000e+00  4.979685  4.979803 
  2.650000e+00  4.979661  4.979778 
  2.655000e+00  4.979638  4.979754 
  2.660000e+00  4.979614  4.979730 
  2.665000e+00  4.979591  4.979706 
  2.670000e+00  4.979568  4.979682 
  2.675000e+00  4.979545  4.979659 
  2.680000e+00  4.979523  4.979635 
  2.685000e+00  4.979500  4.979612 
  2.690000e+00  4.979478  4.979589 
  2.695000e+00  4.979455  4.979566 
  2.700000e+00  4.979433  4.979543 
  2.705000e+00  4.979411  4.979520 
  2.710000e+00  4.979389  4.979498 
  2.715000e+00  4.979368  4.979475 
  2.720000e+00  4.979346  4.979453 
  2.725000e+00  4.979325  4.979431 
  2.730000e+00  4.979303  4.979409 
  2.735000e+00  4.979282  4.979387 
  2.740000e+00  4.979261  4.979365 
  2.745000e+00  4.979240  4.979344 
  2.750000e+00  4.979219  4.979322 
  2.755000e+00  4.979199  4.979301 
  2.760000e+00  4.979178  4.979280 
  2.765000e+00  4.979158  4.979259 
  2.770000e+00  4.979137  4.979238 
  2.775000e+00  4.979117  4.979217 
  2.780000e+00  4.979097  4.979197 
  2.785000e+00  4.979077  4.979176 
  2.790000e+00  4.979058  4.979156 
  2.795000e+00  4.979038  4.979135 
  2.800000e+00  4.979018  4.979115 
  2.805000e+00  4.978999  4.979095 
  2.810000e+00  4.978980  4.979075 
  2.815000e+00  4.978960  4.979056 
  2.820000e+00  4.978941  4.979036 
  2.825000e+00  4.978922  4.979016 
  2.830000e+00  4.978904  4.978997 
  2.835000e+00  4.978885  4.978978 
  2.840000e+00  4.978866  4.978959 
  2.845000e+00  4.978848  4.978940 
  2.850000e+00  4.978829  4.978921 
  2.855000e+00  4.978811  4.978902 
  2.860000e+00  4.978793  4.978883 
  2.865000e+00  4.978775  4.978864 
  2.870000e+00  4.978757  4.978846 
  2.875000e+00  4.978739  4.978828 
  2.880000e+00  4.978722  4.978809 
  2.885000e+00  4.978704  4.978791 
  2.890000e+00  4.978687  4.978773 
  2.895000e+00  4.978669  4.978755 
  2.900000e+00  4.978652  4.978738 
  2.905000e+00  4.978635  4.978720 
  2.910000e+00  4.978618  4.978702 
  2.915000e+00  4.978601  4.978685 
  2.920000e+00  4.978584  4.978667 
  2.925000e+00  4.978567  4.978650 
  2.930000e+00  4.978550  4.978633 
  2.935000e+00  4.978534  4.978616 
  2.940000e+00  4.978517  4.978599 
  2.945000e+00  4.978501  4.978582 
  2.950000e+00  4.978485  4.978565 
  2.955000e+00  4.978469  4.978549 
  2.960000e+00  4.978453  4.978532 
  2.965000e+00  4.978437  4.978516 
  2.970000e+00  4.978421  4.978499 
  2.975000e+00  4.978405  4.978483 
  2.980000e+00  4.978389  4.978467 
  2.985000e+00  4.978374  4.978451 
  2.990000e+00  4.978358  4.978435 
  2.995000e+00  4.978343  4.978419 
  3.000000e+00  4.978327  4.978403 
  3.005000e+00  4.978312  4.978388 
  3.010000e+00  4.978297  4.978372 
  3.015000e+00  4.978282  4.978357 
  3.020000e+00  4.978267  4.978341 
  3.025000e+00  4.978252  4.978326 
  3.030000e+00  4.978238  4.978311 
  3.035000e+00  4.978223  4.978296 
  3.040000e+00  4.978208  4.978281 
  3.045000e+00  4.978194  4.978266 
  3.050000e+00  4.978179  4.978251 
  3.055000e+00  4.978165  4.978236 
  3.060000e+00  4.978151  4.978221 
  3.065000e+00  4.978137  4.978207 
  3.070000e+00  4.978122  4.978192 
  3.075000e+00  4.978108  4.978178 
  3.080000e+00  4.978095  4.978164 
  3.085000e+00  4.978081  4.978149 
  3.090000e+00  4.978067  4.978135 
  3.095000e+00  4.978053  4.978121 
  3.100000e+00  4.978040  4.978107 
  3.105000e+00  4.978026  4.978093 
  3.110000e+00  4.978013  4.978079 
  3.115000e+00  4.977999  4.978066 
  3.120000e+00  4.977986  4.978052 
  3.125000e+00  4.977973  4.978038 
  3.130000e+00  4.977960  4.978025 
  3.135000e+00  4.977947  4.978011 
  3.140000e+00  4.977934  4.977998 
  3.145000e+00  4.977921  4.977985 
  3.150000e+00  4.977908  4.977972 
  3.155000e+00  4.977895  4.977958 
  3.160000e+00  4.977883  4.977945 
  3.165000e+00  4.977870  4.977932 
  3.170000e+00  4.977857  4.977920 
  3.175000e+00  4.977845  4.977907 
  3.180000e+00  4.977833  4.977894 
  3.185000e+00  4.977820  4.977881 
  3.190000e+00  4.977808  4.977869 
  3.195000e+00  4.977796  4.977856 
  3.200000e+00  4.977784  4.977844 
  3.205000e+00  4.977772  4.977831 
  3.210000e+00  4.977760  4.977819 
  3.215000e+00  4.977748  4.977807 
  3.220000e+00  4.977736  4.977795 
  3.225000e+00  4.977724  4.977783 
  3.230000e+00  4.977713  4.977771 
  3.235000e+00  4.977701  4.977759 
  3.240000e+00  4.977690  4.977747 
  3.245000e+00  4.977678  4.977735 
  3.250000e+00  4.977667  4.977723 
  3.255000e+00  4.977655  4.977711 
  3.260000e+00  4.977644  4.977700 
  3.265000e+00  4.977633  4.977688 
  3.270000e+00  4.977622  4.977677 
  3.275000e+00  4.977611  4.977665 
  3.280000e+00  4.977599  4.977654 
  3.285000e+00  4.977589  4.977643 
  3.290000e+00  4.977578  4.977632 
  3.295000e+00  4.977567  4.977620 
  3.300000e+00  4.977556  4.977609 
  3.305000e+00  4.977545  4.977598 
  3.310000e+00  4.977535  4.977587 
  3.315000e+00  4.977524  4.977576 
  3.320000e+00  4.977513  4.977566 
  3.325000e+00  4.977503  4.977555 
  3.330000e+00  4.977493  4.977544 
  3.335000e+00  4.977482  4.977534 
  3.340000e+00  4.977472  4.977523 
  3.345000e+00  4.977462  4.977512 
  3.350000e+00  4.977452  4.977502 
  3.355000e+00  4.977441  4.977492 
  3.360000e+00  4.977431  4.977481 
  3.365000e+00  4.977421  4.977471 
  3.370000e+00  4.977411  4.977461 
  3.375000e+00  4.977401  4.977450 
  3.380000e+00  4.977392  4.977440 
  3.385000e+00  4.977382  4.977430 
  3.390000e+00  4.977372  4.977420 
  3.395000e+00  4.977362  4.977410 
  3.400000e+00  4.977353  4.977400 
  3.405000e+00  4.977343  4.977391 
  3.410000e+00  4.977334  4.977381 
  3.415000e+00  4.977324  4.977371 
  3.420000e+00  4.977315  4.977361 
  3.425000e+00  4.977305  4.977352 
  3.430000e+00  4.977296  4.977342 
  3.435000e+00  4.977287  4.977333 
  3.440000e+00  4.977278  4.977323 
  3.445000e+00  4.977269  4.977314 
  3.450000e+00  4.977259  4.977305 
  3.455000e+00  4.977250  4.977295 
  3.460000e+00  4.977241  4.977286 
  3.465000e+00  4.977233  4.977277 
  3.470000e+00  4.977224  4.977268 
  3.475000e+00  4.977215  4.977259 
  3.480000e+00  4.977206  4.977250 
  3.485000e+00  4.977197  4.977241 
  3.490000e+00  4.977189  4.977232 
  3.495000e+00  4.977180  4.977223 
  3.500000e+00  4.977171  4.977214 
  3.505000e+00  4.977163  4.977205 
  3.510000e+00  4.977154  4.977196 
  3.515000e+00  4.977146  4.977188 
  3.520000e+00  4.977137  4.977179 
  3.525000e+00  4.977129  4.977170 
  3.530000e+00  4.977121  4.977162 
  3.535000e+00  4.977112  4.977153 
  3.540000e+00  4.977104  4.977145 
  3.545000e+00  4.977096  4.977136 
  3.550000e+00  4.977088  4.977128 
  3.555000e+00  4.977080  4.977120 
  3.560000e+00  4.977072  4.977112 
  3.565000e+00  4.977064  4.977103 
  3.570000e+00  4.977056  4.977095 
  3.575000e+00  4.977048  4.977087 
  3.580000e+00  4.977040  4.977079 
  3.585000e+00  4.977032  4.977071 
  3.590000e+00  4.977024  4.977063 
  3.595000e+00  4.977017  4.977055 
  3.600000e+00  4.977009  4.977047 
  3.605000e+00  4.977001  4.977039 
  3.610000e+00  4.976994  4.977031 
  3.615000e+00  4.976986  4.977024 
  3.620000e+00  4.976979  4.977016 
  3.625000e+00  4.976971  4.977008 
  3.630000e+00  4.976964  4.977000 
  3.635000e+00  4.976956  4.976993 
  3.640000e+00  4.976949  4.976985 
  3.645000e+00  4.976942  4.976978 
  3.650000e+00  4.976934  4.976970 
  3.655000e+00  4.976927  4.976963 
  3.660000e+00  4.976920  4.976955 
  3.665000e+00  4.976913  4.976948 
  3.670000e+00  4.976906  4.976941 
  3.675000e+00  4.976898  4.976933 
  3.680000e+00  4.976891  4.976926 
  3.685000e+00  4.976884  4.976919 
  3.690000e+00  4.976877  4.976912 
  3.695000e+00  4.976870  4.976905 
  3.700000e+00  4.976864  4.976898 
  3.705000e+00  4.976857  4.976891 
  3.710000e+00  4.976850  4.976884 
  3.715000e+00  4.976843  4.976877 
  3.720000e+00  4.976836  4.976870 
  3.725000e+00  4.976830  4.976863 
  3.730000e+00  4.976823  4.976856 
  3.735000e+00  4.976816  4.976849 
  3.740000e+00  4.976810  4.976842 
  3.745000e+00  4.976803  4.976836 
  3.750000e+00  4.976797  4.976829 
  3.755000e+00  4.976790  4.976822 
  3.760000e+00  4.976784  4.976816 
  3.765000e+00  4.976777  4.976809 
  3.770000e+00  4.976771  4.976802 
  3.775000e+00  4.976765  4.976796 
  3.780000e+00  4.976758  4.976789 
  3.785000e+00  4.976752  4.976783 
  3.790000e+00  4.976746  4.976777 
  3.795000e+00  4.976739  4.976770 
  3.800000e+00  4.976733  4.976764 
  3.805000e+00  4.976727  4.976758 
  3.810000e+00  4.976721  4.976751 
  3.815000e+00  4.976715  4.976745 
  3.820000e+00  4.976709  4.976739 
  3.825000e+00  4.976703  4.976733 
  3.830000e+00  4.976697  4.976726 
  3.835000e+00  4.976691  4.976720 
  3.840000e+00  4.976685  4.976714 
  3.845000e+00  4.976679  4.976708 
  3.850000e+00  4.976673  4.976702 
  3.855000e+00  4.976667  4.976696 
  3.860000e+00  4.976662  4.976690 
  3.865000e+00  4.976656  4.976684 
  3.870000e+00  4.976650  4.976678 
  3.875000e+00  4.976644  4.976673 
  3.880000e+00  4.976639  4.976667 
  3.885000e+00  4.976633  4.976661 
  3.890000e+00  4.976627  4.976655 
  3.895000e+00  4.976622  4.976649 
  3.900000e+00  4.976616  4.976644 
  3.905000e+00  4.976611  4.976638 
  3.910000e+00  4.976605  4.976632 
  3.915000e+00  4.976600  4.976627 
  3.920000e+00  4.976594  4.976621 
  3.925000e+00  4.976589  4.976616 
  3.930000e+00  4.976584  4.976610 
  3.935000e+00  4.976578  4.976605 
  3.940000e+00  4.976573  4.976599 
  3.945000e+00  4.976568  4.976594 
  3.950000e+00  4.976562  4.976588 
  3.955000e+00  4.976557  4.976583 
  3.960000e+00  4.976552  4.976578 
  3.965000e+00  4.976547  4.976572 
  3.970000e+00  4.976542  4.976567 
  3.975000e+00  4.976536  4.976562 
  3.980000e+00  4.976531  4.976557 
  3.985000e+00  4.976526  4.976551 
  3.990000e+00  4.976521  4.976546 
  3.995000e+00  4.976516  4.976541 
  4.000000e+00  4.976511  4.976536 
