  5.000000e-03  17.263932  18.197990 
  7.500000e-03  16.108443  17.624118 
  1.000000e-02  15.499213  17.116048 
  1.250000e-02  15.160851  16.581776 
  1.500000e-02  14.848851  16.028604 
  1.750000e-02  14.438382  15.474870 
  2.000000e-02  13.888042  14.882973 
  2.250000e-02  13.234735  14.299761 
  2.500000e-02  12.535805  13.714287 
  2.750000e-02  11.851008  13.133869 
  3.000000e-02  11.231712  12.571991 
  3.250000e-02  10.706267  12.038373 
  3.500000e-02  10.270165  11.536239 
  3.750000e-02  9.894431  11.066550 
  4.000000e-02  9.546090  10.629755 
  4.250000e-02  9.210914  10.229943 
  4.500000e-02  8.870267  9.831360 
  4.750000e-02  8.548335  9.483802 
  5.000000e-02  8.262305  9.167843 
  5.250000e-02  8.018219  8.876192 
  5.500000e-02  7.813041  8.606730 
  5.750000e-02  7.640297  8.360501 
  6.000000e-02  7.494417  8.139250 
  6.250000e-02  7.370728  7.942141 
  6.500000e-02  7.266704  7.770716 
  6.750000e-02  7.180634  7.622826 
  7.000000e-02  7.110467  7.495990 
  7.250000e-02  7.053605  7.387508 
  7.500000e-02  7.007221  7.294733 
  7.750000e-02  6.968700  7.215247 
  8.000000e-02  6.935895  7.146882 
  8.250000e-02  6.905696  7.085463 
  8.500000e-02  6.877910  7.032692 
  8.750000e-02  6.851941  6.986135 
  9.000000e-02  6.826976  6.944246 
  9.250000e-02  6.802217  6.905905 
  9.500000e-02  6.777100  6.870303 
  9.750000e-02  6.751258  6.836374 
  1.000000e-01  6.724778  6.804396 
  1.025000e-01  6.698031  6.773838 
  1.050000e-01  6.671360  6.744377 
  1.075000e-01  6.644972  6.715801 
  1.100000e-01  6.618968  6.687979 
  1.125000e-01  6.593408  6.660846 
  1.150000e-01  6.568364  6.634370 
  1.175000e-01  6.543924  6.608537 
  1.200000e-01  6.520161  6.583331 
  1.225000e-01  6.497125  6.558753 
  1.250000e-01  6.474818  6.534801 
  1.275000e-01  6.453214  6.511478 
  1.300000e-01  6.432271  6.488789 
  1.325000e-01  6.411957  6.466739 
  1.350000e-01  6.392247  6.445331 
  1.375000e-01  6.373120  6.424552 
  1.400000e-01  6.354561  6.404388 
  1.425000e-01  6.336554  6.384822 
  1.450000e-01  6.319079  6.365834 
  1.475000e-01  6.302112  6.347404 
  1.500000e-01  6.285628  6.329509 
  1.525000e-01  6.269598  6.312128 
  1.550000e-01  6.254001  6.295239 
  1.575000e-01  6.238812  6.278822 
  1.600000e-01  6.224013  6.262854 
  1.625000e-01  6.209585  6.247314 
  1.650000e-01  6.195505  6.232173 
  1.675000e-01  6.181758  6.217419 
  1.700000e-01  6.168326  6.203030 
  1.725000e-01  6.155189  6.188986 
  1.750000e-01  6.142328  6.175267 
  1.775000e-01  6.129723  6.161853 
  1.800000e-01  6.117358  6.148729 
  1.825000e-01  6.105219  6.135876 
  1.850000e-01  6.093292  6.123282 
  1.875000e-01  6.081568  6.110932 
  1.900000e-01  6.070039  6.098814 
  1.925000e-01  6.058699  6.086917 
  1.950000e-01  6.047542  6.075232 
  1.975000e-01  6.036563  6.063749 
  2.000000e-01  6.025758  6.052459 
  2.025000e-01  6.015121  6.041356 
  2.050000e-01  6.004647  6.030433 
  2.075000e-01  5.994331  6.019683 
  2.100000e-01  5.984167  6.009099 
  2.125000e-01  5.974149  5.998676 
  2.150000e-01  5.964272  5.988408 
  2.175000e-01  5.954530  5.978290 
  2.200000e-01  5.944917  5.968316 
  2.225000e-01  5.935430  5.958480 
  2.250000e-01  5.926062  5.948778 
  2.275000e-01  5.916810  5.939204 
  2.300000e-01  5.907667  5.929754 
  2.325000e-01  5.898630  5.920422 
  2.350000e-01  5.889695  5.911203 
  2.375000e-01  5.880856  5.902094 
  2.400000e-01  5.872110  5.893089 
  2.425000e-01  5.863453  5.884185 
  2.450000e-01  5.854880  5.875376 
  2.475000e-01  5.846388  5.866659 
  2.500000e-01  5.837973  5.858031 
  2.525000e-01  5.829634  5.849486 
  2.550000e-01  5.821365  5.841023 
  2.575000e-01  5.813165  5.832637 
  2.600000e-01  5.805031  5.824325 
  2.625000e-01  5.796960  5.816085 
  2.650000e-01  5.788950  5.807913 
  2.675000e-01  5.781000  5.799807 
  2.700000e-01  5.773106  5.791764 
  2.725000e-01  5.765266  5.783782 
  2.750000e-01  5.757480  5.775859 
  2.775000e-01  5.749746  5.767993 
  2.800000e-01  5.742061  5.760181 
  2.825000e-01  5.734425  5.752422 
  2.850000e-01  5.726836  5.744715 
  2.875000e-01  5.719293  5.737057 
  2.900000e-01  5.711795  5.729448 
  2.925000e-01  5.704341  5.721886 
  2.950000e-01  5.696930  5.714371 
  2.975000e-01  5.689562  5.706900 
  3.000000e-01  5.682236  5.699474 
  3.025000e-01  5.674951  5.692091 
  3.050000e-01  5.667707  5.684751 
  3.075000e-01  5.660505  5.677453 
  3.100000e-01  5.653342  5.670198 
  3.125000e-01  5.646221  5.662983 
  3.150000e-01  5.639140  5.655810 
  3.175000e-01  5.632100  5.648679 
  3.200000e-01  5.625101  5.641588 
  3.225000e-01  5.618143  5.634539 
  3.250000e-01  5.611226  5.627531 
  3.275000e-01  5.604351  5.620564 
  3.300000e-01  5.597519  5.613640 
  3.325000e-01  5.590729  5.606757 
  3.350000e-01  5.583983  5.599917 
  3.375000e-01  5.577281  5.593120 
  3.400000e-01  5.570624  5.586366 
  3.425000e-01  5.564012  5.579657 
  3.450000e-01  5.557446  5.572992 
  3.475000e-01  5.550927  5.566372 
  3.500000e-01  5.544456  5.559799 
  3.525000e-01  5.538032  5.553272 
  3.550000e-01  5.531658  5.546793 
  3.575000e-01  5.525334  5.540361 
  3.600000e-01  5.519060  5.533979 
  3.625000e-01  5.512838  5.527646 
  3.650000e-01  5.506667  5.521363 
  3.675000e-01  5.500550  5.515132 
  3.700000e-01  5.494485  5.508952 
  3.725000e-01  5.488475  5.502824 
  3.750000e-01  5.482519  5.496749 
  3.775000e-01  5.476619  5.490728 
  3.800000e-01  5.470774  5.484762 
  3.825000e-01  5.464986  5.478850 
  3.850000e-01  5.459254  5.472993 
  3.875000e-01  5.453579  5.467192 
  3.900000e-01  5.447961  5.461447 
  3.925000e-01  5.442401  5.455759 
  3.950000e-01  5.436898  5.450128 
  3.975000e-01  5.431454  5.444553 
  4.000000e-01  5.426068  5.439037 
  4.025000e-01  5.420740  5.433577 
  4.050000e-01  5.415469  5.428176 
  4.075000e-01  5.410257  5.422832 
  4.100000e-01  5.405103  5.417546 
  4.125000e-01  5.400007  5.412318 
  4.150000e-01  5.394968  5.407147 
  4.175000e-01  5.389987  5.402034 
  4.200000e-01  5.385063  5.396978 
  4.225000e-01  5.380196  5.391980 
  4.250000e-01  5.375384  5.387038 
  4.275000e-01  5.370629  5.382153 
  4.300000e-01  5.365929  5.377324 
  4.325000e-01  5.361285  5.372550 
  4.350000e-01  5.356694  5.367832 
  4.375000e-01  5.352158  5.363169 
  4.400000e-01  5.347675  5.358560 
  4.425000e-01  5.343245  5.354006 
  4.450000e-01  5.338866  5.349504 
  4.475000e-01  5.334539  5.345055 
  4.500000e-01  5.330263  5.340658 
  4.525000e-01  5.326038  5.336313 
  4.550000e-01  5.321861  5.332018 
  4.575000e-01  5.317733  5.327774 
  4.600000e-01  5.313653  5.323579 
  4.625000e-01  5.309621  5.319433 
  4.650000e-01  5.305635  5.315335 
  4.675000e-01  5.301695  5.311284 
  4.700000e-01  5.297800  5.307281 
  4.725000e-01  5.293950  5.303323 
  4.750000e-01  5.290143  5.299410 
  4.775000e-01  5.286379  5.295542 
  4.800000e-01  5.282658  5.291718 
  4.825000e-01  5.278978  5.287938 
  4.850000e-01  5.275340  5.284199 
  4.875000e-01  5.271741  5.280503 
  4.900000e-01  5.268182  5.276848 
  4.925000e-01  5.264662  5.273233 
  4.950000e-01  5.261181  5.269658 
  4.975000e-01  5.257737  5.266122 
  5.000000e-01  5.254330  5.262625 
  5.025000e-01  5.250960  5.259166 
  5.050000e-01  5.247626  5.255744 
  5.075000e-01  5.244327  5.252359 
  5.100000e-01  5.241063  5.249010 
  5.125000e-01  5.237834  5.245697 
  5.150000e-01  5.234638  5.242419 
  5.175000e-01  5.231476  5.239175 
  5.200000e-01  5.228346  5.235965 
  5.225000e-01  5.225250  5.232789 
  5.250000e-01  5.222185  5.229647 
  5.275000e-01  5.219152  5.226537 
  5.300000e-01  5.216150  5.223459 
  5.325000e-01  5.213179  5.220413 
  5.350000e-01  5.210239  5.217398 
  5.375000e-01  5.207329  5.214415 
  5.400000e-01  5.204448  5.211462 
  5.425000e-01  5.201598  5.208540 
  5.450000e-01  5.198777  5.205648 
  5.475000e-01  5.195984  5.202785 
  5.500000e-01  5.193221  5.199953 
  5.525000e-01  5.190486  5.197149 
  5.550000e-01  5.187780  5.194374 
  5.575000e-01  5.185102  5.191628 
  5.600000e-01  5.182452  5.188911 
  5.625000e-01  5.179830  5.186222 
  5.650000e-01  5.177236  5.183561 
  5.675000e-01  5.174669  5.180928 
  5.700000e-01  5.172129  5.178323 
  5.725000e-01  5.169617  5.175745 
  5.750000e-01  5.167132  5.173195 
  5.775000e-01  5.164675  5.170673 
  5.800000e-01  5.162244  5.168177 
  5.825000e-01  5.159840  5.165709 
  5.850000e-01  5.157463  5.163268 
  5.875000e-01  5.155113  5.160854 
  5.900000e-01  5.152789  5.158467 
  5.925000e-01  5.150493  5.156106 
  5.950000e-01  5.148223  5.153773 
  5.975000e-01  5.145979  5.151466 
  6.000000e-01  5.143762  5.149186 
  6.025000e-01  5.141571  5.146932 
  6.050000e-01  5.139407  5.144705 
  6.075000e-01  5.137270  5.142504 
  6.100000e-01  5.135158  5.140330 
  6.125000e-01  5.133073  5.138182 
  6.150000e-01  5.131014  5.136061 
  6.175000e-01  5.128982  5.133966 
  6.200000e-01  5.126976  5.131897 
  6.225000e-01  5.124995  5.129854 
  6.250000e-01  5.123041  5.127838 
  6.275000e-01  5.121113  5.125848 
  6.300000e-01  5.119211  5.123883 
  6.325000e-01  5.117334  5.121945 
  6.350000e-01  5.115484  5.120033 
  6.375000e-01  5.113659  5.118146 
  6.400000e-01  5.111860  5.116286 
  6.425000e-01  5.110086  5.114451 
  6.450000e-01  5.108338  5.112641 
  6.475000e-01  5.106616  5.110858 
  6.500000e-01  5.104918  5.109099 
  6.525000e-01  5.103246  5.107366 
  6.550000e-01  5.101598  5.105659 
  6.575000e-01  5.099976  5.103976 
  6.600000e-01  5.098378  5.102318 
  6.625000e-01  5.096804  5.100686 
  6.650000e-01  5.095256  5.099078 
  6.675000e-01  5.093731  5.097494 
  6.700000e-01  5.092230  5.095935 
  6.725000e-01  5.090754  5.094400 
  6.750000e-01  5.089300  5.092890 
  6.775000e-01  5.087871  5.091403 
  6.800000e-01  5.086465  5.089940 
  6.825000e-01  5.085082  5.088500 
  6.850000e-01  5.083721  5.087084 
  6.875000e-01  5.082384  5.085691 
  6.900000e-01  5.081069  5.084321 
  6.925000e-01  5.079776  5.082973 
  6.950000e-01  5.078505  5.081648 
  6.975000e-01  5.077255  5.080346 
  7.000000e-01  5.076028  5.079065 
  7.025000e-01  5.074821  5.077806 
  7.050000e-01  5.073635  5.076569 
  7.075000e-01  5.072470  5.075352 
  7.100000e-01  5.071326  5.074157 
  7.125000e-01  5.070201  5.072983 
  7.150000e-01  5.069097  5.071829 
  7.175000e-01  5.068012  5.070696 
  7.200000e-01  5.066946  5.069582 
  7.225000e-01  5.065900  5.068488 
  7.250000e-01  5.064872  5.067414 
  7.275000e-01  5.063863  5.066358 
  7.300000e-01  5.062872  5.065322 
  7.325000e-01  5.061899  5.064304 
  7.350000e-01  5.060943  5.063304 
  7.375000e-01  5.060005  5.062323 
  7.400000e-01  5.059084  5.061359 
  7.425000e-01  5.058180  5.060413 
  7.450000e-01  5.057292  5.059483 
  7.475000e-01  5.056420  5.058571 
  7.500000e-01  5.055565  5.057676 
  7.525000e-01  5.054725  5.056796 
  7.550000e-01  5.053900  5.055933 
  7.575000e-01  5.053090  5.055085 
  7.600000e-01  5.052296  5.054253 
  7.625000e-01  5.051515  5.053436 
  7.650000e-01  5.050749  5.052634 
  7.675000e-01  5.049997  5.051847 
  7.700000e-01  5.049259  5.051074 
  7.725000e-01  5.048534  5.050315 
  7.750000e-01  5.047823  5.049570 
  7.775000e-01  5.047124  5.048839 
  7.800000e-01  5.046438  5.048121 
  7.825000e-01  5.045765  5.047416 
  7.850000e-01  5.045103  5.046724 
  7.875000e-01  5.044454  5.046044 
  7.900000e-01  5.043816  5.045376 
  7.925000e-01  5.043189  5.044721 
  7.950000e-01  5.042574  5.044077 
  7.975000e-01  5.041970  5.043445 
  8.000000e-01  5.041377  5.042825 
  8.025000e-01  5.040794  5.042215 
  8.050000e-01  5.040221  5.041616 
  8.075000e-01  5.039658  5.041028 
  8.100000e-01  5.039106  5.040450 
  8.125000e-01  5.038563  5.039883 
  8.150000e-01  5.038029  5.039325 
  8.175000e-01  5.037504  5.038777 
  8.200000e-01  5.036989  5.038239 
  8.225000e-01  5.036482  5.037709 
  8.250000e-01  5.035984  5.037190 
  8.275000e-01  5.035495  5.036678 
  8.300000e-01  5.035014  5.036176 
  8.325000e-01  5.034540  5.035682 
  8.350000e-01  5.034075  5.035197 
  8.375000e-01  5.033618  5.034720 
  8.400000e-01  5.033167  5.034251 
  8.425000e-01  5.032725  5.033789 
  8.450000e-01  5.032289  5.033335 
  8.475000e-01  5.031861  5.032889 
  8.500000e-01  5.031440  5.032450 
  8.525000e-01  5.031025  5.032018 
  8.550000e-01  5.030617  5.031593 
  8.575000e-01  5.030215  5.031175 
  8.600000e-01  5.029820  5.030764 
  8.625000e-01  5.029431  5.030359 
  8.650000e-01  5.029047  5.029961 
  8.675000e-01  5.028670  5.029568 
  8.700000e-01  5.028299  5.029182 
  8.725000e-01  5.027933  5.028802 
  8.750000e-01  5.027572  5.028428 
  8.775000e-01  5.027217  5.028059 
  8.800000e-01  5.026867  5.027696 
  8.825000e-01  5.026523  5.027338 
  8.850000e-01  5.026183  5.026986 
  8.875000e-01  5.025848  5.026639 
  8.900000e-01  5.025518  5.026297 
  8.925000e-01  5.025193  5.025959 
  8.950000e-01  5.024873  5.025627 
  8.975000e-01  5.024557  5.025300 
  9.000000e-01  5.024245  5.024977 
  9.025000e-01  5.023937  5.024659 
  9.050000e-01  5.023634  5.024345 
  9.075000e-01  5.023335  5.024035 
  9.100000e-01  5.023040  5.023730 
  9.125000e-01  5.022749  5.023429 
  9.150000e-01  5.022461  5.023132 
  9.175000e-01  5.022178  5.022839 
  9.200000e-01  5.021898  5.022550 
  9.225000e-01  5.021621  5.022264 
  9.250000e-01  5.021349  5.021983 
  9.275000e-01  5.021079  5.021705 
  9.300000e-01  5.020813  5.021430 
  9.325000e-01  5.020551  5.021159 
  9.350000e-01  5.020291  5.020892 
  9.375000e-01  5.020035  5.020627 
  9.400000e-01  5.019782  5.020366 
  9.425000e-01  5.019531  5.020109 
  9.450000e-01  5.019284  5.019854 
  9.475000e-01  5.019040  5.019603 
  9.500000e-01  5.018798  5.019354 
  9.525000e-01  5.018559  5.019108 
  9.550000e-01  5.018323  5.018865 
  9.575000e-01  5.018090  5.018626 
  9.600000e-01  5.017859  5.018388 
  9.625000e-01  5.017631  5.018154 
  9.650000e-01  5.017406  5.017922 
  9.675000e-01  5.017182  5.017693 
  9.700000e-01  5.016962  5.017466 
  9.725000e-01  5.016743  5.017242 
  9.750000e-01  5.016527  5.017020 
  9.775000e-01  5.016313  5.016800 
  9.800000e-01  5.016101  5.016583 
  9.825000e-01  5.015892  5.016368 
  9.850000e-01  5.015685  5.016156 
  9.875000e-01  5.015479  5.015945 
  9.900000e-01  5.015276  5.015737 
  9.925000e-01  5.015075  5.015531 
  9.950000e-01  5.014876  5.015327 
  9.975000e-01  5.014679  5.015125 
  1.000000e+00  5.014483  5.014925 
  1.002500e+00  5.014290  5.014727 
  1.005000e+00  5.014098  5.014531 
  1.007500e+00  5.013908  5.014336 
  1.010000e+00  5.013720  5.014144 
  1.012500e+00  5.013534  5.013953 
  1.015000e+00  5.013349  5.013765 
  1.017500e+00  5.013166  5.013578 
  1.020000e+00  5.012985  5.013392 
  1.022500e+00  5.012805  5.013209 
  1.025000e+00  5.012627  5.013027 
  1.027500e+00  5.012450  5.012846 
  1.030000e+00  5.012275  5.012667 
  1.032500e+00  5.012101  5.012490 
  1.035000e+00  5.011929  5.012314 
  1.037500e+00  5.011758  5.012140 
  1.040000e+00  5.011589  5.011968 
  1.042500e+00  5.011421  5.011796 
  1.045000e+00  5.011255  5.011627 
  1.047500e+00  5.011090  5.011458 
  1.050000e+00  5.010926  5.011291 
  1.052500e+00  5.010763  5.011126 
  1.055000e+00  5.010602  5.010961 
  1.057500e+00  5.010442  5.010798 
  1.060000e+00  5.010284  5.010637 
  1.062500e+00  5.010126  5.010476 
  1.065000e+00  5.009970  5.010317 
  1.067500e+00  5.009815  5.010159 
  1.070000e+00  5.009661  5.010003 
  1.072500e+00  5.009508  5.009847 
  1.075000e+00  5.009357  5.009693 
  1.077500e+00  5.009206  5.009540 
  1.080000e+00  5.009057  5.009388 
  1.082500e+00  5.008909  5.009237 
  1.085000e+00  5.008761  5.009087 
  1.087500e+00  5.008615  5.008939 
  1.090000e+00  5.008470  5.008791 
  1.092500e+00  5.008326  5.008645 
  1.095000e+00  5.008183  5.008499 
  1.097500e+00  5.008041  5.008355 
  1.100000e+00  5.007900  5.008211 
  1.102500e+00  5.007760  5.008069 
  1.105000e+00  5.007620  5.007928 
  1.107500e+00  5.007482  5.007787 
  1.110000e+00  5.007345  5.007648 
  1.112500e+00  5.007208  5.007509 
  1.115000e+00  5.007073  5.007372 
  1.117500e+00  5.006938  5.007235 
  1.120000e+00  5.006805  5.007099 
  1.122500e+00  5.006672  5.006964 
  1.125000e+00  5.006540  5.006830 
  1.127500e+00  5.006409  5.006697 
  1.130000e+00  5.006278  5.006565 
  1.132500e+00  5.006149  5.006434 
  1.135000e+00  5.006020  5.006303 
  1.137500e+00  5.005893  5.006173 
  1.140000e+00  5.005766  5.006045 
  1.142500e+00  5.005639  5.005916 
  1.145000e+00  5.005514  5.005789 
  1.147500e+00  5.005389  5.005663 
  1.150000e+00  5.005265  5.005537 
  1.152500e+00  5.005142  5.005412 
  1.155000e+00  5.005020  5.005288 
  1.157500e+00  5.004898  5.005165 
  1.160000e+00  5.004777  5.005042 
  1.162500e+00  5.004657  5.004920 
  1.165000e+00  5.004537  5.004799 
  1.167500e+00  5.004418  5.004678 
  1.170000e+00  5.004300  5.004559 
  1.172500e+00  5.004183  5.004440 
  1.175000e+00  5.004066  5.004321 
  1.177500e+00  5.003950  5.004204 
  1.180000e+00  5.003834  5.004087 
  1.182500e+00  5.003719  5.003971 
  1.185000e+00  5.003605  5.003855 
  1.187500e+00  5.003492  5.003740 
  1.190000e+00  5.003379  5.003626 
  1.192500e+00  5.003267  5.003512 
  1.195000e+00  5.003155  5.003399 
  1.197500e+00  5.003044  5.003287 
  1.200000e+00  5.002934  5.003175 
  1.202500e+00  5.002824  5.003064 
  1.205000e+00  5.002715  5.002953 
  1.207500e+00  5.002606  5.002843 
  1.210000e+00  5.002499  5.002734 
  1.212500e+00  5.002391  5.002625 
  1.215000e+00  5.002284  5.002517 
  1.217500e+00  5.002178  5.002410 
  1.220000e+00  5.002073  5.002303 
  1.222500e+00  5.001967  5.002197 
  1.225000e+00  5.001863  5.002091 
  1.227500e+00  5.001759  5.001986 
  1.230000e+00  5.001656  5.001881 
  1.232500e+00  5.001553  5.001777 
  1.235000e+00  5.001450  5.001673 
  1.237500e+00  5.001349  5.001570 
  1.240000e+00  5.001247  5.001468 
  1.242500e+00  5.001147  5.001366 
  1.245000e+00  5.001046  5.001265 
  1.247500e+00  5.000947  5.001164 
  1.250000e+00  5.000848  5.001064 
  1.252500e+00  5.000749  5.000964 
  1.255000e+00  5.000651  5.000865 
  1.257500e+00  5.000553  5.000766 
  1.260000e+00  5.000456  5.000667 
  1.262500e+00  5.000359  5.000570 
  1.265000e+00  5.000263  5.000472 
  1.267500e+00  5.000167  5.000376 
  1.270000e+00  5.000072  5.000279 
  1.272500e+00  4.999977  5.000184 
  1.275000e+00  4.999883  5.000088 
  1.277500e+00  4.999789  4.999993 
  1.280000e+00  4.999696  4.999899 
  1.282500e+00  4.999603  4.999805 
  1.285000e+00  4.999511  4.999712 
  1.287500e+00  4.999419  4.999619 
  1.290000e+00  4.999327  4.999526 
  1.292500e+00  4.999236  4.999434 
  1.295000e+00  4.999146  4.999343 
  1.297500e+00  4.999056  4.999252 
  1.300000e+00  4.998966  4.999161 
  1.302500e+00  4.998877  4.999071 
  1.305000e+00  4.998788  4.998981 
  1.307500e+00  4.998699  4.998892 
  1.310000e+00  4.998611  4.998803 
  1.312500e+00  4.998524  4.998714 
  1.315000e+00  4.998437  4.998626 
  1.317500e+00  4.998350  4.998538 
  1.320000e+00  4.998264  4.998451 
  1.322500e+00  4.998178  4.998364 
  1.325000e+00  4.998092  4.998278 
  1.327500e+00  4.998007  4.998192 
  1.330000e+00  4.997923  4.998107 
  1.332500e+00  4.997838  4.998021 
  1.335000e+00  4.997754  4.997937 
  1.337500e+00  4.997671  4.997852 
  1.340000e+00  4.997588  4.997768 
  1.342500e+00  4.997505  4.997685 
  1.345000e+00  4.997423  4.997602 
  1.347500e+00  4.997341  4.997519 
  1.350000e+00  4.997259  4.997437 
  1.352500e+00  4.997178  4.997355 
  1.355000e+00  4.997098  4.997273 
  1.357500e+00  4.997017  4.997192 
  1.360000e+00  4.996937  4.997111 
  1.362500e+00  4.996858  4.997030 
  1.365000e+00  4.996778  4.996950 
  1.367500e+00  4.996699  4.996871 
  1.370000e+00  4.996621  4.996791 
  1.372500e+00  4.996543  4.996712 
  1.375000e+00  4.996465  4.996634 
  1.377500e+00  4.996387  4.996556 
  1.380000e+00  4.996310  4.996478 
  1.382500e+00  4.996233  4.996400 
  1.385000e+00  4.996157  4.996323 
  1.387500e+00  4.996081  4.996246 
  1.390000e+00  4.996005  4.996170 
  1.392500e+00  4.995930  4.996094 
  1.395000e+00  4.995855  4.996018 
  1.397500e+00  4.995780  4.995942 
  1.400000e+00  4.995706  4.995867 
  1.402500e+00  4.995632  4.995793 
  1.405000e+00  4.995558  4.995718 
  1.407500e+00  4.995485  4.995644 
  1.410000e+00  4.995412  4.995570 
  1.412500e+00  4.995339  4.995497 
  1.415000e+00  4.995267  4.995424 
  1.417500e+00  4.995195  4.995351 
  1.420000e+00  4.995123  4.995279 
  1.422500e+00  4.995052  4.995207 
  1.425000e+00  4.994981  4.995135 
  1.427500e+00  4.994910  4.995063 
  1.430000e+00  4.994840  4.994992 
  1.432500e+00  4.994769  4.994922 
  1.435000e+00  4.994700  4.994851 
  1.437500e+00  4.994630  4.994781 
  1.440000e+00  4.994561  4.994711 
  1.442500e+00  4.994492  4.994642 
  1.445000e+00  4.994424  4.994572 
  1.447500e+00  4.994355  4.994503 
  1.450000e+00  4.994287  4.994435 
  1.452500e+00  4.994220  4.994366 
  1.455000e+00  4.994152  4.994298 
  1.457500e+00  4.994085  4.994231 
  1.460000e+00  4.994018  4.994163 
  1.462500e+00  4.993952  4.994096 
  1.465000e+00  4.993886  4.994029 
  1.467500e+00  4.993820  4.993963 
  1.470000e+00  4.993754  4.993897 
  1.472500e+00  4.993689  4.993831 
  1.475000e+00  4.993624  4.993765 
  1.477500e+00  4.993559  4.993700 
  1.480000e+00  4.993495  4.993634 
  1.482500e+00  4.993430  4.993570 
  1.485000e+00  4.993367  4.993505 
  1.487500e+00  4.993303  4.993441 
  1.490000e+00  4.993240  4.993377 
  1.492500e+00  4.993176  4.993313 
  1.495000e+00  4.993114  4.993250 
  1.497500e+00  4.993051  4.993187 
  1.500000e+00  4.992989  4.993124 
  1.502500e+00  4.992927  4.993061 
  1.505000e+00  4.992865  4.992999 
  1.507500e+00  4.992804  4.992937 
  1.510000e+00  4.992742  4.992875 
  1.512500e+00  4.992681  4.992814 
  1.515000e+00  4.992621  4.992752 
  1.517500e+00  4.992560  4.992691 
  1.520000e+00  4.992500  4.992631 
  1.522500e+00  4.992440  4.992570 
  1.525000e+00  4.992381  4.992510 
  1.527500e+00  4.992321  4.992450 
  1.530000e+00  4.992262  4.992390 
  1.532500e+00  4.992203  4.992331 
  1.535000e+00  4.992145  4.992272 
  1.537500e+00  4.992086  4.992213 
  1.540000e+00  4.992028  4.992154 
  1.542500e+00  4.991970  4.992096 
  1.545000e+00  4.991913  4.992038 
  1.547500e+00  4.991855  4.991980 
  1.550000e+00  4.991798  4.991922 
  1.552500e+00  4.991741  4.991865 
  1.555000e+00  4.991684  4.991807 
  1.557500e+00  4.991628  4.991750 
  1.560000e+00  4.991572  4.991694 
  1.562500e+00  4.991516  4.991637 
  1.565000e+00  4.991460  4.991581 
  1.567500e+00  4.991405  4.991525 
  1.570000e+00  4.991349  4.991469 
  1.572500e+00  4.991294  4.991414 
  1.575000e+00  4.991240  4.991358 
  1.577500e+00  4.991185  4.991303 
  1.580000e+00  4.991131  4.991248 
  1.582500e+00  4.991077  4.991194 
  1.585000e+00  4.991023  4.991139 
  1.587500e+00  4.990969  4.991085 
  1.590000e+00  4.990916  4.991031 
  1.592500e+00  4.990862  4.990978 
  1.595000e+00  4.990809  4.990924 
  1.597500e+00  4.990757  4.990871 
  1.600000e+00  4.990704  4.990818 
  1.602500e+00  4.990652  4.990765 
  1.605000e+00  4.990600  4.990713 
  1.607500e+00  4.990548  4.990660 
  1.610000e+00  4.990496  4.990608 
  1.612500e+00  4.990445  4.990556 
  1.615000e+00  4.990393  4.990504 
  1.617500e+00  4.990342  4.990453 
  1.620000e+00  4.990291  4.990402 
  1.622500e+00  4.990241  4.990351 
  1.625000e+00  4.990190  4.990300 
  1.627500e+00  4.990140  4.990249 
  1.630000e+00  4.990090  4.990199 
  1.632500e+00  4.990040  4.990148 
  1.635000e+00  4.989991  4.990098 
  1.637500e+00  4.989941  4.990048 
  1.640000e+00  4.989892  4.989999 
  1.642500e+00  4.989843  4.989949 
  1.645000e+00  4.989794  4.989900 
  1.647500e+00  4.989746  4.989851 
  1.650000e+00  4.989698  4.989802 
  1.652500e+00  4.989649  4.989754 
  1.655000e+00  4.989601  4.989705 
  1.657500e+00  4.989554  4.989657 
  1.660000e+00  4.989506  4.989609 
  1.662500e+00  4.989459  4.989561 
  1.665000e+00  4.989411  4.989514 
  1.667500e+00  4.989364  4.989466 
  1.670000e+00  4.989317  4.989419 
  1.672500e+00  4.989271  4.989372 
  1.675000e+00  4.989224  4.989325 
  1.677500e+00  4.989178  4.989278 
  1.680000e+00  4.989132  4.989232 
  1.682500e+00  4.989086  4.989186 
  1.685000e+00  4.989040  4.989140 
  1.687500e+00  4.988995  4.989094 
  1.690000e+00  4.988950  4.989048 
  1.692500e+00  4.988904  4.989002 
  1.695000e+00  4.988859  4.988957 
  1.697500e+00  4.988815  4.988912 
  1.700000e+00  4.988770  4.988867 
  1.702500e+00  4.988726  4.988822 
  1.705000e+00  4.988681  4.988777 
  1.707500e+00  4.988637  4.988733 
  1.710000e+00  4.988593  4.988689 
  1.712500e+00  4.988550  4.988644 
  1.715000e+00  4.988506  4.988601 
  1.717500e+00  4.988463  4.988557 
  1.720000e+00  4.988420  4.988513 
  1.722500e+00  4.988377  4.988470 
  1.725000e+00  4.988334  4.988427 
  1.727500e+00  4.988291  4.988383 
  1.730000e+00  4.988248  4.988341 
  1.732500e+00  4.988206  4.988298 
  1.735000e+00  4.988164  4.988255 
  1.737500e+00  4.988122  4.988213 
  1.740000e+00  4.988080  4.988171 
  1.742500e+00  4.988038  4.988129 
  1.745000e+00  4.987997  4.988087 
  1.747500e+00  4.987956  4.988045 
  1.750000e+00  4.987914  4.988004 
  1.752500e+00  4.987873  4.987962 
  1.755000e+00  4.987832  4.987921 
  1.757500e+00  4.987792  4.987880 
  1.760000e+00  4.987751  4.987839 
  1.762500e+00  4.987711  4.987798 
  1.765000e+00  4.987671  4.987758 
  1.767500e+00  4.987631  4.987717 
  1.770000e+00  4.987591  4.987677 
  1.772500e+00  4.987551  4.987637 
  1.775000e+00  4.987511  4.987597 
  1.777500e+00  4.987472  4.987557 
  1.780000e+00  4.987433  4.987518 
  1.782500e+00  4.987393  4.987478 
  1.785000e+00  4.987355  4.987439 
  1.787500e+00  4.987316  4.987400 
  1.790000e+00  4.987277  4.987361 
  1.792500e+00  4.987238  4.987322 
  1.795000e+00  4.987200  4.987283 
  1.797500e+00  4.987162  4.987245 
  1.800000e+00  4.987124  4.987206 
  1.802500e+00  4.987086  4.987168 
  1.805000e+00  4.987048  4.987130 
  1.807500e+00  4.987010  4.987092 
  1.810000e+00  4.986973  4.987054 
  1.812500e+00  4.986936  4.987017 
  1.815000e+00  4.986898  4.986979 
  1.817500e+00  4.986861  4.986942 
  1.820000e+00  4.986825  4.986904 
  1.822500e+00  4.986788  4.986867 
  1.825000e+00  4.986751  4.986830 
  1.827500e+00  4.986715  4.986794 
  1.830000e+00  4.986678  4.986757 
  1.832500e+00  4.986642  4.986721 
  1.835000e+00  4.986606  4.986684 
  1.837500e+00  4.986570  4.986648 
  1.840000e+00  4.986534  4.986612 
  1.842500e+00  4.986499  4.986576 
  1.845000e+00  4.986463  4.986540 
  1.847500e+00  4.986428  4.986504 
  1.850000e+00  4.986393  4.986469 
  1.852500e+00  4.986357  4.986434 
  1.855000e+00  4.986322  4.986398 
  1.857500e+00  4.986288  4.986363 
  1.860000e+00  4.986253  4.986328 
  1.862500e+00  4.986218  4.986293 
  1.865000e+00  4.986184  4.986259 
  1.867500e+00  4.986150  4.986224 
  1.870000e+00  4.986115  4.986190 
  1.872500e+00  4.986081  4.986155 
  1.875000e+00  4.986048  4.986121 
  1.877500e+00  4.986014  4.986087 
  1.880000e+00  4.985980  4.986053 
  1.882500e+00  4.985947  4.986019 
  1.885000e+00  4.985913  4.985985 
  1.887500e+00  4.985880  4.985952 
  1.890000e+00  4.985847  4.985919 
  1.892500e+00  4.985814  4.985885 
  1.895000e+00  4.985781  4.985852 
  1.897500e+00  4.985748  4.985819 
  1.900000e+00  4.985715  4.985786 
  1.902500e+00  4.985683  4.985753 
  1.905000e+00  4.985650  4.985721 
  1.907500e+00  4.985618  4.985688 
  1.910000e+00  4.985586  4.985656 
  1.912500e+00  4.985554  4.985623 
  1.915000e+00  4.985522  4.985591 
  1.917500e+00  4.985490  4.985559 
  1.920000e+00  4.985459  4.985527 
  1.922500e+00  4.985427  4.985495 
  1.925000e+00  4.985396  4.985464 
  1.927500e+00  4.985364  4.985432 
  1.930000e+00  4.985333  4.985401 
  1.932500e+00  4.985302  4.985369 
  1.935000e+00  4.985271  4.985338 
  1.937500e+00  4.985240  4.985307 
  1.940000e+00  4.985209  4.985276 
  1.942500e+00  4.985179  4.985245 
  1.945000e+00  4.985148  4.985214 
  1.947500e+00  4.985118  4.985184 
  1.950000e+00  4.985087  4.985153 
  1.952500e+00  4.985057  4.985123 
  1.955000e+00  4.985027  4.985092 
  1.957500e+00  4.984997  4.985062 
  1.960000e+00  4.984967  4.985032 
  1.962500e+00  4.984938  4.985002 
  1.965000e+00  4.984908  4.984972 
  1.967500e+00  4.984879  4.984942 
  1.970000e+00  4.984849  4.984913 
  1.972500e+00  4.984820  4.984883 
  1.975000e+00  4.984791  4.984854 
  1.977500e+00  4.984762  4.984825 
  1.980000e+00  4.984733  4.984795 
  1.982500e+00  4.984704  4.984766 
  1.985000e+00  4.984675  4.984737 
  1.987500e+00  4.984646  4.984708 
  1.990000e+00  4.984618  4.984680 
  1.992500e+00  4.984589  4.984651 
  1.995000e+00  4.984561  4.984622 
  1.997500e+00  4.984533  4.984594 
  2.000000e+00  4.984505  4.984566 
  2.002500e+00  4.984477  4.984537 
  2.005000e+00  4.984449  4.984509 
  2.007500e+00  4.984421  4.984481 
  2.010000e+00  4.984393  4.984453 
  2.012500e+00  4.984365  4.984425 
  2.015000e+00  4.984338  4.984398 
  2.017500e+00  4.984311  4.984370 
  2.020000e+00  4.984283  4.984342 
  2.022500e+00  4.984256  4.984315 
  2.025000e+00  4.984229  4.984288 
  2.027500e+00  4.984202  4.984260 
  2.030000e+00  4.984175  4.984233 
  2.032500e+00  4.984148  4.984206 
  2.035000e+00  4.984121  4.984179 
  2.037500e+00  4.984095  4.984152 
  2.040000e+00  4.984068  4.984126 
  2.042500e+00  4.984042  4.984099 
  2.045000e+00  4.984015  4.984072 
  2.047500e+00  4.983989  4.984046 
  2.050000e+00  4.983963  4.984020 
  2.052500e+00  4.983937  4.983993 
  2.055000e+00  4.983911  4.983967 
  2.057500e+00  4.983885  4.983941 
  2.060000e+00  4.983859  4.983915 
  2.062500e+00  4.983834  4.983889 
  2.065000e+00  4.983808  4.983863 
  2.067500e+00  4.983783  4.983838 
  2.070000e+00  4.983757  4.983812 
  2.072500e+00  4.983732  4.983787 
  2.075000e+00  4.983707  4.983761 
  2.077500e+00  4.983681  4.983736 
  2.080000e+00  4.983656  4.983711 
  2.082500e+00  4.983631  4.983685 
  2.085000e+00  4.983607  4.983660 
  2.087500e+00  4.983582  4.983635 
  2.090000e+00  4.983557  4.983611 
  2.092500e+00  4.983532  4.983586 
  2.095000e+00  4.983508  4.983561 
  2.097500e+00  4.983484  4.983536 
  2.100000e+00  4.983459  4.983512 
  2.102500e+00  4.983435  4.983487 
  2.105000e+00  4.983411  4.983463 
  2.107500e+00  4.983387  4.983439 
  2.110000e+00  4.983363  4.983415 
  2.112500e+00  4.983339  4.983391 
  2.115000e+00  4.983315  4.983367 
  2.117500e+00  4.983291  4.983343 
  2.120000e+00  4.983268  4.983319 
  2.122500e+00  4.983244  4.983295 
  2.125000e+00  4.983220  4.983271 
  2.127500e+00  4.983197  4.983248 
  2.130000e+00  4.983174  4.983224 
  2.132500e+00  4.983151  4.983201 
  2.135000e+00  4.983127  4.983177 
  2.137500e+00  4.983104  4.983154 
  2.140000e+00  4.983081  4.983131 
  2.142500e+00  4.983058  4.983108 
  2.145000e+00  4.983036  4.983085 
  2.147500e+00  4.983013  4.983062 
  2.150000e+00  4.982990  4.983039 
  2.152500e+00  4.982967  4.983016 
  2.155000e+00  4.982945  4.982994 
  2.157500e+00  4.982923  4.982971 
  2.160000e+00  4.982900  4.982949 
  2.162500e+00  4.982878  4.982926 
  2.165000e+00  4.982856  4.982904 
  2.167500e+00  4.982834  4.982881 
  2.170000e+00  4.982811  4.982859 
  2.172500e+00  4.982790  4.982837 
  2.175000e+00  4.982768  4.982815 
  2.177500e+00  4.982746  4.982793 
  2.180000e+00  4.982724  4.982771 
  2.182500e+00  4.982702  4.982749 
  2.185000e+00  4.982681  4.982728 
  2.187500e+00  4.982659  4.982706 
  2.190000e+00  4.982638  4.982684 
  2.192500e+00  4.982616  4.982663 
  2.195000e+00  4.982595  4.982641 
  2.197500e+00  4.982574  4.982620 
  2.200000e+00  4.982553  4.982599 
  2.202500e+00  4.982532  4.982577 
  2.205000e+00  4.982511  4.982556 
  2.207500e+00  4.982490  4.982535 
  2.210000e+00  4.982469  4.982514 
  2.212500e+00  4.982448  4.982493 
  2.215000e+00  4.982427  4.982472 
  2.217500e+00  4.982407  4.982451 
  2.220000e+00  4.982386  4.982431 
  2.222500e+00  4.982366  4.982410 
  2.225000e+00  4.982345  4.982390 
  2.227500e+00  4.982325  4.982369 
  2.230000e+00  4.982305  4.982349 
  2.232500e+00  4.982284  4.982328 
  2.235000e+00  4.982264  4.982308 
  2.237500e+00  4.982244  4.982288 
  2.240000e+00  4.982224  4.982268 
  2.242500e+00  4.982204  4.982247 
  2.245000e+00  4.982184  4.982227 
  2.247500e+00  4.982165  4.982207 
  2.250000e+00  4.982145  4.982188 
  2.252500e+00  4.982125  4.982168 
  2.255000e+00  4.982106  4.982148 
  2.257500e+00  4.982086  4.982128 
  2.260000e+00  4.982067  4.982109 
  2.262500e+00  4.982047  4.982089 
  2.265000e+00  4.982028  4.982070 
  2.267500e+00  4.982009  4.982050 
  2.270000e+00  4.981989  4.982031 
  2.272500e+00  4.981970  4.982012 
  2.275000e+00  4.981951  4.981992 
  2.277500e+00  4.981932  4.981973 
  2.280000e+00  4.981913  4.981954 
  2.282500e+00  4.981894  4.981935 
  2.285000e+00  4.981875  4.981916 
  2.287500e+00  4.981857  4.981897 
  2.290000e+00  4.981838  4.981878 
  2.292500e+00  4.981819  4.981860 
  2.295000e+00  4.981801  4.981841 
  2.297500e+00  4.981782  4.981822 
  2.300000e+00  4.981764  4.981804 
  2.302500e+00  4.981746  4.981785 
  2.305000e+00  4.981727  4.981767 
  2.307500e+00  4.981709  4.981748 
  2.310000e+00  4.981691  4.981730 
  2.312500e+00  4.981673  4.981712 
  2.315000e+00  4.981655  4.981694 
  2.317500e+00  4.981637  4.981676 
  2.320000e+00  4.981619  4.981657 
  2.322500e+00  4.981601  4.981639 
  2.325000e+00  4.981583  4.981621 
  2.327500e+00  4.981565  4.981604 
  2.330000e+00  4.981547  4.981586 
  2.332500e+00  4.981530  4.981568 
  2.335000e+00  4.981512  4.981550 
  2.337500e+00  4.981495  4.981533 
  2.340000e+00  4.981477  4.981515 
  2.342500e+00  4.981460  4.981497 
  2.345000e+00  4.981442  4.981480 
  2.347500e+00  4.981425  4.981463 
  2.350000e+00  4.981408  4.981445 
  2.352500e+00  4.981391  4.981428 
  2.355000e+00  4.981374  4.981411 
  2.357500e+00  4.981356  4.981393 
  2.360000e+00  4.981339  4.981376 
  2.362500e+00  4.981322  4.981359 
  2.365000e+00  4.981306  4.981342 
  2.367500e+00  4.981289  4.981325 
  2.370000e+00  4.981272  4.981308 
  2.372500e+00  4.981255  4.981291 
  2.375000e+00  4.981239  4.981275 
  2.377500e+00  4.981222  4.981258 
  2.380000e+00  4.981205  4.981241 
  2.382500e+00  4.981189  4.981225 
  2.385000e+00  4.981172  4.981208 
  2.387500e+00  4.981156  4.981191 
  2.390000e+00  4.981140  4.981175 
  2.392500e+00  4.981123  4.981159 
  2.395000e+00  4.981107  4.981142 
  2.397500e+00  4.981091  4.981126 
  2.400000e+00  4.981075  4.981110 
  2.402500e+00  4.981059  4.981094 
  2.405000e+00  4.981043  4.981077 
  2.407500e+00  4.981027  4.981061 
  2.410000e+00  4.981011  4.981045 
  2.412500e+00  4.980995  4.981029 
  2.415000e+00  4.980979  4.981013 
  2.417500e+00  4.980963  4.980997 
  2.420000e+00  4.980948  4.980982 
  2.422500e+00  4.980932  4.980966 
  2.425000e+00  4.980916  4.980950 
  2.427500e+00  4.980901  4.980934 
  2.430000e+00  4.980885  4.980919 
  2.432500e+00  4.980870  4.980903 
  2.435000e+00  4.980854  4.980888 
  2.437500e+00  4.980839  4.980872 
  2.440000e+00  4.980824  4.980857 
  2.442500e+00  4.980808  4.980841 
  2.445000e+00  4.980793  4.980826 
  2.447500e+00  4.980778  4.980811 
  2.450000e+00  4.980763  4.980796 
  2.452500e+00  4.980748  4.980781 
  2.455000e+00  4.980733  4.980765 
  2.457500e+00  4.980718  4.980750 
  2.460000e+00  4.980703  4.980735 
  2.462500e+00  4.980688  4.980720 
  2.465000e+00  4.980673  4.980705 
  2.467500e+00  4.980659  4.980691 
  2.470000e+00  4.980644  4.980676 
  2.472500e+00  4.980629  4.980661 
  2.475000e+00  4.980615  4.980646 
  2.477500e+00  4.980600  4.980632 
  2.480000e+00  4.980585  4.980617 
  2.482500e+00  4.980571  4.980602 
  2.485000e+00  4.980556  4.980588 
  2.487500e+00  4.980542  4.980573 
  2.490000e+00  4.980528  4.980559 
  2.492500e+00  4.980513  4.980544 
  2.495000e+00  4.980499  4.980530 
  2.497500e+00  4.980485  4.980516 
  2.500000e+00  4.980471  4.980501 
  2.502500e+00  4.980457  4.980487 
  2.505000e+00  4.980443  4.980473 
  2.507500e+00  4.980429  4.980459 
  2.510000e+00  4.980415  4.980445 
  2.512500e+00  4.980401  4.980431 
  2.515000e+00  4.980387  4.980417 
  2.517500e+00  4.980373  4.980403 
  2.520000e+00  4.980359  4.980389 
  2.522500e+00  4.980345  4.980375 
  2.525000e+00  4.980332  4.980361 
  2.527500e+00  4.980318  4.980348 
  2.530000e+00  4.980304  4.980334 
  2.532500e+00  4.980291  4.980320 
  2.535000e+00  4.980277  4.980307 
  2.537500e+00  4.980264  4.980293 
  2.540000e+00  4.980250  4.980279 
  2.542500e+00  4.980237  4.980266 
  2.545000e+00  4.980223  4.980252 
  2.547500e+00  4.980210  4.980239 
  2.550000e+00  4.980197  4.980226 
  2.552500e+00  4.980184  4.980212 
  2.555000e+00  4.980170  4.980199 
  2.557500e+00  4.980157  4.980186 
  2.560000e+00  4.980144  4.980173 
  2.562500e+00  4.980131  4.980159 
  2.565000e+00  4.980118  4.980146 
  2.567500e+00  4.980105  4.980133 
  2.570000e+00  4.980092  4.980120 
  2.572500e+00  4.980079  4.980107 
  2.575000e+00  4.980066  4.980094 
  2.577500e+00  4.980054  4.980081 
  2.580000e+00  4.980041  4.980068 
  2.582500e+00  4.980028  4.980056 
  2.585000e+00  4.980015  4.980043 
  2.587500e+00  4.980003  4.980030 
  2.590000e+00  4.979990  4.980017 
  2.592500e+00  4.979977  4.980005 
  2.595000e+00  4.979965  4.979992 
  2.597500e+00  4.979952  4.979979 
  2.600000e+00  4.979940  4.979967 
  2.602500e+00  4.979927  4.979954 
  2.605000e+00  4.979915  4.979942 
  2.607500e+00  4.979903  4.979929 
  2.610000e+00  4.979890  4.979917 
  2.612500e+00  4.979878  4.979905 
  2.615000e+00  4.979866  4.979892 
  2.617500e+00  4.979854  4.979880 
  2.620000e+00  4.979841  4.979868 
  2.622500e+00  4.979829  4.979856 
  2.625000e+00  4.979817  4.979843 
  2.627500e+00  4.979805  4.979831 
  2.630000e+00  4.979793  4.979819 
  2.632500e+00  4.979781  4.979807 
  2.635000e+00  4.979769  4.979795 
  2.637500e+00  4.979757  4.979783 
  2.640000e+00  4.979746  4.979771 
  2.642500e+00  4.979734  4.979759 
  2.645000e+00  4.979722  4.979747 
  2.647500e+00  4.979710  4.979736 
  2.650000e+00  4.979699  4.979724 
  2.652500e+00  4.979687  4.979712 
  2.655000e+00  4.979675  4.979700 
  2.657500e+00  4.979664  4.979689 
  2.660000e+00  4.979652  4.979677 
  2.662500e+00  4.979640  4.979665 
  2.665000e+00  4.979629  4.979654 
  2.667500e+00  4.979618  4.979642 
  2.670000e+00  4.979606  4.979631 
  2.672500e+00  4.979595  4.979619 
  2.675000e+00  4.979583  4.979608 
  2.677500e+00  4.979572  4.979597 
  2.680000e+00  4.979561  4.979585 
  2.682500e+00  4.979550  4.979574 
  2.685000e+00  4.979538  4.979563 
  2.687500e+00  4.979527  4.979551 
  2.690000e+00  4.979516  4.979540 
  2.692500e+00  4.979505  4.979529 
  2.695000e+00  4.979494  4.979518 
  2.697500e+00  4.979483  4.979507 
  2.700000e+00  4.979472  4.979496 
  2.702500e+00  4.979461  4.979485 
  2.705000e+00  4.979450  4.979474 
  2.707500e+00  4.979439  4.979463 
  2.710000e+00  4.979428  4.979452 
  2.712500e+00  4.979417  4.979441 
  2.715000e+00  4.979406  4.979430 
  2.717500e+00  4.979396  4.979419 
  2.720000e+00  4.979385  4.979408 
  2.722500e+00  4.979374  4.979397 
  2.725000e+00  4.979364  4.979387 
  2.727500e+00  4.979353  4.979376 
  2.730000e+00  4.979342  4.979365 
  2.732500e+00  4.979332  4.979355 
  2.735000e+00  4.979321  4.979344 
  2.737500e+00  4.979311  4.979333 
  2.740000e+00  4.979300  4.979323 
  2.742500e+00  4.979290  4.979312 
  2.745000e+00  4.979279  4.979302 
  2.747500e+00  4.979269  4.979291 
  2.750000e+00  4.979259  4.979281 
  2.752500e+00  4.979248  4.979271 
  2.755000e+00  4.979238  4.979260 
  2.757500e+00  4.979228  4.979250 
  2.760000e+00  4.979217  4.979240 
  2.762500e+00  4.979207  4.979229 
  2.765000e+00  4.979197  4.979219 
  2.767500e+00  4.979187  4.979209 
  2.770000e+00  4.979177  4.979199 
  2.772500e+00  4.979167  4.979189 
  2.775000e+00  4.979157  4.979178 
  2.777500e+00  4.979147  4.979168 
  2.780000e+00  4.979137  4.979158 
  2.782500e+00  4.979127  4.979148 
  2.785000e+00  4.979117  4.979138 
  2.787500e+00  4.979107  4.979128 
  2.790000e+00  4.979097  4.979118 
  2.792500e+00  4.979087  4.979109 
  2.795000e+00  4.979077  4.979099 
  2.797500e+00  4.979068  4.979089 
  2.800000e+00  4.979058  4.979079 
  2.802500e+00  4.979048  4.979069 
  2.805000e+00  4.979039  4.979060 
  2.807500e+00  4.979029  4.979050 
  2.810000e+00  4.979019  4.979040 
  2.812500e+00  4.979010  4.979030 
  2.815000e+00  4.979000  4.979021 
  2.817500e+00  4.978991  4.979011 
  2.820000e+00  4.978981  4.979002 
  2.822500e+00  4.978972  4.978992 
  2.825000e+00  4.978962  4.978983 
  2.827500e+00  4.978953  4.978973 
  2.830000e+00  4.978943  4.978964 
  2.832500e+00  4.978934  4.978954 
  2.835000e+00  4.978925  4.978945 
  2.837500e+00  4.978915  4.978935 
  2.840000e+00  4.978906  4.978926 
  2.842500e+00  4.978897  4.978917 
  2.845000e+00  4.978888  4.978907 
  2.847500e+00  4.978878  4.978898 
  2.850000e+00  4.978869  4.978889 
  2.852500e+00  4.978860  4.978880 
  2.855000e+00  4.978851  4.978871 
  2.857500e+00  4.978842  4.978861 
  2.860000e+00  4.978833  4.978852 
  2.862500e+00  4.978824  4.978843 
  2.865000e+00  4.978815  4.978834 
  2.867500e+00  4.978806  4.978825 
  2.870000e+00  4.978797  4.978816 
  2.872500e+00  4.978788  4.978807 
  2.875000e+00  4.978779  4.978798 
  2.877500e+00  4.978770  4.978789 
  2.880000e+00  4.978761  4.978780 
  2.882500e+00  4.978752  4.978771 
  2.885000e+00  4.978744  4.978763 
  2.887500e+00  4.978735  4.978754 
  2.890000e+00  4.978726  4.978745 
  2.892500e+00  4.978717  4.978736 
  2.895000e+00  4.978709  4.978727 
  2.897500e+00  4.978700  4.978719 
  2.900000e+00  4.978691  4.978710 
  2.902500e+00  4.978683  4.978701 
  2.905000e+00  4.978674  4.978693 
  2.907500e+00  4.978666  4.978684 
  2.910000e+00  4.978657  4.978675 
  2.912500e+00  4.978648  4.978667 
  2.915000e+00  4.978640  4.978658 
  2.917500e+00  4.978632  4.978650 
  2.920000e+00  4.978623  4.978641 
  2.922500e+00  4.978615  4.978633 
  2.925000e+00  4.978606  4.978624 
  2.927500e+00  4.978598  4.978616 
  2.930000e+00  4.978590  4.978608 
  2.932500e+00  4.978581  4.978599 
  2.935000e+00  4.978573  4.978591 
  2.937500e+00  4.978565  4.978583 
  2.940000e+00  4.978556  4.978574 
  2.942500e+00  4.978548  4.978566 
  2.945000e+00  4.978540  4.978558 
  2.947500e+00  4.978532  4.978550 
  2.950000e+00  4.978524  4.978541 
  2.952500e+00  4.978516  4.978533 
  2.955000e+00  4.978508  4.978525 
  2.957500e+00  4.978499  4.978517 
  2.960000e+00  4.978491  4.978509 
  2.962500e+00  4.978483  4.978501 
  2.965000e+00  4.978475  4.978493 
  2.967500e+00  4.978467  4.978485 
  2.970000e+00  4.978459  4.978477 
  2.972500e+00  4.978451  4.978469 
  2.975000e+00  4.978444  4.978461 
  2.977500e+00  4.978436  4.978453 
  2.980000e+00  4.978428  4.978445 
  2.982500e+00  4.978420  4.978437 
  2.985000e+00  4.978412  4.978429 
  2.987500e+00  4.978404  4.978421 
  2.990000e+00  4.978397  4.978413 
  2.992500e+00  4.978389  4.978406 
  2.995000e+00  4.978381  4.978398 
  2.997500e+00  4.978373  4.978390 
  3.000000e+00  4.978366  4.978382 
  3.002500e+00  4.978358  4.978375 
  3.005000e+00  4.978350  4.978367 
  3.007500e+00  4.978343  4.978359 
  3.010000e+00  4.978335  4.978352 
  3.012500e+00  4.978328  4.978344 
  3.015000e+00  4.978320  4.978336 
  3.017500e+00  4.978313  4.978329 
  3.020000e+00  4.978305  4.978321 
  3.022500e+00  4.978298  4.978314 
  3.025000e+00  4.978290  4.978306 
  3.027500e+00  4.978283  4.978299 
  3.030000e+00  4.978275  4.978291 
  3.032500e+00  4.978268  4.978284 
  3.035000e+00  4.978260  4.978276 
  3.037500e+00  4.978253  4.978269 
  3.040000e+00  4.978246  4.978262 
  3.042500e+00  4.978238  4.978254 
  3.045000e+00  4.978231  4.978247 
  3.047500e+00  4.978224  4.978240 
  3.050000e+00  4.978217  4.978232 
  3.052500e+00  4.978209  4.978225 
  3.055000e+00  4.978202  4.978218 
  3.057500e+00  4.978195  4.978211 
  3.060000e+00  4.978188  4.978203 
  3.062500e+00  4.978181  4.978196 
  3.065000e+00  4.978174  4.978189 
  3.067500e+00  4.978167  4.978182 
  3.070000e+00  4.978159  4.978175 
  3.072500e+00  4.978152  4.978168 
  3.075000e+00  4.978145  4.978161 
  3.077500e+00  4.978138  4.978154 
  3.080000e+00  4.978131  4.978146 
  3.082500e+00  4.978124  4.978139 
  3.085000e+00  4.978117  4.978132 
  3.087500e+00  4.978110  4.978125 
  3.090000e+00  4.978103  4.978118 
  3.092500e+00  4.978097  4.978112 
  3.095000e+00  4.978090  4.978105 
  3.097500e+00  4.978083  4.978098 
  3.100000e+00  4.978076  4.978091 
  3.102500e+00  4.978069  4.978084 
  3.105000e+00  4.978062  4.978077 
  3.107500e+00  4.978056  4.978070 
  3.110000e+00  4.978049  4.978063 
  3.112500e+00  4.978042  4.978057 
  3.115000e+00  4.978035  4.978050 
  3.117500e+00  4.978029  4.978043 
  3.120000e+00  4.978022  4.978036 
  3.122500e+00  4.978015  4.978030 
  3.125000e+00  4.978009  4.978023 
  3.127500e+00  4.978002  4.978016 
  3.130000e+00  4.977995  4.978010 
  3.132500e+00  4.977989  4.978003 
  3.135000e+00  4.977982  4.977996 
  3.137500e+00  4.977976  4.977990 
  3.140000e+00  4.977969  4.977983 
  3.142500e+00  4.977963  4.977977 
  3.145000e+00  4.977956  4.977970 
  3.147500e+00  4.977950  4.977964 
  3.150000e+00  4.977943  4.977957 
  3.152500e+00  4.977937  4.977951 
  3.155000e+00  4.977930  4.977944 
  3.157500e+00  4.977924  4.977938 
  3.160000e+00  4.977918  4.977931 
  3.162500e+00  4.977911  4.977925 
  3.165000e+00  4.977905  4.977919 
  3.167500e+00  4.977898  4.977912 
  3.170000e+00  4.977892  4.977906 
  3.172500e+00  4.977886  4.977899 
  3.175000e+00  4.977880  4.977893 
  3.177500e+00  4.977873  4.977887 
  3.180000e+00  4.977867  4.977881 
  3.182500e+00  4.977861  4.977874 
  3.185000e+00  4.977855  4.977868 
  3.187500e+00  4.977848  4.977862 
  3.190000e+00  4.977842  4.977856 
  3.192500e+00  4.977836  4.977849 
  3.195000e+00  4.977830  4.977843 
  3.197500e+00  4.977824  4.977837 
  3.200000e+00  4.977818  4.977831 
  3.202500e+00  4.977812  4.977825 
  3.205000e+00  4.977806  4.977819 
  3.207500e+00  4.977799  4.977813 
  3.210000e+00  4.977793  4.977807 
  3.212500e+00  4.977787  4.977800 
  3.215000e+00  4.977781  4.977794 
  3.217500e+00  4.977775  4.977788 
  3.220000e+00  4.977769  4.977782 
  3.222500e+00  4.977764  4.977776 
  3.225000e+00  4.977758  4.977770 
  3.227500e+00  4.977752  4.977764 
  3.230000e+00  4.977746  4.977759 
  3.232500e+00  4.977740  4.977753 
  3.235000e+00  4.977734  4.977747 
  3.237500e+00  4.977728  4.977741 
  3.240000e+00  4.977722  4.977735 
  3.242500e+00  4.977716  4.977729 
  3.245000e+00  4.977711  4.977723 
  3.247500e+00  4.977705  4.977717 
  3.250000e+00  4.977699  4.977712 
  3.252500e+00  4.977693  4.977706 
  3.255000e+00  4.977688  4.977700 
  3.257500e+00  4.977682  4.977694 
  3.260000e+00  4.977676  4.977689 
  3.262500e+00  4.977671  4.977683 
  3.265000e+00  4.977665  4.977677 
  3.267500e+00  4.977659  4.977671 
  3.270000e+00  4.977654  4.977666 
  3.272500e+00  4.977648  4.977660 
  3.275000e+00  4.977642  4.977654 
  3.277500e+00  4.977637  4.977649 
  3.280000e+00  4.977631  4.977643 
  3.282500e+00  4.977626  4.977638 
  3.285000e+00  4.977620  4.977632 
  3.287500e+00  4.977614  4.977626 
  3.290000e+00  4.977609  4.977621 
  3.292500e+00  4.977603  4.977615 
  3.295000e+00  4.977598  4.977610 
  3.297500e+00  4.977592  4.977604 
  3.300000e+00  4.977587  4.977599 
  3.302500e+00  4.977582  4.977593 
  3.305000e+00  4.977576  4.977588 
  3.307500e+00  4.977571  4.977582 
  3.310000e+00  4.977565  4.977577 
  3.312500e+00  4.977560  4.977572 
  3.315000e+00  4.977555  4.977566 
  3.317500e+00  4.977549  4.977561 
  3.320000e+00  4.977544  4.977555 
  3.322500e+00  4.977539  4.977550 
  3.325000e+00  4.977533  4.977545 
  3.327500e+00  4.977528  4.977539 
  3.330000e+00  4.977523  4.977534 
  3.332500e+00  4.977517  4.977529 
  3.335000e+00  4.977512  4.977524 
  3.337500e+00  4.977507  4.977518 
  3.340000e+00  4.977502  4.977513 
  3.342500e+00  4.977497  4.977508 
  3.345000e+00  4.977491  4.977503 
  3.347500e+00  4.977486  4.977497 
  3.350000e+00  4.977481  4.977492 
  3.352500e+00  4.977476  4.977487 
  3.355000e+00  4.977471  4.977482 
  3.357500e+00  4.977466  4.977477 
  3.360000e+00  4.977461  4.977472 
  3.362500e+00  4.977455  4.977466 
  3.365000e+00  4.977450  4.977461 
  3.367500e+00  4.977445  4.977456 
  3.370000e+00  4.977440  4.977451 
  3.372500e+00  4.977435  4.977446 
  3.375000e+00  4.977430  4.977441 
  3.377500e+00  4.977425  4.977436 
  3.380000e+00  4.977420  4.977431 
  3.382500e+00  4.977415  4.977426 
  3.385000e+00  4.977410  4.977421 
  3.387500e+00  4.977405  4.977416 
  3.390000e+00  4.977400  4.977411 
  3.392500e+00  4.977395  4.977406 
  3.395000e+00  4.977390  4.977401 
  3.397500e+00  4.977386  4.977396 
  3.400000e+00  4.977381  4.977391 
  3.402500e+00  4.977376  4.977386 
  3.405000e+00  4.977371  4.977381 
  3.407500e+00  4.977366  4.977377 
  3.410000e+00  4.977361  4.977372 
  3.412500e+00  4.977356  4.977367 
  3.415000e+00  4.977352  4.977362 
  3.417500e+00  4.977347  4.977357 
  3.420000e+00  4.977342  4.977352 
  3.422500e+00  4.977337  4.977348 
  3.425000e+00  4.977333  4.977343 
  3.427500e+00  4.977328  4.977338 
  3.430000e+00  4.977323  4.977333 
  3.432500e+00  4.977318  4.977329 
  3.435000e+00  4.977314  4.977324 
  3.437500e+00  4.977309  4.977319 
  3.440000e+00  4.977304  4.977314 
  3.442500e+00  4.977300  4.977310 
  3.445000e+00  4.977295  4.977305 
  3.447500e+00  4.977290  4.977300 
  3.450000e+00  4.977286  4.977296 
  3.452500e+00  4.977281  4.977291 
  3.455000e+00  4.977277  4.977287 
  3.457500e+00  4.977272  4.977282 
  3.460000e+00  4.977267  4.977277 
  3.462500e+00  4.977263  4.977273 
  3.465000e+00  4.977258  4.977268 
  3.467500e+00  4.977254  4.977264 
  3.470000e+00  4.977249  4.977259 
  3.472500e+00  4.977245  4.977254 
  3.475000e+00  4.977240  4.977250 
  3.477500e+00  4.977236  4.977245 
  3.480000e+00  4.977231  4.977241 
  3.482500e+00  4.977227  4.977236 
  3.485000e+00  4.977222  4.977232 
  3.487500e+00  4.977218  4.977227 
  3.490000e+00  4.977213  4.977223 
  3.492500e+00  4.977209  4.977219 
  3.495000e+00  4.977205  4.977214 
  3.497500e+00  4.977200  4.977210 
  3.500000e+00  4.977196  4.977205 
  3.502500e+00  4.977191  4.977201 
  3.505000e+00  4.977187  4.977197 
  3.507500e+00  4.977183  4.977192 
  3.510000e+00  4.977178  4.977188 
  3.512500e+00  4.977174  4.977183 
  3.515000e+00  4.977170  4.977179 
  3.517500e+00  4.977166  4.977175 
  3.520000e+00  4.977161  4.977171 
  3.522500e+00  4.977157  4.977166 
  3.525000e+00  4.977153  4.977162 
  3.527500e+00  4.977148  4.977158 
  3.530000e+00  4.977144  4.977153 
  3.532500e+00  4.977140  4.977149 
  3.535000e+00  4.977136  4.977145 
  3.537500e+00  4.977132  4.977141 
  3.540000e+00  4.977127  4.977136 
  3.542500e+00  4.977123  4.977132 
  3.545000e+00  4.977119  4.977128 
  3.547500e+00  4.977115  4.977124 
  3.550000e+00  4.977111  4.977120 
  3.552500e+00  4.977107  4.977116 
  3.555000e+00  4.977102  4.977111 
  3.557500e+00  4.977098  4.977107 
  3.560000e+00  4.977094  4.977103 
  3.562500e+00  4.977090  4.977099 
  3.565000e+00  4.977086  4.977095 
  3.567500e+00  4.977082  4.977091 
  3.570000e+00  4.977078  4.977087 
  3.572500e+00  4.977074  4.977083 
  3.575000e+00  4.977070  4.977079 
  3.577500e+00  4.977066  4.977075 
  3.580000e+00  4.977062  4.977070 
  3.582500e+00  4.977058  4.977066 
  3.585000e+00  4.977054  4.977062 
  3.587500e+00  4.977050  4.977058 
  3.590000e+00  4.977046  4.977054 
  3.592500e+00  4.977042  4.977050 
  3.595000e+00  4.977038  4.977046 
  3.597500e+00  4.977034  4.977043 
  3.600000e+00  4.977030  4.977039 
  3.602500e+00  4.977026  4.977035 
  3.605000e+00  4.977022  4.977031 
  3.607500e+00  4.977018  4.977027 
  3.610000e+00  4.977014  4.977023 
  3.612500e+00  4.977011  4.977019 
  3.615000e+00  4.977007  4.977015 
  3.617500e+00  4.977003  4.977011 
  3.620000e+00  4.976999  4.977007 
  3.622500e+00  4.976995  4.977003 
  3.625000e+00  4.976991  4.977000 
  3.627500e+00  4.976987  4.976996 
  3.630000e+00  4.976984  4.976992 
  3.632500e+00  4.976980  4.976988 
  3.635000e+00  4.976976  4.976984 
  3.637500e+00  4.976972  4.976981 
  3.640000e+00  4.976969  4.976977 
  3.642500e+00  4.976965  4.976973 
  3.645000e+00  4.976961  4.976969 
  3.647500e+00  4.976957  4.976965 
  3.650000e+00  4.976954  4.976962 
  3.652500e+00  4.976950  4.976958 
  3.655000e+00  4.976946  4.976954 
  3.657500e+00  4.976942  4.976950 
  3.660000e+00  4.976939  4.976947 
  3.662500e+00  4.976935  4.976943 
  3.665000e+00  4.976931  4.976939 
  3.667500e+00  4.976928  4.976936 
  3.670000e+00  4.976924  4.976932 
  3.672500e+00  4.976920  4.976928 
  3.675000e+00  4.976917  4.976925 
  3.677500e+00  4.976913  4.976921 
  3.680000e+00  4.976910  4.976917 
  3.682500e+00  4.976906  4.976914 
  3.685000e+00  4.976902  4.976910 
  3.687500e+00  4.976899  4.976907 
  3.690000e+00  4.976895  4.976903 
  3.692500e+00  4.976892  4.976899 
  3.695000e+00  4.976888  4.976896 
  3.697500e+00  4.976885  4.976892 
  3.700000e+00  4.976881  4.976889 
  3.702500e+00  4.976878  4.976885 
  3.705000e+00  4.976874  4.976882 
  3.707500e+00  4.976871  4.976878 
  3.710000e+00  4.976867  4.976875 
  3.712500e+00  4.976864  4.976871 
  3.715000e+00  4.976860  4.976868 
  3.717500e+00  4.976857  4.976864 
  3.720000e+00  4.976853  4.976861 
  3.722500e+00  4.976850  4.976857 
  3.725000e+00  4.976846  4.976854 
  3.727500e+00  4.976843  4.976850 
  3.730000e+00  4.976839  4.976847 
  3.732500e+00  4.976836  4.976843 
  3.735000e+00  4.976833  4.976840 
  3.737500e+00  4.976829  4.976837 
  3.740000e+00  4.976826  4.976833 
  3.742500e+00  4.976822  4.976830 
  3.745000e+00  4.976819  4.976826 
  3.747500e+00  4.976816  4.976823 
  3.750000e+00  4.976812  4.976820 
  3.752500e+00  4.976809  4.976816 
  3.755000e+00  4.976806  4.976813 
  3.757500e+00  4.976802  4.976810 
  3.760000e+00  4.976799  4.976806 
  3.762500e+00  4.976796  4.976803 
  3.765000e+00  4.976792  4.976800 
  3.767500e+00  4.976789  4.976796 
  3.770000e+00  4.976786  4.976793 
  3.772500e+00  4.976783  4.976790 
  3.775000e+00  4.976779  4.976786 
  3.777500e+00  4.976776  4.976783 
  3.780000e+00  4.976773  4.976780 
  3.782500e+00  4.976770  4.976777 
  3.785000e+00  4.976766  4.976773 
  3.787500e+00  4.976763  4.976770 
  3.790000e+00  4.976760  4.976767 
  3.792500e+00  4.976757  4.976764 
  3.795000e+00  4.976754  4.976760 
  3.797500e+00  4.976750  4.976757 
  3.800000e+00  4.976747  4.976754 
  3.802500e+00  4.976744  4.976751 
  3.805000e+00  4.976741  4.976748 
  3.807500e+00  4.976738  4.976745 
  3.810000e+00  4.976735  4.976741 
  3.812500e+00  4.976731  4.976738 
  3.815000e+00  4.976728  4.976735 
  3.817500e+00  4.976725  4.976732 
  3.820000e+00  4.976722  4.976729 
  3.822500e+00  4.976719  4.976726 
  3.825000e+00  4.976716  4.976723 
  3.827500e+00  4.976713  4.976719 
  3.830000e+00  4.976710  4.976716 
  3.832500e+00  4.976707  4.976713 
  3.835000e+00  4.976704  4.976710 
  3.837500e+00  4.976700  4.976707 
  3.840000e+00  4.976697  4.976704 
  3.842500e+00  4.976694  4.976701 
  3.845000e+00  4.976691  4.976698 
  3.847500e+00  4.976688  4.976695 
  3.850000e+00  4.976685  4.976692 
  3.852500e+00  4.976682  4.976689 
  3.855000e+00  4.976679  4.976686 
  3.857500e+00  4.976676  4.976683 
  3.860000e+00  4.976673  4.976680 
  3.862500e+00  4.976670  4.976677 
  3.865000e+00  4.976667  4.976674 
  3.867500e+00  4.976664  4.976671 
  3.870000e+00  4.976661  4.976668 
  3.872500e+00  4.976659  4.976665 
  3.875000e+00  4.976656  4.976662 
  3.877500e+00  4.976653  4.976659 
  3.880000e+00  4.976650  4.976656 
  3.882500e+00  4.976647  4.976653 
  3.885000e+00  4.976644  4.976650 
  3.887500e+00  4.976641  4.976647 
  3.890000e+00  4.976638  4.976644 
  3.892500e+00  4.976635  4.976641 
  3.895000e+00  4.976632  4.976639 
  3.897500e+00  4.976629  4.976636 
  3.900000e+00  4.976627  4.976633 
  3.902500e+00  4.976624  4.976630 
  3.905000e+00  4.976621  4.976627 
  3.907500e+00  4.976618  4.976624 
  3.910000e+00  4.976615  4.976621 
  3.912500e+00  4.976612  4.976619 
  3.915000e+00  4.976610  4.976616 
  3.917500e+00  4.976607  4.976613 
  3.920000e+00  4.976604  4.976610 
  3.922500e+00  4.976601  4.976607 
  3.925000e+00  4.976598  4.976604 
  3.927500e+00  4.976596  4.976602 
  3.930000e+00  4.976593  4.976599 
  3.932500e+00  4.976590  4.976596 
  3.935000e+00  4.976587  4.976593 
  3.937500e+00  4.976585  4.976590 
  3.940000e+00  4.976582  4.976588 
  3.942500e+00  4.976579  4.976585 
  3.945000e+00  4.976576  4.976582 
  3.947500e+00  4.976574  4.976579 
  3.950000e+00  4.976571  4.976577 
  3.952500e+00  4.976568  4.976574 
  3.955000e+00  4.976565  4.976571 
  3.957500e+00  4.976563  4.976569 
  3.960000e+00  4.976560  4.976566 
  3.962500e+00  4.976557  4.976563 
  3.965000e+00  4.976555  4.976560 
  3.967500e+00  4.976552  4.976558 
  3.970000e+00  4.976549  4.976555 
  3.972500e+00  4.976547  4.976552 
  3.975000e+00  4.976544  4.976550 
  3.977500e+00  4.976541  4.976547 
  3.980000e+00  4.976539  4.976544 
  3.982500e+00  4.976536  4.976542 
  3.985000e+00  4.976534  4.976539 
  3.987500e+00  4.976531  4.976537 
  3.990000e+00  4.976528  4.976534 
  3.992500e+00  4.976526  4.976531 
  3.995000e+00  4.976523  4.976529 
  3.997500e+00  4.976520  4.976526 
  4.000000e+00  4.976518  4.976524 
