  1.000000e-02  4.16089267 9.71512228 
  1.500000e-02  4.16089267 9.71511518 
  2.000000e-02  4.16089267 9.71493436 
  2.500000e-02  4.16089267 9.71522529 
  3.000000e-02  4.16089267 9.71460065 
  3.500000e-02  4.16089267 9.71476043 
  4.000000e-02  4.16089267 9.71500644 
  4.500000e-02  4.16089267 9.71516902 
  5.000000e-02  4.16089267 9.71522324 
  5.500000e-02  4.16089267 9.71524069 
  6.000000e-02  4.16089267 9.71538581 
  6.500000e-02  4.16089267 9.71580263 
  7.000000e-02  4.16089267 9.71540436 
  7.500000e-02  4.16089267 9.71604447 
  8.000000e-02  4.16089267 9.71491230 
  8.500000e-02  4.16089267 9.71447027 
  9.000000e-02  4.16089267 9.71432908 
  9.500000e-02  4.16089267 9.71431024 
  1.000000e-01  4.16089267 9.71433710 
  1.050000e-01  4.16089267 9.71436653 
  1.100000e-01  4.16089267 9.71436465 
  1.150000e-01  4.16089267 9.71448872 
  1.200000e-01  4.16089267 9.71461659 
  1.250000e-01  4.16089267 9.71472898 
  1.300000e-01  4.16089267 9.71483254 
  1.350000e-01  4.16089267 9.71494180 
  1.400000e-01  4.16089267 9.71507285 
  1.450000e-01  4.16089267 9.71523796 
  1.500000e-01  4.16089267 9.71522312 
  1.550000e-01  4.16089267 9.71518848 
  1.600000e-01  4.16089267 9.71515820 
  1.650000e-01  4.16089267 9.71513125 
  1.700000e-01  4.16089267 9.71510272 
  1.750000e-01  4.16089267 9.71506573 
  1.800000e-01  4.16089267 9.71508776 
  1.850000e-01  4.16089267 9.71511597 
  1.900000e-01  4.16089267 9.71514114 
  1.950000e-01  4.16089267 9.71516373 
  2.000000e-01  4.16089267 9.71518601 
  2.050000e-01  4.16089267 9.71521018 
  2.100000e-01  4.16089267 9.71523804 
  2.150000e-01  4.16089267 9.71527161 
  2.200000e-01  4.16089267 9.71525965 
  2.250000e-01  4.16089267 9.71524952 
  2.300000e-01  4.16089267 9.71524297 
  2.350000e-01  4.16089267 9.71523663 
  2.400000e-01  4.16089267 9.71522617 
  2.450000e-01  4.16089267 9.71522425 
  2.500000e-01  4.16089267 9.71523826 
  2.550000e-01  4.16089267 9.71525554 
  2.600000e-01  4.16089267 9.71527378 
  2.650000e-01  4.16089267 9.71529339 
  2.700000e-01  4.16089267 9.71531565 
  2.750000e-01  4.16089267 9.71534226 
  2.800000e-01  4.16089267 9.71537477 
  2.850000e-01  4.16089267 9.71536635 
  2.900000e-01  4.16089267 9.71535350 
  2.950000e-01  4.16089267 9.71534153 
  3.000000e-01  4.16089267 9.71532980 
  3.050000e-01  4.16089267 9.71531614 
  3.100000e-01  4.16089267 9.71532490 
  3.150000e-01  4.16089267 9.71533540 
  3.200000e-01  4.16089267 9.71534471 
  3.250000e-01  4.16089267 9.71535295 
  3.300000e-01  4.16089267 9.71536068 
  3.350000e-01  4.16089267 9.71536844 
  3.400000e-01  4.16089267 9.71537662 
  3.450000e-01  4.16089267 9.71538569 
  3.500000e-01  4.16089267 9.71539549 
  3.550000e-01  4.16089267 9.71539891 
  3.600000e-01  4.16089267 9.71540019 
  3.650000e-01  4.16089267 9.71540072 
  3.700000e-01  4.16089267 9.71540099 
  3.750000e-01  4.16089267 9.71540116 
  3.800000e-01  4.16089267 9.71540129 
  3.850000e-01  4.16089267 9.71540140 
  3.900000e-01  4.16089267 9.71540556 
  3.950000e-01  4.16089267 9.71541076 
  4.000000e-01  4.16089267 9.71541661 
  4.050000e-01  4.16089267 9.71542323 
  4.100000e-01  4.16089267 9.71543042 
  4.150000e-01  4.16089267 9.71543887 
  4.200000e-01  4.16089267 9.71544171 
  4.250000e-01  4.16089267 9.71544268 
  4.300000e-01  4.16089267 9.71544301 
  4.350000e-01  4.16089267 9.71544310 
  4.400000e-01  4.16089267 9.71544310 
  4.450000e-01  4.16089267 9.71544304 
  4.500000e-01  4.16089267 9.71544295 
  4.550000e-01  4.16089267 9.71544283 
  4.600000e-01  4.16089267 9.71544269 
  4.650000e-01  4.16089267 9.71544500 
  4.700000e-01  4.16089267 9.71544798 
  4.750000e-01  4.16089267 9.71545127 
  4.800000e-01  4.16089267 9.71545227 
  4.850000e-01  4.16089267 9.71545251 
  4.900000e-01  4.16089267 9.71545251 
  4.950000e-01  4.16089267 9.71545245 
  5.000000e-01  4.16089267 9.71545236 
  5.050000e-01  4.16089267 9.71545227 
  5.100000e-01  4.16089267 9.71545219 
  5.150000e-01  4.16089267 9.71545211 
  5.200000e-01  4.16089267 9.71545204 
  5.250000e-01  4.16089267 9.71545197 
  5.300000e-01  4.16089267 9.71545191 
  5.350000e-01  4.16089267 9.71545184 
  5.400000e-01  4.16089267 9.71545178 
  5.450000e-01  4.16089267 9.71545173 
  5.500000e-01  4.16089267 9.71545167 
  5.550000e-01  4.16089267 9.71545162 
  5.600000e-01  4.16089267 9.71545157 
  5.650000e-01  4.16089267 9.71545153 
  5.700000e-01  4.16089267 9.71545148 
  5.750000e-01  4.16089267 9.71545144 
  5.800000e-01  4.16089267 9.71545140 
  5.850000e-01  4.16089267 9.71545135 
  5.900000e-01  4.16089267 9.71545131 
  5.950000e-01  4.16089267 9.71545127 
  6.000000e-01  4.16089267 9.71545123 
  6.050000e-01  4.16089267 9.71545119 
  6.100000e-01  4.16089267 9.71545116 
  6.150000e-01  4.16089267 9.71545112 
  6.200000e-01  4.16089267 9.71545108 
  6.250000e-01  4.16089267 9.71545105 
  6.300000e-01  4.16089267 9.71545102 
  6.350000e-01  4.16089267 9.71545099 
  6.400000e-01  4.16089267 9.71545096 
  6.450000e-01  4.16089267 9.71545093 
  6.500000e-01  4.16089267 9.71545091 
  6.550000e-01  4.16089267 9.71545088 
  6.600000e-01  4.16089267 9.71545085 
  6.650000e-01  4.16089267 9.71545083 
  6.700000e-01  4.16089267 9.71545081 
  6.750000e-01  4.16089267 9.71545079 
  6.800000e-01  4.16089267 9.71545077 
  6.850000e-01  4.16089267 9.71545075 
  6.900000e-01  4.16089267 9.71545073 
  6.950000e-01  4.16089267 9.71545071 
  7.000000e-01  4.16089267 9.71545070 
  7.050000e-01  4.16089267 9.71545069 
  7.100000e-01  4.16089267 9.71545067 
  7.150000e-01  4.16089267 9.71545066 
  7.200000e-01  4.16089267 9.71545065 
  7.250000e-01  4.16089267 9.71545064 
  7.300000e-01  4.16089267 9.71545063 
  7.350000e-01  4.16089267 9.71545063 
  7.400000e-01  4.16089267 9.71545062 
  7.450000e-01  4.16089267 9.71545061 
  7.500000e-01  4.16089267 9.71545061 
  7.550000e-01  4.16089267 9.71545061 
  7.600000e-01  4.16089267 9.71545060 
  7.650000e-01  4.16089267 9.71545060 
  7.700000e-01  4.16089267 9.71545060 
  7.750000e-01  4.16089267 9.71545059 
  7.800000e-01  4.16089267 9.71545059 
  7.850000e-01  4.16089267 9.71545059 
  7.900000e-01  4.16089267 9.71545059 
  7.950000e-01  4.16089267 9.71545059 
  8.000000e-01  4.16089267 9.71545059 
  8.050000e-01  4.16089267 9.71545059 
  8.100000e-01  4.16089267 9.71545059 
  8.150000e-01  4.16089267 9.71545059 
  8.200000e-01  4.16089267 9.71545059 
  8.250000e-01  4.16089267 9.71545059 
  8.300000e-01  4.16089267 9.71545059 
  8.350000e-01  4.16089267 9.71545059 
  8.400000e-01  4.16089267 9.71545059 
  8.450000e-01  4.16089267 9.71545059 
  8.500000e-01  4.16089267 9.71545059 
  8.550000e-01  4.16089267 9.71545060 
  8.600000e-01  4.16089267 9.71545060 
  8.650000e-01  4.16089267 9.71545060 
  8.700000e-01  4.16089267 9.71545060 
  8.750000e-01  4.16089267 9.71545060 
  8.800000e-01  4.16089267 9.71545060 
  8.850000e-01  4.16089267 9.71545060 
  8.900000e-01  4.16089267 9.71545060 
  8.950000e-01  4.16089267 9.71545060 
  9.000000e-01  4.16089267 9.71545061 
  9.050000e-01  4.16089267 9.71545061 
  9.100000e-01  4.16089267 9.71545061 
  9.150000e-01  4.16089267 9.71545061 
  9.200000e-01  4.16089267 9.71545061 
  9.250000e-01  4.16089267 9.71545061 
  9.300000e-01  4.16089267 9.71545061 
  9.350000e-01  4.16089267 9.71545061 
  9.400000e-01  4.16089267 9.71545061 
  9.450000e-01  4.16089267 9.71545061 
  9.500000e-01  4.16089267 9.71545062 
  9.550000e-01  4.16089267 9.71545062 
  9.600000e-01  4.16089267 9.71545062 
  9.650000e-01  4.16089267 9.71545062 
  9.700000e-01  4.16089267 9.71545062 
  9.750000e-01  4.16089267 9.71545062 
  9.800000e-01  4.16089267 9.71545062 
  9.850000e-01  4.16089267 9.71545062 
  9.900000e-01  4.16089267 9.71545062 
  9.950000e-01  4.16089267 9.71545062 
  1.000000e+00  4.16089267 9.71545062 
  1.005000e+00  4.16089267 9.71545062 
  1.010000e+00  4.16089267 9.71545062 
  1.015000e+00  4.16089267 9.71545062 
  1.020000e+00  4.16089267 9.71545062 
  1.025000e+00  4.16089267 9.71545062 
  1.030000e+00  4.16089267 9.71545062 
  1.035000e+00  4.16089267 9.71545062 
  1.040000e+00  4.16089267 9.71545062 
  1.045000e+00  4.16089267 9.71545062 
  1.050000e+00  4.16089267 9.71545062 
  1.055000e+00  4.16089267 9.71545063 
  1.060000e+00  4.16089267 9.71545063 
  1.065000e+00  4.16089267 9.71545063 
  1.070000e+00  4.16089267 9.71545063 
  1.075000e+00  4.16089267 9.71545063 
  1.080000e+00  4.16089267 9.71545063 
  1.085000e+00  4.16089267 9.71545063 
  1.090000e+00  4.16089267 9.71545063 
  1.095000e+00  4.16089267 9.71545063 
  1.100000e+00  4.16089267 9.71545063 
  1.105000e+00  4.16089267 9.71545063 
  1.110000e+00  4.16089267 9.71545063 
  1.115000e+00  4.16089267 9.71545063 
  1.120000e+00  4.16089267 9.71545063 
  1.125000e+00  4.16089267 9.71545063 
  1.130000e+00  4.16089267 9.71545063 
  1.135000e+00  4.16089267 9.71545063 
  1.140000e+00  4.16089267 9.71545063 
  1.145000e+00  4.16089267 9.71545063 
  1.150000e+00  4.16089267 9.71545063 
  1.155000e+00  4.16089267 9.71545063 
  1.160000e+00  4.16089267 9.71545063 
  1.165000e+00  4.16089267 9.71545063 
  1.170000e+00  4.16089267 9.71545063 
  1.175000e+00  4.16089267 9.71545063 
  1.180000e+00  4.16089267 9.71545063 
  1.185000e+00  4.16089267 9.71545063 
  1.190000e+00  4.16089267 9.71545063 
  1.195000e+00  4.16089267 9.71545063 
  1.200000e+00  4.16089267 9.71545063 
  1.205000e+00  4.16089267 9.71545063 
  1.210000e+00  4.16089267 9.71545063 
  1.215000e+00  4.16089267 9.71545063 
  1.220000e+00  4.16089267 9.71545063 
  1.225000e+00  4.16089267 9.71545063 
  1.230000e+00  4.16089267 9.71545063 
  1.235000e+00  4.16089267 9.71545063 
  1.240000e+00  4.16089267 9.71545063 
  1.245000e+00  4.16089267 9.71545062 
  1.250000e+00  4.16089267 9.71545062 
  1.255000e+00  4.16089267 9.71545062 
  1.260000e+00  4.16089267 9.71545062 
  1.265000e+00  4.16089267 9.71545062 
  1.270000e+00  4.16089267 9.71545062 
  1.275000e+00  4.16089267 9.71545062 
  1.280000e+00  4.16089267 9.71545062 
  1.285000e+00  4.16089267 9.71545062 
  1.290000e+00  4.16089267 9.71545062 
  1.295000e+00  4.16089267 9.71545062 
  1.300000e+00  4.16089267 9.71545062 
  1.305000e+00  4.16089267 9.71545062 
  1.310000e+00  4.16089267 9.71545062 
  1.315000e+00  4.16089267 9.71545062 
  1.320000e+00  4.16089267 9.71545062 
  1.325000e+00  4.16089267 9.71545062 
  1.330000e+00  4.16089267 9.71545062 
  1.335000e+00  4.16089267 9.71545062 
  1.340000e+00  4.16089267 9.71545062 
  1.345000e+00  4.16089267 9.71545062 
  1.350000e+00  4.16089267 9.71545062 
  1.355000e+00  4.16089267 9.71545062 
  1.360000e+00  4.16089267 9.71545062 
  1.365000e+00  4.16089267 9.71545062 
  1.370000e+00  4.16089267 9.71545062 
  1.375000e+00  4.16089267 9.71545062 
  1.380000e+00  4.16089267 9.71545062 
  1.385000e+00  4.16089267 9.71545062 
  1.390000e+00  4.16089267 9.71545062 
  1.395000e+00  4.16089267 9.71545062 
  1.400000e+00  4.16089267 9.71545062 
  1.405000e+00  4.16089267 9.71545062 
  1.410000e+00  4.16089267 9.71545062 
  1.415000e+00  4.16089267 9.71545062 
  1.420000e+00  4.16089267 9.71545062 
  1.425000e+00  4.16089267 9.71545062 
  1.430000e+00  4.16089267 9.71545062 
  1.435000e+00  4.16089267 9.71545062 
  1.440000e+00  4.16089267 9.71545062 
  1.445000e+00  4.16089267 9.71545062 
  1.450000e+00  4.16089267 9.71545062 
  1.455000e+00  4.16089267 9.71545062 
  1.460000e+00  4.16089267 9.71545062 
  1.465000e+00  4.16089267 9.71545062 
  1.470000e+00  4.16089267 9.71545062 
  1.475000e+00  4.16089267 9.71545062 
  1.480000e+00  4.16089267 9.71545062 
  1.485000e+00  4.16089267 9.71545062 
  1.490000e+00  4.16089267 9.71545062 
  1.495000e+00  4.16089267 9.71545062 
  1.500000e+00  4.16089267 9.71545062 
  1.505000e+00  4.16089267 9.71545062 
  1.510000e+00  4.16089267 9.71545062 
  1.515000e+00  4.16089267 9.71545062 
  1.520000e+00  4.16089267 9.71545062 
  1.525000e+00  4.16089267 9.71545062 
  1.530000e+00  4.16089267 9.71545062 
  1.535000e+00  4.16089267 9.71545062 
  1.540000e+00  4.16089267 9.71545062 
  1.545000e+00  4.16089267 9.71545062 
  1.550000e+00  4.16089267 9.71545062 
  1.555000e+00  4.16089267 9.71545062 
  1.560000e+00  4.16089267 9.71545061 
  1.565000e+00  4.16089267 9.71545061 
  1.570000e+00  4.16089267 9.71545061 
  1.575000e+00  4.16089267 9.71545061 
  1.580000e+00  4.16089267 9.71545061 
  1.585000e+00  4.16089267 9.71545061 
  1.590000e+00  4.16089267 9.71545061 
  1.595000e+00  4.16089267 9.71545061 
  1.600000e+00  4.16089267 9.71545061 
  1.605000e+00  4.16089267 9.71545061 
  1.610000e+00  4.16089267 9.71545061 
  1.615000e+00  4.16089267 9.71545061 
  1.620000e+00  4.16089267 9.71545061 
  1.625000e+00  4.16089267 9.71545061 
  1.630000e+00  4.16089267 9.71545061 
  1.635000e+00  4.16089267 9.71545061 
  1.640000e+00  4.16089267 9.71545061 
  1.645000e+00  4.16089267 9.71545061 
  1.650000e+00  4.16089267 9.71545061 
  1.655000e+00  4.16089267 9.71545061 
  1.660000e+00  4.16089267 9.71545061 
  1.665000e+00  4.16089267 9.71545061 
  1.670000e+00  4.16089267 9.71545061 
  1.675000e+00  4.16089267 9.71545061 
  1.680000e+00  4.16089267 9.71545061 
  1.685000e+00  4.16089267 9.71545061 
  1.690000e+00  4.16089267 9.71545061 
  1.695000e+00  4.16089267 9.71545061 
  1.700000e+00  4.16089267 9.71545061 
  1.705000e+00  4.16089267 9.71545061 
  1.710000e+00  4.16089267 9.71545061 
  1.715000e+00  4.16089267 9.71545061 
  1.720000e+00  4.16089267 9.71545061 
  1.725000e+00  4.16089267 9.71545061 
  1.730000e+00  4.16089267 9.71545061 
  1.735000e+00  4.16089267 9.71545061 
  1.740000e+00  4.16089267 9.71545061 
  1.745000e+00  4.16089267 9.71545061 
  1.750000e+00  4.16089267 9.71545061 
  1.755000e+00  4.16089267 9.71545061 
  1.760000e+00  4.16089267 9.71545061 
  1.765000e+00  4.16089267 9.71545061 
  1.770000e+00  4.16089267 9.71545061 
  1.775000e+00  4.16089267 9.71545061 
  1.780000e+00  4.16089267 9.71545061 
  1.785000e+00  4.16089267 9.71545061 
  1.790000e+00  4.16089267 9.71545060 
  1.795000e+00  4.16089267 9.71545060 
  1.800000e+00  4.16089267 9.71545060 
  1.805000e+00  4.16089267 9.71545060 
  1.810000e+00  4.16089267 9.71545060 
  1.815000e+00  4.16089267 9.71545060 
  1.820000e+00  4.16089267 9.71545060 
  1.825000e+00  4.16089267 9.71545060 
  1.830000e+00  4.16089267 9.71545060 
  1.835000e+00  4.16089267 9.71545060 
  1.840000e+00  4.16089267 9.71545060 
  1.845000e+00  4.16089267 9.71545060 
  1.850000e+00  4.16089267 9.71545060 
  1.855000e+00  4.16089267 9.71545060 
  1.860000e+00  4.16089267 9.71545060 
  1.865000e+00  4.16089267 9.71545060 
  1.870000e+00  4.16089267 9.71545060 
  1.875000e+00  4.16089267 9.71545060 
  1.880000e+00  4.16089267 9.71545060 
  1.885000e+00  4.16089267 9.71545060 
  1.890000e+00  4.16089267 9.71545060 
  1.895000e+00  4.16089267 9.71545060 
  1.900000e+00  4.16089267 9.71545060 
  1.905000e+00  4.16089267 9.71545060 
  1.910000e+00  4.16089267 9.71545060 
  1.915000e+00  4.16089267 9.71545060 
  1.920000e+00  4.16089267 9.71545060 
  1.925000e+00  4.16089267 9.71545060 
  1.930000e+00  4.16089267 9.71545060 
  1.935000e+00  4.16089267 9.71545060 
  1.940000e+00  4.16089267 9.71545060 
  1.945000e+00  4.16089267 9.71545060 
  1.950000e+00  4.16089267 9.71545060 
  1.955000e+00  4.16089267 9.71545060 
  1.960000e+00  4.16089267 9.71545060 
  1.965000e+00  4.16089267 9.71545060 
  1.970000e+00  4.16089267 9.71545060 
  1.975000e+00  4.16089267 9.71545060 
  1.980000e+00  4.16089267 9.71545060 
  1.985000e+00  4.16089267 9.71545060 
  1.990000e+00  4.16089267 9.71545060 
  1.995000e+00  4.16089267 9.71545060 
  2.000000e+00  4.16089267 9.71545060 
  2.005000e+00  4.16089267 9.71545060 
  2.010000e+00  4.16089267 9.71545060 
  2.015000e+00  4.16089267 9.71545060 
  2.020000e+00  4.16089267 9.71545060 
  2.025000e+00  4.16089267 9.71545059 
  2.030000e+00  4.16089267 9.71545059 
  2.035000e+00  4.16089267 9.71545059 
  2.040000e+00  4.16089267 9.71545059 
  2.045000e+00  4.16089267 9.71545059 
  2.050000e+00  4.16089267 9.71545059 
  2.055000e+00  4.16089267 9.71545059 
  2.060000e+00  4.16089267 9.71545059 
  2.065000e+00  4.16089267 9.71545059 
  2.070000e+00  4.16089267 9.71545059 
  2.075000e+00  4.16089267 9.71545059 
  2.080000e+00  4.16089267 9.71545059 
  2.085000e+00  4.16089267 9.71545059 
  2.090000e+00  4.16089267 9.71545059 
  2.095000e+00  4.16089267 9.71545059 
  2.100000e+00  4.16089267 9.71545059 
  2.105000e+00  4.16089267 9.71545059 
  2.110000e+00  4.16089267 9.71545059 
  2.115000e+00  4.16089267 9.71545059 
  2.120000e+00  4.16089267 9.71545059 
  2.125000e+00  4.16089267 9.71545059 
  2.130000e+00  4.16089267 9.71545059 
  2.135000e+00  4.16089267 9.71545059 
  2.140000e+00  4.16089267 9.71545059 
  2.145000e+00  4.16089267 9.71545059 
  2.150000e+00  4.16089267 9.71545059 
  2.155000e+00  4.16089267 9.71545059 
  2.160000e+00  4.16089267 9.71545059 
  2.165000e+00  4.16089267 9.71545059 
  2.170000e+00  4.16089267 9.71545059 
  2.175000e+00  4.16089267 9.71545059 
  2.180000e+00  4.16089267 9.71545059 
  2.185000e+00  4.16089267 9.71545059 
  2.190000e+00  4.16089267 9.71545059 
  2.195000e+00  4.16089267 9.71545059 
  2.200000e+00  4.16089267 9.71545059 
  2.205000e+00  4.16089267 9.71545059 
  2.210000e+00  4.16089267 9.71545059 
  2.215000e+00  4.16089267 9.71545059 
  2.220000e+00  4.16089267 9.71545059 
  2.225000e+00  4.16089267 9.71545059 
  2.230000e+00  4.16089267 9.71545059 
  2.235000e+00  4.16089267 9.71545059 
  2.240000e+00  4.16089267 9.71545059 
  2.245000e+00  4.16089267 9.71545059 
  2.250000e+00  4.16089267 9.71545059 
  2.255000e+00  4.16089267 9.71545059 
  2.260000e+00  4.16089267 9.71545059 
  2.265000e+00  4.16089267 9.71545059 
  2.270000e+00  4.16089267 9.71545059 
  2.275000e+00  4.16089267 9.71545059 
  2.280000e+00  4.16089267 9.71545059 
  2.285000e+00  4.16089267 9.71545058 
  2.290000e+00  4.16089267 9.71545058 
  2.295000e+00  4.16089267 9.71545058 
  2.300000e+00  4.16089267 9.71545058 
  2.305000e+00  4.16089267 9.71545058 
  2.310000e+00  4.16089267 9.71545058 
  2.315000e+00  4.16089267 9.71545058 
  2.320000e+00  4.16089267 9.71545058 
  2.325000e+00  4.16089267 9.71545058 
  2.330000e+00  4.16089267 9.71545058 
  2.335000e+00  4.16089267 9.71545058 
  2.340000e+00  4.16089267 9.71545058 
  2.345000e+00  4.16089267 9.71545058 
  2.350000e+00  4.16089267 9.71545058 
  2.355000e+00  4.16089267 9.71545058 
  2.360000e+00  4.16089267 9.71545058 
  2.365000e+00  4.16089267 9.71545058 
  2.370000e+00  4.16089267 9.71545058 
  2.375000e+00  4.16089267 9.71545058 
  2.380000e+00  4.16089267 9.71545058 
  2.385000e+00  4.16089267 9.71545058 
  2.390000e+00  4.16089267 9.71545058 
  2.395000e+00  4.16089267 9.71545058 
  2.400000e+00  4.16089267 9.71545058 
  2.405000e+00  4.16089267 9.71545058 
  2.410000e+00  4.16089267 9.71545058 
  2.415000e+00  4.16089267 9.71545058 
  2.420000e+00  4.16089267 9.71545058 
  2.425000e+00  4.16089267 9.71545058 
  2.430000e+00  4.16089267 9.71545058 
  2.435000e+00  4.16089267 9.71545058 
  2.440000e+00  4.16089267 9.71545058 
  2.445000e+00  4.16089267 9.71545058 
  2.450000e+00  4.16089267 9.71545058 
  2.455000e+00  4.16089267 9.71545058 
  2.460000e+00  4.16089267 9.71545058 
  2.465000e+00  4.16089267 9.71545058 
  2.470000e+00  4.16089267 9.71545058 
  2.475000e+00  4.16089267 9.71545058 
  2.480000e+00  4.16089267 9.71545058 
  2.485000e+00  4.16089267 9.71545058 
  2.490000e+00  4.16089267 9.71545058 
  2.495000e+00  4.16089267 9.71545058 
  2.500000e+00  4.16089267 9.71545058 
  2.505000e+00  4.16089267 9.71545058 
  2.510000e+00  4.16089267 9.71545058 
  2.515000e+00  4.16089267 9.71545058 
  2.520000e+00  4.16089267 9.71545058 
  2.525000e+00  4.16089267 9.71545058 
  2.530000e+00  4.16089267 9.71545058 
  2.535000e+00  4.16089267 9.71545058 
  2.540000e+00  4.16089267 9.71545058 
  2.545000e+00  4.16089267 9.71545058 
  2.550000e+00  4.16089267 9.71545058 
  2.555000e+00  4.16089267 9.71545058 
  2.560000e+00  4.16089267 9.71545058 
  2.565000e+00  4.16089267 9.71545058 
  2.570000e+00  4.16089267 9.71545058 
  2.575000e+00  4.16089267 9.71545058 
  2.580000e+00  4.16089267 9.71545058 
  2.585000e+00  4.16089267 9.71545058 
  2.590000e+00  4.16089267 9.71545058 
  2.595000e+00  4.16089267 9.71545058 
  2.600000e+00  4.16089267 9.71545058 
  2.605000e+00  4.16089267 9.71545057 
  2.610000e+00  4.16089267 9.71545057 
  2.615000e+00  4.16089267 9.71545057 
  2.620000e+00  4.16089267 9.71545057 
  2.625000e+00  4.16089267 9.71545057 
  2.630000e+00  4.16089267 9.71545057 
  2.635000e+00  4.16089267 9.71545057 
  2.640000e+00  4.16089267 9.71545057 
  2.645000e+00  4.16089267 9.71545057 
  2.650000e+00  4.16089267 9.71545057 
  2.655000e+00  4.16089267 9.71545057 
  2.660000e+00  4.16089267 9.71545057 
  2.665000e+00  4.16089267 9.71545057 
  2.670000e+00  4.16089267 9.71545057 
  2.675000e+00  4.16089267 9.71545057 
  2.680000e+00  4.16089267 9.71545057 
  2.685000e+00  4.16089267 9.71545057 
  2.690000e+00  4.16089267 9.71545057 
  2.695000e+00  4.16089267 9.71545057 
  2.700000e+00  4.16089267 9.71545057 
  2.705000e+00  4.16089267 9.71545057 
  2.710000e+00  4.16089267 9.71545057 
  2.715000e+00  4.16089267 9.71545057 
  2.720000e+00  4.16089267 9.71545057 
  2.725000e+00  4.16089267 9.71545057 
  2.730000e+00  4.16089267 9.71545057 
  2.735000e+00  4.16089267 9.71545057 
  2.740000e+00  4.16089267 9.71545057 
  2.745000e+00  4.16089267 9.71545057 
  2.750000e+00  4.16089267 9.71545057 
  2.755000e+00  4.16089267 9.71545057 
  2.760000e+00  4.16089267 9.71545057 
  2.765000e+00  4.16089267 9.71545057 
  2.770000e+00  4.16089267 9.71545057 
  2.775000e+00  4.16089267 9.71545057 
  2.780000e+00  4.16089267 9.71545057 
  2.785000e+00  4.16089267 9.71545057 
  2.790000e+00  4.16089267 9.71545057 
  2.795000e+00  4.16089267 9.71545057 
  2.800000e+00  4.16089267 9.71545057 
  2.805000e+00  4.16089267 9.71545057 
  2.810000e+00  4.16089267 9.71545057 
  2.815000e+00  4.16089267 9.71545057 
  2.820000e+00  4.16089267 9.71545057 
  2.825000e+00  4.16089267 9.71545057 
  2.830000e+00  4.16089267 9.71545057 
  2.835000e+00  4.16089267 9.71545057 
  2.840000e+00  4.16089267 9.71545057 
  2.845000e+00  4.16089267 9.71545057 
  2.850000e+00  4.16089267 9.71545057 
  2.855000e+00  4.16089267 9.71545057 
  2.860000e+00  4.16089267 9.71545057 
  2.865000e+00  4.16089267 9.71545057 
  2.870000e+00  4.16089267 9.71545057 
  2.875000e+00  4.16089267 9.71545057 
  2.880000e+00  4.16089267 9.71545057 
  2.885000e+00  4.16089267 9.71545057 
  2.890000e+00  4.16089267 9.71545057 
  2.895000e+00  4.16089267 9.71545057 
  2.900000e+00  4.16089267 9.71545057 
  2.905000e+00  4.16089267 9.71545057 
  2.910000e+00  4.16089267 9.71545057 
  2.915000e+00  4.16089267 9.71545057 
  2.920000e+00  4.16089267 9.71545057 
  2.925000e+00  4.16089267 9.71545057 
  2.930000e+00  4.16089267 9.71545057 
  2.935000e+00  4.16089267 9.71545057 
  2.940000e+00  4.16089267 9.71545057 
  2.945000e+00  4.16089267 9.71545057 
  2.950000e+00  4.16089267 9.71545057 
  2.955000e+00  4.16089267 9.71545057 
  2.960000e+00  4.16089267 9.71545057 
  2.965000e+00  4.16089267 9.71545057 
  2.970000e+00  4.16089267 9.71545057 
  2.975000e+00  4.16089267 9.71545057 
  2.980000e+00  4.16089267 9.71545057 
  2.985000e+00  4.16089267 9.71545057 
  2.990000e+00  4.16089267 9.71545057 
  2.995000e+00  4.16089267 9.71545057 
  3.000000e+00  4.16089267 9.71545057 
  3.005000e+00  4.16089267 9.71545057 
  3.010000e+00  4.16089267 9.71545057 
  3.015000e+00  4.16089267 9.71545057 
  3.020000e+00  4.16089267 9.71545057 
  3.025000e+00  4.16089267 9.71545057 
  3.030000e+00  4.16089267 9.71545057 
  3.035000e+00  4.16089267 9.71545057 
  3.040000e+00  4.16089267 9.71545057 
  3.045000e+00  4.16089267 9.71545056 
  3.050000e+00  4.16089267 9.71545056 
  3.055000e+00  4.16089267 9.71545056 
  3.060000e+00  4.16089267 9.71545056 
  3.065000e+00  4.16089267 9.71545056 
  3.070000e+00  4.16089267 9.71545056 
  3.075000e+00  4.16089267 9.71545056 
  3.080000e+00  4.16089267 9.71545056 
  3.085000e+00  4.16089267 9.71545056 
  3.090000e+00  4.16089267 9.71545056 
  3.095000e+00  4.16089267 9.71545056 
  3.100000e+00  4.16089267 9.71545056 
  3.105000e+00  4.16089267 9.71545056 
  3.110000e+00  4.16089267 9.71545056 
  3.115000e+00  4.16089267 9.71545056 
  3.120000e+00  4.16089267 9.71545056 
  3.125000e+00  4.16089267 9.71545056 
  3.130000e+00  4.16089267 9.71545056 
  3.135000e+00  4.16089267 9.71545056 
  3.140000e+00  4.16089267 9.71545056 
  3.145000e+00  4.16089267 9.71545056 
  3.150000e+00  4.16089267 9.71545056 
  3.155000e+00  4.16089267 9.71545056 
  3.160000e+00  4.16089267 9.71545056 
  3.165000e+00  4.16089267 9.71545056 
  3.170000e+00  4.16089267 9.71545056 
  3.175000e+00  4.16089267 9.71545056 
  3.180000e+00  4.16089267 9.71545056 
  3.185000e+00  4.16089267 9.71545056 
  3.190000e+00  4.16089267 9.71545056 
  3.195000e+00  4.16089267 9.71545056 
  3.200000e+00  4.16089267 9.71545056 
  3.205000e+00  4.16089267 9.71545056 
  3.210000e+00  4.16089267 9.71545056 
  3.215000e+00  4.16089267 9.71545056 
  3.220000e+00  4.16089267 9.71545056 
  3.225000e+00  4.16089267 9.71545056 
  3.230000e+00  4.16089267 9.71545056 
  3.235000e+00  4.16089267 9.71545056 
  3.240000e+00  4.16089267 9.71545056 
  3.245000e+00  4.16089267 9.71545056 
  3.250000e+00  4.16089267 9.71545056 
  3.255000e+00  4.16089267 9.71545056 
  3.260000e+00  4.16089267 9.71545056 
  3.265000e+00  4.16089267 9.71545056 
  3.270000e+00  4.16089267 9.71545056 
  3.275000e+00  4.16089267 9.71545056 
  3.280000e+00  4.16089267 9.71545056 
  3.285000e+00  4.16089267 9.71545056 
  3.290000e+00  4.16089267 9.71545056 
  3.295000e+00  4.16089267 9.71545056 
  3.300000e+00  4.16089267 9.71545056 
  3.305000e+00  4.16089267 9.71545056 
  3.310000e+00  4.16089267 9.71545056 
  3.315000e+00  4.16089267 9.71545056 
  3.320000e+00  4.16089267 9.71545056 
  3.325000e+00  4.16089267 9.71545056 
  3.330000e+00  4.16089267 9.71545056 
  3.335000e+00  4.16089267 9.71545056 
  3.340000e+00  4.16089267 9.71545056 
  3.345000e+00  4.16089267 9.71545056 
  3.350000e+00  4.16089267 9.71545056 
  3.355000e+00  4.16089267 9.71545056 
  3.360000e+00  4.16089267 9.71545056 
  3.365000e+00  4.16089267 9.71545056 
  3.370000e+00  4.16089267 9.71545056 
  3.375000e+00  4.16089267 9.71545056 
  3.380000e+00  4.16089267 9.71545056 
  3.385000e+00  4.16089267 9.71545056 
  3.390000e+00  4.16089267 9.71545056 
  3.395000e+00  4.16089267 9.71545056 
  3.400000e+00  4.16089267 9.71545056 
  3.405000e+00  4.16089267 9.71545056 
  3.410000e+00  4.16089267 9.71545056 
  3.415000e+00  4.16089267 9.71545056 
  3.420000e+00  4.16089267 9.71545056 
  3.425000e+00  4.16089267 9.71545056 
  3.430000e+00  4.16089267 9.71545056 
  3.435000e+00  4.16089267 9.71545056 
  3.440000e+00  4.16089267 9.71545056 
  3.445000e+00  4.16089267 9.71545056 
  3.450000e+00  4.16089267 9.71545056 
  3.455000e+00  4.16089267 9.71545056 
  3.460000e+00  4.16089267 9.71545056 
  3.465000e+00  4.16089267 9.71545056 
  3.470000e+00  4.16089267 9.71545056 
  3.475000e+00  4.16089267 9.71545056 
  3.480000e+00  4.16089267 9.71545056 
  3.485000e+00  4.16089267 9.71545056 
  3.490000e+00  4.16089267 9.71545056 
  3.495000e+00  4.16089267 9.71545056 
  3.500000e+00  4.16089267 9.71545056 
  3.505000e+00  4.16089267 9.71545056 
  3.510000e+00  4.16089267 9.71545056 
  3.515000e+00  4.16089267 9.71545056 
  3.520000e+00  4.16089267 9.71545056 
  3.525000e+00  4.16089267 9.71545056 
  3.530000e+00  4.16089267 9.71545056 
  3.535000e+00  4.16089267 9.71545056 
  3.540000e+00  4.16089267 9.71545056 
  3.545000e+00  4.16089267 9.71545056 
  3.550000e+00  4.16089267 9.71545056 
  3.555000e+00  4.16089267 9.71545056 
  3.560000e+00  4.16089267 9.71545056 
  3.565000e+00  4.16089267 9.71545056 
  3.570000e+00  4.16089267 9.71545056 
  3.575000e+00  4.16089267 9.71545056 
  3.580000e+00  4.16089267 9.71545056 
  3.585000e+00  4.16089267 9.71545056 
  3.590000e+00  4.16089267 9.71545056 
  3.595000e+00  4.16089267 9.71545056 
  3.600000e+00  4.16089267 9.71545056 
  3.605000e+00  4.16089267 9.71545056 
  3.610000e+00  4.16089267 9.71545056 
  3.615000e+00  4.16089267 9.71545056 
  3.620000e+00  4.16089267 9.71545056 
  3.625000e+00  4.16089267 9.71545056 
  3.630000e+00  4.16089267 9.71545056 
  3.635000e+00  4.16089267 9.71545056 
  3.640000e+00  4.16089267 9.71545056 
  3.645000e+00  4.16089267 9.71545056 
  3.650000e+00  4.16089267 9.71545056 
  3.655000e+00  4.16089267 9.71545056 
  3.660000e+00  4.16089267 9.71545056 
  3.665000e+00  4.16089267 9.71545056 
  3.670000e+00  4.16089267 9.71545056 
  3.675000e+00  4.16089267 9.71545056 
  3.680000e+00  4.16089267 9.71545056 
  3.685000e+00  4.16089267 9.71545056 
  3.690000e+00  4.16089267 9.71545056 
  3.695000e+00  4.16089267 9.71545056 
  3.700000e+00  4.16089267 9.71545056 
  3.705000e+00  4.16089267 9.71545056 
  3.710000e+00  4.16089267 9.71545056 
  3.715000e+00  4.16089267 9.71545056 
  3.720000e+00  4.16089267 9.71545056 
  3.725000e+00  4.16089267 9.71545056 
  3.730000e+00  4.16089267 9.71545056 
  3.735000e+00  4.16089267 9.71545056 
  3.740000e+00  4.16089267 9.71545056 
  3.745000e+00  4.16089267 9.71545056 
  3.750000e+00  4.16089267 9.71545056 
  3.755000e+00  4.16089267 9.71545056 
  3.760000e+00  4.16089267 9.71545056 
  3.765000e+00  4.16089267 9.71545056 
  3.770000e+00  4.16089267 9.71545056 
  3.775000e+00  4.16089267 9.71545056 
  3.780000e+00  4.16089267 9.71545056 
  3.785000e+00  4.16089267 9.71545055 
  3.790000e+00  4.16089267 9.71545055 
  3.795000e+00  4.16089267 9.71545055 
  3.800000e+00  4.16089267 9.71545055 
  3.805000e+00  4.16089267 9.71545055 
  3.810000e+00  4.16089267 9.71545055 
  3.815000e+00  4.16089267 9.71545055 
  3.820000e+00  4.16089267 9.71545055 
  3.825000e+00  4.16089267 9.71545055 
  3.830000e+00  4.16089267 9.71545055 
  3.835000e+00  4.16089267 9.71545055 
  3.840000e+00  4.16089267 9.71545055 
  3.845000e+00  4.16089267 9.71545055 
  3.850000e+00  4.16089267 9.71545055 
  3.855000e+00  4.16089267 9.71545055 
  3.860000e+00  4.16089267 9.71545055 
  3.865000e+00  4.16089267 9.71545055 
  3.870000e+00  4.16089267 9.71545055 
  3.875000e+00  4.16089267 9.71545055 
  3.880000e+00  4.16089267 9.71545055 
  3.885000e+00  4.16089267 9.71545055 
  3.890000e+00  4.16089267 9.71545055 
  3.895000e+00  4.16089267 9.71545055 
  3.900000e+00  4.16089267 9.71545055 
  3.905000e+00  4.16089267 9.71545055 
  3.910000e+00  4.16089267 9.71545055 
  3.915000e+00  4.16089267 9.71545055 
  3.920000e+00  4.16089267 9.71545055 
  3.925000e+00  4.16089267 9.71545055 
  3.930000e+00  4.16089267 9.71545055 
  3.935000e+00  4.16089267 9.71545055 
  3.940000e+00  4.16089267 9.71545055 
  3.945000e+00  4.16089267 9.71545055 
  3.950000e+00  4.16089267 9.71545055 
  3.955000e+00  4.16089267 9.71545055 
  3.960000e+00  4.16089267 9.71545055 
  3.965000e+00  4.16089267 9.71545055 
  3.970000e+00  4.16089267 9.71545055 
  3.975000e+00  4.16089267 9.71545055 
  3.980000e+00  4.16089267 9.71545055 
  3.985000e+00  4.16089267 9.71545055 
  3.990000e+00  4.16089267 9.71545055 
  3.995000e+00  4.16089267 9.71545055 
  4.000000e+00  4.16089267 9.71545055 
