  5.000000e-03  4.16089267 9.71505085 
  7.500000e-03  4.16089267 9.71503143 
  1.000000e-02  4.16089267 9.71547839 
  1.250000e-02  4.16089267 9.71472550 
  1.500000e-02  4.16089267 9.71464523 
  1.750000e-02  4.16089267 9.71469426 
  2.000000e-02  4.16089267 9.71491397 
  2.250000e-02  4.16089267 9.71509066 
  2.500000e-02  4.16089267 9.71519304 
  2.750000e-02  4.16089267 9.71523422 
  3.000000e-02  4.16089267 9.71525371 
  3.250000e-02  4.16089267 9.71531206 
  3.500000e-02  4.16089267 9.71546405 
  3.750000e-02  4.16089267 9.71572829 
  4.000000e-02  4.16089267 9.71512022 
  4.250000e-02  4.16089267 9.71525833 
  4.500000e-02  4.16089267 9.71514243 
  4.750000e-02  4.16089267 9.71507728 
  5.000000e-02  4.16089267 9.71505818 
  5.250000e-02  4.16089267 9.71505707 
  5.500000e-02  4.16089267 9.71505633 
  5.750000e-02  4.16089267 9.71504211 
  6.000000e-02  4.16089267 9.71500012 
  6.250000e-02  4.16089267 9.71503185 
  6.500000e-02  4.16089267 9.71507442 
  6.750000e-02  4.16089267 9.71511436 
  7.000000e-02  4.16089267 9.71515117 
  7.250000e-02  4.16089267 9.71518756 
  7.500000e-02  4.16089267 9.71522717 
  7.750000e-02  4.16089267 9.71527415 
  8.000000e-02  4.16089267 9.71533267 
  8.250000e-02  4.16089267 9.71531845 
  8.500000e-02  4.16089267 9.71529725 
  8.750000e-02  4.16089267 9.71527823 
  9.000000e-02  4.16089267 9.71526016 
  9.250000e-02  4.16089267 9.71524043 
  9.500000e-02  4.16089267 9.71521580 
  9.750000e-02  4.16089267 9.71522361 
  1.000000e-01  4.16089267 9.71523526 
  1.025000e-01  4.16089267 9.71524566 
  1.050000e-01  4.16089267 9.71525466 
  1.075000e-01  4.16089267 9.71526289 
  1.100000e-01  4.16089267 9.71527084 
  1.125000e-01  4.16089267 9.71527881 
  1.150000e-01  4.16089267 9.71528695 
  1.175000e-01  4.16089267 9.71529548 
  1.200000e-01  4.16089267 9.71530387 
  1.225000e-01  4.16089267 9.71531244 
  1.250000e-01  4.16089267 9.71532057 
  1.275000e-01  4.16089267 9.71532787 
  1.300000e-01  4.16089267 9.71533380 
  1.325000e-01  4.16089267 9.71533870 
  1.350000e-01  4.16089267 9.71534332 
  1.375000e-01  4.16089267 9.71534743 
  1.400000e-01  4.16089267 9.71535111 
  1.425000e-01  4.16089267 9.71535452 
  1.450000e-01  4.16089267 9.71535777 
  1.475000e-01  4.16089267 9.71536092 
  1.500000e-01  4.16089267 9.71536400 
  1.525000e-01  4.16089267 9.71536698 
  1.550000e-01  4.16089267 9.71536983 
  1.575000e-01  4.16089267 9.71537247 
  1.600000e-01  4.16089267 9.71537487 
  1.625000e-01  4.16089267 9.71537702 
  1.650000e-01  4.16089267 9.71537773 
  1.675000e-01  4.16089267 9.71537796 
  1.700000e-01  4.16089267 9.71537802 
  1.725000e-01  4.16089267 9.71537803 
  1.750000e-01  4.16089267 9.71537802 
  1.775000e-01  4.16089267 9.71537800 
  1.800000e-01  4.16089267 9.71537798 
  1.825000e-01  4.16089267 9.71537796 
  1.850000e-01  4.16089267 9.71537794 
  1.875000e-01  4.16089267 9.71537791 
  1.900000e-01  4.16089267 9.71537788 
  1.925000e-01  4.16089267 9.71537786 
  1.950000e-01  4.16089267 9.71537783 
  1.975000e-01  4.16089267 9.71537780 
  2.000000e-01  4.16089267 9.71537777 
  2.025000e-01  4.16089267 9.71537774 
  2.050000e-01  4.16089267 9.71537771 
  2.075000e-01  4.16089267 9.71537768 
  2.100000e-01  4.16089267 9.71537765 
  2.125000e-01  4.16089267 9.71537763 
  2.150000e-01  4.16089267 9.71537760 
  2.175000e-01  4.16089267 9.71537757 
  2.200000e-01  4.16089267 9.71537755 
  2.225000e-01  4.16089267 9.71537752 
  2.250000e-01  4.16089267 9.71537750 
  2.275000e-01  4.16089267 9.71537747 
  2.300000e-01  4.16089267 9.71537745 
  2.325000e-01  4.16089267 9.71537743 
  2.350000e-01  4.16089267 9.71537740 
  2.375000e-01  4.16089267 9.71537738 
  2.400000e-01  4.16089267 9.71537736 
  2.425000e-01  4.16089267 9.71537734 
  2.450000e-01  4.16089267 9.71537731 
  2.475000e-01  4.16089267 9.71537729 
  2.500000e-01  4.16089267 9.71537727 
  2.525000e-01  4.16089267 9.71537725 
  2.550000e-01  4.16089267 9.71537723 
  2.575000e-01  4.16089267 9.71537720 
  2.600000e-01  4.16089267 9.71537718 
  2.625000e-01  4.16089267 9.71537716 
  2.650000e-01  4.16089267 9.71537714 
  2.675000e-01  4.16089267 9.71537711 
  2.700000e-01  4.16089267 9.71537709 
  2.725000e-01  4.16089267 9.71537707 
  2.750000e-01  4.16089267 9.71537705 
  2.775000e-01  4.16089267 9.71537702 
  2.800000e-01  4.16089267 9.71537700 
  2.825000e-01  4.16089267 9.71537698 
  2.850000e-01  4.16089267 9.71537696 
  2.875000e-01  4.16089267 9.71537694 
  2.900000e-01  4.16089267 9.71537692 
  2.925000e-01  4.16089267 9.71537690 
  2.950000e-01  4.16089267 9.71537687 
  2.975000e-01  4.16089267 9.71537685 
  3.000000e-01  4.16089267 9.71537683 
  3.025000e-01  4.16089267 9.71537681 
  3.050000e-01  4.16089267 9.71537679 
  3.075000e-01  4.16089267 9.71537677 
  3.100000e-01  4.16089267 9.71537675 
  3.125000e-01  4.16089267 9.71537673 
  3.150000e-01  4.16089267 9.71537671 
  3.175000e-01  4.16089267 9.71537669 
  3.200000e-01  4.16089267 9.71537668 
  3.225000e-01  4.16089267 9.71537666 
  3.250000e-01  4.16089267 9.71537664 
  3.275000e-01  4.16089267 9.71537662 
  3.300000e-01  4.16089267 9.71537660 
  3.325000e-01  4.16089267 9.71537658 
  3.350000e-01  4.16089267 9.71537656 
  3.375000e-01  4.16089267 9.71537655 
  3.400000e-01  4.16089267 9.71537653 
  3.425000e-01  4.16089267 9.71537651 
  3.450000e-01  4.16089267 9.71537649 
  3.475000e-01  4.16089267 9.71537648 
  3.500000e-01  4.16089267 9.71537646 
  3.525000e-01  4.16089267 9.71537644 
  3.550000e-01  4.16089267 9.71537642 
  3.575000e-01  4.16089267 9.71537641 
  3.600000e-01  4.16089267 9.71537639 
  3.625000e-01  4.16089267 9.71537638 
  3.650000e-01  4.16089267 9.71537636 
  3.675000e-01  4.16089267 9.71537634 
  3.700000e-01  4.16089267 9.71537633 
  3.725000e-01  4.16089267 9.71537631 
  3.750000e-01  4.16089267 9.71537629 
  3.775000e-01  4.16089267 9.71537628 
  3.800000e-01  4.16089267 9.71537626 
  3.825000e-01  4.16089267 9.71537625 
  3.850000e-01  4.16089267 9.71537623 
  3.875000e-01  4.16089267 9.71537622 
  3.900000e-01  4.16089267 9.71537620 
  3.925000e-01  4.16089267 9.71537619 
  3.950000e-01  4.16089267 9.71537617 
  3.975000e-01  4.16089267 9.71537616 
  4.000000e-01  4.16089267 9.71537614 
  4.025000e-01  4.16089267 9.71537613 
  4.050000e-01  4.16089267 9.71537611 
  4.075000e-01  4.16089267 9.71537610 
  4.100000e-01  4.16089267 9.71537609 
  4.125000e-01  4.16089267 9.71537607 
  4.150000e-01  4.16089267 9.71537606 
  4.175000e-01  4.16089267 9.71537604 
  4.200000e-01  4.16089267 9.71537603 
  4.225000e-01  4.16089267 9.71537602 
  4.250000e-01  4.16089267 9.71537600 
  4.275000e-01  4.16089267 9.71537599 
  4.300000e-01  4.16089267 9.71537598 
  4.325000e-01  4.16089267 9.71537596 
  4.350000e-01  4.16089267 9.71537595 
  4.375000e-01  4.16089267 9.71537594 
  4.400000e-01  4.16089267 9.71537593 
  4.425000e-01  4.16089267 9.71537591 
  4.450000e-01  4.16089267 9.71537590 
  4.475000e-01  4.16089267 9.71537589 
  4.500000e-01  4.16089267 9.71537588 
  4.525000e-01  4.16089267 9.71537587 
  4.550000e-01  4.16089267 9.71537585 
  4.575000e-01  4.16089267 9.71537584 
  4.600000e-01  4.16089267 9.71537583 
  4.625000e-01  4.16089267 9.71537582 
  4.650000e-01  4.16089267 9.71537581 
  4.675000e-01  4.16089267 9.71537580 
  4.700000e-01  4.16089267 9.71537579 
  4.725000e-01  4.16089267 9.71537578 
  4.750000e-01  4.16089267 9.71537576 
  4.775000e-01  4.16089267 9.71537575 
  4.800000e-01  4.16089267 9.71537574 
  4.825000e-01  4.16089267 9.71537573 
  4.850000e-01  4.16089267 9.71537572 
  4.875000e-01  4.16089267 9.71537571 
  4.900000e-01  4.16089267 9.71537570 
  4.925000e-01  4.16089267 9.71537569 
  4.950000e-01  4.16089267 9.71537569 
  4.975000e-01  4.16089267 9.71537568 
  5.000000e-01  4.16089267 9.71537567 
  5.025000e-01  4.16089267 9.71537566 
  5.050000e-01  4.16089267 9.71537565 
  5.075000e-01  4.16089267 9.71537564 
  5.100000e-01  4.16089267 9.71537563 
  5.125000e-01  4.16089267 9.71537563 
  5.150000e-01  4.16089267 9.71537562 
  5.175000e-01  4.16089267 9.71537561 
  5.200000e-01  4.16089267 9.71537560 
  5.225000e-01  4.16089267 9.71537559 
  5.250000e-01  4.16089267 9.71537559 
  5.275000e-01  4.16089267 9.71537558 
  5.300000e-01  4.16089267 9.71537557 
  5.325000e-01  4.16089267 9.71537557 
  5.350000e-01  4.16089267 9.71537556 
  5.375000e-01  4.16089267 9.71537555 
  5.400000e-01  4.16089267 9.71537555 
  5.425000e-01  4.16089267 9.71537554 
  5.450000e-01  4.16089267 9.71537554 
  5.475000e-01  4.16089267 9.71537553 
  5.500000e-01  4.16089267 9.71537553 
  5.525000e-01  4.16089267 9.71537552 
  5.550000e-01  4.16089267 9.71537552 
  5.575000e-01  4.16089267 9.71537551 
  5.600000e-01  4.16089267 9.71537551 
  5.625000e-01  4.16089267 9.71537550 
  5.650000e-01  4.16089267 9.71537550 
  5.675000e-01  4.16089267 9.71537549 
  5.700000e-01  4.16089267 9.71537549 
  5.725000e-01  4.16089267 9.71537549 
  5.750000e-01  4.16089267 9.71537548 
  5.775000e-01  4.16089267 9.71537548 
  5.800000e-01  4.16089267 9.71537547 
  5.825000e-01  4.16089267 9.71537547 
  5.850000e-01  4.16089267 9.71537547 
  5.875000e-01  4.16089267 9.71537546 
  5.900000e-01  4.16089267 9.71537546 
  5.925000e-01  4.16089267 9.71537546 
  5.950000e-01  4.16089267 9.71537546 
  5.975000e-01  4.16089267 9.71537545 
  6.000000e-01  4.16089267 9.71537545 
  6.025000e-01  4.16089267 9.71537545 
  6.050000e-01  4.16089267 9.71537545 
  6.075000e-01  4.16089267 9.71537545 
  6.100000e-01  4.16089267 9.71537544 
  6.125000e-01  4.16089267 9.71537544 
  6.150000e-01  4.16089267 9.71537544 
  6.175000e-01  4.16089267 9.71537544 
  6.200000e-01  4.16089267 9.71537544 
  6.225000e-01  4.16089267 9.71537544 
  6.250000e-01  4.16089267 9.71537543 
  6.275000e-01  4.16089267 9.71537543 
  6.300000e-01  4.16089267 9.71537543 
  6.325000e-01  4.16089267 9.71537543 
  6.350000e-01  4.16089267 9.71537543 
  6.375000e-01  4.16089267 9.71537543 
  6.400000e-01  4.16089267 9.71537543 
  6.425000e-01  4.16089267 9.71537543 
  6.450000e-01  4.16089267 9.71537543 
  6.475000e-01  4.16089267 9.71537543 
  6.500000e-01  4.16089267 9.71537543 
  6.525000e-01  4.16089267 9.71537543 
  6.550000e-01  4.16089267 9.71537543 
  6.575000e-01  4.16089267 9.71537543 
  6.600000e-01  4.16089267 9.71537543 
  6.625000e-01  4.16089267 9.71537543 
  6.650000e-01  4.16089267 9.71537543 
  6.675000e-01  4.16089267 9.71537543 
  6.700000e-01  4.16089267 9.71537543 
  6.725000e-01  4.16089267 9.71537542 
  6.750000e-01  4.16089267 9.71537542 
  6.775000e-01  4.16089267 9.71537543 
  6.800000e-01  4.16089267 9.71537543 
  6.825000e-01  4.16089267 9.71537543 
  6.850000e-01  4.16089267 9.71537543 
  6.875000e-01  4.16089267 9.71537543 
  6.900000e-01  4.16089267 9.71537543 
  6.925000e-01  4.16089267 9.71537543 
  6.950000e-01  4.16089267 9.71537543 
  6.975000e-01  4.16089267 9.71537543 
  7.000000e-01  4.16089267 9.71537543 
  7.025000e-01  4.16089267 9.71537543 
  7.050000e-01  4.16089267 9.71537543 
  7.075000e-01  4.16089267 9.71537543 
  7.100000e-01  4.16089267 9.71537543 
  7.125000e-01  4.16089267 9.71537543 
  7.150000e-01  4.16089267 9.71537543 
  7.175000e-01  4.16089267 9.71537543 
  7.200000e-01  4.16089267 9.71537543 
  7.225000e-01  4.16089267 9.71537543 
  7.250000e-01  4.16089267 9.71537543 
  7.275000e-01  4.16089267 9.71537543 
  7.300000e-01  4.16089267 9.71537543 
  7.325000e-01  4.16089267 9.71537543 
  7.350000e-01  4.16089267 9.71537543 
  7.375000e-01  4.16089267 9.71537543 
  7.400000e-01  4.16089267 9.71537543 
  7.425000e-01  4.16089267 9.71537543 
  7.450000e-01  4.16089267 9.71537543 
  7.475000e-01  4.16089267 9.71537543 
  7.500000e-01  4.16089267 9.71537543 
  7.525000e-01  4.16089267 9.71537543 
  7.550000e-01  4.16089267 9.71537543 
  7.575000e-01  4.16089267 9.71537543 
  7.600000e-01  4.16089267 9.71537543 
  7.625000e-01  4.16089267 9.71537543 
  7.650000e-01  4.16089267 9.71537543 
  7.675000e-01  4.16089267 9.71537543 
  7.700000e-01  4.16089267 9.71537543 
  7.725000e-01  4.16089267 9.71537544 
  7.750000e-01  4.16089267 9.71537544 
  7.775000e-01  4.16089267 9.71537544 
  7.800000e-01  4.16089267 9.71537544 
  7.825000e-01  4.16089267 9.71537544 
  7.850000e-01  4.16089267 9.71537544 
  7.875000e-01  4.16089267 9.71537544 
  7.900000e-01  4.16089267 9.71537544 
  7.925000e-01  4.16089267 9.71537544 
  7.950000e-01  4.16089267 9.71537544 
  7.975000e-01  4.16089267 9.71537544 
  8.000000e-01  4.16089267 9.71537544 
  8.025000e-01  4.16089267 9.71537544 
  8.050000e-01  4.16089267 9.71537544 
  8.075000e-01  4.16089267 9.71537544 
  8.100000e-01  4.16089267 9.71537544 
  8.125000e-01  4.16089267 9.71537544 
  8.150000e-01  4.16089267 9.71537544 
  8.175000e-01  4.16089267 9.71537544 
  8.200000e-01  4.16089267 9.71537544 
  8.225000e-01  4.16089267 9.71537544 
  8.250000e-01  4.16089267 9.71537544 
  8.275000e-01  4.16089267 9.71537544 
  8.300000e-01  4.16089267 9.71537544 
  8.325000e-01  4.16089267 9.71537544 
  8.350000e-01  4.16089267 9.71537544 
  8.375000e-01  4.16089267 9.71537544 
  8.400000e-01  4.16089267 9.71537544 
  8.425000e-01  4.16089267 9.71537544 
  8.450000e-01  4.16089267 9.71537544 
  8.475000e-01  4.16089267 9.71537544 
  8.500000e-01  4.16089267 9.71537544 
  8.525000e-01  4.16089267 9.71537544 
  8.550000e-01  4.16089267 9.71537544 
  8.575000e-01  4.16089267 9.71537544 
  8.600000e-01  4.16089267 9.71537544 
  8.625000e-01  4.16089267 9.71537544 
  8.650000e-01  4.16089267 9.71537544 
  8.675000e-01  4.16089267 9.71537544 
  8.700000e-01  4.16089267 9.71537544 
  8.725000e-01  4.16089267 9.71537544 
  8.750000e-01  4.16089267 9.71537544 
  8.775000e-01  4.16089267 9.71537544 
  8.800000e-01  4.16089267 9.71537544 
  8.825000e-01  4.16089267 9.71537544 
  8.850000e-01  4.16089267 9.71537544 
  8.875000e-01  4.16089267 9.71537544 
  8.900000e-01  4.16089267 9.71537544 
  8.925000e-01  4.16089267 9.71537544 
  8.950000e-01  4.16089267 9.71537544 
  8.975000e-01  4.16089267 9.71537544 
  9.000000e-01  4.16089267 9.71537544 
  9.025000e-01  4.16089267 9.71537544 
  9.050000e-01  4.16089267 9.71537544 
  9.075000e-01  4.16089267 9.71537544 
  9.100000e-01  4.16089267 9.71537544 
  9.125000e-01  4.16089267 9.71537544 
  9.150000e-01  4.16089267 9.71537544 
  9.175000e-01  4.16089267 9.71537544 
  9.200000e-01  4.16089267 9.71537544 
  9.225000e-01  4.16089267 9.71537544 
  9.250000e-01  4.16089267 9.71537544 
  9.275000e-01  4.16089267 9.71537544 
  9.300000e-01  4.16089267 9.71537544 
  9.325000e-01  4.16089267 9.71537544 
  9.350000e-01  4.16089267 9.71537544 
  9.375000e-01  4.16089267 9.71537544 
  9.400000e-01  4.16089267 9.71537544 
  9.425000e-01  4.16089267 9.71537544 
  9.450000e-01  4.16089267 9.71537544 
  9.475000e-01  4.16089267 9.71537544 
  9.500000e-01  4.16089267 9.71537544 
  9.525000e-01  4.16089267 9.71537544 
  9.550000e-01  4.16089267 9.71537544 
  9.575000e-01  4.16089267 9.71537544 
  9.600000e-01  4.16089267 9.71537544 
  9.625000e-01  4.16089267 9.71537544 
  9.650000e-01  4.16089267 9.71537544 
  9.675000e-01  4.16089267 9.71537544 
  9.700000e-01  4.16089267 9.71537544 
  9.725000e-01  4.16089267 9.71537544 
  9.750000e-01  4.16089267 9.71537544 
  9.775000e-01  4.16089267 9.71537544 
  9.800000e-01  4.16089267 9.71537544 
  9.825000e-01  4.16089267 9.71537544 
  9.850000e-01  4.16089267 9.71537544 
  9.875000e-01  4.16089267 9.71537544 
  9.900000e-01  4.16089267 9.71537544 
  9.925000e-01  4.16089267 9.71537544 
  9.950000e-01  4.16089267 9.71537544 
  9.975000e-01  4.16089267 9.71537544 
  1.000000e+00  4.16089267 9.71537544 
  1.002500e+00  4.16089267 9.71537544 
  1.005000e+00  4.16089267 9.71537544 
  1.007500e+00  4.16089267 9.71537544 
  1.010000e+00  4.16089267 9.71537544 
  1.012500e+00  4.16089267 9.71537544 
  1.015000e+00  4.16089267 9.71537544 
  1.017500e+00  4.16089267 9.71537544 
  1.020000e+00  4.16089267 9.71537544 
  1.022500e+00  4.16089267 9.71537544 
  1.025000e+00  4.16089267 9.71537544 
  1.027500e+00  4.16089267 9.71537544 
  1.030000e+00  4.16089267 9.71537544 
  1.032500e+00  4.16089267 9.71537544 
  1.035000e+00  4.16089267 9.71537544 
  1.037500e+00  4.16089267 9.71537544 
  1.040000e+00  4.16089267 9.71537544 
  1.042500e+00  4.16089267 9.71537543 
  1.045000e+00  4.16089267 9.71537543 
  1.047500e+00  4.16089267 9.71537543 
  1.050000e+00  4.16089267 9.71537543 
  1.052500e+00  4.16089267 9.71537543 
  1.055000e+00  4.16089267 9.71537543 
  1.057500e+00  4.16089267 9.71537543 
  1.060000e+00  4.16089267 9.71537543 
  1.062500e+00  4.16089267 9.71537543 
  1.065000e+00  4.16089267 9.71537543 
  1.067500e+00  4.16089267 9.71537543 
  1.070000e+00  4.16089267 9.71537543 
  1.072500e+00  4.16089267 9.71537543 
  1.075000e+00  4.16089267 9.71537543 
  1.077500e+00  4.16089267 9.71537543 
  1.080000e+00  4.16089267 9.71537543 
  1.082500e+00  4.16089267 9.71537543 
  1.085000e+00  4.16089267 9.71537543 
  1.087500e+00  4.16089267 9.71537543 
  1.090000e+00  4.16089267 9.71537543 
  1.092500e+00  4.16089267 9.71537543 
  1.095000e+00  4.16089267 9.71537543 
  1.097500e+00  4.16089267 9.71537543 
  1.100000e+00  4.16089267 9.71537543 
  1.102500e+00  4.16089267 9.71537543 
  1.105000e+00  4.16089267 9.71537543 
  1.107500e+00  4.16089267 9.71537543 
  1.110000e+00  4.16089267 9.71537543 
  1.112500e+00  4.16089267 9.71537543 
  1.115000e+00  4.16089267 9.71537543 
  1.117500e+00  4.16089267 9.71537543 
  1.120000e+00  4.16089267 9.71537543 
  1.122500e+00  4.16089267 9.71537543 
  1.125000e+00  4.16089267 9.71537543 
  1.127500e+00  4.16089267 9.71537543 
  1.130000e+00  4.16089267 9.71537543 
  1.132500e+00  4.16089267 9.71537543 
  1.135000e+00  4.16089267 9.71537543 
  1.137500e+00  4.16089267 9.71537543 
  1.140000e+00  4.16089267 9.71537543 
  1.142500e+00  4.16089267 9.71537543 
  1.145000e+00  4.16089267 9.71537543 
  1.147500e+00  4.16089267 9.71537543 
  1.150000e+00  4.16089267 9.71537543 
  1.152500e+00  4.16089267 9.71537543 
  1.155000e+00  4.16089267 9.71537543 
  1.157500e+00  4.16089267 9.71537543 
  1.160000e+00  4.16089267 9.71537543 
  1.162500e+00  4.16089267 9.71537543 
  1.165000e+00  4.16089267 9.71537543 
  1.167500e+00  4.16089267 9.71537543 
  1.170000e+00  4.16089267 9.71537543 
  1.172500e+00  4.16089267 9.71537543 
  1.175000e+00  4.16089267 9.71537543 
  1.177500e+00  4.16089267 9.71537543 
  1.180000e+00  4.16089267 9.71537543 
  1.182500e+00  4.16089267 9.71537543 
  1.185000e+00  4.16089267 9.71537543 
  1.187500e+00  4.16089267 9.71537543 
  1.190000e+00  4.16089267 9.71537543 
  1.192500e+00  4.16089267 9.71537543 
  1.195000e+00  4.16089267 9.71537543 
  1.197500e+00  4.16089267 9.71537543 
  1.200000e+00  4.16089267 9.71537543 
  1.202500e+00  4.16089267 9.71537543 
  1.205000e+00  4.16089267 9.71537543 
  1.207500e+00  4.16089267 9.71537543 
  1.210000e+00  4.16089267 9.71537543 
  1.212500e+00  4.16089267 9.71537543 
  1.215000e+00  4.16089267 9.71537543 
  1.217500e+00  4.16089267 9.71537543 
  1.220000e+00  4.16089267 9.71537543 
  1.222500e+00  4.16089267 9.71537543 
  1.225000e+00  4.16089267 9.71537543 
  1.227500e+00  4.16089267 9.71537543 
  1.230000e+00  4.16089267 9.71537543 
  1.232500e+00  4.16089267 9.71537543 
  1.235000e+00  4.16089267 9.71537543 
  1.237500e+00  4.16089267 9.71537543 
  1.240000e+00  4.16089267 9.71537543 
  1.242500e+00  4.16089267 9.71537543 
  1.245000e+00  4.16089267 9.71537543 
  1.247500e+00  4.16089267 9.71537543 
  1.250000e+00  4.16089267 9.71537543 
  1.252500e+00  4.16089267 9.71537543 
  1.255000e+00  4.16089267 9.71537543 
  1.257500e+00  4.16089267 9.71537543 
  1.260000e+00  4.16089267 9.71537542 
  1.262500e+00  4.16089267 9.71537542 
  1.265000e+00  4.16089267 9.71537542 
  1.267500e+00  4.16089267 9.71537542 
  1.270000e+00  4.16089267 9.71537542 
  1.272500e+00  4.16089267 9.71537542 
  1.275000e+00  4.16089267 9.71537542 
  1.277500e+00  4.16089267 9.71537542 
  1.280000e+00  4.16089267 9.71537542 
  1.282500e+00  4.16089267 9.71537542 
  1.285000e+00  4.16089267 9.71537542 
  1.287500e+00  4.16089267 9.71537542 
  1.290000e+00  4.16089267 9.71537542 
  1.292500e+00  4.16089267 9.71537542 
  1.295000e+00  4.16089267 9.71537542 
  1.297500e+00  4.16089267 9.71537542 
  1.300000e+00  4.16089267 9.71537542 
  1.302500e+00  4.16089267 9.71537542 
  1.305000e+00  4.16089267 9.71537542 
  1.307500e+00  4.16089267 9.71537542 
  1.310000e+00  4.16089267 9.71537542 
  1.312500e+00  4.16089267 9.71537542 
  1.315000e+00  4.16089267 9.71537542 
  1.317500e+00  4.16089267 9.71537542 
  1.320000e+00  4.16089267 9.71537542 
  1.322500e+00  4.16089267 9.71537542 
  1.325000e+00  4.16089267 9.71537542 
  1.327500e+00  4.16089267 9.71537542 
  1.330000e+00  4.16089267 9.71537542 
  1.332500e+00  4.16089267 9.71537542 
  1.335000e+00  4.16089267 9.71537542 
  1.337500e+00  4.16089267 9.71537542 
  1.340000e+00  4.16089267 9.71537542 
  1.342500e+00  4.16089267 9.71537542 
  1.345000e+00  4.16089267 9.71537542 
  1.347500e+00  4.16089267 9.71537542 
  1.350000e+00  4.16089267 9.71537542 
  1.352500e+00  4.16089267 9.71537542 
  1.355000e+00  4.16089267 9.71537542 
  1.357500e+00  4.16089267 9.71537542 
  1.360000e+00  4.16089267 9.71537542 
  1.362500e+00  4.16089267 9.71537542 
  1.365000e+00  4.16089267 9.71537542 
  1.367500e+00  4.16089267 9.71537542 
  1.370000e+00  4.16089267 9.71537542 
  1.372500e+00  4.16089267 9.71537542 
  1.375000e+00  4.16089267 9.71537542 
  1.377500e+00  4.16089267 9.71537542 
  1.380000e+00  4.16089267 9.71537542 
  1.382500e+00  4.16089267 9.71537542 
  1.385000e+00  4.16089267 9.71537542 
  1.387500e+00  4.16089267 9.71537542 
  1.390000e+00  4.16089267 9.71537542 
  1.392500e+00  4.16089267 9.71537542 
  1.395000e+00  4.16089267 9.71537542 
  1.397500e+00  4.16089267 9.71537542 
  1.400000e+00  4.16089267 9.71537542 
  1.402500e+00  4.16089267 9.71537542 
  1.405000e+00  4.16089267 9.71537542 
  1.407500e+00  4.16089267 9.71537542 
  1.410000e+00  4.16089267 9.71537542 
  1.412500e+00  4.16089267 9.71537542 
  1.415000e+00  4.16089267 9.71537542 
  1.417500e+00  4.16089267 9.71537542 
  1.420000e+00  4.16089267 9.71537542 
  1.422500e+00  4.16089267 9.71537542 
  1.425000e+00  4.16089267 9.71537542 
  1.427500e+00  4.16089267 9.71537542 
  1.430000e+00  4.16089267 9.71537542 
  1.432500e+00  4.16089267 9.71537542 
  1.435000e+00  4.16089267 9.71537542 
  1.437500e+00  4.16089267 9.71537542 
  1.440000e+00  4.16089267 9.71537542 
  1.442500e+00  4.16089267 9.71537542 
  1.445000e+00  4.16089267 9.71537542 
  1.447500e+00  4.16089267 9.71537542 
  1.450000e+00  4.16089267 9.71537542 
  1.452500e+00  4.16089267 9.71537542 
  1.455000e+00  4.16089267 9.71537542 
  1.457500e+00  4.16089267 9.71537542 
  1.460000e+00  4.16089267 9.71537542 
  1.462500e+00  4.16089267 9.71537542 
  1.465000e+00  4.16089267 9.71537542 
  1.467500e+00  4.16089267 9.71537542 
  1.470000e+00  4.16089267 9.71537542 
  1.472500e+00  4.16089267 9.71537542 
  1.475000e+00  4.16089267 9.71537542 
  1.477500e+00  4.16089267 9.71537541 
  1.480000e+00  4.16089267 9.71537541 
  1.482500e+00  4.16089267 9.71537541 
  1.485000e+00  4.16089267 9.71537541 
  1.487500e+00  4.16089267 9.71537541 
  1.490000e+00  4.16089267 9.71537541 
  1.492500e+00  4.16089267 9.71537541 
  1.495000e+00  4.16089267 9.71537541 
  1.497500e+00  4.16089267 9.71537541 
  1.500000e+00  4.16089267 9.71537541 
  1.502500e+00  4.16089267 9.71537541 
  1.505000e+00  4.16089267 9.71537541 
  1.507500e+00  4.16089267 9.71537541 
  1.510000e+00  4.16089267 9.71537541 
  1.512500e+00  4.16089267 9.71537541 
  1.515000e+00  4.16089267 9.71537541 
  1.517500e+00  4.16089267 9.71537541 
  1.520000e+00  4.16089267 9.71537541 
  1.522500e+00  4.16089267 9.71537541 
  1.525000e+00  4.16089267 9.71537541 
  1.527500e+00  4.16089267 9.71537541 
  1.530000e+00  4.16089267 9.71537541 
  1.532500e+00  4.16089267 9.71537541 
  1.535000e+00  4.16089267 9.71537541 
  1.537500e+00  4.16089267 9.71537541 
  1.540000e+00  4.16089267 9.71537541 
  1.542500e+00  4.16089267 9.71537541 
  1.545000e+00  4.16089267 9.71537541 
  1.547500e+00  4.16089267 9.71537541 
  1.550000e+00  4.16089267 9.71537541 
  1.552500e+00  4.16089267 9.71537541 
  1.555000e+00  4.16089267 9.71537541 
  1.557500e+00  4.16089267 9.71537541 
  1.560000e+00  4.16089267 9.71537541 
  1.562500e+00  4.16089267 9.71537541 
  1.565000e+00  4.16089267 9.71537541 
  1.567500e+00  4.16089267 9.71537541 
  1.570000e+00  4.16089267 9.71537541 
  1.572500e+00  4.16089267 9.71537541 
  1.575000e+00  4.16089267 9.71537541 
  1.577500e+00  4.16089267 9.71537541 
  1.580000e+00  4.16089267 9.71537541 
  1.582500e+00  4.16089267 9.71537541 
  1.585000e+00  4.16089267 9.71537541 
  1.587500e+00  4.16089267 9.71537541 
  1.590000e+00  4.16089267 9.71537541 
  1.592500e+00  4.16089267 9.71537541 
  1.595000e+00  4.16089267 9.71537541 
  1.597500e+00  4.16089267 9.71537541 
  1.600000e+00  4.16089267 9.71537541 
  1.602500e+00  4.16089267 9.71537541 
  1.605000e+00  4.16089267 9.71537541 
  1.607500e+00  4.16089267 9.71537541 
  1.610000e+00  4.16089267 9.71537541 
  1.612500e+00  4.16089267 9.71537541 
  1.615000e+00  4.16089267 9.71537541 
  1.617500e+00  4.16089267 9.71537541 
  1.620000e+00  4.16089267 9.71537541 
  1.622500e+00  4.16089267 9.71537541 
  1.625000e+00  4.16089267 9.71537541 
  1.627500e+00  4.16089267 9.71537541 
  1.630000e+00  4.16089267 9.71537541 
  1.632500e+00  4.16089267 9.71537541 
  1.635000e+00  4.16089267 9.71537541 
  1.637500e+00  4.16089267 9.71537541 
  1.640000e+00  4.16089267 9.71537541 
  1.642500e+00  4.16089267 9.71537541 
  1.645000e+00  4.16089267 9.71537541 
  1.647500e+00  4.16089267 9.71537541 
  1.650000e+00  4.16089267 9.71537541 
  1.652500e+00  4.16089267 9.71537541 
  1.655000e+00  4.16089267 9.71537541 
  1.657500e+00  4.16089267 9.71537541 
  1.660000e+00  4.16089267 9.71537541 
  1.662500e+00  4.16089267 9.71537541 
  1.665000e+00  4.16089267 9.71537541 
  1.667500e+00  4.16089267 9.71537541 
  1.670000e+00  4.16089267 9.71537541 
  1.672500e+00  4.16089267 9.71537541 
  1.675000e+00  4.16089267 9.71537541 
  1.677500e+00  4.16089267 9.71537541 
  1.680000e+00  4.16089267 9.71537541 
  1.682500e+00  4.16089267 9.71537541 
  1.685000e+00  4.16089267 9.71537541 
  1.687500e+00  4.16089267 9.71537541 
  1.690000e+00  4.16089267 9.71537541 
  1.692500e+00  4.16089267 9.71537541 
  1.695000e+00  4.16089267 9.71537540 
  1.697500e+00  4.16089267 9.71537540 
  1.700000e+00  4.16089267 9.71537540 
  1.702500e+00  4.16089267 9.71537540 
  1.705000e+00  4.16089267 9.71537540 
  1.707500e+00  4.16089267 9.71537540 
  1.710000e+00  4.16089267 9.71537540 
  1.712500e+00  4.16089267 9.71537540 
  1.715000e+00  4.16089267 9.71537540 
  1.717500e+00  4.16089267 9.71537540 
  1.720000e+00  4.16089267 9.71537540 
  1.722500e+00  4.16089267 9.71537540 
  1.725000e+00  4.16089267 9.71537540 
  1.727500e+00  4.16089267 9.71537540 
  1.730000e+00  4.16089267 9.71537540 
  1.732500e+00  4.16089267 9.71537540 
  1.735000e+00  4.16089267 9.71537540 
  1.737500e+00  4.16089267 9.71537540 
  1.740000e+00  4.16089267 9.71537540 
  1.742500e+00  4.16089267 9.71537540 
  1.745000e+00  4.16089267 9.71537540 
  1.747500e+00  4.16089267 9.71537540 
  1.750000e+00  4.16089267 9.71537540 
  1.752500e+00  4.16089267 9.71537540 
  1.755000e+00  4.16089267 9.71537540 
  1.757500e+00  4.16089267 9.71537540 
  1.760000e+00  4.16089267 9.71537540 
  1.762500e+00  4.16089267 9.71537540 
  1.765000e+00  4.16089267 9.71537540 
  1.767500e+00  4.16089267 9.71537540 
  1.770000e+00  4.16089267 9.71537540 
  1.772500e+00  4.16089267 9.71537540 
  1.775000e+00  4.16089267 9.71537540 
  1.777500e+00  4.16089267 9.71537540 
  1.780000e+00  4.16089267 9.71537540 
  1.782500e+00  4.16089267 9.71537540 
  1.785000e+00  4.16089267 9.71537540 
  1.787500e+00  4.16089267 9.71537540 
  1.790000e+00  4.16089267 9.71537540 
  1.792500e+00  4.16089267 9.71537540 
  1.795000e+00  4.16089267 9.71537540 
  1.797500e+00  4.16089267 9.71537540 
  1.800000e+00  4.16089267 9.71537540 
  1.802500e+00  4.16089267 9.71537540 
  1.805000e+00  4.16089267 9.71537540 
  1.807500e+00  4.16089267 9.71537540 
  1.810000e+00  4.16089267 9.71537540 
  1.812500e+00  4.16089267 9.71537540 
  1.815000e+00  4.16089267 9.71537540 
  1.817500e+00  4.16089267 9.71537540 
  1.820000e+00  4.16089267 9.71537540 
  1.822500e+00  4.16089267 9.71537540 
  1.825000e+00  4.16089267 9.71537540 
  1.827500e+00  4.16089267 9.71537540 
  1.830000e+00  4.16089267 9.71537540 
  1.832500e+00  4.16089267 9.71537540 
  1.835000e+00  4.16089267 9.71537540 
  1.837500e+00  4.16089267 9.71537540 
  1.840000e+00  4.16089267 9.71537540 
  1.842500e+00  4.16089267 9.71537540 
  1.845000e+00  4.16089267 9.71537540 
  1.847500e+00  4.16089267 9.71537540 
  1.850000e+00  4.16089267 9.71537540 
  1.852500e+00  4.16089267 9.71537540 
  1.855000e+00  4.16089267 9.71537540 
  1.857500e+00  4.16089267 9.71537540 
  1.860000e+00  4.16089267 9.71537540 
  1.862500e+00  4.16089267 9.71537540 
  1.865000e+00  4.16089267 9.71537540 
  1.867500e+00  4.16089267 9.71537540 
  1.870000e+00  4.16089267 9.71537540 
  1.872500e+00  4.16089267 9.71537540 
  1.875000e+00  4.16089267 9.71537540 
  1.877500e+00  4.16089267 9.71537540 
  1.880000e+00  4.16089267 9.71537540 
  1.882500e+00  4.16089267 9.71537540 
  1.885000e+00  4.16089267 9.71537540 
  1.887500e+00  4.16089267 9.71537540 
  1.890000e+00  4.16089267 9.71537540 
  1.892500e+00  4.16089267 9.71537540 
  1.895000e+00  4.16089267 9.71537540 
  1.897500e+00  4.16089267 9.71537540 
  1.900000e+00  4.16089267 9.71537540 
  1.902500e+00  4.16089267 9.71537540 
  1.905000e+00  4.16089267 9.71537540 
  1.907500e+00  4.16089267 9.71537540 
  1.910000e+00  4.16089267 9.71537540 
  1.912500e+00  4.16089267 9.71537540 
  1.915000e+00  4.16089267 9.71537540 
  1.917500e+00  4.16089267 9.71537540 
  1.920000e+00  4.16089267 9.71537539 
  1.922500e+00  4.16089267 9.71537539 
  1.925000e+00  4.16089267 9.71537539 
  1.927500e+00  4.16089267 9.71537539 
  1.930000e+00  4.16089267 9.71537539 
  1.932500e+00  4.16089267 9.71537539 
  1.935000e+00  4.16089267 9.71537539 
  1.937500e+00  4.16089267 9.71537539 
  1.940000e+00  4.16089267 9.71537539 
  1.942500e+00  4.16089267 9.71537539 
  1.945000e+00  4.16089267 9.71537539 
  1.947500e+00  4.16089267 9.71537539 
  1.950000e+00  4.16089267 9.71537539 
  1.952500e+00  4.16089267 9.71537539 
  1.955000e+00  4.16089267 9.71537539 
  1.957500e+00  4.16089267 9.71537539 
  1.960000e+00  4.16089267 9.71537539 
  1.962500e+00  4.16089267 9.71537539 
  1.965000e+00  4.16089267 9.71537539 
  1.967500e+00  4.16089267 9.71537539 
  1.970000e+00  4.16089267 9.71537539 
  1.972500e+00  4.16089267 9.71537539 
  1.975000e+00  4.16089267 9.71537539 
  1.977500e+00  4.16089267 9.71537539 
  1.980000e+00  4.16089267 9.71537539 
  1.982500e+00  4.16089267 9.71537539 
  1.985000e+00  4.16089267 9.71537539 
  1.987500e+00  4.16089267 9.71537539 
  1.990000e+00  4.16089267 9.71537539 
  1.992500e+00  4.16089267 9.71537539 
  1.995000e+00  4.16089267 9.71537539 
  1.997500e+00  4.16089267 9.71537539 
  2.000000e+00  4.16089267 9.71537539 
  2.002500e+00  4.16089267 9.71537539 
  2.005000e+00  4.16089267 9.71537539 
  2.007500e+00  4.16089267 9.71537539 
  2.010000e+00  4.16089267 9.71537539 
  2.012500e+00  4.16089267 9.71537539 
  2.015000e+00  4.16089267 9.71537539 
  2.017500e+00  4.16089267 9.71537539 
  2.020000e+00  4.16089267 9.71537539 
  2.022500e+00  4.16089267 9.71537539 
  2.025000e+00  4.16089267 9.71537539 
  2.027500e+00  4.16089267 9.71537539 
  2.030000e+00  4.16089267 9.71537539 
  2.032500e+00  4.16089267 9.71537539 
  2.035000e+00  4.16089267 9.71537539 
  2.037500e+00  4.16089267 9.71537539 
  2.040000e+00  4.16089267 9.71537539 
  2.042500e+00  4.16089267 9.71537539 
  2.045000e+00  4.16089267 9.71537539 
  2.047500e+00  4.16089267 9.71537539 
  2.050000e+00  4.16089267 9.71537539 
  2.052500e+00  4.16089267 9.71537539 
  2.055000e+00  4.16089267 9.71537539 
  2.057500e+00  4.16089267 9.71537539 
  2.060000e+00  4.16089267 9.71537539 
  2.062500e+00  4.16089267 9.71537539 
  2.065000e+00  4.16089267 9.71537539 
  2.067500e+00  4.16089267 9.71537539 
  2.070000e+00  4.16089267 9.71537539 
  2.072500e+00  4.16089267 9.71537539 
  2.075000e+00  4.16089267 9.71537539 
  2.077500e+00  4.16089267 9.71537539 
  2.080000e+00  4.16089267 9.71537539 
  2.082500e+00  4.16089267 9.71537539 
  2.085000e+00  4.16089267 9.71537539 
  2.087500e+00  4.16089267 9.71537539 
  2.090000e+00  4.16089267 9.71537539 
  2.092500e+00  4.16089267 9.71537539 
  2.095000e+00  4.16089267 9.71537539 
  2.097500e+00  4.16089267 9.71537539 
  2.100000e+00  4.16089267 9.71537539 
  2.102500e+00  4.16089267 9.71537539 
  2.105000e+00  4.16089267 9.71537539 
  2.107500e+00  4.16089267 9.71537539 
  2.110000e+00  4.16089267 9.71537539 
  2.112500e+00  4.16089267 9.71537539 
  2.115000e+00  4.16089267 9.71537539 
  2.117500e+00  4.16089267 9.71537539 
  2.120000e+00  4.16089267 9.71537539 
  2.122500e+00  4.16089267 9.71537539 
  2.125000e+00  4.16089267 9.71537539 
  2.127500e+00  4.16089267 9.71537539 
  2.130000e+00  4.16089267 9.71537539 
  2.132500e+00  4.16089267 9.71537539 
  2.135000e+00  4.16089267 9.71537539 
  2.137500e+00  4.16089267 9.71537539 
  2.140000e+00  4.16089267 9.71537539 
  2.142500e+00  4.16089267 9.71537539 
  2.145000e+00  4.16089267 9.71537539 
  2.147500e+00  4.16089267 9.71537539 
  2.150000e+00  4.16089267 9.71537539 
  2.152500e+00  4.16089267 9.71537539 
  2.155000e+00  4.16089267 9.71537539 
  2.157500e+00  4.16089267 9.71537539 
  2.160000e+00  4.16089267 9.71537539 
  2.162500e+00  4.16089267 9.71537539 
  2.165000e+00  4.16089267 9.71537539 
  2.167500e+00  4.16089267 9.71537539 
  2.170000e+00  4.16089267 9.71537539 
  2.172500e+00  4.16089267 9.71537538 
  2.175000e+00  4.16089267 9.71537538 
  2.177500e+00  4.16089267 9.71537538 
  2.180000e+00  4.16089267 9.71537538 
  2.182500e+00  4.16089267 9.71537538 
  2.185000e+00  4.16089267 9.71537538 
  2.187500e+00  4.16089267 9.71537538 
  2.190000e+00  4.16089267 9.71537538 
  2.192500e+00  4.16089267 9.71537538 
  2.195000e+00  4.16089267 9.71537538 
  2.197500e+00  4.16089267 9.71537538 
  2.200000e+00  4.16089267 9.71537538 
  2.202500e+00  4.16089267 9.71537538 
  2.205000e+00  4.16089267 9.71537538 
  2.207500e+00  4.16089267 9.71537538 
  2.210000e+00  4.16089267 9.71537538 
  2.212500e+00  4.16089267 9.71537538 
  2.215000e+00  4.16089267 9.71537538 
  2.217500e+00  4.16089267 9.71537538 
  2.220000e+00  4.16089267 9.71537538 
  2.222500e+00  4.16089267 9.71537538 
  2.225000e+00  4.16089267 9.71537538 
  2.227500e+00  4.16089267 9.71537538 
  2.230000e+00  4.16089267 9.71537538 
  2.232500e+00  4.16089267 9.71537538 
  2.235000e+00  4.16089267 9.71537538 
  2.237500e+00  4.16089267 9.71537538 
  2.240000e+00  4.16089267 9.71537538 
  2.242500e+00  4.16089267 9.71537538 
  2.245000e+00  4.16089267 9.71537538 
  2.247500e+00  4.16089267 9.71537538 
  2.250000e+00  4.16089267 9.71537538 
  2.252500e+00  4.16089267 9.71537538 
  2.255000e+00  4.16089267 9.71537538 
  2.257500e+00  4.16089267 9.71537538 
  2.260000e+00  4.16089267 9.71537538 
  2.262500e+00  4.16089267 9.71537538 
  2.265000e+00  4.16089267 9.71537538 
  2.267500e+00  4.16089267 9.71537538 
  2.270000e+00  4.16089267 9.71537538 
  2.272500e+00  4.16089267 9.71537538 
  2.275000e+00  4.16089267 9.71537538 
  2.277500e+00  4.16089267 9.71537538 
  2.280000e+00  4.16089267 9.71537538 
  2.282500e+00  4.16089267 9.71537538 
  2.285000e+00  4.16089267 9.71537538 
  2.287500e+00  4.16089267 9.71537538 
  2.290000e+00  4.16089267 9.71537538 
  2.292500e+00  4.16089267 9.71537538 
  2.295000e+00  4.16089267 9.71537538 
  2.297500e+00  4.16089267 9.71537538 
  2.300000e+00  4.16089267 9.71537538 
  2.302500e+00  4.16089267 9.71537538 
  2.305000e+00  4.16089267 9.71537538 
  2.307500e+00  4.16089267 9.71537538 
  2.310000e+00  4.16089267 9.71537538 
  2.312500e+00  4.16089267 9.71537538 
  2.315000e+00  4.16089267 9.71537538 
  2.317500e+00  4.16089267 9.71537538 
  2.320000e+00  4.16089267 9.71537538 
  2.322500e+00  4.16089267 9.71537538 
  2.325000e+00  4.16089267 9.71537538 
  2.327500e+00  4.16089267 9.71537538 
  2.330000e+00  4.16089267 9.71537538 
  2.332500e+00  4.16089267 9.71537538 
  2.335000e+00  4.16089267 9.71537538 
  2.337500e+00  4.16089267 9.71537538 
  2.340000e+00  4.16089267 9.71537538 
  2.342500e+00  4.16089267 9.71537538 
  2.345000e+00  4.16089267 9.71537538 
  2.347500e+00  4.16089267 9.71537538 
  2.350000e+00  4.16089267 9.71537538 
  2.352500e+00  4.16089267 9.71537538 
  2.355000e+00  4.16089267 9.71537538 
  2.357500e+00  4.16089267 9.71537538 
  2.360000e+00  4.16089267 9.71537538 
  2.362500e+00  4.16089267 9.71537538 
  2.365000e+00  4.16089267 9.71537538 
  2.367500e+00  4.16089267 9.71537538 
  2.370000e+00  4.16089267 9.71537538 
  2.372500e+00  4.16089267 9.71537538 
  2.375000e+00  4.16089267 9.71537538 
  2.377500e+00  4.16089267 9.71537538 
  2.380000e+00  4.16089267 9.71537538 
  2.382500e+00  4.16089267 9.71537538 
  2.385000e+00  4.16089267 9.71537538 
  2.387500e+00  4.16089267 9.71537538 
  2.390000e+00  4.16089267 9.71537538 
  2.392500e+00  4.16089267 9.71537538 
  2.395000e+00  4.16089267 9.71537538 
  2.397500e+00  4.16089267 9.71537538 
  2.400000e+00  4.16089267 9.71537538 
  2.402500e+00  4.16089267 9.71537538 
  2.405000e+00  4.16089267 9.71537538 
  2.407500e+00  4.16089267 9.71537538 
  2.410000e+00  4.16089267 9.71537538 
  2.412500e+00  4.16089267 9.71537538 
  2.415000e+00  4.16089267 9.71537538 
  2.417500e+00  4.16089267 9.71537538 
  2.420000e+00  4.16089267 9.71537538 
  2.422500e+00  4.16089267 9.71537538 
  2.425000e+00  4.16089267 9.71537538 
  2.427500e+00  4.16089267 9.71537538 
  2.430000e+00  4.16089267 9.71537538 
  2.432500e+00  4.16089267 9.71537538 
  2.435000e+00  4.16089267 9.71537538 
  2.437500e+00  4.16089267 9.71537538 
  2.440000e+00  4.16089267 9.71537538 
  2.442500e+00  4.16089267 9.71537538 
  2.445000e+00  4.16089267 9.71537538 
  2.447500e+00  4.16089267 9.71537538 
  2.450000e+00  4.16089267 9.71537538 
  2.452500e+00  4.16089267 9.71537538 
  2.455000e+00  4.16089267 9.71537538 
  2.457500e+00  4.16089267 9.71537538 
  2.460000e+00  4.16089267 9.71537538 
  2.462500e+00  4.16089267 9.71537538 
  2.465000e+00  4.16089267 9.71537538 
  2.467500e+00  4.16089267 9.71537538 
  2.470000e+00  4.16089267 9.71537537 
  2.472500e+00  4.16089267 9.71537537 
  2.475000e+00  4.16089267 9.71537537 
  2.477500e+00  4.16089267 9.71537537 
  2.480000e+00  4.16089267 9.71537537 
  2.482500e+00  4.16089267 9.71537537 
  2.485000e+00  4.16089267 9.71537537 
  2.487500e+00  4.16089267 9.71537537 
  2.490000e+00  4.16089267 9.71537537 
  2.492500e+00  4.16089267 9.71537537 
  2.495000e+00  4.16089267 9.71537537 
  2.497500e+00  4.16089267 9.71537537 
  2.500000e+00  4.16089267 9.71537537 
  2.502500e+00  4.16089267 9.71537537 
  2.505000e+00  4.16089267 9.71537537 
  2.507500e+00  4.16089267 9.71537537 
  2.510000e+00  4.16089267 9.71537537 
  2.512500e+00  4.16089267 9.71537537 
  2.515000e+00  4.16089267 9.71537537 
  2.517500e+00  4.16089267 9.71537537 
  2.520000e+00  4.16089267 9.71537537 
  2.522500e+00  4.16089267 9.71537537 
  2.525000e+00  4.16089267 9.71537537 
  2.527500e+00  4.16089267 9.71537537 
  2.530000e+00  4.16089267 9.71537537 
  2.532500e+00  4.16089267 9.71537537 
  2.535000e+00  4.16089267 9.71537537 
  2.537500e+00  4.16089267 9.71537537 
  2.540000e+00  4.16089267 9.71537537 
  2.542500e+00  4.16089267 9.71537537 
  2.545000e+00  4.16089267 9.71537537 
  2.547500e+00  4.16089267 9.71537537 
  2.550000e+00  4.16089267 9.71537537 
  2.552500e+00  4.16089267 9.71537537 
  2.555000e+00  4.16089267 9.71537537 
  2.557500e+00  4.16089267 9.71537537 
  2.560000e+00  4.16089267 9.71537537 
  2.562500e+00  4.16089267 9.71537537 
  2.565000e+00  4.16089267 9.71537537 
  2.567500e+00  4.16089267 9.71537537 
  2.570000e+00  4.16089267 9.71537537 
  2.572500e+00  4.16089267 9.71537537 
  2.575000e+00  4.16089267 9.71537537 
  2.577500e+00  4.16089267 9.71537537 
  2.580000e+00  4.16089267 9.71537537 
  2.582500e+00  4.16089267 9.71537537 
  2.585000e+00  4.16089267 9.71537537 
  2.587500e+00  4.16089267 9.71537537 
  2.590000e+00  4.16089267 9.71537537 
  2.592500e+00  4.16089267 9.71537537 
  2.595000e+00  4.16089267 9.71537537 
  2.597500e+00  4.16089267 9.71537537 
  2.600000e+00  4.16089267 9.71537537 
  2.602500e+00  4.16089267 9.71537537 
  2.605000e+00  4.16089267 9.71537537 
  2.607500e+00  4.16089267 9.71537537 
  2.610000e+00  4.16089267 9.71537537 
  2.612500e+00  4.16089267 9.71537537 
  2.615000e+00  4.16089267 9.71537537 
  2.617500e+00  4.16089267 9.71537537 
  2.620000e+00  4.16089267 9.71537537 
  2.622500e+00  4.16089267 9.71537537 
  2.625000e+00  4.16089267 9.71537537 
  2.627500e+00  4.16089267 9.71537537 
  2.630000e+00  4.16089267 9.71537537 
  2.632500e+00  4.16089267 9.71537537 
  2.635000e+00  4.16089267 9.71537537 
  2.637500e+00  4.16089267 9.71537537 
  2.640000e+00  4.16089267 9.71537537 
  2.642500e+00  4.16089267 9.71537537 
  2.645000e+00  4.16089267 9.71537537 
  2.647500e+00  4.16089267 9.71537537 
  2.650000e+00  4.16089267 9.71537537 
  2.652500e+00  4.16089267 9.71537537 
  2.655000e+00  4.16089267 9.71537537 
  2.657500e+00  4.16089267 9.71537537 
  2.660000e+00  4.16089267 9.71537537 
  2.662500e+00  4.16089267 9.71537537 
  2.665000e+00  4.16089267 9.71537537 
  2.667500e+00  4.16089267 9.71537537 
  2.670000e+00  4.16089267 9.71537537 
  2.672500e+00  4.16089267 9.71537537 
  2.675000e+00  4.16089267 9.71537537 
  2.677500e+00  4.16089267 9.71537537 
  2.680000e+00  4.16089267 9.71537537 
  2.682500e+00  4.16089267 9.71537537 
  2.685000e+00  4.16089267 9.71537537 
  2.687500e+00  4.16089267 9.71537537 
  2.690000e+00  4.16089267 9.71537537 
  2.692500e+00  4.16089267 9.71537537 
  2.695000e+00  4.16089267 9.71537537 
  2.697500e+00  4.16089267 9.71537537 
  2.700000e+00  4.16089267 9.71537537 
  2.702500e+00  4.16089267 9.71537537 
  2.705000e+00  4.16089267 9.71537537 
  2.707500e+00  4.16089267 9.71537537 
  2.710000e+00  4.16089267 9.71537537 
  2.712500e+00  4.16089267 9.71537537 
  2.715000e+00  4.16089267 9.71537537 
  2.717500e+00  4.16089267 9.71537537 
  2.720000e+00  4.16089267 9.71537537 
  2.722500e+00  4.16089267 9.71537537 
  2.725000e+00  4.16089267 9.71537537 
  2.727500e+00  4.16089267 9.71537537 
  2.730000e+00  4.16089267 9.71537537 
  2.732500e+00  4.16089267 9.71537537 
  2.735000e+00  4.16089267 9.71537537 
  2.737500e+00  4.16089267 9.71537537 
  2.740000e+00  4.16089267 9.71537537 
  2.742500e+00  4.16089267 9.71537537 
  2.745000e+00  4.16089267 9.71537537 
  2.747500e+00  4.16089267 9.71537537 
  2.750000e+00  4.16089267 9.71537537 
  2.752500e+00  4.16089267 9.71537537 
  2.755000e+00  4.16089267 9.71537537 
  2.757500e+00  4.16089267 9.71537537 
  2.760000e+00  4.16089267 9.71537537 
  2.762500e+00  4.16089267 9.71537537 
  2.765000e+00  4.16089267 9.71537537 
  2.767500e+00  4.16089267 9.71537537 
  2.770000e+00  4.16089267 9.71537537 
  2.772500e+00  4.16089267 9.71537537 
  2.775000e+00  4.16089267 9.71537537 
  2.777500e+00  4.16089267 9.71537537 
  2.780000e+00  4.16089267 9.71537537 
  2.782500e+00  4.16089267 9.71537537 
  2.785000e+00  4.16089267 9.71537537 
  2.787500e+00  4.16089267 9.71537537 
  2.790000e+00  4.16089267 9.71537537 
  2.792500e+00  4.16089267 9.71537537 
  2.795000e+00  4.16089267 9.71537537 
  2.797500e+00  4.16089267 9.71537537 
  2.800000e+00  4.16089267 9.71537537 
  2.802500e+00  4.16089267 9.71537537 
  2.805000e+00  4.16089267 9.71537537 
  2.807500e+00  4.16089267 9.71537537 
  2.810000e+00  4.16089267 9.71537537 
  2.812500e+00  4.16089267 9.71537537 
  2.815000e+00  4.16089267 9.71537537 
  2.817500e+00  4.16089267 9.71537537 
  2.820000e+00  4.16089267 9.71537537 
  2.822500e+00  4.16089267 9.71537537 
  2.825000e+00  4.16089267 9.71537537 
  2.827500e+00  4.16089267 9.71537537 
  2.830000e+00  4.16089267 9.71537537 
  2.832500e+00  4.16089267 9.71537537 
  2.835000e+00  4.16089267 9.71537537 
  2.837500e+00  4.16089267 9.71537537 
  2.840000e+00  4.16089267 9.71537537 
  2.842500e+00  4.16089267 9.71537537 
  2.845000e+00  4.16089267 9.71537537 
  2.847500e+00  4.16089267 9.71537537 
  2.850000e+00  4.16089267 9.71537537 
  2.852500e+00  4.16089267 9.71537537 
  2.855000e+00  4.16089267 9.71537537 
  2.857500e+00  4.16089267 9.71537536 
  2.860000e+00  4.16089267 9.71537536 
  2.862500e+00  4.16089267 9.71537536 
  2.865000e+00  4.16089267 9.71537536 
  2.867500e+00  4.16089267 9.71537536 
  2.870000e+00  4.16089267 9.71537536 
  2.872500e+00  4.16089267 9.71537536 
  2.875000e+00  4.16089267 9.71537536 
  2.877500e+00  4.16089267 9.71537536 
  2.880000e+00  4.16089267 9.71537536 
  2.882500e+00  4.16089267 9.71537536 
  2.885000e+00  4.16089267 9.71537536 
  2.887500e+00  4.16089267 9.71537536 
  2.890000e+00  4.16089267 9.71537536 
  2.892500e+00  4.16089267 9.71537536 
  2.895000e+00  4.16089267 9.71537536 
  2.897500e+00  4.16089267 9.71537536 
  2.900000e+00  4.16089267 9.71537536 
  2.902500e+00  4.16089267 9.71537536 
  2.905000e+00  4.16089267 9.71537536 
  2.907500e+00  4.16089267 9.71537536 
  2.910000e+00  4.16089267 9.71537536 
  2.912500e+00  4.16089267 9.71537536 
  2.915000e+00  4.16089267 9.71537536 
  2.917500e+00  4.16089267 9.71537536 
  2.920000e+00  4.16089267 9.71537536 
  2.922500e+00  4.16089267 9.71537536 
  2.925000e+00  4.16089267 9.71537536 
  2.927500e+00  4.16089267 9.71537536 
  2.930000e+00  4.16089267 9.71537536 
  2.932500e+00  4.16089267 9.71537536 
  2.935000e+00  4.16089267 9.71537536 
  2.937500e+00  4.16089267 9.71537536 
  2.940000e+00  4.16089267 9.71537536 
  2.942500e+00  4.16089267 9.71537536 
  2.945000e+00  4.16089267 9.71537536 
  2.947500e+00  4.16089267 9.71537536 
  2.950000e+00  4.16089267 9.71537536 
  2.952500e+00  4.16089267 9.71537536 
  2.955000e+00  4.16089267 9.71537536 
  2.957500e+00  4.16089267 9.71537536 
  2.960000e+00  4.16089267 9.71537536 
  2.962500e+00  4.16089267 9.71537536 
  2.965000e+00  4.16089267 9.71537536 
  2.967500e+00  4.16089267 9.71537536 
  2.970000e+00  4.16089267 9.71537536 
  2.972500e+00  4.16089267 9.71537536 
  2.975000e+00  4.16089267 9.71537536 
  2.977500e+00  4.16089267 9.71537536 
  2.980000e+00  4.16089267 9.71537536 
  2.982500e+00  4.16089267 9.71537536 
  2.985000e+00  4.16089267 9.71537536 
  2.987500e+00  4.16089267 9.71537536 
  2.990000e+00  4.16089267 9.71537536 
  2.992500e+00  4.16089267 9.71537536 
  2.995000e+00  4.16089267 9.71537536 
  2.997500e+00  4.16089267 9.71537536 
  3.000000e+00  4.16089267 9.71537536 
  3.002500e+00  4.16089267 9.71537536 
  3.005000e+00  4.16089267 9.71537536 
  3.007500e+00  4.16089267 9.71537536 
  3.010000e+00  4.16089267 9.71537536 
  3.012500e+00  4.16089267 9.71537536 
  3.015000e+00  4.16089267 9.71537536 
  3.017500e+00  4.16089267 9.71537536 
  3.020000e+00  4.16089267 9.71537536 
  3.022500e+00  4.16089267 9.71537536 
  3.025000e+00  4.16089267 9.71537536 
  3.027500e+00  4.16089267 9.71537536 
  3.030000e+00  4.16089267 9.71537536 
  3.032500e+00  4.16089267 9.71537536 
  3.035000e+00  4.16089267 9.71537536 
  3.037500e+00  4.16089267 9.71537536 
  3.040000e+00  4.16089267 9.71537536 
  3.042500e+00  4.16089267 9.71537536 
  3.045000e+00  4.16089267 9.71537536 
  3.047500e+00  4.16089267 9.71537536 
  3.050000e+00  4.16089267 9.71537536 
  3.052500e+00  4.16089267 9.71537536 
  3.055000e+00  4.16089267 9.71537536 
  3.057500e+00  4.16089267 9.71537536 
  3.060000e+00  4.16089267 9.71537536 
  3.062500e+00  4.16089267 9.71537536 
  3.065000e+00  4.16089267 9.71537536 
  3.067500e+00  4.16089267 9.71537536 
  3.070000e+00  4.16089267 9.71537536 
  3.072500e+00  4.16089267 9.71537536 
  3.075000e+00  4.16089267 9.71537536 
  3.077500e+00  4.16089267 9.71537536 
  3.080000e+00  4.16089267 9.71537536 
  3.082500e+00  4.16089267 9.71537536 
  3.085000e+00  4.16089267 9.71537536 
  3.087500e+00  4.16089267 9.71537536 
  3.090000e+00  4.16089267 9.71537536 
  3.092500e+00  4.16089267 9.71537536 
  3.095000e+00  4.16089267 9.71537536 
  3.097500e+00  4.16089267 9.71537536 
  3.100000e+00  4.16089267 9.71537536 
  3.102500e+00  4.16089267 9.71537536 
  3.105000e+00  4.16089267 9.71537536 
  3.107500e+00  4.16089267 9.71537536 
  3.110000e+00  4.16089267 9.71537536 
  3.112500e+00  4.16089267 9.71537536 
  3.115000e+00  4.16089267 9.71537536 
  3.117500e+00  4.16089267 9.71537536 
  3.120000e+00  4.16089267 9.71537536 
  3.122500e+00  4.16089267 9.71537536 
  3.125000e+00  4.16089267 9.71537536 
  3.127500e+00  4.16089267 9.71537536 
  3.130000e+00  4.16089267 9.71537536 
  3.132500e+00  4.16089267 9.71537536 
  3.135000e+00  4.16089267 9.71537536 
  3.137500e+00  4.16089267 9.71537536 
  3.140000e+00  4.16089267 9.71537536 
  3.142500e+00  4.16089267 9.71537536 
  3.145000e+00  4.16089267 9.71537536 
  3.147500e+00  4.16089267 9.71537536 
  3.150000e+00  4.16089267 9.71537536 
  3.152500e+00  4.16089267 9.71537536 
  3.155000e+00  4.16089267 9.71537536 
  3.157500e+00  4.16089267 9.71537536 
  3.160000e+00  4.16089267 9.71537536 
  3.162500e+00  4.16089267 9.71537536 
  3.165000e+00  4.16089267 9.71537536 
  3.167500e+00  4.16089267 9.71537536 
  3.170000e+00  4.16089267 9.71537536 
  3.172500e+00  4.16089267 9.71537536 
  3.175000e+00  4.16089267 9.71537536 
  3.177500e+00  4.16089267 9.71537536 
  3.180000e+00  4.16089267 9.71537536 
  3.182500e+00  4.16089267 9.71537536 
  3.185000e+00  4.16089267 9.71537536 
  3.187500e+00  4.16089267 9.71537536 
  3.190000e+00  4.16089267 9.71537536 
  3.192500e+00  4.16089267 9.71537536 
  3.195000e+00  4.16089267 9.71537536 
  3.197500e+00  4.16089267 9.71537536 
  3.200000e+00  4.16089267 9.71537536 
  3.202500e+00  4.16089267 9.71537536 
  3.205000e+00  4.16089267 9.71537536 
  3.207500e+00  4.16089267 9.71537536 
  3.210000e+00  4.16089267 9.71537536 
  3.212500e+00  4.16089267 9.71537536 
  3.215000e+00  4.16089267 9.71537536 
  3.217500e+00  4.16089267 9.71537536 
  3.220000e+00  4.16089267 9.71537536 
  3.222500e+00  4.16089267 9.71537536 
  3.225000e+00  4.16089267 9.71537536 
  3.227500e+00  4.16089267 9.71537536 
  3.230000e+00  4.16089267 9.71537536 
  3.232500e+00  4.16089267 9.71537536 
  3.235000e+00  4.16089267 9.71537536 
  3.237500e+00  4.16089267 9.71537536 
  3.240000e+00  4.16089267 9.71537536 
  3.242500e+00  4.16089267 9.71537536 
  3.245000e+00  4.16089267 9.71537536 
  3.247500e+00  4.16089267 9.71537536 
  3.250000e+00  4.16089267 9.71537536 
  3.252500e+00  4.16089267 9.71537536 
  3.255000e+00  4.16089267 9.71537536 
  3.257500e+00  4.16089267 9.71537536 
  3.260000e+00  4.16089267 9.71537536 
  3.262500e+00  4.16089267 9.71537536 
  3.265000e+00  4.16089267 9.71537536 
  3.267500e+00  4.16089267 9.71537536 
  3.270000e+00  4.16089267 9.71537536 
  3.272500e+00  4.16089267 9.71537536 
  3.275000e+00  4.16089267 9.71537536 
  3.277500e+00  4.16089267 9.71537536 
  3.280000e+00  4.16089267 9.71537536 
  3.282500e+00  4.16089267 9.71537536 
  3.285000e+00  4.16089267 9.71537536 
  3.287500e+00  4.16089267 9.71537536 
  3.290000e+00  4.16089267 9.71537536 
  3.292500e+00  4.16089267 9.71537536 
  3.295000e+00  4.16089267 9.71537536 
  3.297500e+00  4.16089267 9.71537536 
  3.300000e+00  4.16089267 9.71537536 
  3.302500e+00  4.16089267 9.71537536 
  3.305000e+00  4.16089267 9.71537536 
  3.307500e+00  4.16089267 9.71537536 
  3.310000e+00  4.16089267 9.71537536 
  3.312500e+00  4.16089267 9.71537536 
  3.315000e+00  4.16089267 9.71537536 
  3.317500e+00  4.16089267 9.71537536 
  3.320000e+00  4.16089267 9.71537536 
  3.322500e+00  4.16089267 9.71537536 
  3.325000e+00  4.16089267 9.71537536 
  3.327500e+00  4.16089267 9.71537536 
  3.330000e+00  4.16089267 9.71537536 
  3.332500e+00  4.16089267 9.71537536 
  3.335000e+00  4.16089267 9.71537536 
  3.337500e+00  4.16089267 9.71537536 
  3.340000e+00  4.16089267 9.71537536 
  3.342500e+00  4.16089267 9.71537536 
  3.345000e+00  4.16089267 9.71537536 
  3.347500e+00  4.16089267 9.71537536 
  3.350000e+00  4.16089267 9.71537536 
  3.352500e+00  4.16089267 9.71537536 
  3.355000e+00  4.16089267 9.71537536 
  3.357500e+00  4.16089267 9.71537536 
  3.360000e+00  4.16089267 9.71537536 
  3.362500e+00  4.16089267 9.71537536 
  3.365000e+00  4.16089267 9.71537536 
  3.367500e+00  4.16089267 9.71537536 
  3.370000e+00  4.16089267 9.71537536 
  3.372500e+00  4.16089267 9.71537536 
  3.375000e+00  4.16089267 9.71537536 
  3.377500e+00  4.16089267 9.71537536 
  3.380000e+00  4.16089267 9.71537536 
  3.382500e+00  4.16089267 9.71537536 
  3.385000e+00  4.16089267 9.71537536 
  3.387500e+00  4.16089267 9.71537536 
  3.390000e+00  4.16089267 9.71537536 
  3.392500e+00  4.16089267 9.71537536 
  3.395000e+00  4.16089267 9.71537536 
  3.397500e+00  4.16089267 9.71537536 
  3.400000e+00  4.16089267 9.71537536 
  3.402500e+00  4.16089267 9.71537536 
  3.405000e+00  4.16089267 9.71537536 
  3.407500e+00  4.16089267 9.71537536 
  3.410000e+00  4.16089267 9.71537536 
  3.412500e+00  4.16089267 9.71537536 
  3.415000e+00  4.16089267 9.71537536 
  3.417500e+00  4.16089267 9.71537536 
  3.420000e+00  4.16089267 9.71537536 
  3.422500e+00  4.16089267 9.71537536 
  3.425000e+00  4.16089267 9.71537536 
  3.427500e+00  4.16089267 9.71537536 
  3.430000e+00  4.16089267 9.71537536 
  3.432500e+00  4.16089267 9.71537536 
  3.435000e+00  4.16089267 9.71537536 
  3.437500e+00  4.16089267 9.71537536 
  3.440000e+00  4.16089267 9.71537535 
  3.442500e+00  4.16089267 9.71537535 
  3.445000e+00  4.16089267 9.71537535 
  3.447500e+00  4.16089267 9.71537535 
  3.450000e+00  4.16089267 9.71537535 
  3.452500e+00  4.16089267 9.71537535 
  3.455000e+00  4.16089267 9.71537535 
  3.457500e+00  4.16089267 9.71537535 
  3.460000e+00  4.16089267 9.71537535 
  3.462500e+00  4.16089267 9.71537535 
  3.465000e+00  4.16089267 9.71537535 
  3.467500e+00  4.16089267 9.71537535 
  3.470000e+00  4.16089267 9.71537535 
  3.472500e+00  4.16089267 9.71537535 
  3.475000e+00  4.16089267 9.71537535 
  3.477500e+00  4.16089267 9.71537535 
  3.480000e+00  4.16089267 9.71537535 
  3.482500e+00  4.16089267 9.71537535 
  3.485000e+00  4.16089267 9.71537535 
  3.487500e+00  4.16089267 9.71537535 
  3.490000e+00  4.16089267 9.71537535 
  3.492500e+00  4.16089267 9.71537535 
  3.495000e+00  4.16089267 9.71537535 
  3.497500e+00  4.16089267 9.71537535 
  3.500000e+00  4.16089267 9.71537535 
  3.502500e+00  4.16089267 9.71537535 
  3.505000e+00  4.16089267 9.71537535 
  3.507500e+00  4.16089267 9.71537535 
  3.510000e+00  4.16089267 9.71537535 
  3.512500e+00  4.16089267 9.71537535 
  3.515000e+00  4.16089267 9.71537535 
  3.517500e+00  4.16089267 9.71537535 
  3.520000e+00  4.16089267 9.71537535 
  3.522500e+00  4.16089267 9.71537535 
  3.525000e+00  4.16089267 9.71537535 
  3.527500e+00  4.16089267 9.71537535 
  3.530000e+00  4.16089267 9.71537535 
  3.532500e+00  4.16089267 9.71537535 
  3.535000e+00  4.16089267 9.71537535 
  3.537500e+00  4.16089267 9.71537535 
  3.540000e+00  4.16089267 9.71537535 
  3.542500e+00  4.16089267 9.71537535 
  3.545000e+00  4.16089267 9.71537535 
  3.547500e+00  4.16089267 9.71537535 
  3.550000e+00  4.16089267 9.71537535 
  3.552500e+00  4.16089267 9.71537535 
  3.555000e+00  4.16089267 9.71537535 
  3.557500e+00  4.16089267 9.71537535 
  3.560000e+00  4.16089267 9.71537535 
  3.562500e+00  4.16089267 9.71537535 
  3.565000e+00  4.16089267 9.71537535 
  3.567500e+00  4.16089267 9.71537535 
  3.570000e+00  4.16089267 9.71537535 
  3.572500e+00  4.16089267 9.71537535 
  3.575000e+00  4.16089267 9.71537535 
  3.577500e+00  4.16089267 9.71537535 
  3.580000e+00  4.16089267 9.71537535 
  3.582500e+00  4.16089267 9.71537535 
  3.585000e+00  4.16089267 9.71537535 
  3.587500e+00  4.16089267 9.71537535 
  3.590000e+00  4.16089267 9.71537535 
  3.592500e+00  4.16089267 9.71537535 
  3.595000e+00  4.16089267 9.71537535 
  3.597500e+00  4.16089267 9.71537535 
  3.600000e+00  4.16089267 9.71537535 
  3.602500e+00  4.16089267 9.71537535 
  3.605000e+00  4.16089267 9.71537535 
  3.607500e+00  4.16089267 9.71537535 
  3.610000e+00  4.16089267 9.71537535 
  3.612500e+00  4.16089267 9.71537535 
  3.615000e+00  4.16089267 9.71537535 
  3.617500e+00  4.16089267 9.71537535 
  3.620000e+00  4.16089267 9.71537535 
  3.622500e+00  4.16089267 9.71537535 
  3.625000e+00  4.16089267 9.71537535 
  3.627500e+00  4.16089267 9.71537535 
  3.630000e+00  4.16089267 9.71537535 
  3.632500e+00  4.16089267 9.71537535 
  3.635000e+00  4.16089267 9.71537535 
  3.637500e+00  4.16089267 9.71537535 
  3.640000e+00  4.16089267 9.71537535 
  3.642500e+00  4.16089267 9.71537535 
  3.645000e+00  4.16089267 9.71537535 
  3.647500e+00  4.16089267 9.71537535 
  3.650000e+00  4.16089267 9.71537535 
  3.652500e+00  4.16089267 9.71537535 
  3.655000e+00  4.16089267 9.71537535 
  3.657500e+00  4.16089267 9.71537535 
  3.660000e+00  4.16089267 9.71537535 
  3.662500e+00  4.16089267 9.71537535 
  3.665000e+00  4.16089267 9.71537535 
  3.667500e+00  4.16089267 9.71537535 
  3.670000e+00  4.16089267 9.71537535 
  3.672500e+00  4.16089267 9.71537535 
  3.675000e+00  4.16089267 9.71537535 
  3.677500e+00  4.16089267 9.71537535 
  3.680000e+00  4.16089267 9.71537535 
  3.682500e+00  4.16089267 9.71537535 
  3.685000e+00  4.16089267 9.71537535 
  3.687500e+00  4.16089267 9.71537535 
  3.690000e+00  4.16089267 9.71537535 
  3.692500e+00  4.16089267 9.71537535 
  3.695000e+00  4.16089267 9.71537535 
  3.697500e+00  4.16089267 9.71537535 
  3.700000e+00  4.16089267 9.71537535 
  3.702500e+00  4.16089267 9.71537535 
  3.705000e+00  4.16089267 9.71537535 
  3.707500e+00  4.16089267 9.71537535 
  3.710000e+00  4.16089267 9.71537535 
  3.712500e+00  4.16089267 9.71537535 
  3.715000e+00  4.16089267 9.71537535 
  3.717500e+00  4.16089267 9.71537535 
  3.720000e+00  4.16089267 9.71537535 
  3.722500e+00  4.16089267 9.71537535 
  3.725000e+00  4.16089267 9.71537535 
  3.727500e+00  4.16089267 9.71537535 
  3.730000e+00  4.16089267 9.71537535 
  3.732500e+00  4.16089267 9.71537535 
  3.735000e+00  4.16089267 9.71537535 
  3.737500e+00  4.16089267 9.71537535 
  3.740000e+00  4.16089267 9.71537535 
  3.742500e+00  4.16089267 9.71537535 
  3.745000e+00  4.16089267 9.71537535 
  3.747500e+00  4.16089267 9.71537535 
  3.750000e+00  4.16089267 9.71537535 
  3.752500e+00  4.16089267 9.71537535 
  3.755000e+00  4.16089267 9.71537535 
  3.757500e+00  4.16089267 9.71537535 
  3.760000e+00  4.16089267 9.71537535 
  3.762500e+00  4.16089267 9.71537535 
  3.765000e+00  4.16089267 9.71537535 
  3.767500e+00  4.16089267 9.71537535 
  3.770000e+00  4.16089267 9.71537535 
  3.772500e+00  4.16089267 9.71537535 
  3.775000e+00  4.16089267 9.71537535 
  3.777500e+00  4.16089267 9.71537535 
  3.780000e+00  4.16089267 9.71537535 
  3.782500e+00  4.16089267 9.71537535 
  3.785000e+00  4.16089267 9.71537535 
  3.787500e+00  4.16089267 9.71537535 
  3.790000e+00  4.16089267 9.71537535 
  3.792500e+00  4.16089267 9.71537535 
  3.795000e+00  4.16089267 9.71537535 
  3.797500e+00  4.16089267 9.71537535 
  3.800000e+00  4.16089267 9.71537535 
  3.802500e+00  4.16089267 9.71537535 
  3.805000e+00  4.16089267 9.71537535 
  3.807500e+00  4.16089267 9.71537535 
  3.810000e+00  4.16089267 9.71537535 
  3.812500e+00  4.16089267 9.71537535 
  3.815000e+00  4.16089267 9.71537535 
  3.817500e+00  4.16089267 9.71537535 
  3.820000e+00  4.16089267 9.71537535 
  3.822500e+00  4.16089267 9.71537535 
  3.825000e+00  4.16089267 9.71537535 
  3.827500e+00  4.16089267 9.71537535 
  3.830000e+00  4.16089267 9.71537535 
  3.832500e+00  4.16089267 9.71537535 
  3.835000e+00  4.16089267 9.71537535 
  3.837500e+00  4.16089267 9.71537535 
  3.840000e+00  4.16089267 9.71537535 
  3.842500e+00  4.16089267 9.71537535 
  3.845000e+00  4.16089267 9.71537535 
  3.847500e+00  4.16089267 9.71537535 
  3.850000e+00  4.16089267 9.71537535 
  3.852500e+00  4.16089267 9.71537535 
  3.855000e+00  4.16089267 9.71537535 
  3.857500e+00  4.16089267 9.71537535 
  3.860000e+00  4.16089267 9.71537535 
  3.862500e+00  4.16089267 9.71537535 
  3.865000e+00  4.16089267 9.71537535 
  3.867500e+00  4.16089267 9.71537535 
  3.870000e+00  4.16089267 9.71537535 
  3.872500e+00  4.16089267 9.71537535 
  3.875000e+00  4.16089267 9.71537535 
  3.877500e+00  4.16089267 9.71537535 
  3.880000e+00  4.16089267 9.71537535 
  3.882500e+00  4.16089267 9.71537535 
  3.885000e+00  4.16089267 9.71537535 
  3.887500e+00  4.16089267 9.71537535 
  3.890000e+00  4.16089267 9.71537535 
  3.892500e+00  4.16089267 9.71537535 
  3.895000e+00  4.16089267 9.71537535 
  3.897500e+00  4.16089267 9.71537535 
  3.900000e+00  4.16089267 9.71537535 
  3.902500e+00  4.16089267 9.71537535 
  3.905000e+00  4.16089267 9.71537535 
  3.907500e+00  4.16089267 9.71537535 
  3.910000e+00  4.16089267 9.71537535 
  3.912500e+00  4.16089267 9.71537535 
  3.915000e+00  4.16089267 9.71537535 
  3.917500e+00  4.16089267 9.71537535 
  3.920000e+00  4.16089267 9.71537535 
  3.922500e+00  4.16089267 9.71537535 
  3.925000e+00  4.16089267 9.71537535 
  3.927500e+00  4.16089267 9.71537535 
  3.930000e+00  4.16089267 9.71537535 
  3.932500e+00  4.16089267 9.71537535 
  3.935000e+00  4.16089267 9.71537535 
  3.937500e+00  4.16089267 9.71537535 
  3.940000e+00  4.16089267 9.71537535 
  3.942500e+00  4.16089267 9.71537535 
  3.945000e+00  4.16089267 9.71537535 
  3.947500e+00  4.16089267 9.71537535 
  3.950000e+00  4.16089267 9.71537535 
  3.952500e+00  4.16089267 9.71537535 
  3.955000e+00  4.16089267 9.71537535 
  3.957500e+00  4.16089267 9.71537535 
  3.960000e+00  4.16089267 9.71537535 
  3.962500e+00  4.16089267 9.71537535 
  3.965000e+00  4.16089267 9.71537535 
  3.967500e+00  4.16089267 9.71537535 
  3.970000e+00  4.16089267 9.71537535 
  3.972500e+00  4.16089267 9.71537535 
  3.975000e+00  4.16089267 9.71537535 
  3.977500e+00  4.16089267 9.71537535 
  3.980000e+00  4.16089267 9.71537535 
  3.982500e+00  4.16089267 9.71537535 
  3.985000e+00  4.16089267 9.71537535 
  3.987500e+00  4.16089267 9.71537535 
  3.990000e+00  4.16089267 9.71537535 
  3.992500e+00  4.16089267 9.71537535 
  3.995000e+00  4.16089267 9.71537535 
  3.997500e+00  4.16089267 9.71537535 
  4.000000e+00  4.16089267 9.71537535 
