  2.500000e-03  102.317700  102.865372
  3.750000e-03  100.626757  101.774981
  5.000000e-03  99.056378  100.589459
  6.250000e-03  97.592723  99.294648
  7.500000e-03  96.171154  97.909639
  8.750000e-03  94.749041  96.471626
  1.000000e-02  93.330336  95.024244
  1.125000e-02  91.953950  93.609421
  1.250000e-02  90.666869  92.262667
  1.375000e-02  89.501249  91.010296
  1.500000e-02  88.465588  89.867417
  1.625000e-02  87.548869  88.836781
  1.750000e-02  86.729895  87.909674
  1.875000e-02  85.985322  87.069865
  2.000000e-02  85.294750  86.299285
  2.125000e-02  84.643460  85.582588
  2.250000e-02  84.023107  84.908979
  2.375000e-02  83.430565  84.271881
  2.500000e-02  82.865716  83.667720
  2.625000e-02  82.329344  83.094744
  2.750000e-02  81.821862  82.552105
  2.875000e-02  81.342923  82.039243
  3.000000e-02  80.891563  81.555489
  3.125000e-02  80.466484  81.099888
  3.250000e-02  80.066269  80.671189
  3.375000e-02  79.689487  80.267931
  3.500000e-02  79.334729  79.888558
  3.625000e-02  79.000603  79.531499
  3.750000e-02  78.685741  79.195227
  3.875000e-02  78.388799  78.878283
  4.000000e-02  78.108488  78.579288
  4.125000e-02  77.843597  78.296956
  4.250000e-02  77.593016  78.030092
  4.375000e-02  77.355739  77.777596
  4.500000e-02  77.130860  77.538463
  4.625000e-02  76.917556  77.311768
  4.750000e-02  76.715065  77.096667
  4.875000e-02  76.522674  76.892382
  5.000000e-02  76.339706  76.698193
  5.125000e-02  76.165522  76.513436
  5.250000e-02  75.999520  76.337490
  5.375000e-02  75.841137  76.169779
  5.500000e-02  75.689854  76.009765
  5.625000e-02  75.545191  75.856945
  5.750000e-02  75.406712  75.710851
  5.875000e-02  75.274016  75.571048
  6.000000e-02  75.146733  75.437128
  6.125000e-02  75.024525  75.308715
  6.250000e-02  74.907075  75.185458
  6.375000e-02  74.794090  75.067029
  6.500000e-02  74.685297  74.953128
  6.625000e-02  74.580439  74.843473
  6.750000e-02  74.479279  74.737803
  6.875000e-02  74.381591  74.635876
  7.000000e-02  74.287170  74.537466
  7.125000e-02  74.195820  74.442363
  7.250000e-02  74.107363  74.350372
  7.375000e-02  74.021631  74.261312
  7.500000e-02  73.938469  74.175013
  7.625000e-02  73.857732  74.091317
  7.750000e-02  73.779284  74.010077
  7.875000e-02  73.703000  73.931154
  8.000000e-02  73.628760  73.854422
  8.125000e-02  73.556455  73.779758
  8.250000e-02  73.485978  73.707049
  8.375000e-02  73.417232  73.636190
  8.500000e-02  73.350123  73.567079
  8.625000e-02  73.284564  73.499625
  8.750000e-02  73.220472  73.433736
  8.875000e-02  73.157768  73.369330
  9.000000e-02  73.096378  73.306326
  9.125000e-02  73.036232  73.244651
  9.250000e-02  72.977262  73.184232
  9.375000e-02  72.919406  73.125002
  9.500000e-02  72.862602  73.066896
  9.625000e-02  72.806793  73.009855
  9.750000e-02  72.751925  72.953819
  9.875000e-02  72.697946  72.898734
  1.000000e-01  72.644805  72.844547
  1.012500e-01  72.592455  72.791207
  1.025000e-01  72.540851  72.738666
  1.037500e-01  72.489950  72.686880
  1.050000e-01  72.439711  72.635804
  1.062500e-01  72.390093  72.585396
  1.075000e-01  72.341059  72.535617
  1.087500e-01  72.292574  72.486428
  1.100000e-01  72.244602  72.437793
  1.112500e-01  72.197110  72.389677
  1.125000e-01  72.150067  72.342046
  1.137500e-01  72.103442  72.294869
  1.150000e-01  72.057206  72.248115
  1.162500e-01  72.011332  72.201754
  1.175000e-01  71.965791  72.155758
  1.187500e-01  71.920559  72.110100
  1.200000e-01  71.875610  72.064753
  1.212500e-01  71.830921  72.019694
  1.225000e-01  71.786468  71.974896
  1.237500e-01  71.742231  71.930339
  1.250000e-01  71.698186  71.885998
  1.262500e-01  71.654314  71.841853
  1.275000e-01  71.610595  71.797883
  1.287500e-01  71.567011  71.754068
  1.300000e-01  71.523541  71.710389
  1.312500e-01  71.480170  71.666826
  1.325000e-01  71.436879  71.623363
  1.337500e-01  71.393653  71.579982
  1.350000e-01  71.350474  71.536667
  1.362500e-01  71.307329  71.493400
  1.375000e-01  71.264201  71.450167
  1.387500e-01  71.221077  71.406953
  1.400000e-01  71.177943  71.363743
  1.412500e-01  71.134785  71.320523
  1.425000e-01  71.091590  71.277280
  1.437500e-01  71.048346  71.234000
  1.450000e-01  71.005040  71.190671
  1.462500e-01  70.961662  71.147281
  1.475000e-01  70.918199  71.103818
  1.487500e-01  70.874642  71.060271
  1.500000e-01  70.830979  71.016628
  1.512500e-01  70.787200  70.972879
  1.525000e-01  70.743296  70.929015
  1.537500e-01  70.699256  70.885024
  1.550000e-01  70.655073  70.840898
  1.562500e-01  70.610736  70.796627
  1.575000e-01  70.566238  70.752202
  1.587500e-01  70.521570  70.707615
  1.600000e-01  70.476724  70.662857
  1.612500e-01  70.431692  70.617920
  1.625000e-01  70.386466  70.572797
  1.637500e-01  70.341039  70.527478
  1.650000e-01  70.295403  70.481957
  1.662500e-01  70.249552  70.436227
  1.675000e-01  70.203478  70.390279
  1.687500e-01  70.157174  70.344108
  1.700000e-01  70.110633  70.297705
  1.712500e-01  70.063849  70.251065
  1.725000e-01  70.016815  70.204179
  1.737500e-01  69.969524  70.157042
  1.750000e-01  69.921969  70.109646
  1.762500e-01  69.874144  70.061985
  1.775000e-01  69.826042  70.014052
  1.787500e-01  69.777656  69.965840
  1.800000e-01  69.728980  69.917343
  1.812500e-01  69.680007  69.868554
  1.825000e-01  69.630731  69.819466
  1.837500e-01  69.581143  69.770073
  1.850000e-01  69.531239  69.720368
  1.862500e-01  69.481012  69.670343
  1.875000e-01  69.430454  69.619993
  1.887500e-01  69.379559  69.569311
  1.900000e-01  69.328321  69.518291
  1.912500e-01  69.276733  69.466926
  1.925000e-01  69.224790  69.415209
  1.937500e-01  69.172486  69.363136
  1.950000e-01  69.119815  69.310699
  1.962500e-01  69.066771  69.257894
  1.975000e-01  69.013350  69.204716
  1.987500e-01  68.959547  69.151160
  2.000000e-01  68.905360  69.097221
  2.012500e-01  68.850783  69.042897
  2.025000e-01  68.795816  68.988184
  2.037500e-01  68.740457  68.933080
  2.050000e-01  68.684704  68.877584
  2.062500e-01  68.628559  68.821697
  2.075000e-01  68.572023  68.765418
  2.087500e-01  68.515099  68.708750
  2.100000e-01  68.457792  68.651698
  2.112500e-01  68.400107  68.594265
  2.125000e-01  68.342054  68.536459
  2.137500e-01  68.283640  68.478289
  2.150000e-01  68.224879  68.419764
  2.162500e-01  68.165784  68.360898
  2.175000e-01  68.106370  68.301705
  2.187500e-01  68.046656  68.242201
  2.200000e-01  67.986664  68.182407
  2.212500e-01  67.926415  68.122344
  2.225000e-01  67.865936  68.062035
  2.237500e-01  67.805254  68.001507
  2.250000e-01  67.744401  67.940789
  2.262500e-01  67.683408  67.879913
  2.275000e-01  67.622312  67.818911
  2.287500e-01  67.561149  67.757819
  2.300000e-01  67.499957  67.696675
  2.312500e-01  67.438779  67.635518
  2.325000e-01  67.377655  67.574388
  2.337500e-01  67.316629  67.513328
  2.350000e-01  67.255745  67.452379
  2.362500e-01  67.195046  67.391587
  2.375000e-01  67.134576  67.330992
  2.387500e-01  67.074378  67.270639
  2.400000e-01  67.014494  67.210570
  2.412500e-01  66.954967  67.150826
  2.425000e-01  66.895833  67.091446
  2.437500e-01  66.837131  67.032468
  2.450000e-01  66.778894  66.973928
  2.462500e-01  66.721155  66.915858
  2.475000e-01  66.663941  66.858289
  2.487500e-01  66.607278  66.801247
  2.500000e-01  66.551189  66.744757
  2.512500e-01  66.495690  66.688840
  2.525000e-01  66.440799  66.633512
  2.537500e-01  66.386526  66.578787
  2.550000e-01  66.332880  66.524678
  2.562500e-01  66.279866  66.471191
  2.575000e-01  66.227488  66.418332
  2.587500e-01  66.175744  66.366102
  2.600000e-01  66.124633  66.314501
  2.612500e-01  66.074150  66.263527
  2.625000e-01  66.024288  66.213175
  2.637500e-01  65.975039  66.163437
  2.650000e-01  65.926392  66.114307
  2.662500e-01  65.878338  66.065773
  2.675000e-01  65.830864  66.017827
  2.687500e-01  65.783958  65.970455
  2.700000e-01  65.737607  65.923647
  2.712500e-01  65.691797  65.877388
  2.725000e-01  65.646514  65.831666
  2.737500e-01  65.601746  65.786468
  2.750000e-01  65.557479  65.741781
  2.762500e-01  65.513698  65.697590
  2.775000e-01  65.470391  65.653884
  2.787500e-01  65.427544  65.610647
  2.800000e-01  65.385145  65.567869
  2.812500e-01  65.343181  65.525536
  2.825000e-01  65.301641  65.483636
  2.837500e-01  65.260512  65.442158
  2.850000e-01  65.219784  65.401089
  2.862500e-01  65.179445  65.360418
  2.875000e-01  65.139485  65.320135
  2.887500e-01  65.099893  65.280230
  2.900000e-01  65.060660  65.240691
  2.912500e-01  65.021776  65.201510
  2.925000e-01  64.983233  65.162677
  2.937500e-01  64.945020  65.124182
  2.950000e-01  64.907130  65.086017
  2.962500e-01  64.869554  65.048174
  2.975000e-01  64.832284  65.010643
  2.987500e-01  64.795313  64.973418
  3.000000e-01  64.758632  64.936490
  3.012500e-01  64.722234  64.899851
  3.025000e-01  64.686113  64.863495
  3.037500e-01  64.650261  64.827415
  3.050000e-01  64.614672  64.791602
  3.062500e-01  64.579338  64.756051
  3.075000e-01  64.544254  64.720755
  3.087500e-01  64.509414  64.685708
  3.100000e-01  64.474811  64.650904
  3.112500e-01  64.440439  64.616336
  3.125000e-01  64.406293  64.581998
  3.137500e-01  64.372367  64.547886
  3.150000e-01  64.338656  64.513993
  3.162500e-01  64.305154  64.480314
  3.175000e-01  64.271857  64.446843
  3.187500e-01  64.238759  64.413576
  3.200000e-01  64.205855  64.380508
  3.212500e-01  64.173141  64.347634
  3.225000e-01  64.140613  64.314949
  3.237500e-01  64.108265  64.282448
  3.250000e-01  64.076094  64.250127
  3.262500e-01  64.044095  64.217983
  3.275000e-01  64.012265  64.186010
  3.287500e-01  63.980599  64.154205
  3.300000e-01  63.949094  64.122564
  3.312500e-01  63.917746  64.091083
  3.325000e-01  63.886551  64.059758
  3.337500e-01  63.855507  64.028586
  3.350000e-01  63.824609  63.997565
  3.362500e-01  63.793856  63.966689
  3.375000e-01  63.763243  63.935957
  3.387500e-01  63.732768  63.905365
  3.400000e-01  63.702428  63.874910
  3.412500e-01  63.672221  63.844590
  3.425000e-01  63.642143  63.814402
  3.437500e-01  63.612192  63.784343
  3.450000e-01  63.582366  63.754411
  3.462500e-01  63.552663  63.724604
  3.475000e-01  63.523081  63.694918
  3.487500e-01  63.493616  63.665352
  3.500000e-01  63.464268  63.635905
  3.512500e-01  63.435033  63.606572
  3.525000e-01  63.405911  63.577354
  3.537500e-01  63.376900  63.548247
  3.550000e-01  63.347997  63.519251
  3.562500e-01  63.319201  63.490362
  3.575000e-01  63.290510  63.461580
  3.587500e-01  63.261923  63.432903
  3.600000e-01  63.233438  63.404330
  3.612500e-01  63.205053  63.375858
  3.625000e-01  63.176768  63.347486
  3.637500e-01  63.148581  63.319213
  3.650000e-01  63.120489  63.291037
  3.662500e-01  63.092493  63.262958
  3.675000e-01  63.064591  63.234973
  3.687500e-01  63.036781  63.207081
  3.700000e-01  63.009062  63.179282
  3.712500e-01  62.981433  63.151573
  3.725000e-01  62.953892  63.123954
  3.737500e-01  62.926440  63.096423
  3.750000e-01  62.899073  63.068979
  3.762500e-01  62.871792  63.041622
  3.775000e-01  62.844596  63.014349
  3.787500e-01  62.817482  62.987161
  3.800000e-01  62.790451  62.960055
  3.812500e-01  62.763500  62.933032
  3.825000e-01  62.736630  62.906089
  3.837500e-01  62.709839  62.879225
  3.850000e-01  62.683126  62.852441
  3.862500e-01  62.656491  62.825735
  3.875000e-01  62.629932  62.799105
  3.887500e-01  62.603448  62.772552
  3.900000e-01  62.577039  62.746074
  3.912500e-01  62.550704  62.719670
  3.925000e-01  62.524442  62.693341
  3.937500e-01  62.498252  62.667084
  3.950000e-01  62.472135  62.640899
  3.962500e-01  62.446088  62.614785
  3.975000e-01  62.420112  62.588743
  3.987500e-01  62.394205  62.562771
  4.000000e-01  62.368368  62.536868
  4.012500e-01  62.342600  62.511034
  4.025000e-01  62.316900  62.485269
  4.037500e-01  62.291268  62.459573
  4.050000e-01  62.265703  62.433943
  4.062500e-01  62.240205  62.408382
  4.075000e-01  62.214775  62.382887
  4.087500e-01  62.189411  62.357458
  4.100000e-01  62.164113  62.332097
  4.112500e-01  62.138882  62.306801
  4.125000e-01  62.113717  62.281572
  4.137500e-01  62.088618  62.256408
  4.150000e-01  62.063584  62.231311
  4.162500e-01  62.038617  62.206279
  4.175000e-01  62.013716  62.181313
  4.187500e-01  61.988881  62.156413
  4.200000e-01  61.964113  62.131579
  4.212500e-01  61.939410  62.106811
  4.225000e-01  61.914775  62.082110
  4.237500e-01  61.890206  62.057475
  4.250000e-01  61.865704  62.032906
  4.262500e-01  61.841270  62.008405
  4.275000e-01  61.816904  61.983971
  4.287500e-01  61.792606  61.959605
  4.300000e-01  61.768376  61.935307
  4.312500e-01  61.744215  61.911077
  4.325000e-01  61.720124  61.886915
  4.337500e-01  61.696102  61.862824
  4.350000e-01  61.672150  61.838801
  4.362500e-01  61.648269  61.814849
  4.375000e-01  61.624460  61.790968
  4.387500e-01  61.600722  61.767157
  4.400000e-01  61.577056  61.743418
  4.412500e-01  61.553462  61.719751
  4.425000e-01  61.529942  61.696157
  4.437500e-01  61.506496  61.672635
  4.450000e-01  61.483123  61.649188
  4.462500e-01  61.459825  61.625814
  4.475000e-01  61.436602  61.602514
  4.487500e-01  61.413455  61.579290
  4.500000e-01  61.390384  61.556141
  4.512500e-01  61.367389  61.533068
  4.525000e-01  61.344471  61.510071
  4.537500e-01  61.321630  61.487151
  4.550000e-01  61.298866  61.464309
  4.562500e-01  61.276181  61.441543
  4.575000e-01  61.253574  61.418856
  4.587500e-01  61.231045  61.396247
  4.600000e-01  61.208596  61.373716
  4.612500e-01  61.186226  61.351265
  4.625000e-01  61.163935  61.328892
  4.637500e-01  61.141724  61.306599
  4.650000e-01  61.119593  61.284386
  4.662500e-01  61.097543  61.262253
  4.675000e-01  61.075572  61.240200
  4.687500e-01  61.053683  61.218227
  4.700000e-01  61.031874  61.196335
  4.712500e-01  61.010145  61.174523
  4.725000e-01  60.988498  61.152792
  4.737500e-01  60.966931  61.131142
  4.750000e-01  60.945446  61.109573
  4.762500e-01  60.924042  61.088085
  4.775000e-01  60.902719  61.066678
  4.787500e-01  60.881477  61.045352
  4.800000e-01  60.860316  61.024107
  4.812500e-01  60.839236  61.002944
  4.825000e-01  60.818238  60.981862
  4.837500e-01  60.797320  60.960860
  4.850000e-01  60.776484  60.939940
  4.862500e-01  60.755729  60.919101
  4.875000e-01  60.735055  60.898343
  4.887500e-01  60.714463  60.877667
  4.900000e-01  60.693951  60.857071
  4.912500e-01  60.673520  60.836557
  4.925000e-01  60.653170  60.816123
  4.937500e-01  60.632901  60.795770
  4.950000e-01  60.612714  60.775499
  4.962500e-01  60.592607  60.755308
  4.975000e-01  60.572581  60.735198
  4.987500e-01  60.552636  60.715170
  5.000000e-01  60.532772  60.695222
  5.012500e-01  60.512989  60.675355
  5.025000e-01  60.493287  60.655569
  5.037500e-01  60.473666  60.635864
  5.050000e-01  60.454126  60.616241
  5.062500e-01  60.434667  60.596698
  5.075000e-01  60.415290  60.577237
  5.087500e-01  60.395994  60.557857
  5.100000e-01  60.376779  60.538558
  5.112500e-01  60.357646  60.519341
  5.125000e-01  60.338595  60.500206
  5.137500e-01  60.319626  60.481152
  5.150000e-01  60.300739  60.462180
  5.162500e-01  60.281934  60.443291
  5.175000e-01  60.263212  60.424483
  5.187500e-01  60.244572  60.405758
  5.200000e-01  60.226015  60.387116
  5.212500e-01  60.207542  60.368557
  5.225000e-01  60.189151  60.350080
  5.237500e-01  60.170844  60.331687
  5.250000e-01  60.152621  60.313378
  5.262500e-01  60.134482  60.295153
  5.275000e-01  60.116427  60.277011
  5.287500e-01  60.098457  60.258954
  5.300000e-01  60.080572  60.240982
  5.312500e-01  60.062772  60.223094
  5.325000e-01  60.045057  60.205292
  5.337500e-01  60.027428  60.187575
  5.350000e-01  60.009885  60.169943
  5.362500e-01  59.992429  60.152398
  5.375000e-01  59.975059  60.134939
  5.387500e-01  59.957775  60.117566
  5.400000e-01  59.940579  60.100281
  5.412500e-01  59.923470  60.083082
  5.425000e-01  59.906448  60.065971
  5.437500e-01  59.889514  60.048947
  5.450000e-01  59.872668  60.032011
  5.462500e-01  59.855911  60.015163
  5.475000e-01  59.839241  59.998403
  5.487500e-01  59.822661  59.981731
  5.500000e-01  59.806169  59.965148
  5.512500e-01  59.789766  59.948654
  5.525000e-01  59.773452  59.932249
  5.537500e-01  59.757227  59.915933
  5.550000e-01  59.741091  59.899705
  5.562500e-01  59.725045  59.883568
  5.575000e-01  59.709088  59.867519
  5.587500e-01  59.693221  59.851560
  5.600000e-01  59.677443  59.835690
  5.612500e-01  59.661754  59.819910
  5.625000e-01  59.646155  59.804220
  5.637500e-01  59.630646  59.788618
  5.650000e-01  59.615226  59.773106
  5.662500e-01  59.599895  59.757684
  5.675000e-01  59.584653  59.742351
  5.687500e-01  59.569500  59.727107
  5.700000e-01  59.554437  59.711952
  5.712500e-01  59.539462  59.696886
  5.725000e-01  59.524575  59.681909
  5.737500e-01  59.509778  59.667021
  5.750000e-01  59.495068  59.652220
  5.762500e-01  59.480446  59.637508
  5.775000e-01  59.465912  59.622884
  5.787500e-01  59.451466  59.608348
  5.800000e-01  59.437106  59.593899
  5.812500e-01  59.422833  59.579538
  5.825000e-01  59.408647  59.565263
  5.837500e-01  59.394547  59.551074
  5.850000e-01  59.380533  59.536972
  5.862500e-01  59.366605  59.522956
  5.875000e-01  59.352761  59.509025
  5.887500e-01  59.339002  59.495179
  5.900000e-01  59.325328  59.481418
  5.912500e-01  59.311737  59.467742
  5.925000e-01  59.298230  59.454149
  5.937500e-01  59.284806  59.440640
  5.950000e-01  59.271465  59.427214
  5.962500e-01  59.258206  59.413870
  5.975000e-01  59.245028  59.400609
  5.987500e-01  59.231932  59.387429
  6.000000e-01  59.218917  59.374331
  6.012500e-01  59.205982  59.361313
  6.025000e-01  59.193127  59.348376
  6.037500e-01  59.180351  59.335519
  6.050000e-01  59.167654  59.322741
  6.062500e-01  59.155036  59.310042
  6.075000e-01  59.142496  59.297422
  6.087500e-01  59.130033  59.284880
  6.100000e-01  59.117648  59.272415
  6.112500e-01  59.105339  59.260027
  6.125000e-01  59.093106  59.247716
  6.137500e-01  59.080949  59.235482
  6.150000e-01  59.068867  59.223323
  6.162500e-01  59.056860  59.211239
  6.175000e-01  59.044927  59.199230
  6.187500e-01  59.033068  59.187295
  6.200000e-01  59.021283  59.175434
  6.212500e-01  59.009571  59.163647
  6.225000e-01  58.997931  59.151933
  6.237500e-01  58.986363  59.140291
  6.250000e-01  58.974867  59.128722
  6.262500e-01  58.963443  59.117224
  6.275000e-01  58.952089  59.105798
  6.287500e-01  58.940806  59.094442
  6.300000e-01  58.929594  59.083157
  6.312500e-01  58.918451  59.071943
  6.325000e-01  58.907377  59.060798
  6.337500e-01  58.896373  59.049723
  6.350000e-01  58.885437  59.038717
  6.362500e-01  58.874570  59.027780
  6.375000e-01  58.863771  59.016911
  6.387500e-01  58.853040  59.006110
  6.400000e-01  58.842376  58.995377
  6.412500e-01  58.831779  58.984712
  6.425000e-01  58.821250  58.974113
  6.437500e-01  58.810786  58.963582
  6.450000e-01  58.800389  58.953117
  6.462500e-01  58.790058  58.942719
  6.475000e-01  58.779793  58.932386
  6.487500e-01  58.769594  58.922119
  6.500000e-01  58.759459  58.911918
  6.512500e-01  58.749390  58.901782
  6.525000e-01  58.739386  58.891712
  6.537500e-01  58.729446  58.881706
  6.550000e-01  58.719570  58.871764
  6.562500e-01  58.709759  58.861887
  6.575000e-01  58.700011  58.852074
  6.587500e-01  58.690328  58.842325
  6.600000e-01  58.680707  58.832640
  6.612500e-01  58.671151  58.823019
  6.625000e-01  58.661657  58.813461
  6.637500e-01  58.652226  58.803966
  6.650000e-01  58.642859  58.794534
  6.662500e-01  58.633553  58.785164
  6.675000e-01  58.624311  58.775858
  6.687500e-01  58.615131  58.766614
  6.700000e-01  58.606012  58.757432
  6.712500e-01  58.596956  58.748313
  6.725000e-01  58.587962  58.739255
  6.737500e-01  58.579029  58.730260
  6.750000e-01  58.570158  58.721326
  6.762500e-01  58.561349  58.712454
  6.775000e-01  58.552600  58.703643
  6.787500e-01  58.543913  58.694893
  6.800000e-01  58.535287  58.686204
  6.812500e-01  58.526721  58.677577
  6.825000e-01  58.518216  58.669010
  6.837500e-01  58.509771  58.660503
  6.850000e-01  58.501387  58.652058
  6.862500e-01  58.493063  58.643672
  6.875000e-01  58.484799  58.635347
  6.887500e-01  58.476595  58.627082
  6.900000e-01  58.468451  58.618876
  6.912500e-01  58.460366  58.610731
  6.925000e-01  58.452340  58.602645
  6.937500e-01  58.444374  58.594618
  6.950000e-01  58.436467  58.586650
  6.962500e-01  58.428618  58.578742
  6.975000e-01  58.420828  58.570892
  6.987500e-01  58.413097  58.563101
  7.000000e-01  58.405424  58.555368
  7.012500e-01  58.397809  58.547694
  7.025000e-01  58.390252  58.540078
  7.037500e-01  58.382753  58.532520
  7.050000e-01  58.375311  58.525019
  7.062500e-01  58.367927  58.517576
  7.075000e-01  58.360599  58.510191
  7.087500e-01  58.353329  58.502862
  7.100000e-01  58.346115  58.495591
  7.112500e-01  58.338958  58.488376
  7.125000e-01  58.331857  58.481217
  7.137500e-01  58.324812  58.474115
  7.150000e-01  58.317822  58.467069
  7.162500e-01  58.310889  58.460078
  7.175000e-01  58.304010  58.453143
  7.187500e-01  58.297187  58.446264
  7.200000e-01  58.290418  58.439439
  7.212500e-01  58.283704  58.432669
  7.225000e-01  58.277044  58.425953
  7.237500e-01  58.270438  58.419292
  7.250000e-01  58.263885  58.412685
  7.262500e-01  58.257386  58.406132
  7.275000e-01  58.250941  58.399632
  7.287500e-01  58.244548  58.393185
  7.300000e-01  58.238208  58.386791
  7.312500e-01  58.231920  58.380449
  7.325000e-01  58.225684  58.374160
  7.337500e-01  58.219499  58.367923
  7.350000e-01  58.213366  58.361738
  7.362500e-01  58.207285  58.355604
  7.375000e-01  58.201254  58.349521
  7.387500e-01  58.195273  58.343488
  7.400000e-01  58.189343  58.337507
  7.412500e-01  58.183462  58.331575
  7.425000e-01  58.177631  58.325694
  7.437500e-01  58.171850  58.319862
  7.450000e-01  58.166117  58.314079
  7.462500e-01  58.160432  58.308345
  7.475000e-01  58.154796  58.302659
  7.487500e-01  58.149208  58.297022
  7.500000e-01  58.143667  58.291433
  7.512500e-01  58.138174  58.285891
  7.525000e-01  58.132727  58.280396
  7.537500e-01  58.127328  58.274949
  7.550000e-01  58.121974  58.269548
  7.562500e-01  58.116666  58.264193
  7.575000e-01  58.111404  58.258884
  7.587500e-01  58.106187  58.253620
  7.600000e-01  58.101014  58.248402
  7.612500e-01  58.095887  58.243229
  7.625000e-01  58.090803  58.238100
  7.637500e-01  58.085764  58.233016
  7.650000e-01  58.080767  58.227975
  7.662500e-01  58.075814  58.222978
  7.675000e-01  58.070904  58.218024
  7.687500e-01  58.066036  58.213112
  7.700000e-01  58.061211  58.208243
  7.712500e-01  58.056427  58.203417
  7.725000e-01  58.051684  58.198632
  7.737500e-01  58.046983  58.193888
  7.750000e-01  58.042322  58.189186
  7.762500e-01  58.037702  58.184524
  7.775000e-01  58.033122  58.179903
  7.787500e-01  58.028582  58.175322
  7.800000e-01  58.024081  58.170781
  7.812500e-01  58.019619  58.166279
  7.825000e-01  58.015196  58.161816
  7.837500e-01  58.010811  58.157392
  7.850000e-01  58.006464  58.153006
  7.862500e-01  58.002155  58.148658
  7.875000e-01  57.997884  58.144348
  7.887500e-01  57.993649  58.140076
  7.900000e-01  57.989451  58.135840
  7.912500e-01  57.985290  58.131642
  7.925000e-01  57.981165  58.127479
  7.937500e-01  57.977075  58.123353
  7.950000e-01  57.973021  58.119263
  7.962500e-01  57.969003  58.115208
  7.975000e-01  57.965019  58.111188
  7.987500e-01  57.961069  58.107203
  8.000000e-01  57.957154  58.103253
  8.012500e-01  57.953272  58.099336
  8.025000e-01  57.949425  58.095454
  8.037500e-01  57.945610  58.091605
  8.050000e-01  57.941828  58.087790
  8.062500e-01  57.938080  58.084008
  8.075000e-01  57.934363  58.080258
  8.087500e-01  57.930679  58.076541
  8.100000e-01  57.927026  58.072855
  8.112500e-01  57.923405  58.069202
  8.125000e-01  57.919815  58.065580
  8.137500e-01  57.916256  58.061989
  8.150000e-01  57.912728  58.058430
  8.162500e-01  57.909230  58.054901
  8.175000e-01  57.905763  58.051402
  8.187500e-01  57.902325  58.047933
  8.200000e-01  57.898916  58.044494
  8.212500e-01  57.895537  58.041085
  8.225000e-01  57.892187  58.037705
  8.237500e-01  57.888866  58.034354
  8.250000e-01  57.885573  58.031032
  8.262500e-01  57.882308  58.027739
  8.275000e-01  57.879071  58.024473
  8.287500e-01  57.875862  58.021236
  8.300000e-01  57.872681  58.018026
  8.312500e-01  57.869526  58.014843
  8.325000e-01  57.866399  58.011688
  8.337500e-01  57.863298  58.008560
  8.350000e-01  57.860224  58.005459
  8.362500e-01  57.857176  58.002384
  8.375000e-01  57.854154  57.999335
  8.387500e-01  57.851157  57.996312
  8.400000e-01  57.848187  57.993315
  8.412500e-01  57.845241  57.990344
  8.425000e-01  57.842321  57.987397
  8.437500e-01  57.839425  57.984476
  8.450000e-01  57.836554  57.981580
  8.462500e-01  57.833707  57.978708
  8.475000e-01  57.830885  57.975861
  8.487500e-01  57.828086  57.973038
  8.500000e-01  57.825311  57.970239
  8.512500e-01  57.822560  57.967463
  8.525000e-01  57.819832  57.964711
  8.537500e-01  57.817127  57.961983
  8.550000e-01  57.814445  57.959277
  8.562500e-01  57.811786  57.956594
  8.575000e-01  57.809149  57.953934
  8.587500e-01  57.806535  57.951297
  8.600000e-01  57.803942  57.948682
  8.612500e-01  57.801372  57.946089
  8.625000e-01  57.798823  57.943518
  8.637500e-01  57.796295  57.940968
  8.650000e-01  57.793789  57.938440
  8.662500e-01  57.791305  57.935934
  8.675000e-01  57.788841  57.933448
  8.687500e-01  57.786398  57.930984
  8.700000e-01  57.783975  57.928540
  8.712500e-01  57.781573  57.926117
  8.725000e-01  57.779191  57.923714
  8.737500e-01  57.776829  57.921332
  8.750000e-01  57.774487  57.918969
  8.762500e-01  57.772165  57.916627
  8.775000e-01  57.769862  57.914304
  8.787500e-01  57.767579  57.912001
  8.800000e-01  57.765315  57.909717
  8.812500e-01  57.763070  57.907453
  8.825000e-01  57.760844  57.905207
  8.837500e-01  57.758636  57.902980
  8.850000e-01  57.756448  57.900772
  8.862500e-01  57.754277  57.898583
  8.875000e-01  57.752125  57.896412
  8.887500e-01  57.749991  57.894260
  8.900000e-01  57.747875  57.892125
  8.912500e-01  57.745777  57.890008
  8.925000e-01  57.743696  57.887910
  8.937500e-01  57.741633  57.885828
  8.950000e-01  57.739587  57.883765
  8.962500e-01  57.737558  57.881719
  8.975000e-01  57.735547  57.879689
  8.987500e-01  57.733552  57.877678
  9.000000e-01  57.731574  57.875682
  9.012500e-01  57.729613  57.873704
  9.025000e-01  57.727669  57.871743
  9.037500e-01  57.725740  57.869797
  9.050000e-01  57.723828  57.867869
  9.062500e-01  57.721932  57.865956
  9.075000e-01  57.720053  57.864060
  9.087500e-01  57.718188  57.862180
  9.100000e-01  57.716340  57.860315
  9.112500e-01  57.714507  57.858466
  9.125000e-01  57.712690  57.856633
  9.137500e-01  57.710888  57.854815
  9.150000e-01  57.709101  57.853013
  9.162500e-01  57.707329  57.851226
  9.175000e-01  57.705573  57.849454
  9.187500e-01  57.703831  57.847696
  9.200000e-01  57.702104  57.845954
  9.212500e-01  57.700391  57.844227
  9.225000e-01  57.698693  57.842514
  9.237500e-01  57.697009  57.840815
  9.250000e-01  57.695340  57.839131
  9.262500e-01  57.693685  57.837461
  9.275000e-01  57.692043  57.835806
  9.287500e-01  57.690416  57.834164
  9.300000e-01  57.688802  57.832536
  9.312500e-01  57.687202  57.830922
  9.325000e-01  57.685616  57.829322
  9.337500e-01  57.684043  57.827735
  9.350000e-01  57.682484  57.826162
  9.362500e-01  57.680938  57.824602
  9.375000e-01  57.679405  57.823056
  9.387500e-01  57.677885  57.821522
  9.400000e-01  57.676378  57.820002
  9.412500e-01  57.674883  57.818495
  9.425000e-01  57.673402  57.817000
  9.437500e-01  57.671933  57.815518
  9.450000e-01  57.670477  57.814049
  9.462500e-01  57.669033  57.812592
  9.475000e-01  57.667601  57.811148
  9.487500e-01  57.666182  57.809716
  9.500000e-01  57.664775  57.808297
  9.512500e-01  57.663380  57.806889
  9.525000e-01  57.661997  57.805494
  9.537500e-01  57.660626  57.804111
  9.550000e-01  57.659266  57.802739
  9.562500e-01  57.657918  57.801379
  9.575000e-01  57.656582  57.800031
  9.587500e-01  57.655257  57.798695
  9.600000e-01  57.653944  57.797370
  9.612500e-01  57.652642  57.796056
  9.625000e-01  57.651351  57.794753
  9.637500e-01  57.650071  57.793462
  9.650000e-01  57.648802  57.792182
  9.662500e-01  57.647545  57.790913
  9.675000e-01  57.646298  57.789655
  9.687500e-01  57.645062  57.788408
  9.700000e-01  57.643836  57.787172
  9.712500e-01  57.642622  57.785946
  9.725000e-01  57.641417  57.784731
  9.737500e-01  57.640224  57.783527
  9.750000e-01  57.639040  57.782333
  9.762500e-01  57.637867  57.781149
  9.775000e-01  57.636704  57.779975
  9.787500e-01  57.635551  57.778812
  9.800000e-01  57.634408  57.777659
  9.812500e-01  57.633275  57.776516
  9.825000e-01  57.632152  57.775383
  9.837500e-01  57.631039  57.774259
  9.850000e-01  57.629935  57.773146
  9.862500e-01  57.628842  57.772042
  9.875000e-01  57.627757  57.770948
  9.887500e-01  57.626682  57.769863
  9.900000e-01  57.625617  57.768788
  9.912500e-01  57.624561  57.767723
  9.925000e-01  57.623514  57.766666
  9.937500e-01  57.622476  57.765619
  9.950000e-01  57.621448  57.764581
  9.962500e-01  57.620428  57.763553
  9.975000e-01  57.619418  57.762533
  9.987500e-01  57.618416  57.761522
  1.000000e+00  57.617423  57.760520
  1.001250e+00  57.616439  57.759527
  1.002500e+00  57.615464  57.758543
  1.003750e+00  57.614497  57.757567
  1.005000e+00  57.613539  57.756600
  1.006250e+00  57.612589  57.755642
  1.007500e+00  57.611647  57.754692
  1.008750e+00  57.610714  57.753750
  1.010000e+00  57.609790  57.752817
  1.011250e+00  57.608873  57.751892
  1.012500e+00  57.607964  57.750975
  1.013750e+00  57.607064  57.750066
  1.015000e+00  57.606172  57.749166
  1.016250e+00  57.605287  57.748273
  1.017500e+00  57.604411  57.747389
  1.018750e+00  57.603542  57.746512
  1.020000e+00  57.602681  57.745643
  1.021250e+00  57.601827  57.744782
  1.022500e+00  57.600982  57.743928
  1.023750e+00  57.600143  57.743082
  1.025000e+00  57.599313  57.742244
  1.026250e+00  57.598489  57.741413
  1.027500e+00  57.597673  57.740589
  1.028750e+00  57.596865  57.739773
  1.030000e+00  57.596063  57.738964
  1.031250e+00  57.595269  57.738163
  1.032500e+00  57.594482  57.737369
  1.033750e+00  57.593702  57.736581
  1.035000e+00  57.592929  57.735801
  1.036250e+00  57.592163  57.735028
  1.037500e+00  57.591404  57.734262
  1.038750e+00  57.590652  57.733503
  1.040000e+00  57.589906  57.732750
  1.041250e+00  57.589168  57.732004
  1.042500e+00  57.588435  57.731265
  1.043750e+00  57.587710  57.730533
  1.045000e+00  57.586991  57.729808
  1.046250e+00  57.586279  57.729088
  1.047500e+00  57.585573  57.728376
  1.048750e+00  57.584873  57.727670
  1.050000e+00  57.584180  57.726970
  1.051250e+00  57.583493  57.726276
  1.052500e+00  57.582812  57.725589
  1.053750e+00  57.582137  57.724908
  1.055000e+00  57.581469  57.724234
  1.056250e+00  57.580806  57.723565
  1.057500e+00  57.580150  57.722903
  1.058750e+00  57.579500  57.722246
  1.060000e+00  57.578855  57.721596
  1.061250e+00  57.578217  57.720951
  1.062500e+00  57.577584  57.720312
  1.063750e+00  57.576957  57.719679
  1.065000e+00  57.576336  57.719052
  1.066250e+00  57.575720  57.718431
  1.067500e+00  57.575110  57.717815
  1.068750e+00  57.574506  57.717205
  1.070000e+00  57.573907  57.716601
  1.071250e+00  57.573314  57.716002
  1.072500e+00  57.572726  57.715408
  1.073750e+00  57.572143  57.714820
  1.075000e+00  57.571566  57.714237
  1.076250e+00  57.570994  57.713660
  1.077500e+00  57.570427  57.713088
  1.078750e+00  57.569866  57.712521
  1.080000e+00  57.569310  57.711960
  1.081250e+00  57.568758  57.711403
  1.082500e+00  57.568212  57.710852
  1.083750e+00  57.567671  57.710306
  1.085000e+00  57.567135  57.709765
  1.086250e+00  57.566604  57.709228
  1.087500e+00  57.566078  57.708697
  1.088750e+00  57.565556  57.708171
  1.090000e+00  57.565040  57.707649
  1.091250e+00  57.564528  57.707133
  1.092500e+00  57.564021  57.706621
  1.093750e+00  57.563519  57.706114
  1.095000e+00  57.563021  57.705611
  1.096250e+00  57.562528  57.705113
  1.097500e+00  57.562039  57.704620
  1.098750e+00  57.561555  57.704131
  1.100000e+00  57.561076  57.703647
  1.101250e+00  57.560600  57.703167
  1.102500e+00  57.560130  57.702692
  1.103750e+00  57.559663  57.702221
  1.105000e+00  57.559201  57.701755
  1.106250e+00  57.558744  57.701293
  1.107500e+00  57.558290  57.700835
  1.108750e+00  57.557841  57.700382
  1.110000e+00  57.557396  57.699932
  1.111250e+00  57.556955  57.699487
  1.112500e+00  57.556518  57.699046
  1.113750e+00  57.556086  57.698609
  1.115000e+00  57.555657  57.698176
  1.116250e+00  57.555232  57.697748
  1.117500e+00  57.554811  57.697323
  1.118750e+00  57.554395  57.696902
  1.120000e+00  57.553982  57.696485
  1.121250e+00  57.553573  57.696072
  1.122500e+00  57.553167  57.695663
  1.123750e+00  57.552766  57.695258
  1.125000e+00  57.552368  57.694856
  1.126250e+00  57.551974  57.694458
  1.127500e+00  57.551584  57.694064
  1.128750e+00  57.551197  57.693674
  1.130000e+00  57.550814  57.693287
  1.131250e+00  57.550435  57.692904
  1.132500e+00  57.550059  57.692525
  1.133750e+00  57.549687  57.692149
  1.135000e+00  57.549318  57.691776
  1.136250e+00  57.548952  57.691407
  1.137500e+00  57.548590  57.691042
  1.138750e+00  57.548232  57.690680
  1.140000e+00  57.547877  57.690321
  1.141250e+00  57.547525  57.689966
  1.142500e+00  57.547176  57.689614
  1.143750e+00  57.546831  57.689265
  1.145000e+00  57.546489  57.688920
  1.146250e+00  57.546150  57.688578
  1.147500e+00  57.545815  57.688239
  1.148750e+00  57.545482  57.687903
  1.150000e+00  57.545153  57.687571
  1.151250e+00  57.544827  57.687241
  1.152500e+00  57.544503  57.686915
  1.153750e+00  57.544183  57.686592
  1.155000e+00  57.543866  57.686272
  1.156250e+00  57.543552  57.685955
  1.157500e+00  57.543241  57.685641
  1.158750e+00  57.542933  57.685329
  1.160000e+00  57.542628  57.685021
  1.161250e+00  57.542325  57.684716
  1.162500e+00  57.542026  57.684413
  1.163750e+00  57.541729  57.684114
  1.165000e+00  57.541435  57.683817
  1.166250e+00  57.541144  57.683523
  1.167500e+00  57.540856  57.683232
  1.168750e+00  57.540570  57.682943
  1.170000e+00  57.540287  57.682658
  1.171250e+00  57.540007  57.682375
  1.172500e+00  57.539729  57.682094
  1.173750e+00  57.539454  57.681817
  1.175000e+00  57.539182  57.681542
  1.176250e+00  57.538912  57.681269
  1.177500e+00  57.538645  57.681000
  1.178750e+00  57.538380  57.680732
  1.180000e+00  57.538118  57.680468
  1.181250e+00  57.537858  57.680205
  1.182500e+00  57.537601  57.679946
  1.183750e+00  57.537346  57.679688
  1.185000e+00  57.537094  57.679433
  1.186250e+00  57.536844  57.679181
  1.187500e+00  57.536596  57.678931
  1.188750e+00  57.536351  57.678683
  1.190000e+00  57.536108  57.678438
  1.191250e+00  57.535868  57.678195
  1.192500e+00  57.535629  57.677955
  1.193750e+00  57.535393  57.677716
  1.195000e+00  57.535160  57.677480
  1.196250e+00  57.534928  57.677246
  1.197500e+00  57.534699  57.677015
  1.198750e+00  57.534472  57.676785
  1.200000e+00  57.534246  57.676558
  1.201250e+00  57.534024  57.676333
  1.202500e+00  57.533803  57.676110
  1.203750e+00  57.533584  57.675889
  1.205000e+00  57.533368  57.675671
  1.206250e+00  57.533153  57.675454
  1.207500e+00  57.532941  57.675239
  1.208750e+00  57.532730  57.675027
  1.210000e+00  57.532522  57.674816
  1.211250e+00  57.532315  57.674608
  1.212500e+00  57.532111  57.674401
  1.213750e+00  57.531908  57.674197
  1.215000e+00  57.531708  57.673994
  1.216250e+00  57.531509  57.673794
  1.217500e+00  57.531312  57.673595
  1.218750e+00  57.531117  57.673398
  1.220000e+00  57.530924  57.673203
  1.221250e+00  57.530733  57.673010
  1.222500e+00  57.530544  57.672819
  1.223750e+00  57.530356  57.672630
  1.225000e+00  57.530171  57.672442
  1.226250e+00  57.529987  57.672256
  1.227500e+00  57.529804  57.672072
  1.228750e+00  57.529624  57.671890
  1.230000e+00  57.529445  57.671709
  1.231250e+00  57.529268  57.671531
  1.232500e+00  57.529093  57.671354
  1.233750e+00  57.528919  57.671178
  1.235000e+00  57.528747  57.671004
  1.236250e+00  57.528577  57.670832
  1.237500e+00  57.528408  57.670662
  1.238750e+00  57.528241  57.670493
  1.240000e+00  57.528075  57.670326
  1.241250e+00  57.527911  57.670160
  1.242500e+00  57.527749  57.669996
  1.243750e+00  57.527588  57.669834
  1.245000e+00  57.527429  57.669673
  1.246250e+00  57.527271  57.669514
  1.247500e+00  57.527115  57.669356
  1.248750e+00  57.526960  57.669200
  1.250000e+00  57.526807  57.669045
  1.251250e+00  57.526655  57.668892
  1.252500e+00  57.526505  57.668740
  1.253750e+00  57.526356  57.668590
  1.255000e+00  57.526208  57.668441
  1.256250e+00  57.526062  57.668293
  1.257500e+00  57.525918  57.668147
  1.258750e+00  57.525774  57.668002
  1.260000e+00  57.525633  57.667859
  1.261250e+00  57.525492  57.667717
  1.262500e+00  57.525353  57.667577
  1.263750e+00  57.525215  57.667438
  1.265000e+00  57.525078  57.667300
  1.266250e+00  57.524943  57.667163
  1.267500e+00  57.524809  57.667028
  1.268750e+00  57.524677  57.666894
  1.270000e+00  57.524545  57.666761
  1.271250e+00  57.524415  57.666630
  1.272500e+00  57.524286  57.666500
  1.273750e+00  57.524159  57.666371
  1.275000e+00  57.524032  57.666243
  1.276250e+00  57.523907  57.666117
  1.277500e+00  57.523783  57.665992
  1.278750e+00  57.523661  57.665868
  1.280000e+00  57.523539  57.665745
  1.281250e+00  57.523419  57.665623
  1.282500e+00  57.523299  57.665503
  1.283750e+00  57.523181  57.665384
  1.285000e+00  57.523064  57.665265
  1.286250e+00  57.522948  57.665148
  1.287500e+00  57.522834  57.665032
  1.288750e+00  57.522720  57.664918
  1.290000e+00  57.522607  57.664804
  1.291250e+00  57.522496  57.664691
  1.292500e+00  57.522386  57.664580
  1.293750e+00  57.522276  57.664470
  1.295000e+00  57.522168  57.664360
  1.296250e+00  57.522061  57.664252
  1.297500e+00  57.521954  57.664145
  1.298750e+00  57.521849  57.664038
  1.300000e+00  57.521745  57.663933
  1.301250e+00  57.521642  57.663829
  1.302500e+00  57.521540  57.663726
  1.303750e+00  57.521439  57.663624
  1.305000e+00  57.521338  57.663522
  1.306250e+00  57.521239  57.663422
  1.307500e+00  57.521141  57.663323
  1.308750e+00  57.521043  57.663225
  1.310000e+00  57.520947  57.663127
  1.311250e+00  57.520851  57.663031
  1.312500e+00  57.520757  57.662935
  1.313750e+00  57.520663  57.662841
  1.315000e+00  57.520570  57.662747
  1.316250e+00  57.520479  57.662654
  1.317500e+00  57.520388  57.662562
  1.318750e+00  57.520297  57.662471
  1.320000e+00  57.520208  57.662381
  1.321250e+00  57.520120  57.662292
  1.322500e+00  57.520032  57.662203
  1.323750e+00  57.519946  57.662116
  1.325000e+00  57.519860  57.662029
  1.326250e+00  57.519775  57.661943
  1.327500e+00  57.519691  57.661858
  1.328750e+00  57.519607  57.661774
  1.330000e+00  57.519525  57.661691
  1.331250e+00  57.519443  57.661608
  1.332500e+00  57.519362  57.661526
  1.333750e+00  57.519281  57.661445
  1.335000e+00  57.519202  57.661365
  1.336250e+00  57.519123  57.661285
  1.337500e+00  57.519045  57.661207
  1.338750e+00  57.518968  57.661129
  1.340000e+00  57.518892  57.661052
  1.341250e+00  57.518816  57.660975
  1.342500e+00  57.518741  57.660899
  1.343750e+00  57.518667  57.660824
  1.345000e+00  57.518593  57.660750
  1.346250e+00  57.518520  57.660677
  1.347500e+00  57.518448  57.660604
  1.348750e+00  57.518377  57.660532
  1.350000e+00  57.518306  57.660460
  1.351250e+00  57.518236  57.660389
  1.352500e+00  57.518167  57.660319
  1.353750e+00  57.518098  57.660250
  1.355000e+00  57.518030  57.660181
  1.356250e+00  57.517963  57.660113
  1.357500e+00  57.517896  57.660046
  1.358750e+00  57.517830  57.659979
  1.360000e+00  57.517764  57.659913
  1.361250e+00  57.517699  57.659847
  1.362500e+00  57.517635  57.659783
  1.363750e+00  57.517572  57.659718
  1.365000e+00  57.517509  57.659655
  1.366250e+00  57.517446  57.659592
  1.367500e+00  57.517385  57.659529
  1.368750e+00  57.517323  57.659468
  1.370000e+00  57.517263  57.659406
  1.371250e+00  57.517203  57.659346
  1.372500e+00  57.517143  57.659286
  1.373750e+00  57.517084  57.659226
  1.375000e+00  57.517026  57.659167
  1.376250e+00  57.516968  57.659109
  1.377500e+00  57.516911  57.659051
  1.378750e+00  57.516855  57.658994
  1.380000e+00  57.516799  57.658938
  1.381250e+00  57.516743  57.658882
  1.382500e+00  57.516688  57.658826
  1.383750e+00  57.516634  57.658771
  1.385000e+00  57.516580  57.658717
  1.386250e+00  57.516526  57.658663
  1.387500e+00  57.516473  57.658609
  1.388750e+00  57.516421  57.658556
  1.390000e+00  57.516369  57.658504
  1.391250e+00  57.516318  57.658452
  1.392500e+00  57.516267  57.658401
  1.393750e+00  57.516216  57.658350
  1.395000e+00  57.516167  57.658299
  1.396250e+00  57.516117  57.658249
  1.397500e+00  57.516068  57.658200
  1.398750e+00  57.516020  57.658151
  1.400000e+00  57.515972  57.658103
  1.401250e+00  57.515924  57.658055
  1.402500e+00  57.515877  57.658007
  1.403750e+00  57.515830  57.657960
  1.405000e+00  57.515784  57.657913
  1.406250e+00  57.515739  57.657867
  1.407500e+00  57.515693  57.657821
  1.408750e+00  57.515648  57.657776
  1.410000e+00  57.515604  57.657731
  1.411250e+00  57.515560  57.657687
  1.412500e+00  57.515516  57.657643
  1.413750e+00  57.515473  57.657599
  1.415000e+00  57.515430  57.657556
  1.416250e+00  57.515388  57.657513
  1.417500e+00  57.515346  57.657471
  1.418750e+00  57.515305  57.657429
  1.420000e+00  57.515264  57.657387
  1.421250e+00  57.515223  57.657346
  1.422500e+00  57.515183  57.657306
  1.423750e+00  57.515143  57.657265
  1.425000e+00  57.515103  57.657225
  1.426250e+00  57.515064  57.657186
  1.427500e+00  57.515025  57.657147
  1.428750e+00  57.514987  57.657108
  1.430000e+00  57.514949  57.657069
  1.431250e+00  57.514911  57.657031
  1.432500e+00  57.514874  57.656994
  1.433750e+00  57.514837  57.656956
  1.435000e+00  57.514800  57.656919
  1.436250e+00  57.514764  57.656883
  1.437500e+00  57.514728  57.656846
  1.438750e+00  57.514692  57.656811
  1.440000e+00  57.514657  57.656775
  1.441250e+00  57.514622  57.656740
  1.442500e+00  57.514588  57.656705
  1.443750e+00  57.514554  57.656670
  1.445000e+00  57.514520  57.656636
  1.446250e+00  57.514486  57.656602
  1.447500e+00  57.514453  57.656569
  1.448750e+00  57.514420  57.656535
  1.450000e+00  57.514387  57.656503
  1.451250e+00  57.514355  57.656470
  1.452500e+00  57.514323  57.656438
  1.453750e+00  57.514292  57.656406
  1.455000e+00  57.514260  57.656374
  1.456250e+00  57.514229  57.656343
  1.457500e+00  57.514199  57.656312
  1.458750e+00  57.514168  57.656281
  1.460000e+00  57.514138  57.656251
  1.461250e+00  57.514108  57.656220
  1.462500e+00  57.514079  57.656191
  1.463750e+00  57.514049  57.656161
  1.465000e+00  57.514020  57.656132
  1.466250e+00  57.513991  57.656103
  1.467500e+00  57.513963  57.656074
  1.468750e+00  57.513935  57.656045
  1.470000e+00  57.513907  57.656017
  1.471250e+00  57.513879  57.655989
  1.472500e+00  57.513852  57.655962
  1.473750e+00  57.513825  57.655934
  1.475000e+00  57.513798  57.655907
  1.476250e+00  57.513771  57.655880
  1.477500e+00  57.513745  57.655854
  1.478750e+00  57.513719  57.655828
  1.480000e+00  57.513693  57.655801
  1.481250e+00  57.513668  57.655776
  1.482500e+00  57.513642  57.655750
  1.483750e+00  57.513617  57.655725
  1.485000e+00  57.513592  57.655700
  1.486250e+00  57.513568  57.655675
  1.487500e+00  57.513544  57.655650
  1.488750e+00  57.513519  57.655626
  1.490000e+00  57.513496  57.655602
  1.491250e+00  57.513472  57.655578
  1.492500e+00  57.513448  57.655554
  1.493750e+00  57.513425  57.655531
  1.495000e+00  57.513402  57.655508
  1.496250e+00  57.513379  57.655485
  1.497500e+00  57.513357  57.655462
  1.498750e+00  57.513335  57.655439
  1.500000e+00  57.513312  57.655417
  1.501250e+00  57.513291  57.655395
  1.502500e+00  57.513269  57.655373
  1.503750e+00  57.513247  57.655351
  1.505000e+00  57.513226  57.655330
  1.506250e+00  57.513205  57.655308
  1.507500e+00  57.513184  57.655287
  1.508750e+00  57.513164  57.655267
  1.510000e+00  57.513143  57.655246
  1.511250e+00  57.513123  57.655225
  1.512500e+00  57.513103  57.655205
  1.513750e+00  57.513083  57.655185
  1.515000e+00  57.513063  57.655165
  1.516250e+00  57.513044  57.655146
  1.517500e+00  57.513024  57.655126
  1.518750e+00  57.513005  57.655107
  1.520000e+00  57.512986  57.655088
  1.521250e+00  57.512968  57.655069
  1.522500e+00  57.512949  57.655050
  1.523750e+00  57.512931  57.655031
  1.525000e+00  57.512913  57.655013
  1.526250e+00  57.512894  57.654995
  1.527500e+00  57.512877  57.654977
  1.528750e+00  57.512859  57.654959
  1.530000e+00  57.512841  57.654941
  1.531250e+00  57.512824  57.654924
  1.532500e+00  57.512807  57.654906
  1.533750e+00  57.512790  57.654889
  1.535000e+00  57.512773  57.654872
  1.536250e+00  57.512756  57.654855
  1.537500e+00  57.512740  57.654838
  1.538750e+00  57.512723  57.654822
  1.540000e+00  57.512707  57.654806
  1.541250e+00  57.512691  57.654789
  1.542500e+00  57.512675  57.654773
  1.543750e+00  57.512659  57.654757
  1.545000e+00  57.512644  57.654742
  1.546250e+00  57.512628  57.654726
  1.547500e+00  57.512613  57.654711
  1.548750e+00  57.512598  57.654695
  1.550000e+00  57.512583  57.654680
  1.551250e+00  57.512568  57.654665
  1.552500e+00  57.512553  57.654650
  1.553750e+00  57.512539  57.654636
  1.555000e+00  57.512524  57.654621
  1.556250e+00  57.512510  57.654607
  1.557500e+00  57.512496  57.654592
  1.558750e+00  57.512482  57.654578
  1.560000e+00  57.512468  57.654564
  1.561250e+00  57.512454  57.654550
  1.562500e+00  57.512441  57.654536
  1.563750e+00  57.512427  57.654523
  1.565000e+00  57.512414  57.654509
  1.566250e+00  57.512401  57.654496
  1.567500e+00  57.512387  57.654483
  1.568750e+00  57.512375  57.654470
  1.570000e+00  57.512362  57.654457
  1.571250e+00  57.512349  57.654444
  1.572500e+00  57.512336  57.654431
  1.573750e+00  57.512324  57.654418
  1.575000e+00  57.512312  57.654406
  1.576250e+00  57.512299  57.654394
  1.577500e+00  57.512287  57.654381
  1.578750e+00  57.512275  57.654369
  1.580000e+00  57.512263  57.654357
  1.581250e+00  57.512251  57.654345
  1.582500e+00  57.512240  57.654334
  1.583750e+00  57.512228  57.654322
  1.585000e+00  57.512217  57.654310
  1.586250e+00  57.512205  57.654299
  1.587500e+00  57.512194  57.654288
  1.588750e+00  57.512183  57.654276
  1.590000e+00  57.512172  57.654265
  1.591250e+00  57.512161  57.654254
  1.592500e+00  57.512150  57.654243
  1.593750e+00  57.512140  57.654233
  1.595000e+00  57.512129  57.654222
  1.596250e+00  57.512119  57.654211
  1.597500e+00  57.512108  57.654201
  1.598750e+00  57.512098  57.654190
  1.600000e+00  57.512088  57.654180
  1.601250e+00  57.512078  57.654170
  1.602500e+00  57.512068  57.654160
  1.603750e+00  57.512058  57.654150
  1.605000e+00  57.512048  57.654140
  1.606250e+00  57.512038  57.654130
  1.607500e+00  57.512029  57.654120
  1.608750e+00  57.512019  57.654111
  1.610000e+00  57.512010  57.654101
  1.611250e+00  57.512000  57.654092
  1.612500e+00  57.511991  57.654083
  1.613750e+00  57.511982  57.654073
  1.615000e+00  57.511973  57.654064
  1.616250e+00  57.511964  57.654055
  1.617500e+00  57.511955  57.654046
  1.618750e+00  57.511946  57.654037
  1.620000e+00  57.511938  57.654028
  1.621250e+00  57.511929  57.654020
  1.622500e+00  57.511920  57.654011
  1.623750e+00  57.511912  57.654002
  1.625000e+00  57.511904  57.653994
  1.626250e+00  57.511895  57.653986
  1.627500e+00  57.511887  57.653977
  1.628750e+00  57.511879  57.653969
  1.630000e+00  57.511871  57.653961
  1.631250e+00  57.511863  57.653953
  1.632500e+00  57.511855  57.653945
  1.633750e+00  57.511847  57.653937
  1.635000e+00  57.511839  57.653929
  1.636250e+00  57.511832  57.653921
  1.637500e+00  57.511824  57.653914
  1.638750e+00  57.511816  57.653906
  1.640000e+00  57.511809  57.653898
  1.641250e+00  57.511802  57.653891
  1.642500e+00  57.511794  57.653884
  1.643750e+00  57.511787  57.653876
  1.645000e+00  57.511780  57.653869
  1.646250e+00  57.511773  57.653862
  1.647500e+00  57.511766  57.653855
  1.648750e+00  57.511759  57.653848
  1.650000e+00  57.511752  57.653841
  1.651250e+00  57.511745  57.653834
  1.652500e+00  57.511738  57.653827
  1.653750e+00  57.511731  57.653820
  1.655000e+00  57.511725  57.653813
  1.656250e+00  57.511718  57.653807
  1.657500e+00  57.511712  57.653800
  1.658750e+00  57.511705  57.653794
  1.660000e+00  57.511699  57.653787
  1.661250e+00  57.511692  57.653781
  1.662500e+00  57.511686  57.653774
  1.663750e+00  57.511680  57.653768
  1.665000e+00  57.511674  57.653762
  1.666250e+00  57.511668  57.653756
  1.667500e+00  57.511662  57.653750
  1.668750e+00  57.511656  57.653744
  1.670000e+00  57.511650  57.653738
  1.671250e+00  57.511644  57.653732
  1.672500e+00  57.511638  57.653726
  1.673750e+00  57.511632  57.653720
  1.675000e+00  57.511627  57.653714
  1.676250e+00  57.511621  57.653709
  1.677500e+00  57.511615  57.653703
  1.678750e+00  57.511610  57.653697
  1.680000e+00  57.511604  57.653692
  1.681250e+00  57.511599  57.653686
  1.682500e+00  57.511594  57.653681
  1.683750e+00  57.511588  57.653675
  1.685000e+00  57.511583  57.653670
  1.686250e+00  57.511578  57.653665
  1.687500e+00  57.511573  57.653660
  1.688750e+00  57.511567  57.653654
  1.690000e+00  57.511562  57.653649
  1.691250e+00  57.511557  57.653644
  1.692500e+00  57.511552  57.653639
  1.693750e+00  57.511547  57.653634
  1.695000e+00  57.511543  57.653629
  1.696250e+00  57.511538  57.653624
  1.697500e+00  57.511533  57.653620
  1.698750e+00  57.511528  57.653615
  1.700000e+00  57.511523  57.653610
  1.701250e+00  57.511519  57.653605
  1.702500e+00  57.511514  57.653601
  1.703750e+00  57.511510  57.653596
  1.705000e+00  57.511505  57.653592
  1.706250e+00  57.511501  57.653587
  1.707500e+00  57.511496  57.653583
  1.708750e+00  57.511492  57.653578
  1.710000e+00  57.511487  57.653574
  1.711250e+00  57.511483  57.653569
  1.712500e+00  57.511479  57.653565
  1.713750e+00  57.511475  57.653561
  1.715000e+00  57.511471  57.653557
  1.716250e+00  57.511466  57.653552
  1.717500e+00  57.511462  57.653548
  1.718750e+00  57.511458  57.653544
  1.720000e+00  57.511454  57.653540
  1.721250e+00  57.511450  57.653536
  1.722500e+00  57.511446  57.653532
  1.723750e+00  57.511442  57.653528
  1.725000e+00  57.511439  57.653524
  1.726250e+00  57.511435  57.653520
  1.727500e+00  57.511431  57.653517
  1.728750e+00  57.511427  57.653513
  1.730000e+00  57.511423  57.653509
  1.731250e+00  57.511420  57.653505
  1.732500e+00  57.511416  57.653502
  1.733750e+00  57.511412  57.653498
  1.735000e+00  57.511409  57.653494
  1.736250e+00  57.511405  57.653491
  1.737500e+00  57.511402  57.653487
  1.738750e+00  57.511398  57.653484
  1.740000e+00  57.511395  57.653480
  1.741250e+00  57.511391  57.653477
  1.742500e+00  57.511388  57.653473
  1.743750e+00  57.511385  57.653470
  1.745000e+00  57.511381  57.653467
  1.746250e+00  57.511378  57.653463
  1.747500e+00  57.511375  57.653460
  1.748750e+00  57.511372  57.653457
  1.750000e+00  57.511368  57.653454
  1.751250e+00  57.511365  57.653450
  1.752500e+00  57.511362  57.653447
  1.753750e+00  57.511359  57.653444
  1.755000e+00  57.511356  57.653441
  1.756250e+00  57.511353  57.653438
  1.757500e+00  57.511350  57.653435
  1.758750e+00  57.511347  57.653432
  1.760000e+00  57.511344  57.653429
  1.761250e+00  57.511341  57.653426
  1.762500e+00  57.511338  57.653423
  1.763750e+00  57.511335  57.653420
  1.765000e+00  57.511333  57.653417
  1.766250e+00  57.511330  57.653414
  1.767500e+00  57.511327  57.653412
  1.768750e+00  57.511324  57.653409
  1.770000e+00  57.511321  57.653406
  1.771250e+00  57.511319  57.653403
  1.772500e+00  57.511316  57.653401
  1.773750e+00  57.511313  57.653398
  1.775000e+00  57.511311  57.653395
  1.776250e+00  57.511308  57.653393
  1.777500e+00  57.511306  57.653390
  1.778750e+00  57.511303  57.653387
  1.780000e+00  57.511300  57.653385
  1.781250e+00  57.511298  57.653382
  1.782500e+00  57.511296  57.653380
  1.783750e+00  57.511293  57.653377
  1.785000e+00  57.511291  57.653375
  1.786250e+00  57.511288  57.653373
  1.787500e+00  57.511286  57.653370
  1.788750e+00  57.511283  57.653368
  1.790000e+00  57.511281  57.653365
  1.791250e+00  57.511279  57.653363
  1.792500e+00  57.511277  57.653361
  1.793750e+00  57.511274  57.653358
  1.795000e+00  57.511272  57.653356
  1.796250e+00  57.511270  57.653354
  1.797500e+00  57.511268  57.653352
  1.798750e+00  57.511265  57.653349
  1.800000e+00  57.511263  57.653347
  1.801250e+00  57.511261  57.653345
  1.802500e+00  57.511259  57.653343
  1.803750e+00  57.511257  57.653341
  1.805000e+00  57.511255  57.653339
  1.806250e+00  57.511253  57.653337
  1.807500e+00  57.511251  57.653335
  1.808750e+00  57.511249  57.653333
  1.810000e+00  57.511247  57.653331
  1.811250e+00  57.511245  57.653329
  1.812500e+00  57.511243  57.653327
  1.813750e+00  57.511241  57.653325
  1.815000e+00  57.511239  57.653323
  1.816250e+00  57.511237  57.653321
  1.817500e+00  57.511235  57.653319
  1.818750e+00  57.511233  57.653317
  1.820000e+00  57.511231  57.653315
  1.821250e+00  57.511229  57.653313
  1.822500e+00  57.511228  57.653311
  1.823750e+00  57.511226  57.653309
  1.825000e+00  57.511224  57.653308
  1.826250e+00  57.511222  57.653306
  1.827500e+00  57.511220  57.653304
  1.828750e+00  57.511219  57.653302
  1.830000e+00  57.511217  57.653301
  1.831250e+00  57.511215  57.653299
  1.832500e+00  57.511214  57.653297
  1.833750e+00  57.511212  57.653296
  1.835000e+00  57.511210  57.653294
  1.836250e+00  57.511209  57.653292
  1.837500e+00  57.511207  57.653291
  1.838750e+00  57.511205  57.653289
  1.840000e+00  57.511204  57.653287
  1.841250e+00  57.511202  57.653286
  1.842500e+00  57.511201  57.653284
  1.843750e+00  57.511199  57.653283
  1.845000e+00  57.511198  57.653281
  1.846250e+00  57.511196  57.653280
  1.847500e+00  57.511195  57.653278
  1.848750e+00  57.511193  57.653277
  1.850000e+00  57.511192  57.653275
  1.851250e+00  57.511190  57.653274
  1.852500e+00  57.511189  57.653272
  1.853750e+00  57.511187  57.653271
  1.855000e+00  57.511186  57.653269
  1.856250e+00  57.511185  57.653268
  1.857500e+00  57.511183  57.653266
  1.858750e+00  57.511182  57.653265
  1.860000e+00  57.511180  57.653264
  1.861250e+00  57.511179  57.653262
  1.862500e+00  57.511178  57.653261
  1.863750e+00  57.511176  57.653260
  1.865000e+00  57.511175  57.653258
  1.866250e+00  57.511174  57.653257
  1.867500e+00  57.511172  57.653256
  1.868750e+00  57.511171  57.653254
  1.870000e+00  57.511170  57.653253
  1.871250e+00  57.511169  57.653252
  1.872500e+00  57.511167  57.653251
  1.873750e+00  57.511166  57.653249
  1.875000e+00  57.511165  57.653248
  1.876250e+00  57.511164  57.653247
  1.877500e+00  57.511163  57.653246
  1.878750e+00  57.511161  57.653245
  1.880000e+00  57.511160  57.653243
  1.881250e+00  57.511159  57.653242
  1.882500e+00  57.511158  57.653241
  1.883750e+00  57.511157  57.653240
  1.885000e+00  57.511156  57.653239
  1.886250e+00  57.511155  57.653238
  1.887500e+00  57.511154  57.653237
  1.888750e+00  57.511152  57.653235
  1.890000e+00  57.511151  57.653234
  1.891250e+00  57.511150  57.653233
  1.892500e+00  57.511149  57.653232
  1.893750e+00  57.511148  57.653231
  1.895000e+00  57.511147  57.653230
  1.896250e+00  57.511146  57.653229
  1.897500e+00  57.511145  57.653228
  1.898750e+00  57.511144  57.653227
  1.900000e+00  57.511143  57.653226
  1.901250e+00  57.511142  57.653225
  1.902500e+00  57.511141  57.653224
  1.903750e+00  57.511140  57.653223
  1.905000e+00  57.511139  57.653222
  1.906250e+00  57.511138  57.653221
  1.907500e+00  57.511137  57.653220
  1.908750e+00  57.511136  57.653219
  1.910000e+00  57.511135  57.653218
  1.911250e+00  57.511135  57.653217
  1.912500e+00  57.511134  57.653216
  1.913750e+00  57.511133  57.653215
  1.915000e+00  57.511132  57.653215
  1.916250e+00  57.511131  57.653214
  1.917500e+00  57.511130  57.653213
  1.918750e+00  57.511129  57.653212
  1.920000e+00  57.511128  57.653211
  1.921250e+00  57.511127  57.653210
  1.922500e+00  57.511127  57.653209
  1.923750e+00  57.511126  57.653209
  1.925000e+00  57.511125  57.653208
  1.926250e+00  57.511124  57.653207
  1.927500e+00  57.511123  57.653206
  1.928750e+00  57.511123  57.653205
  1.930000e+00  57.511122  57.653204
  1.931250e+00  57.511121  57.653204
  1.932500e+00  57.511120  57.653203
  1.933750e+00  57.511119  57.653202
  1.935000e+00  57.511119  57.653201
  1.936250e+00  57.511118  57.653201
  1.937500e+00  57.511117  57.653200
  1.938750e+00  57.511116  57.653199
  1.940000e+00  57.511116  57.653198
  1.941250e+00  57.511115  57.653198
  1.942500e+00  57.511114  57.653197
  1.943750e+00  57.511114  57.653196
  1.945000e+00  57.511113  57.653195
  1.946250e+00  57.511112  57.653195
  1.947500e+00  57.511111  57.653194
  1.948750e+00  57.511111  57.653193
  1.950000e+00  57.511110  57.653193
  1.951250e+00  57.511109  57.653192
  1.952500e+00  57.511109  57.653191
  1.953750e+00  57.511108  57.653191
  1.955000e+00  57.511107  57.653190
  1.956250e+00  57.511107  57.653189
  1.957500e+00  57.511106  57.653189
  1.958750e+00  57.511105  57.653188
  1.960000e+00  57.511105  57.653187
  1.961250e+00  57.511104  57.653187
  1.962500e+00  57.511104  57.653186
  1.963750e+00  57.511103  57.653185
  1.965000e+00  57.511102  57.653185
  1.966250e+00  57.511102  57.653184
  1.967500e+00  57.511101  57.653184
  1.968750e+00  57.511101  57.653183
  1.970000e+00  57.511100  57.653182
  1.971250e+00  57.511099  57.653182
  1.972500e+00  57.511099  57.653181
  1.973750e+00  57.511098  57.653181
  1.975000e+00  57.511098  57.653180
  1.976250e+00  57.511097  57.653180
  1.977500e+00  57.511097  57.653179
  1.978750e+00  57.511096  57.653179
  1.980000e+00  57.511096  57.653178
  1.981250e+00  57.511095  57.653177
  1.982500e+00  57.511095  57.653177
  1.983750e+00  57.511094  57.653176
  1.985000e+00  57.511093  57.653176
  1.986250e+00  57.511093  57.653175
  1.987500e+00  57.511092  57.653175
  1.988750e+00  57.511092  57.653174
  1.990000e+00  57.511091  57.653174
  1.991250e+00  57.511091  57.653173
  1.992500e+00  57.511090  57.653173
  1.993750e+00  57.511090  57.653172
  1.995000e+00  57.511089  57.653172
  1.996250e+00  57.511089  57.653171
  1.997500e+00  57.511089  57.653171
  1.998750e+00  57.511088  57.653170
  2.000000e+00  57.511088  57.653170
