  5.000000e-03  6.60377568 23.91198538 
  7.500000e-03  6.60377568 23.91228953 
  1.000000e-02  6.60377568 23.91251359 
  1.250000e-02  6.60377568 23.91273136 
  1.500000e-02  6.60377568 23.91290756 
  1.750000e-02  6.60377568 23.91294183 
  2.000000e-02  6.60377568 23.91272856 
  2.250000e-02  6.60377568 23.91223339 
  2.500000e-02  6.60377568 23.91156667 
  2.750000e-02  6.60377568 23.91096609 
  3.000000e-02  6.60377568 23.91062702 
  3.250000e-02  6.60377568 23.91055904 
  3.500000e-02  6.60377568 23.91065310 
  3.750000e-02  6.60377568 23.91080932 
  4.000000e-02  6.60377568 23.91097358 
  4.250000e-02  6.60377568 23.91112209 
  4.500000e-02  6.60377568 23.91124709 
  4.750000e-02  6.60377568 23.91134938 
  5.000000e-02  6.60377568 23.91143299 
  5.250000e-02  6.60377568 23.91150154 
  5.500000e-02  6.60377568 23.91155714 
  5.750000e-02  6.60377568 23.91160077 
  6.000000e-02  6.60377568 23.91163328 
  6.250000e-02  6.60377568 23.91165606 
  6.500000e-02  6.60377568 23.91167132 
  6.750000e-02  6.60377568 23.91168183 
  7.000000e-02  6.60377568 23.91169035 
  7.250000e-02  6.60377568 23.91169899 
  7.500000e-02  6.60377568 23.91170888 
  7.750000e-02  6.60377568 23.91172022 
  8.000000e-02  6.60377568 23.91173257 
  8.250000e-02  6.60377568 23.91174532 
  8.500000e-02  6.60377568 23.91175799 
  8.750000e-02  6.60377568 23.91177025 
  9.000000e-02  6.60377568 23.91178196 
  9.250000e-02  6.60377568 23.91179305 
  9.500000e-02  6.60377568 23.91180343 
  9.750000e-02  6.60377568 23.91181300 
  1.000000e-01  6.60377568 23.91182166 
  1.025000e-01  6.60377568 23.91182934 
  1.050000e-01  6.60377568 23.91183605 
  1.075000e-01  6.60377568 23.91184184 
  1.100000e-01  6.60377568 23.91184683 
  1.125000e-01  6.60377568 23.91185118 
  1.150000e-01  6.60377568 23.91185506 
  1.175000e-01  6.60377568 23.91185861 
  1.200000e-01  6.60377568 23.91186196 
  1.225000e-01  6.60377568 23.91186518 
  1.250000e-01  6.60377568 23.91186832 
  1.275000e-01  6.60377568 23.91187138 
  1.300000e-01  6.60377568 23.91187434 
  1.325000e-01  6.60377568 23.91187716 
  1.350000e-01  6.60377568 23.91187982 
  1.375000e-01  6.60377568 23.91188232 
  1.400000e-01  6.60377568 23.91188464 
  1.425000e-01  6.60377568 23.91188681 
  1.450000e-01  6.60377568 23.91188887 
  1.475000e-01  6.60377568 23.91189083 
  1.500000e-01  6.60377568 23.91189274 
  1.525000e-01  6.60377568 23.91189462 
  1.550000e-01  6.60377568 23.91189649 
  1.575000e-01  6.60377568 23.91189836 
  1.600000e-01  6.60377568 23.91190024 
  1.625000e-01  6.60377568 23.91190213 
  1.650000e-01  6.60377568 23.91190403 
  1.675000e-01  6.60377568 23.91190595 
  1.700000e-01  6.60377568 23.91190787 
  1.725000e-01  6.60377568 23.91190982 
  1.750000e-01  6.60377568 23.91191179 
  1.775000e-01  6.60377568 23.91191379 
  1.800000e-01  6.60377568 23.91191582 
  1.825000e-01  6.60377568 23.91191789 
  1.850000e-01  6.60377568 23.91191999 
  1.875000e-01  6.60377568 23.91192215 
  1.900000e-01  6.60377568 23.91192435 
  1.925000e-01  6.60377568 23.91192661 
  1.950000e-01  6.60377568 23.91192893 
  1.975000e-01  6.60377568 23.91193131 
  2.000000e-01  6.60377568 23.91193376 
  2.025000e-01  6.60377568 23.91193629 
  2.050000e-01  6.60377568 23.91193889 
  2.075000e-01  6.60377568 23.91194158 
  2.100000e-01  6.60377568 23.91194435 
  2.125000e-01  6.60377568 23.91194722 
  2.150000e-01  6.60377568 23.91195018 
  2.175000e-01  6.60377568 23.91195323 
  2.200000e-01  6.60377568 23.91195639 
  2.225000e-01  6.60377568 23.91195964 
  2.250000e-01  6.60377568 23.91196300 
  2.275000e-01  6.60377568 23.91196645 
  2.300000e-01  6.60377568 23.91197000 
  2.325000e-01  6.60377568 23.91197363 
  2.350000e-01  6.60377568 23.91197734 
  2.375000e-01  6.60377568 23.91198112 
  2.400000e-01  6.60377568 23.91198494 
  2.425000e-01  6.60377568 23.91198880 
  2.450000e-01  6.60377568 23.91199266 
  2.475000e-01  6.60377568 23.91199649 
  2.500000e-01  6.60377568 23.91200028 
  2.525000e-01  6.60377568 23.91200398 
  2.550000e-01  6.60377568 23.91200757 
  2.575000e-01  6.60377568 23.91201100 
  2.600000e-01  6.60377568 23.91201427 
  2.625000e-01  6.60377568 23.91201733 
  2.650000e-01  6.60377568 23.91202018 
  2.675000e-01  6.60377568 23.91202281 
  2.700000e-01  6.60377568 23.91202520 
  2.725000e-01  6.60377568 23.91202736 
  2.750000e-01  6.60377568 23.91202931 
  2.775000e-01  6.60377568 23.91203105 
  2.800000e-01  6.60377568 23.91203261 
  2.825000e-01  6.60377568 23.91203402 
  2.850000e-01  6.60377568 23.91203529 
  2.875000e-01  6.60377568 23.91203644 
  2.900000e-01  6.60377568 23.91203750 
  2.925000e-01  6.60377568 23.91203849 
  2.950000e-01  6.60377568 23.91203942 
  2.975000e-01  6.60377568 23.91204030 
  3.000000e-01  6.60377568 23.91204115 
  3.025000e-01  6.60377568 23.91204197 
  3.050000e-01  6.60377568 23.91204277 
  3.075000e-01  6.60377568 23.91204355 
  3.100000e-01  6.60377568 23.91204432 
  3.125000e-01  6.60377568 23.91204507 
  3.150000e-01  6.60377568 23.91204581 
  3.175000e-01  6.60377568 23.91204654 
  3.200000e-01  6.60377568 23.91204726 
  3.225000e-01  6.60377568 23.91204797 
  3.250000e-01  6.60377568 23.91204867 
  3.275000e-01  6.60377568 23.91204936 
  3.300000e-01  6.60377568 23.91205004 
  3.325000e-01  6.60377568 23.91205072 
  3.350000e-01  6.60377568 23.91205138 
  3.375000e-01  6.60377568 23.91205203 
  3.400000e-01  6.60377568 23.91205268 
  3.425000e-01  6.60377568 23.91205331 
  3.450000e-01  6.60377568 23.91205394 
  3.475000e-01  6.60377568 23.91205456 
  3.500000e-01  6.60377568 23.91205518 
  3.525000e-01  6.60377568 23.91205579 
  3.550000e-01  6.60377568 23.91205639 
  3.575000e-01  6.60377568 23.91205698 
  3.600000e-01  6.60377568 23.91205757 
  3.625000e-01  6.60377568 23.91205816 
  3.650000e-01  6.60377568 23.91205873 
  3.675000e-01  6.60377568 23.91205931 
  3.700000e-01  6.60377568 23.91205987 
  3.725000e-01  6.60377568 23.91206043 
  3.750000e-01  6.60377568 23.91206099 
  3.775000e-01  6.60377568 23.91206154 
  3.800000e-01  6.60377568 23.91206209 
  3.825000e-01  6.60377568 23.91206263 
  3.850000e-01  6.60377568 23.91206316 
  3.875000e-01  6.60377568 23.91206369 
  3.900000e-01  6.60377568 23.91206422 
  3.925000e-01  6.60377568 23.91206474 
  3.950000e-01  6.60377568 23.91206525 
  3.975000e-01  6.60377568 23.91206576 
  4.000000e-01  6.60377568 23.91206627 
  4.025000e-01  6.60377568 23.91206677 
  4.050000e-01  6.60377568 23.91206726 
  4.075000e-01  6.60377568 23.91206775 
  4.100000e-01  6.60377568 23.91206824 
  4.125000e-01  6.60377568 23.91206872 
  4.150000e-01  6.60377568 23.91206920 
  4.175000e-01  6.60377568 23.91206967 
  4.200000e-01  6.60377568 23.91207014 
  4.225000e-01  6.60377568 23.91207060 
  4.250000e-01  6.60377568 23.91207106 
  4.275000e-01  6.60377568 23.91207151 
  4.300000e-01  6.60377568 23.91207196 
  4.325000e-01  6.60377568 23.91207241 
  4.350000e-01  6.60377568 23.91207285 
  4.375000e-01  6.60377568 23.91207328 
  4.400000e-01  6.60377568 23.91207371 
  4.425000e-01  6.60377568 23.91207414 
  4.450000e-01  6.60377568 23.91207456 
  4.475000e-01  6.60377568 23.91207498 
  4.500000e-01  6.60377568 23.91207539 
  4.525000e-01  6.60377568 23.91207580 
  4.550000e-01  6.60377568 23.91207620 
  4.575000e-01  6.60377568 23.91207659 
  4.600000e-01  6.60377568 23.91207699 
  4.625000e-01  6.60377568 23.91207737 
  4.650000e-01  6.60377568 23.91207776 
  4.675000e-01  6.60377568 23.91207813 
  4.700000e-01  6.60377568 23.91207851 
  4.725000e-01  6.60377568 23.91207887 
  4.750000e-01  6.60377568 23.91207923 
  4.775000e-01  6.60377568 23.91207959 
  4.800000e-01  6.60377568 23.91207994 
  4.825000e-01  6.60377568 23.91208028 
  4.850000e-01  6.60377568 23.91208062 
  4.875000e-01  6.60377568 23.91208096 
  4.900000e-01  6.60377568 23.91208129 
  4.925000e-01  6.60377568 23.91208161 
  4.950000e-01  6.60377568 23.91208193 
  4.975000e-01  6.60377568 23.91208224 
  5.000000e-01  6.60377568 23.91208255 
  5.025000e-01  6.60377568 23.91208285 
  5.050000e-01  6.60377568 23.91208315 
  5.075000e-01  6.60377568 23.91208344 
  5.100000e-01  6.60377568 23.91208373 
  5.125000e-01  6.60377568 23.91208401 
  5.150000e-01  6.60377568 23.91208429 
  5.175000e-01  6.60377568 23.91208456 
  5.200000e-01  6.60377568 23.91208482 
  5.225000e-01  6.60377568 23.91208508 
  5.250000e-01  6.60377568 23.91208534 
  5.275000e-01  6.60377568 23.91208559 
  5.300000e-01  6.60377568 23.91208584 
  5.325000e-01  6.60377568 23.91208608 
  5.350000e-01  6.60377568 23.91208632 
  5.375000e-01  6.60377568 23.91208655 
  5.400000e-01  6.60377568 23.91208678 
  5.425000e-01  6.60377568 23.91208700 
  5.450000e-01  6.60377568 23.91208722 
  5.475000e-01  6.60377568 23.91208743 
  5.500000e-01  6.60377568 23.91208764 
  5.525000e-01  6.60377568 23.91208784 
  5.550000e-01  6.60377568 23.91208804 
  5.575000e-01  6.60377568 23.91208824 
  5.600000e-01  6.60377568 23.91208843 
  5.625000e-01  6.60377568 23.91208862 
  5.650000e-01  6.60377568 23.91208880 
  5.675000e-01  6.60377568 23.91208897 
  5.700000e-01  6.60377568 23.91208915 
  5.725000e-01  6.60377568 23.91208932 
  5.750000e-01  6.60377568 23.91208948 
  5.775000e-01  6.60377568 23.91208964 
  5.800000e-01  6.60377568 23.91208980 
  5.825000e-01  6.60377568 23.91208995 
  5.850000e-01  6.60377568 23.91209010 
  5.875000e-01  6.60377568 23.91209024 
  5.900000e-01  6.60377568 23.91209038 
  5.925000e-01  6.60377568 23.91209052 
  5.950000e-01  6.60377568 23.91209065 
  5.975000e-01  6.60377568 23.91209078 
  6.000000e-01  6.60377568 23.91209090 
  6.025000e-01  6.60377568 23.91209103 
  6.050000e-01  6.60377568 23.91209114 
  6.075000e-01  6.60377568 23.91209126 
  6.100000e-01  6.60377568 23.91209137 
  6.125000e-01  6.60377568 23.91209148 
  6.150000e-01  6.60377568 23.91209159 
  6.175000e-01  6.60377568 23.91209169 
  6.200000e-01  6.60377568 23.91209180 
  6.225000e-01  6.60377568 23.91209190 
  6.250000e-01  6.60377568 23.91209199 
  6.275000e-01  6.60377568 23.91209209 
  6.300000e-01  6.60377568 23.91209218 
  6.325000e-01  6.60377568 23.91209227 
  6.350000e-01  6.60377568 23.91209235 
  6.375000e-01  6.60377568 23.91209244 
  6.400000e-01  6.60377568 23.91209252 
  6.425000e-01  6.60377568 23.91209261 
  6.450000e-01  6.60377568 23.91209269 
  6.475000e-01  6.60377568 23.91209276 
  6.500000e-01  6.60377568 23.91209284 
  6.525000e-01  6.60377568 23.91209291 
  6.550000e-01  6.60377568 23.91209299 
  6.575000e-01  6.60377568 23.91209306 
  6.600000e-01  6.60377568 23.91209313 
  6.625000e-01  6.60377568 23.91209320 
  6.650000e-01  6.60377568 23.91209326 
  6.675000e-01  6.60377568 23.91209333 
  6.700000e-01  6.60377568 23.91209339 
  6.725000e-01  6.60377568 23.91209345 
  6.750000e-01  6.60377568 23.91209351 
  6.775000e-01  6.60377568 23.91209357 
  6.800000e-01  6.60377568 23.91209363 
  6.825000e-01  6.60377568 23.91209369 
  6.850000e-01  6.60377568 23.91209374 
  6.875000e-01  6.60377568 23.91209380 
  6.900000e-01  6.60377568 23.91209385 
  6.925000e-01  6.60377568 23.91209390 
  6.950000e-01  6.60377568 23.91209395 
  6.975000e-01  6.60377568 23.91209400 
  7.000000e-01  6.60377568 23.91209405 
  7.025000e-01  6.60377568 23.91209409 
  7.050000e-01  6.60377568 23.91209414 
  7.075000e-01  6.60377568 23.91209418 
  7.100000e-01  6.60377568 23.91209422 
  7.125000e-01  6.60377568 23.91209426 
  7.150000e-01  6.60377568 23.91209430 
  7.175000e-01  6.60377568 23.91209434 
  7.200000e-01  6.60377568 23.91209438 
  7.225000e-01  6.60377568 23.91209442 
  7.250000e-01  6.60377568 23.91209445 
  7.275000e-01  6.60377568 23.91209449 
  7.300000e-01  6.60377568 23.91209452 
  7.325000e-01  6.60377568 23.91209455 
  7.350000e-01  6.60377568 23.91209458 
  7.375000e-01  6.60377568 23.91209461 
  7.400000e-01  6.60377568 23.91209464 
  7.425000e-01  6.60377568 23.91209467 
  7.450000e-01  6.60377568 23.91209470 
  7.475000e-01  6.60377568 23.91209473 
  7.500000e-01  6.60377568 23.91209475 
  7.525000e-01  6.60377568 23.91209478 
  7.550000e-01  6.60377568 23.91209480 
  7.575000e-01  6.60377568 23.91209482 
  7.600000e-01  6.60377568 23.91209485 
  7.625000e-01  6.60377568 23.91209487 
  7.650000e-01  6.60377568 23.91209489 
  7.675000e-01  6.60377568 23.91209491 
  7.700000e-01  6.60377568 23.91209493 
  7.725000e-01  6.60377568 23.91209495 
  7.750000e-01  6.60377568 23.91209496 
  7.775000e-01  6.60377568 23.91209498 
  7.800000e-01  6.60377568 23.91209500 
  7.825000e-01  6.60377568 23.91209502 
  7.850000e-01  6.60377568 23.91209503 
  7.875000e-01  6.60377568 23.91209505 
  7.900000e-01  6.60377568 23.91209506 
  7.925000e-01  6.60377568 23.91209507 
  7.950000e-01  6.60377568 23.91209509 
  7.975000e-01  6.60377568 23.91209510 
  8.000000e-01  6.60377568 23.91209511 
  8.025000e-01  6.60377568 23.91209513 
  8.050000e-01  6.60377568 23.91209514 
  8.075000e-01  6.60377568 23.91209515 
  8.100000e-01  6.60377568 23.91209516 
  8.125000e-01  6.60377568 23.91209517 
  8.150000e-01  6.60377568 23.91209518 
  8.175000e-01  6.60377568 23.91209519 
  8.200000e-01  6.60377568 23.91209520 
  8.225000e-01  6.60377568 23.91209521 
  8.250000e-01  6.60377568 23.91209522 
  8.275000e-01  6.60377568 23.91209523 
  8.300000e-01  6.60377568 23.91209523 
  8.325000e-01  6.60377568 23.91209524 
  8.350000e-01  6.60377568 23.91209525 
  8.375000e-01  6.60377568 23.91209526 
  8.400000e-01  6.60377568 23.91209527 
  8.425000e-01  6.60377568 23.91209527 
  8.450000e-01  6.60377568 23.91209528 
  8.475000e-01  6.60377568 23.91209529 
  8.500000e-01  6.60377568 23.91209529 
  8.525000e-01  6.60377568 23.91209530 
  8.550000e-01  6.60377568 23.91209530 
  8.575000e-01  6.60377568 23.91209531 
  8.600000e-01  6.60377568 23.91209532 
  8.625000e-01  6.60377568 23.91209532 
  8.650000e-01  6.60377568 23.91209533 
  8.675000e-01  6.60377568 23.91209533 
  8.700000e-01  6.60377568 23.91209534 
  8.725000e-01  6.60377568 23.91209534 
  8.750000e-01  6.60377568 23.91209535 
  8.775000e-01  6.60377568 23.91209535 
  8.800000e-01  6.60377568 23.91209536 
  8.825000e-01  6.60377568 23.91209536 
  8.850000e-01  6.60377568 23.91209537 
  8.875000e-01  6.60377568 23.91209537 
  8.900000e-01  6.60377568 23.91209537 
  8.925000e-01  6.60377568 23.91209538 
  8.950000e-01  6.60377568 23.91209538 
  8.975000e-01  6.60377568 23.91209539 
  9.000000e-01  6.60377568 23.91209539 
  9.025000e-01  6.60377568 23.91209539 
  9.050000e-01  6.60377568 23.91209540 
  9.075000e-01  6.60377568 23.91209540 
  9.100000e-01  6.60377568 23.91209540 
  9.125000e-01  6.60377568 23.91209541 
  9.150000e-01  6.60377568 23.91209541 
  9.175000e-01  6.60377568 23.91209541 
  9.200000e-01  6.60377568 23.91209542 
  9.225000e-01  6.60377568 23.91209542 
  9.250000e-01  6.60377568 23.91209542 
  9.275000e-01  6.60377568 23.91209543 
  9.300000e-01  6.60377568 23.91209543 
  9.325000e-01  6.60377568 23.91209543 
  9.350000e-01  6.60377568 23.91209544 
  9.375000e-01  6.60377568 23.91209544 
  9.400000e-01  6.60377568 23.91209544 
  9.425000e-01  6.60377568 23.91209544 
  9.450000e-01  6.60377568 23.91209545 
  9.475000e-01  6.60377568 23.91209545 
  9.500000e-01  6.60377568 23.91209545 
  9.525000e-01  6.60377568 23.91209546 
  9.550000e-01  6.60377568 23.91209546 
  9.575000e-01  6.60377568 23.91209546 
  9.600000e-01  6.60377568 23.91209546 
  9.625000e-01  6.60377568 23.91209546 
  9.650000e-01  6.60377568 23.91209547 
  9.675000e-01  6.60377568 23.91209547 
  9.700000e-01  6.60377568 23.91209547 
  9.725000e-01  6.60377568 23.91209547 
  9.750000e-01  6.60377568 23.91209548 
  9.775000e-01  6.60377568 23.91209548 
  9.800000e-01  6.60377568 23.91209548 
  9.825000e-01  6.60377568 23.91209548 
  9.850000e-01  6.60377568 23.91209549 
  9.875000e-01  6.60377568 23.91209549 
  9.900000e-01  6.60377568 23.91209549 
  9.925000e-01  6.60377568 23.91209549 
  9.950000e-01  6.60377568 23.91209549 
  9.975000e-01  6.60377568 23.91209549 
  1.000000e+00  6.60377568 23.91209550 
  1.002500e+00  6.60377568 23.91209550 
  1.005000e+00  6.60377568 23.91209550 
  1.007500e+00  6.60377568 23.91209550 
  1.010000e+00  6.60377568 23.91209550 
  1.012500e+00  6.60377568 23.91209551 
  1.015000e+00  6.60377568 23.91209551 
  1.017500e+00  6.60377568 23.91209551 
  1.020000e+00  6.60377568 23.91209551 
  1.022500e+00  6.60377568 23.91209551 
  1.025000e+00  6.60377568 23.91209551 
  1.027500e+00  6.60377568 23.91209552 
  1.030000e+00  6.60377568 23.91209552 
  1.032500e+00  6.60377568 23.91209552 
  1.035000e+00  6.60377568 23.91209552 
  1.037500e+00  6.60377568 23.91209552 
  1.040000e+00  6.60377568 23.91209552 
  1.042500e+00  6.60377568 23.91209553 
  1.045000e+00  6.60377568 23.91209553 
  1.047500e+00  6.60377568 23.91209553 
  1.050000e+00  6.60377568 23.91209553 
  1.052500e+00  6.60377568 23.91209553 
  1.055000e+00  6.60377568 23.91209553 
  1.057500e+00  6.60377568 23.91209553 
  1.060000e+00  6.60377568 23.91209553 
  1.062500e+00  6.60377568 23.91209554 
  1.065000e+00  6.60377568 23.91209554 
  1.067500e+00  6.60377568 23.91209554 
  1.070000e+00  6.60377568 23.91209554 
  1.072500e+00  6.60377568 23.91209554 
  1.075000e+00  6.60377568 23.91209554 
  1.077500e+00  6.60377568 23.91209554 
  1.080000e+00  6.60377568 23.91209554 
  1.082500e+00  6.60377568 23.91209555 
  1.085000e+00  6.60377568 23.91209555 
  1.087500e+00  6.60377568 23.91209555 
  1.090000e+00  6.60377568 23.91209555 
  1.092500e+00  6.60377568 23.91209555 
  1.095000e+00  6.60377568 23.91209555 
  1.097500e+00  6.60377568 23.91209555 
  1.100000e+00  6.60377568 23.91209555 
  1.102500e+00  6.60377568 23.91209555 
  1.105000e+00  6.60377568 23.91209556 
  1.107500e+00  6.60377568 23.91209556 
  1.110000e+00  6.60377568 23.91209556 
  1.112500e+00  6.60377568 23.91209556 
  1.115000e+00  6.60377568 23.91209556 
  1.117500e+00  6.60377568 23.91209556 
  1.120000e+00  6.60377568 23.91209556 
  1.122500e+00  6.60377568 23.91209556 
  1.125000e+00  6.60377568 23.91209556 
  1.127500e+00  6.60377568 23.91209556 
  1.130000e+00  6.60377568 23.91209556 
  1.132500e+00  6.60377568 23.91209556 
  1.135000e+00  6.60377568 23.91209557 
  1.137500e+00  6.60377568 23.91209557 
  1.140000e+00  6.60377568 23.91209557 
  1.142500e+00  6.60377568 23.91209557 
  1.145000e+00  6.60377568 23.91209557 
  1.147500e+00  6.60377568 23.91209557 
  1.150000e+00  6.60377568 23.91209557 
  1.152500e+00  6.60377568 23.91209557 
  1.155000e+00  6.60377568 23.91209557 
  1.157500e+00  6.60377568 23.91209557 
  1.160000e+00  6.60377568 23.91209557 
  1.162500e+00  6.60377568 23.91209557 
  1.165000e+00  6.60377568 23.91209557 
  1.167500e+00  6.60377568 23.91209557 
  1.170000e+00  6.60377568 23.91209558 
  1.172500e+00  6.60377568 23.91209558 
  1.175000e+00  6.60377568 23.91209558 
  1.177500e+00  6.60377568 23.91209558 
  1.180000e+00  6.60377568 23.91209558 
  1.182500e+00  6.60377568 23.91209558 
  1.185000e+00  6.60377568 23.91209558 
  1.187500e+00  6.60377568 23.91209558 
  1.190000e+00  6.60377568 23.91209558 
  1.192500e+00  6.60377568 23.91209558 
  1.195000e+00  6.60377568 23.91209558 
  1.197500e+00  6.60377568 23.91209558 
  1.200000e+00  6.60377568 23.91209558 
  1.202500e+00  6.60377568 23.91209558 
  1.205000e+00  6.60377568 23.91209558 
  1.207500e+00  6.60377568 23.91209558 
  1.210000e+00  6.60377568 23.91209558 
  1.212500e+00  6.60377568 23.91209558 
  1.215000e+00  6.60377568 23.91209558 
  1.217500e+00  6.60377568 23.91209558 
  1.220000e+00  6.60377568 23.91209559 
  1.222500e+00  6.60377568 23.91209559 
  1.225000e+00  6.60377568 23.91209559 
  1.227500e+00  6.60377568 23.91209559 
  1.230000e+00  6.60377568 23.91209559 
  1.232500e+00  6.60377568 23.91209559 
  1.235000e+00  6.60377568 23.91209559 
  1.237500e+00  6.60377568 23.91209559 
  1.240000e+00  6.60377568 23.91209559 
  1.242500e+00  6.60377568 23.91209559 
  1.245000e+00  6.60377568 23.91209559 
  1.247500e+00  6.60377568 23.91209559 
  1.250000e+00  6.60377568 23.91209559 
  1.252500e+00  6.60377568 23.91209559 
  1.255000e+00  6.60377568 23.91209559 
  1.257500e+00  6.60377568 23.91209559 
  1.260000e+00  6.60377568 23.91209559 
  1.262500e+00  6.60377568 23.91209559 
  1.265000e+00  6.60377568 23.91209559 
  1.267500e+00  6.60377568 23.91209559 
  1.270000e+00  6.60377568 23.91209559 
  1.272500e+00  6.60377568 23.91209559 
  1.275000e+00  6.60377568 23.91209559 
  1.277500e+00  6.60377568 23.91209559 
  1.280000e+00  6.60377568 23.91209559 
  1.282500e+00  6.60377568 23.91209559 
  1.285000e+00  6.60377568 23.91209559 
  1.287500e+00  6.60377568 23.91209559 
  1.290000e+00  6.60377568 23.91209559 
  1.292500e+00  6.60377568 23.91209559 
  1.295000e+00  6.60377568 23.91209559 
  1.297500e+00  6.60377568 23.91209559 
  1.300000e+00  6.60377568 23.91209560 
  1.302500e+00  6.60377568 23.91209560 
  1.305000e+00  6.60377568 23.91209560 
  1.307500e+00  6.60377568 23.91209560 
  1.310000e+00  6.60377568 23.91209560 
  1.312500e+00  6.60377568 23.91209560 
  1.315000e+00  6.60377568 23.91209560 
  1.317500e+00  6.60377568 23.91209560 
  1.320000e+00  6.60377568 23.91209560 
  1.322500e+00  6.60377568 23.91209560 
  1.325000e+00  6.60377568 23.91209560 
  1.327500e+00  6.60377568 23.91209560 
  1.330000e+00  6.60377568 23.91209560 
  1.332500e+00  6.60377568 23.91209560 
  1.335000e+00  6.60377568 23.91209560 
  1.337500e+00  6.60377568 23.91209560 
  1.340000e+00  6.60377568 23.91209560 
  1.342500e+00  6.60377568 23.91209560 
  1.345000e+00  6.60377568 23.91209560 
  1.347500e+00  6.60377568 23.91209560 
  1.350000e+00  6.60377568 23.91209560 
  1.352500e+00  6.60377568 23.91209560 
  1.355000e+00  6.60377568 23.91209560 
  1.357500e+00  6.60377568 23.91209560 
  1.360000e+00  6.60377568 23.91209560 
  1.362500e+00  6.60377568 23.91209560 
  1.365000e+00  6.60377568 23.91209560 
  1.367500e+00  6.60377568 23.91209560 
  1.370000e+00  6.60377568 23.91209560 
  1.372500e+00  6.60377568 23.91209560 
  1.375000e+00  6.60377568 23.91209560 
  1.377500e+00  6.60377568 23.91209560 
  1.380000e+00  6.60377568 23.91209560 
  1.382500e+00  6.60377568 23.91209560 
  1.385000e+00  6.60377568 23.91209560 
  1.387500e+00  6.60377568 23.91209560 
  1.390000e+00  6.60377568 23.91209560 
  1.392500e+00  6.60377568 23.91209560 
  1.395000e+00  6.60377568 23.91209560 
  1.397500e+00  6.60377568 23.91209560 
  1.400000e+00  6.60377568 23.91209560 
  1.402500e+00  6.60377568 23.91209560 
  1.405000e+00  6.60377568 23.91209560 
  1.407500e+00  6.60377568 23.91209560 
  1.410000e+00  6.60377568 23.91209560 
  1.412500e+00  6.60377568 23.91209560 
  1.415000e+00  6.60377568 23.91209560 
  1.417500e+00  6.60377568 23.91209560 
  1.420000e+00  6.60377568 23.91209560 
  1.422500e+00  6.60377568 23.91209560 
  1.425000e+00  6.60377568 23.91209560 
  1.427500e+00  6.60377568 23.91209560 
  1.430000e+00  6.60377568 23.91209560 
  1.432500e+00  6.60377568 23.91209560 
  1.435000e+00  6.60377568 23.91209560 
  1.437500e+00  6.60377568 23.91209560 
  1.440000e+00  6.60377568 23.91209560 
  1.442500e+00  6.60377568 23.91209560 
  1.445000e+00  6.60377568 23.91209560 
  1.447500e+00  6.60377568 23.91209560 
  1.450000e+00  6.60377568 23.91209560 
  1.452500e+00  6.60377568 23.91209560 
  1.455000e+00  6.60377568 23.91209560 
  1.457500e+00  6.60377568 23.91209560 
  1.460000e+00  6.60377568 23.91209560 
  1.462500e+00  6.60377568 23.91209560 
  1.465000e+00  6.60377568 23.91209560 
  1.467500e+00  6.60377568 23.91209560 
  1.470000e+00  6.60377568 23.91209560 
  1.472500e+00  6.60377568 23.91209560 
  1.475000e+00  6.60377568 23.91209560 
  1.477500e+00  6.60377568 23.91209560 
  1.480000e+00  6.60377568 23.91209560 
  1.482500e+00  6.60377568 23.91209560 
  1.485000e+00  6.60377568 23.91209560 
  1.487500e+00  6.60377568 23.91209560 
  1.490000e+00  6.60377568 23.91209560 
  1.492500e+00  6.60377568 23.91209560 
  1.495000e+00  6.60377568 23.91209560 
  1.497500e+00  6.60377568 23.91209560 
  1.500000e+00  6.60377568 23.91209560 
  1.502500e+00  6.60377568 23.91209560 
  1.505000e+00  6.60377568 23.91209560 
  1.507500e+00  6.60377568 23.91209560 
  1.510000e+00  6.60377568 23.91209560 
  1.512500e+00  6.60377568 23.91209560 
  1.515000e+00  6.60377568 23.91209560 
  1.517500e+00  6.60377568 23.91209560 
  1.520000e+00  6.60377568 23.91209560 
  1.522500e+00  6.60377568 23.91209560 
  1.525000e+00  6.60377568 23.91209560 
  1.527500e+00  6.60377568 23.91209560 
  1.530000e+00  6.60377568 23.91209560 
  1.532500e+00  6.60377568 23.91209560 
  1.535000e+00  6.60377568 23.91209560 
  1.537500e+00  6.60377568 23.91209560 
  1.540000e+00  6.60377568 23.91209560 
  1.542500e+00  6.60377568 23.91209560 
  1.545000e+00  6.60377568 23.91209560 
  1.547500e+00  6.60377568 23.91209560 
  1.550000e+00  6.60377568 23.91209560 
  1.552500e+00  6.60377568 23.91209560 
  1.555000e+00  6.60377568 23.91209560 
  1.557500e+00  6.60377568 23.91209560 
  1.560000e+00  6.60377568 23.91209560 
  1.562500e+00  6.60377568 23.91209560 
  1.565000e+00  6.60377568 23.91209560 
  1.567500e+00  6.60377568 23.91209560 
  1.570000e+00  6.60377568 23.91209560 
  1.572500e+00  6.60377568 23.91209561 
  1.575000e+00  6.60377568 23.91209561 
  1.577500e+00  6.60377568 23.91209561 
  1.580000e+00  6.60377568 23.91209561 
  1.582500e+00  6.60377568 23.91209561 
  1.585000e+00  6.60377568 23.91209561 
  1.587500e+00  6.60377568 23.91209561 
  1.590000e+00  6.60377568 23.91209561 
  1.592500e+00  6.60377568 23.91209561 
  1.595000e+00  6.60377568 23.91209561 
  1.597500e+00  6.60377568 23.91209561 
  1.600000e+00  6.60377568 23.91209561 
  1.602500e+00  6.60377568 23.91209561 
  1.605000e+00  6.60377568 23.91209561 
  1.607500e+00  6.60377568 23.91209561 
  1.610000e+00  6.60377568 23.91209561 
  1.612500e+00  6.60377568 23.91209561 
  1.615000e+00  6.60377568 23.91209561 
  1.617500e+00  6.60377568 23.91209561 
  1.620000e+00  6.60377568 23.91209561 
  1.622500e+00  6.60377568 23.91209561 
  1.625000e+00  6.60377568 23.91209561 
  1.627500e+00  6.60377568 23.91209561 
  1.630000e+00  6.60377568 23.91209561 
  1.632500e+00  6.60377568 23.91209561 
  1.635000e+00  6.60377568 23.91209561 
  1.637500e+00  6.60377568 23.91209561 
  1.640000e+00  6.60377568 23.91209561 
  1.642500e+00  6.60377568 23.91209561 
  1.645000e+00  6.60377568 23.91209561 
  1.647500e+00  6.60377568 23.91209561 
  1.650000e+00  6.60377568 23.91209561 
  1.652500e+00  6.60377568 23.91209561 
  1.655000e+00  6.60377568 23.91209561 
  1.657500e+00  6.60377568 23.91209561 
  1.660000e+00  6.60377568 23.91209561 
  1.662500e+00  6.60377568 23.91209561 
  1.665000e+00  6.60377568 23.91209561 
  1.667500e+00  6.60377568 23.91209561 
  1.670000e+00  6.60377568 23.91209561 
  1.672500e+00  6.60377568 23.91209561 
  1.675000e+00  6.60377568 23.91209561 
  1.677500e+00  6.60377568 23.91209561 
  1.680000e+00  6.60377568 23.91209561 
  1.682500e+00  6.60377568 23.91209561 
  1.685000e+00  6.60377568 23.91209561 
  1.687500e+00  6.60377568 23.91209561 
  1.690000e+00  6.60377568 23.91209561 
  1.692500e+00  6.60377568 23.91209561 
  1.695000e+00  6.60377568 23.91209561 
  1.697500e+00  6.60377568 23.91209561 
  1.700000e+00  6.60377568 23.91209561 
  1.702500e+00  6.60377568 23.91209561 
  1.705000e+00  6.60377568 23.91209561 
  1.707500e+00  6.60377568 23.91209561 
  1.710000e+00  6.60377568 23.91209561 
  1.712500e+00  6.60377568 23.91209561 
  1.715000e+00  6.60377568 23.91209561 
  1.717500e+00  6.60377568 23.91209561 
  1.720000e+00  6.60377568 23.91209561 
  1.722500e+00  6.60377568 23.91209561 
  1.725000e+00  6.60377568 23.91209561 
  1.727500e+00  6.60377568 23.91209561 
  1.730000e+00  6.60377568 23.91209561 
  1.732500e+00  6.60377568 23.91209561 
  1.735000e+00  6.60377568 23.91209561 
  1.737500e+00  6.60377568 23.91209561 
  1.740000e+00  6.60377568 23.91209561 
  1.742500e+00  6.60377568 23.91209561 
  1.745000e+00  6.60377568 23.91209561 
  1.747500e+00  6.60377568 23.91209561 
  1.750000e+00  6.60377568 23.91209561 
  1.752500e+00  6.60377568 23.91209561 
  1.755000e+00  6.60377568 23.91209561 
  1.757500e+00  6.60377568 23.91209561 
  1.760000e+00  6.60377568 23.91209561 
  1.762500e+00  6.60377568 23.91209561 
  1.765000e+00  6.60377568 23.91209561 
  1.767500e+00  6.60377568 23.91209561 
  1.770000e+00  6.60377568 23.91209561 
  1.772500e+00  6.60377568 23.91209561 
  1.775000e+00  6.60377568 23.91209561 
  1.777500e+00  6.60377568 23.91209561 
  1.780000e+00  6.60377568 23.91209561 
  1.782500e+00  6.60377568 23.91209561 
  1.785000e+00  6.60377568 23.91209561 
  1.787500e+00  6.60377568 23.91209561 
  1.790000e+00  6.60377568 23.91209561 
  1.792500e+00  6.60377568 23.91209561 
  1.795000e+00  6.60377568 23.91209561 
  1.797500e+00  6.60377568 23.91209561 
  1.800000e+00  6.60377568 23.91209561 
  1.802500e+00  6.60377568 23.91209561 
  1.805000e+00  6.60377568 23.91209561 
  1.807500e+00  6.60377568 23.91209561 
  1.810000e+00  6.60377568 23.91209561 
  1.812500e+00  6.60377568 23.91209561 
  1.815000e+00  6.60377568 23.91209561 
  1.817500e+00  6.60377568 23.91209561 
  1.820000e+00  6.60377568 23.91209561 
  1.822500e+00  6.60377568 23.91209561 
  1.825000e+00  6.60377568 23.91209561 
  1.827500e+00  6.60377568 23.91209561 
  1.830000e+00  6.60377568 23.91209561 
  1.832500e+00  6.60377568 23.91209561 
  1.835000e+00  6.60377568 23.91209561 
  1.837500e+00  6.60377568 23.91209561 
  1.840000e+00  6.60377568 23.91209561 
  1.842500e+00  6.60377568 23.91209561 
  1.845000e+00  6.60377568 23.91209561 
  1.847500e+00  6.60377568 23.91209561 
  1.850000e+00  6.60377568 23.91209561 
  1.852500e+00  6.60377568 23.91209561 
  1.855000e+00  6.60377568 23.91209561 
  1.857500e+00  6.60377568 23.91209561 
  1.860000e+00  6.60377568 23.91209561 
  1.862500e+00  6.60377568 23.91209561 
  1.865000e+00  6.60377568 23.91209561 
  1.867500e+00  6.60377568 23.91209561 
  1.870000e+00  6.60377568 23.91209561 
  1.872500e+00  6.60377568 23.91209561 
  1.875000e+00  6.60377568 23.91209561 
  1.877500e+00  6.60377568 23.91209561 
  1.880000e+00  6.60377568 23.91209561 
  1.882500e+00  6.60377568 23.91209561 
  1.885000e+00  6.60377568 23.91209561 
  1.887500e+00  6.60377568 23.91209561 
  1.890000e+00  6.60377568 23.91209561 
  1.892500e+00  6.60377568 23.91209561 
  1.895000e+00  6.60377568 23.91209561 
  1.897500e+00  6.60377568 23.91209561 
  1.900000e+00  6.60377568 23.91209561 
  1.902500e+00  6.60377568 23.91209561 
  1.905000e+00  6.60377568 23.91209561 
  1.907500e+00  6.60377568 23.91209561 
  1.910000e+00  6.60377568 23.91209561 
  1.912500e+00  6.60377568 23.91209561 
  1.915000e+00  6.60377568 23.91209561 
  1.917500e+00  6.60377568 23.91209561 
  1.920000e+00  6.60377568 23.91209561 
  1.922500e+00  6.60377568 23.91209561 
  1.925000e+00  6.60377568 23.91209561 
  1.927500e+00  6.60377568 23.91209561 
  1.930000e+00  6.60377568 23.91209561 
  1.932500e+00  6.60377568 23.91209561 
  1.935000e+00  6.60377568 23.91209561 
  1.937500e+00  6.60377568 23.91209561 
  1.940000e+00  6.60377568 23.91209561 
  1.942500e+00  6.60377568 23.91209561 
  1.945000e+00  6.60377568 23.91209561 
  1.947500e+00  6.60377568 23.91209561 
  1.950000e+00  6.60377568 23.91209561 
  1.952500e+00  6.60377568 23.91209561 
  1.955000e+00  6.60377568 23.91209561 
  1.957500e+00  6.60377568 23.91209561 
  1.960000e+00  6.60377568 23.91209561 
  1.962500e+00  6.60377568 23.91209561 
  1.965000e+00  6.60377568 23.91209561 
  1.967500e+00  6.60377568 23.91209561 
  1.970000e+00  6.60377568 23.91209561 
  1.972500e+00  6.60377568 23.91209561 
  1.975000e+00  6.60377568 23.91209561 
  1.977500e+00  6.60377568 23.91209561 
  1.980000e+00  6.60377568 23.91209561 
  1.982500e+00  6.60377568 23.91209561 
  1.985000e+00  6.60377568 23.91209561 
  1.987500e+00  6.60377568 23.91209561 
  1.990000e+00  6.60377568 23.91209561 
  1.992500e+00  6.60377568 23.91209561 
  1.995000e+00  6.60377568 23.91209561 
  1.997500e+00  6.60377568 23.91209561 
  2.000000e+00  6.60377568 23.91209561 
