  1.000000e-02  101.757283  102.837678
  1.500000e-02  99.540501  101.928191
  2.000000e-02  97.311046  100.927321
  2.500000e-02  95.037877  99.748077
  3.000000e-02  92.661243  98.377209
  3.500000e-02  90.212375  96.860334
  4.000000e-02  87.872958  95.280319
  4.500000e-02  85.921565  93.695723
  5.000000e-02  84.505836  92.076438
  5.500000e-02  83.483947  90.442721
  6.000000e-02  82.621586  88.952922
  6.500000e-02  81.778844  87.656407
  7.000000e-02  80.895043  86.495583
  7.500000e-02  79.964342  85.430567
  8.000000e-02  79.024028  84.445530
  8.500000e-02  78.127385  83.529451
  9.000000e-02  77.317911  82.672313
  9.500000e-02  76.616310  81.865752
  1.000000e-01  76.019772  81.104368
  1.050000e-01  75.510996  80.387351
  1.100000e-01  75.071047  79.717764
  1.150000e-01  74.687481  79.098655
  1.200000e-01  74.353608  78.529484
  1.250000e-01  74.063267  78.006320
  1.300000e-01  73.808039  77.524544
  1.350000e-01  73.578450  77.080458
  1.400000e-01  73.366152  76.671003
  1.450000e-01  73.165008  76.293221
  1.500000e-01  72.971338  75.944237
  1.550000e-01  72.783737  75.621238
  1.600000e-01  72.602216  75.321182
  1.650000e-01  72.426813  75.040706
  1.700000e-01  72.256506  74.776427
  1.750000e-01  72.089049  74.525360
  1.800000e-01  71.921613  74.285121
  1.850000e-01  71.751648  74.053873
  1.900000e-01  71.577519  73.830171
  1.950000e-01  71.398749  73.612822
  2.000000e-01  71.215893  73.400785
  2.050000e-01  71.030187  73.193109
  2.100000e-01  70.843078  72.988892
  2.150000e-01  70.655780  72.787260
  2.200000e-01  70.468931  72.587361
  2.250000e-01  70.282422  72.388381
  2.300000e-01  70.095424  72.189568
  2.350000e-01  69.906600  71.990268
  2.400000e-01  69.714422  71.789943
  2.450000e-01  69.517530  71.588178
  2.500000e-01  69.315009  71.384659
  2.550000e-01  69.106534  71.179147
  2.600000e-01  68.892368  70.971455
  2.650000e-01  68.673244  70.761441
  2.700000e-01  68.450178  70.549018
  2.750000e-01  68.224306  70.334194
  2.800000e-01  67.996773  70.117108
  2.850000e-01  67.768694  69.898070
  2.900000e-01  67.541191  69.677591
  2.950000e-01  67.315437  69.456371
  3.000000e-01  67.092684  69.235269
  3.050000e-01  66.874225  69.015238
  3.100000e-01  66.661298  68.797243
  3.150000e-01  66.454944  68.582178
  3.200000e-01  66.255869  68.370798
  3.250000e-01  66.064354  68.163673
  3.300000e-01  65.880240  67.961168
  3.350000e-01  65.702989  67.763453
  3.400000e-01  65.531802  67.570536
  3.450000e-01  65.365760  67.382297
  3.500000e-01  65.203962  67.198541
  3.550000e-01  65.045634  67.019038
  3.600000e-01  64.890200  66.843559
  3.650000e-01  64.737311  66.671897
  3.700000e-01  64.586832  66.503885
  3.750000e-01  64.438806  66.339394
  3.800000e-01  64.293391  66.178333
  3.850000e-01  64.150801  66.020642
  3.900000e-01  64.011249  65.866282
  3.950000e-01  63.874898  65.715228
  4.000000e-01  63.741844  65.567459
  4.050000e-01  63.612099  65.422953
  4.100000e-01  63.485597  65.281677
  4.150000e-01  63.362206  65.143583
  4.200000e-01  63.241745  65.008607
  4.250000e-01  63.124003  64.876662
  4.300000e-01  63.008751  64.747639
  4.350000e-01  62.895756  64.621412
  4.400000e-01  62.784789  64.497835
  4.450000e-01  62.675629  64.376750
  4.500000e-01  62.568074  64.257991
  4.550000e-01  62.461938  64.141389
  4.600000e-01  62.357057  64.026777
  4.650000e-01  62.253294  63.913997
  4.700000e-01  62.150539  63.802899
  4.750000e-01  62.048710  63.693349
  4.800000e-01  61.947752  63.585228
  4.850000e-01  61.847635  63.478434
  4.900000e-01  61.748350  63.372881
  4.950000e-01  61.649908  63.268501
  5.000000e-01  61.552331  63.165239
  5.050000e-01  61.455654  63.063055
  5.100000e-01  61.359914  62.961921
  5.150000e-01  61.265156  62.861822
  5.200000e-01  61.171421  62.762748
  5.250000e-01  61.078755  62.664699
  5.300000e-01  60.987199  62.567681
  5.350000e-01  60.896792  62.471704
  5.400000e-01  60.807572  62.376783
  5.450000e-01  60.719573  62.282933
  5.500000e-01  60.632826  62.190173
  5.550000e-01  60.547359  62.098524
  5.600000e-01  60.463198  62.008008
  5.650000e-01  60.380366  61.918645
  5.700000e-01  60.298883  61.830461
  5.750000e-01  60.218769  61.743477
  5.800000e-01  60.140042  61.657718
  5.850000e-01  60.062718  61.573208
  5.900000e-01  59.986813  61.489971
  5.950000e-01  59.912342  61.408029
  6.000000e-01  59.839317  61.327408
  6.050000e-01  59.767751  61.248128
  6.100000e-01  59.697651  61.170211
  6.150000e-01  59.629025  61.093675
  6.200000e-01  59.561875  61.018539
  6.250000e-01  59.496201  60.944815
  6.300000e-01  59.432000  60.872517
  6.350000e-01  59.369264  60.801653
  6.400000e-01  59.307982  60.732227
  6.450000e-01  59.248141  60.664243
  6.500000e-01  59.189725  60.597699
  6.550000e-01  59.132715  60.532591
  6.600000e-01  59.077093  60.468913
  6.650000e-01  59.022838  60.406656
  6.700000e-01  58.969931  60.345810
  6.750000e-01  58.918353  60.286362
  6.800000e-01  58.868087  60.228301
  6.850000e-01  58.819117  60.171613
  6.900000e-01  58.771429  60.116286
  6.950000e-01  58.725010  60.062306
  7.000000e-01  58.679850  60.009661
  7.050000e-01  58.635940  59.958339
  7.100000e-01  58.593270  59.908328
  7.150000e-01  58.551833  59.859617
  7.200000e-01  58.511620  59.812196
  7.250000e-01  58.472623  59.766054
  7.300000e-01  58.434833  59.721181
  7.350000e-01  58.398239  59.677566
  7.400000e-01  58.362827  59.635198
  7.450000e-01  58.328585  59.594066
  7.500000e-01  58.295496  59.554158
  7.550000e-01  58.263544  59.515459
  7.600000e-01  58.232707  59.477957
  7.650000e-01  58.202967  59.441636
  7.700000e-01  58.174299  59.406479
  7.750000e-01  58.146681  59.372468
  7.800000e-01  58.120088  59.339584
  7.850000e-01  58.094494  59.307808
  7.900000e-01  58.069871  59.277117
  7.950000e-01  58.046194  59.247491
  8.000000e-01  58.023433  59.218905
  8.050000e-01  58.001562  59.191336
  8.100000e-01  57.980552  59.164759
  8.150000e-01  57.960375  59.139149
  8.200000e-01  57.941003  59.114480
  8.250000e-01  57.922409  59.090728
  8.300000e-01  57.904564  59.067865
  8.350000e-01  57.887444  59.045866
  8.400000e-01  57.871020  59.024704
  8.450000e-01  57.855268  59.004354
  8.500000e-01  57.840162  58.984790
  8.550000e-01  57.825678  58.965987
  8.600000e-01  57.811792  58.947920
  8.650000e-01  57.798481  58.930563
  8.700000e-01  57.785723  58.913892
  8.750000e-01  57.773495  58.897884
  8.800000e-01  57.761778  58.882516
  8.850000e-01  57.750552  58.867765
  8.900000e-01  57.739796  58.853608
  8.950000e-01  57.729493  58.840024
  9.000000e-01  57.719625  58.826993
  9.050000e-01  57.710174  58.814494
  9.100000e-01  57.701124  58.802508
  9.150000e-01  57.692460  58.791015
  9.200000e-01  57.684167  58.779996
  9.250000e-01  57.676229  58.769436
  9.300000e-01  57.668633  58.759315
  9.350000e-01  57.661366  58.749618
  9.400000e-01  57.654415  58.740328
  9.450000e-01  57.647767  58.731430
  9.500000e-01  57.641411  58.722910
  9.550000e-01  57.635336  58.714752
  9.600000e-01  57.629529  58.706943
  9.650000e-01  57.623982  58.699469
  9.700000e-01  57.618683  58.692318
  9.750000e-01  57.613622  58.685478
  9.800000e-01  57.608791  58.678935
  9.850000e-01  57.604180  58.672679
  9.900000e-01  57.599781  58.666699
  9.950000e-01  57.595584  58.660983
  1.000000e+00  57.591582  58.655521
  1.005000e+00  57.587766  58.650303
  1.010000e+00  57.584130  58.645321
  1.015000e+00  57.580664  58.640563
  1.020000e+00  57.577363  58.636021
  1.025000e+00  57.574220  58.631687
  1.030000e+00  57.571227  58.627552
  1.035000e+00  57.568379  58.623607
  1.040000e+00  57.565668  58.619846
  1.045000e+00  57.563089  58.616260
  1.050000e+00  57.560637  58.612842
  1.055000e+00  57.558305  58.609585
  1.060000e+00  57.556088  58.606482
  1.065000e+00  57.553982  58.603527
  1.070000e+00  57.551980  58.600714
  1.075000e+00  57.550079  58.598036
  1.080000e+00  57.548273  58.595487
  1.085000e+00  57.546558  58.593061
  1.090000e+00  57.544931  58.590754
  1.095000e+00  57.543386  58.588560
  1.100000e+00  57.541920  58.586474
  1.105000e+00  57.540529  58.584491
  1.110000e+00  57.539209  58.582606
  1.115000e+00  57.537958  58.580815
  1.120000e+00  57.536772  58.579113
  1.125000e+00  57.535647  58.577497
  1.130000e+00  57.534581  58.575962
  1.135000e+00  57.533570  58.574505
  1.140000e+00  57.532613  58.573122
  1.145000e+00  57.531705  58.571809
  1.150000e+00  57.530846  58.570563
  1.155000e+00  57.530032  58.569381
  1.160000e+00  57.529261  58.568260
  1.165000e+00  57.528532  58.567197
  1.170000e+00  57.527841  58.566189
  1.175000e+00  57.527187  58.565233
  1.180000e+00  57.526568  58.564327
  1.185000e+00  57.525983  58.563468
  1.190000e+00  57.525429  58.562655
  1.195000e+00  57.524905  58.561884
  1.200000e+00  57.524409  58.561153
  1.205000e+00  57.523940  58.560462
  1.210000e+00  57.523497  58.559807
  1.215000e+00  57.523078  58.559186
  1.220000e+00  57.522682  58.558599
  1.225000e+00  57.522307  58.558043
  1.230000e+00  57.521954  58.557517
  1.235000e+00  57.521619  58.557019
  1.240000e+00  57.521303  58.556548
  1.245000e+00  57.521004  58.556102
  1.250000e+00  57.520722  58.555681
  1.255000e+00  57.520456  58.555282
  1.260000e+00  57.520204  58.554905
  1.265000e+00  57.519967  58.554549
  1.270000e+00  57.519742  58.554211
  1.275000e+00  57.519530  58.553893
  1.280000e+00  57.519330  58.553591
  1.285000e+00  57.519141  58.553307
  1.290000e+00  57.518963  58.553038
  1.295000e+00  57.518794  58.552784
  1.300000e+00  57.518635  58.552543
  1.305000e+00  57.518485  58.552317
  1.310000e+00  57.518344  58.552102
  1.315000e+00  57.518210  58.551900
  1.320000e+00  57.518084  58.551709
  1.325000e+00  57.517966  58.551528
  1.330000e+00  57.517853  58.551358
  1.335000e+00  57.517748  58.551197
  1.340000e+00  57.517648  58.551045
  1.345000e+00  57.517554  58.550901
  1.350000e+00  57.517465  58.550766
  1.355000e+00  57.517381  58.550638
  1.360000e+00  57.517302  58.550518
  1.365000e+00  57.517228  58.550404
  1.370000e+00  57.517158  58.550297
  1.375000e+00  57.517092  58.550195
  1.380000e+00  57.517029  58.550100
  1.385000e+00  57.516971  58.550010
  1.390000e+00  57.516915  58.549925
  1.395000e+00  57.516863  58.549844
  1.400000e+00  57.516814  58.549769
  1.405000e+00  57.516767  58.549697
  1.410000e+00  57.516724  58.549630
  1.415000e+00  57.516682  58.549567
  1.420000e+00  57.516643  58.549507
  1.425000e+00  57.516607  58.549450
  1.430000e+00  57.516572  58.549397
  1.435000e+00  57.516540  58.549347
  1.440000e+00  57.516509  58.549300
  1.445000e+00  57.516480  58.549255
  1.450000e+00  57.516453  58.549213
  1.455000e+00  57.516428  58.549174
  1.460000e+00  57.516403  58.549136
  1.465000e+00  57.516381  58.549101
  1.470000e+00  57.516359  58.549068
  1.475000e+00  57.516339  58.549037
  1.480000e+00  57.516320  58.549007
  1.485000e+00  57.516302  58.548979
  1.490000e+00  57.516285  58.548953
  1.495000e+00  57.516270  58.548929
  1.500000e+00  57.516255  58.548906
  1.505000e+00  57.516241  58.548884
  1.510000e+00  57.516227  58.548863
  1.515000e+00  57.516215  58.548844
  1.520000e+00  57.516203  58.548825
  1.525000e+00  57.516192  58.548808
  1.530000e+00  57.516182  58.548792
  1.535000e+00  57.516172  58.548777
  1.540000e+00  57.516162  58.548762
  1.545000e+00  57.516154  58.548749
  1.550000e+00  57.516146  58.548736
  1.555000e+00  57.516138  58.548724
  1.560000e+00  57.516131  58.548712
  1.565000e+00  57.516124  58.548702
  1.570000e+00  57.516117  58.548692
  1.575000e+00  57.516111  58.548682
  1.580000e+00  57.516106  58.548673
  1.585000e+00  57.516100  58.548665
  1.590000e+00  57.516095  58.548657
  1.595000e+00  57.516090  58.548650
  1.600000e+00  57.516086  58.548643
  1.605000e+00  57.516082  58.548636
  1.610000e+00  57.516078  58.548630
  1.615000e+00  57.516074  58.548624
  1.620000e+00  57.516070  58.548618
  1.625000e+00  57.516067  58.548613
  1.630000e+00  57.516064  58.548608
  1.635000e+00  57.516061  58.548604
  1.640000e+00  57.516058  58.548599
  1.645000e+00  57.516056  58.548595
  1.650000e+00  57.516053  58.548592
  1.655000e+00  57.516051  58.548588
  1.660000e+00  57.516049  58.548585
  1.665000e+00  57.516047  58.548581
  1.670000e+00  57.516045  58.548578
  1.675000e+00  57.516043  58.548575
  1.680000e+00  57.516041  58.548573
  1.685000e+00  57.516040  58.548570
  1.690000e+00  57.516038  58.548568
  1.695000e+00  57.516037  58.548566
  1.700000e+00  57.516035  58.548564
  1.705000e+00  57.516034  58.548562
  1.710000e+00  57.516033  58.548560
  1.715000e+00  57.516032  58.548558
  1.720000e+00  57.516031  58.548556
  1.725000e+00  57.516030  58.548555
  1.730000e+00  57.516029  58.548553
  1.735000e+00  57.516028  58.548552
  1.740000e+00  57.516027  58.548551
  1.745000e+00  57.516026  58.548550
  1.750000e+00  57.516026  58.548548
  1.755000e+00  57.516025  58.548547
  1.760000e+00  57.516024  58.548546
  1.765000e+00  57.516024  58.548545
  1.770000e+00  57.516023  58.548544
  1.775000e+00  57.516023  58.548544
  1.780000e+00  57.516022  58.548543
  1.785000e+00  57.516022  58.548542
  1.790000e+00  57.516021  58.548541
  1.795000e+00  57.516021  58.548541
  1.800000e+00  57.516020  58.548540
  1.805000e+00  57.516020  58.548540
  1.810000e+00  57.516020  58.548539
  1.815000e+00  57.516019  58.548538
  1.820000e+00  57.516019  58.548538
  1.825000e+00  57.516019  58.548538
  1.830000e+00  57.516019  58.548537
  1.835000e+00  57.516018  58.548537
  1.840000e+00  57.516018  58.548536
  1.845000e+00  57.516018  58.548536
  1.850000e+00  57.516018  58.548536
  1.855000e+00  57.516017  58.548535
  1.860000e+00  57.516017  58.548535
  1.865000e+00  57.516017  58.548535
  1.870000e+00  57.516017  58.548534
  1.875000e+00  57.516017  58.548534
  1.880000e+00  57.516017  58.548534
  1.885000e+00  57.516016  58.548534
  1.890000e+00  57.516016  58.548534
  1.895000e+00  57.516016  58.548533
  1.900000e+00  57.516016  58.548533
  1.905000e+00  57.516016  58.548533
  1.910000e+00  57.516016  58.548533
  1.915000e+00  57.516016  58.548533
  1.920000e+00  57.516016  58.548533
  1.925000e+00  57.516016  58.548532
  1.930000e+00  57.516015  58.548532
  1.935000e+00  57.516015  58.548532
  1.940000e+00  57.516015  58.548532
  1.945000e+00  57.516015  58.548532
  1.950000e+00  57.516015  58.548532
  1.955000e+00  57.516015  58.548532
  1.960000e+00  57.516015  58.548532
  1.965000e+00  57.516015  58.548532
  1.970000e+00  57.516015  58.548532
  1.975000e+00  57.516015  58.548531
  1.980000e+00  57.516015  58.548531
  1.985000e+00  57.516015  58.548531
  1.990000e+00  57.516015  58.548531
  1.995000e+00  57.516015  58.548531
  2.000000e+00  57.516015  58.548531
