  2.500000e-03  6.60377568 23.91175159 
  3.750000e-03  6.60377568 23.91198549 
  5.000000e-03  6.60377568 23.91214559 
  6.250000e-03  6.60377568 23.91230171 
  7.500000e-03  6.60377568 23.91245547 
  8.750000e-03  6.60377568 23.91257539 
  1.000000e-02  6.60377568 23.91262771 
  1.125000e-02  6.60377568 23.91259695 
  1.250000e-02  6.60377568 23.91249455 
  1.375000e-02  6.60377568 23.91235376 
  1.500000e-02  6.60377568 23.91221359 
  1.625000e-02  6.60377568 23.91210208 
  1.750000e-02  6.60377568 23.91202948 
  1.875000e-02  6.60377568 23.91199226 
  2.000000e-02  6.60377568 23.91198069 
  2.125000e-02  6.60377568 23.91198450 
  2.250000e-02  6.60377568 23.91199555 
  2.375000e-02  6.60377568 23.91200857 
  2.500000e-02  6.60377568 23.91202083 
  2.625000e-02  6.60377568 23.91203134 
  2.750000e-02  6.60377568 23.91203996 
  2.875000e-02  6.60377568 23.91204683 
  3.000000e-02  6.60377568 23.91205206 
  3.125000e-02  6.60377568 23.91205575 
  3.250000e-02  6.60377568 23.91205801 
  3.375000e-02  6.60377568 23.91205903 
  3.500000e-02  6.60377568 23.91205908 
  3.625000e-02  6.60377568 23.91205849 
  3.750000e-02  6.60377568 23.91205761 
  3.875000e-02  6.60377568 23.91205672 
  4.000000e-02  6.60377568 23.91205601 
  4.125000e-02  6.60377568 23.91205559 
  4.250000e-02  6.60377568 23.91205550 
  4.375000e-02  6.60377568 23.91205568 
  4.500000e-02  6.60377568 23.91205611 
  4.625000e-02  6.60377568 23.91205670 
  4.750000e-02  6.60377568 23.91205742 
  4.875000e-02  6.60377568 23.91205821 
  5.000000e-02  6.60377568 23.91205905 
  5.125000e-02  6.60377568 23.91205991 
  5.250000e-02  6.60377568 23.91206077 
  5.375000e-02  6.60377568 23.91206162 
  5.500000e-02  6.60377568 23.91206244 
  5.625000e-02  6.60377568 23.91206323 
  5.750000e-02  6.60377568 23.91206398 
  5.875000e-02  6.60377568 23.91206471 
  6.000000e-02  6.60377568 23.91206540 
  6.125000e-02  6.60377568 23.91206606 
  6.250000e-02  6.60377568 23.91206670 
  6.375000e-02  6.60377568 23.91206731 
  6.500000e-02  6.60377568 23.91206791 
  6.625000e-02  6.60377568 23.91206849 
  6.750000e-02  6.60377568 23.91206906 
  6.875000e-02  6.60377568 23.91206961 
  7.000000e-02  6.60377568 23.91207015 
  7.125000e-02  6.60377568 23.91207067 
  7.250000e-02  6.60377568 23.91207118 
  7.375000e-02  6.60377568 23.91207167 
  7.500000e-02  6.60377568 23.91207215 
  7.625000e-02  6.60377568 23.91207262 
  7.750000e-02  6.60377568 23.91207307 
  7.875000e-02  6.60377568 23.91207352 
  8.000000e-02  6.60377568 23.91207394 
  8.125000e-02  6.60377568 23.91207436 
  8.250000e-02  6.60377568 23.91207477 
  8.375000e-02  6.60377568 23.91207517 
  8.500000e-02  6.60377568 23.91207555 
  8.625000e-02  6.60377568 23.91207593 
  8.750000e-02  6.60377568 23.91207630 
  8.875000e-02  6.60377568 23.91207666 
  9.000000e-02  6.60377568 23.91207702 
  9.125000e-02  6.60377568 23.91207736 
  9.250000e-02  6.60377568 23.91207770 
  9.375000e-02  6.60377568 23.91207804 
  9.500000e-02  6.60377568 23.91207836 
  9.625000e-02  6.60377568 23.91207868 
  9.750000e-02  6.60377568 23.91207899 
  9.875000e-02  6.60377568 23.91207930 
  1.000000e-01  6.60377568 23.91207960 
  1.012500e-01  6.60377568 23.91207990 
  1.025000e-01  6.60377568 23.91208019 
  1.037500e-01  6.60377568 23.91208047 
  1.050000e-01  6.60377568 23.91208076 
  1.062500e-01  6.60377568 23.91208103 
  1.075000e-01  6.60377568 23.91208130 
  1.087500e-01  6.60377568 23.91208157 
  1.100000e-01  6.60377568 23.91208184 
  1.112500e-01  6.60377568 23.91208210 
  1.125000e-01  6.60377568 23.91208235 
  1.137500e-01  6.60377568 23.91208261 
  1.150000e-01  6.60377568 23.91208286 
  1.162500e-01  6.60377568 23.91208311 
  1.175000e-01  6.60377568 23.91208335 
  1.187500e-01  6.60377568 23.91208359 
  1.200000e-01  6.60377568 23.91208384 
  1.212500e-01  6.60377568 23.91208407 
  1.225000e-01  6.60377568 23.91208431 
  1.237500e-01  6.60377568 23.91208455 
  1.250000e-01  6.60377568 23.91208478 
  1.262500e-01  6.60377568 23.91208501 
  1.275000e-01  6.60377568 23.91208524 
  1.287500e-01  6.60377568 23.91208547 
  1.300000e-01  6.60377568 23.91208570 
  1.312500e-01  6.60377568 23.91208593 
  1.325000e-01  6.60377568 23.91208616 
  1.337500e-01  6.60377568 23.91208639 
  1.350000e-01  6.60377568 23.91208662 
  1.362500e-01  6.60377568 23.91208685 
  1.375000e-01  6.60377568 23.91208708 
  1.387500e-01  6.60377568 23.91208731 
  1.400000e-01  6.60377568 23.91208754 
  1.412500e-01  6.60377568 23.91208777 
  1.425000e-01  6.60377568 23.91208800 
  1.437500e-01  6.60377568 23.91208823 
  1.450000e-01  6.60377568 23.91208846 
  1.462500e-01  6.60377568 23.91208870 
  1.475000e-01  6.60377568 23.91208893 
  1.487500e-01  6.60377568 23.91208917 
  1.500000e-01  6.60377568 23.91208941 
  1.512500e-01  6.60377568 23.91208965 
  1.525000e-01  6.60377568 23.91208989 
  1.537500e-01  6.60377568 23.91209013 
  1.550000e-01  6.60377568 23.91209038 
  1.562500e-01  6.60377568 23.91209063 
  1.575000e-01  6.60377568 23.91209088 
  1.587500e-01  6.60377568 23.91209113 
  1.600000e-01  6.60377568 23.91209138 
  1.612500e-01  6.60377568 23.91209164 
  1.625000e-01  6.60377568 23.91209190 
  1.637500e-01  6.60377568 23.91209216 
  1.650000e-01  6.60377568 23.91209243 
  1.662500e-01  6.60377568 23.91209269 
  1.675000e-01  6.60377568 23.91209297 
  1.687500e-01  6.60377568 23.91209324 
  1.700000e-01  6.60377568 23.91209352 
  1.712500e-01  6.60377568 23.91209380 
  1.725000e-01  6.60377568 23.91209408 
  1.737500e-01  6.60377568 23.91209437 
  1.750000e-01  6.60377568 23.91209466 
  1.762500e-01  6.60377568 23.91209496 
  1.775000e-01  6.60377568 23.91209525 
  1.787500e-01  6.60377568 23.91209556 
  1.800000e-01  6.60377568 23.91209586 
  1.812500e-01  6.60377568 23.91209618 
  1.825000e-01  6.60377568 23.91209649 
  1.837500e-01  6.60377568 23.91209681 
  1.850000e-01  6.60377568 23.91209714 
  1.862500e-01  6.60377568 23.91209747 
  1.875000e-01  6.60377568 23.91209780 
  1.887500e-01  6.60377568 23.91209814 
  1.900000e-01  6.60377568 23.91209849 
  1.912500e-01  6.60377568 23.91209884 
  1.925000e-01  6.60377568 23.91209919 
  1.937500e-01  6.60377568 23.91209955 
  1.950000e-01  6.60377568 23.91209992 
  1.962500e-01  6.60377568 23.91210030 
  1.975000e-01  6.60377568 23.91210068 
  1.987500e-01  6.60377568 23.91210106 
  2.000000e-01  6.60377568 23.91210146 
  2.012500e-01  6.60377568 23.91210186 
  2.025000e-01  6.60377568 23.91210227 
  2.037500e-01  6.60377568 23.91210268 
  2.050000e-01  6.60377568 23.91210310 
  2.062500e-01  6.60377568 23.91210353 
  2.075000e-01  6.60377568 23.91210397 
  2.087500e-01  6.60377568 23.91210441 
  2.100000e-01  6.60377568 23.91210486 
  2.112500e-01  6.60377568 23.91210532 
  2.125000e-01  6.60377568 23.91210579 
  2.137500e-01  6.60377568 23.91210626 
  2.150000e-01  6.60377568 23.91210674 
  2.162500e-01  6.60377568 23.91210723 
  2.175000e-01  6.60377568 23.91210773 
  2.187500e-01  6.60377568 23.91210823 
  2.200000e-01  6.60377568 23.91210874 
  2.212500e-01  6.60377568 23.91210925 
  2.225000e-01  6.60377568 23.91210976 
  2.237500e-01  6.60377568 23.91211028 
  2.250000e-01  6.60377568 23.91211081 
  2.262500e-01  6.60377568 23.91211133 
  2.275000e-01  6.60377568 23.91211186 
  2.287500e-01  6.60377568 23.91211239 
  2.300000e-01  6.60377568 23.91211292 
  2.312500e-01  6.60377568 23.91211344 
  2.325000e-01  6.60377568 23.91211396 
  2.337500e-01  6.60377568 23.91211448 
  2.350000e-01  6.60377568 23.91211499 
  2.362500e-01  6.60377568 23.91211549 
  2.375000e-01  6.60377568 23.91211598 
  2.387500e-01  6.60377568 23.91211647 
  2.400000e-01  6.60377568 23.91211694 
  2.412500e-01  6.60377568 23.91211740 
  2.425000e-01  6.60377568 23.91211785 
  2.437500e-01  6.60377568 23.91211829 
  2.450000e-01  6.60377568 23.91211871 
  2.462500e-01  6.60377568 23.91211911 
  2.475000e-01  6.60377568 23.91211950 
  2.487500e-01  6.60377568 23.91211988 
  2.500000e-01  6.60377568 23.91212023 
  2.512500e-01  6.60377568 23.91212057 
  2.525000e-01  6.60377568 23.91212090 
  2.537500e-01  6.60377568 23.91212121 
  2.550000e-01  6.60377568 23.91212150 
  2.562500e-01  6.60377568 23.91212178 
  2.575000e-01  6.60377568 23.91212205 
  2.587500e-01  6.60377568 23.91212230 
  2.600000e-01  6.60377568 23.91212254 
  2.612500e-01  6.60377568 23.91212277 
  2.625000e-01  6.60377568 23.91212299 
  2.637500e-01  6.60377568 23.91212320 
  2.650000e-01  6.60377568 23.91212339 
  2.662500e-01  6.60377568 23.91212358 
  2.675000e-01  6.60377568 23.91212376 
  2.687500e-01  6.60377568 23.91212394 
  2.700000e-01  6.60377568 23.91212410 
  2.712500e-01  6.60377568 23.91212427 
  2.725000e-01  6.60377568 23.91212442 
  2.737500e-01  6.60377568 23.91212457 
  2.750000e-01  6.60377568 23.91212472 
  2.762500e-01  6.60377568 23.91212486 
  2.775000e-01  6.60377568 23.91212500 
  2.787500e-01  6.60377568 23.91212513 
  2.800000e-01  6.60377568 23.91212526 
  2.812500e-01  6.60377568 23.91212539 
  2.825000e-01  6.60377568 23.91212552 
  2.837500e-01  6.60377568 23.91212564 
  2.850000e-01  6.60377568 23.91212576 
  2.862500e-01  6.60377568 23.91212588 
  2.875000e-01  6.60377568 23.91212600 
  2.887500e-01  6.60377568 23.91212612 
  2.900000e-01  6.60377568 23.91212623 
  2.912500e-01  6.60377568 23.91212634 
  2.925000e-01  6.60377568 23.91212645 
  2.937500e-01  6.60377568 23.91212656 
  2.950000e-01  6.60377568 23.91212667 
  2.962500e-01  6.60377568 23.91212678 
  2.975000e-01  6.60377568 23.91212688 
  2.987500e-01  6.60377568 23.91212699 
  3.000000e-01  6.60377568 23.91212709 
  3.012500e-01  6.60377568 23.91212719 
  3.025000e-01  6.60377568 23.91212729 
  3.037500e-01  6.60377568 23.91212739 
  3.050000e-01  6.60377568 23.91212749 
  3.062500e-01  6.60377568 23.91212759 
  3.075000e-01  6.60377568 23.91212769 
  3.087500e-01  6.60377568 23.91212778 
  3.100000e-01  6.60377568 23.91212788 
  3.112500e-01  6.60377568 23.91212797 
  3.125000e-01  6.60377568 23.91212807 
  3.137500e-01  6.60377568 23.91212816 
  3.150000e-01  6.60377568 23.91212825 
  3.162500e-01  6.60377568 23.91212834 
  3.175000e-01  6.60377568 23.91212843 
  3.187500e-01  6.60377568 23.91212852 
  3.200000e-01  6.60377568 23.91212861 
  3.212500e-01  6.60377568 23.91212870 
  3.225000e-01  6.60377568 23.91212879 
  3.237500e-01  6.60377568 23.91212887 
  3.250000e-01  6.60377568 23.91212896 
  3.262500e-01  6.60377568 23.91212904 
  3.275000e-01  6.60377568 23.91212913 
  3.287500e-01  6.60377568 23.91212921 
  3.300000e-01  6.60377568 23.91212930 
  3.312500e-01  6.60377568 23.91212938 
  3.325000e-01  6.60377568 23.91212946 
  3.337500e-01  6.60377568 23.91212954 
  3.350000e-01  6.60377568 23.91212962 
  3.362500e-01  6.60377568 23.91212970 
  3.375000e-01  6.60377568 23.91212978 
  3.387500e-01  6.60377568 23.91212986 
  3.400000e-01  6.60377568 23.91212994 
  3.412500e-01  6.60377568 23.91213002 
  3.425000e-01  6.60377568 23.91213010 
  3.437500e-01  6.60377568 23.91213018 
  3.450000e-01  6.60377568 23.91213025 
  3.462500e-01  6.60377568 23.91213033 
  3.475000e-01  6.60377568 23.91213040 
  3.487500e-01  6.60377568 23.91213048 
  3.500000e-01  6.60377568 23.91213055 
  3.512500e-01  6.60377568 23.91213063 
  3.525000e-01  6.60377568 23.91213070 
  3.537500e-01  6.60377568 23.91213078 
  3.550000e-01  6.60377568 23.91213085 
  3.562500e-01  6.60377568 23.91213092 
  3.575000e-01  6.60377568 23.91213099 
  3.587500e-01  6.60377568 23.91213107 
  3.600000e-01  6.60377568 23.91213114 
  3.612500e-01  6.60377568 23.91213121 
  3.625000e-01  6.60377568 23.91213128 
  3.637500e-01  6.60377568 23.91213135 
  3.650000e-01  6.60377568 23.91213142 
  3.662500e-01  6.60377568 23.91213149 
  3.675000e-01  6.60377568 23.91213155 
  3.687500e-01  6.60377568 23.91213162 
  3.700000e-01  6.60377568 23.91213169 
  3.712500e-01  6.60377568 23.91213176 
  3.725000e-01  6.60377568 23.91213182 
  3.737500e-01  6.60377568 23.91213189 
  3.750000e-01  6.60377568 23.91213196 
  3.762500e-01  6.60377568 23.91213202 
  3.775000e-01  6.60377568 23.91213209 
  3.787500e-01  6.60377568 23.91213215 
  3.800000e-01  6.60377568 23.91213222 
  3.812500e-01  6.60377568 23.91213228 
  3.825000e-01  6.60377568 23.91213234 
  3.837500e-01  6.60377568 23.91213241 
  3.850000e-01  6.60377568 23.91213247 
  3.862500e-01  6.60377568 23.91213253 
  3.875000e-01  6.60377568 23.91213260 
  3.887500e-01  6.60377568 23.91213266 
  3.900000e-01  6.60377568 23.91213272 
  3.912500e-01  6.60377568 23.91213278 
  3.925000e-01  6.60377568 23.91213284 
  3.937500e-01  6.60377568 23.91213290 
  3.950000e-01  6.60377568 23.91213296 
  3.962500e-01  6.60377568 23.91213302 
  3.975000e-01  6.60377568 23.91213308 
  3.987500e-01  6.60377568 23.91213314 
  4.000000e-01  6.60377568 23.91213320 
  4.012500e-01  6.60377568 23.91213326 
  4.025000e-01  6.60377568 23.91213331 
  4.037500e-01  6.60377568 23.91213337 
  4.050000e-01  6.60377568 23.91213343 
  4.062500e-01  6.60377568 23.91213349 
  4.075000e-01  6.60377568 23.91213354 
  4.087500e-01  6.60377568 23.91213360 
  4.100000e-01  6.60377568 23.91213365 
  4.112500e-01  6.60377568 23.91213371 
  4.125000e-01  6.60377568 23.91213377 
  4.137500e-01  6.60377568 23.91213382 
  4.150000e-01  6.60377568 23.91213388 
  4.162500e-01  6.60377568 23.91213393 
  4.175000e-01  6.60377568 23.91213399 
  4.187500e-01  6.60377568 23.91213404 
  4.200000e-01  6.60377568 23.91213409 
  4.212500e-01  6.60377568 23.91213415 
  4.225000e-01  6.60377568 23.91213420 
  4.237500e-01  6.60377568 23.91213425 
  4.250000e-01  6.60377568 23.91213430 
  4.262500e-01  6.60377568 23.91213436 
  4.275000e-01  6.60377568 23.91213441 
  4.287500e-01  6.60377568 23.91213446 
  4.300000e-01  6.60377568 23.91213451 
  4.312500e-01  6.60377568 23.91213456 
  4.325000e-01  6.60377568 23.91213461 
  4.337500e-01  6.60377568 23.91213466 
  4.350000e-01  6.60377568 23.91213471 
  4.362500e-01  6.60377568 23.91213476 
  4.375000e-01  6.60377568 23.91213481 
  4.387500e-01  6.60377568 23.91213486 
  4.400000e-01  6.60377568 23.91213491 
  4.412500e-01  6.60377568 23.91213495 
  4.425000e-01  6.60377568 23.91213500 
  4.437500e-01  6.60377568 23.91213505 
  4.450000e-01  6.60377568 23.91213510 
  4.462500e-01  6.60377568 23.91213514 
  4.475000e-01  6.60377568 23.91213519 
  4.487500e-01  6.60377568 23.91213523 
  4.500000e-01  6.60377568 23.91213528 
  4.512500e-01  6.60377568 23.91213532 
  4.525000e-01  6.60377568 23.91213537 
  4.537500e-01  6.60377568 23.91213541 
  4.550000e-01  6.60377568 23.91213546 
  4.562500e-01  6.60377568 23.91213550 
  4.575000e-01  6.60377568 23.91213554 
  4.587500e-01  6.60377568 23.91213559 
  4.600000e-01  6.60377568 23.91213563 
  4.612500e-01  6.60377568 23.91213567 
  4.625000e-01  6.60377568 23.91213571 
  4.637500e-01  6.60377568 23.91213575 
  4.650000e-01  6.60377568 23.91213579 
  4.662500e-01  6.60377568 23.91213583 
  4.675000e-01  6.60377568 23.91213587 
  4.687500e-01  6.60377568 23.91213591 
  4.700000e-01  6.60377568 23.91213595 
  4.712500e-01  6.60377568 23.91213599 
  4.725000e-01  6.60377568 23.91213603 
  4.737500e-01  6.60377568 23.91213607 
  4.750000e-01  6.60377568 23.91213611 
  4.762500e-01  6.60377568 23.91213614 
  4.775000e-01  6.60377568 23.91213618 
  4.787500e-01  6.60377568 23.91213622 
  4.800000e-01  6.60377568 23.91213625 
  4.812500e-01  6.60377568 23.91213629 
  4.825000e-01  6.60377568 23.91213633 
  4.837500e-01  6.60377568 23.91213636 
  4.850000e-01  6.60377568 23.91213640 
  4.862500e-01  6.60377568 23.91213643 
  4.875000e-01  6.60377568 23.91213647 
  4.887500e-01  6.60377568 23.91213650 
  4.900000e-01  6.60377568 23.91213653 
  4.912500e-01  6.60377568 23.91213657 
  4.925000e-01  6.60377568 23.91213660 
  4.937500e-01  6.60377568 23.91213663 
  4.950000e-01  6.60377568 23.91213667 
  4.962500e-01  6.60377568 23.91213670 
  4.975000e-01  6.60377568 23.91213673 
  4.987500e-01  6.60377568 23.91213676 
  5.000000e-01  6.60377568 23.91213679 
  5.012500e-01  6.60377568 23.91213682 
  5.025000e-01  6.60377568 23.91213686 
  5.037500e-01  6.60377568 23.91213689 
  5.050000e-01  6.60377568 23.91213692 
  5.062500e-01  6.60377568 23.91213695 
  5.075000e-01  6.60377568 23.91213698 
  5.087500e-01  6.60377568 23.91213701 
  5.100000e-01  6.60377568 23.91213704 
  5.112500e-01  6.60377568 23.91213706 
  5.125000e-01  6.60377568 23.91213709 
  5.137500e-01  6.60377568 23.91213712 
  5.150000e-01  6.60377568 23.91213715 
  5.162500e-01  6.60377568 23.91213718 
  5.175000e-01  6.60377568 23.91213721 
  5.187500e-01  6.60377568 23.91213723 
  5.200000e-01  6.60377568 23.91213726 
  5.212500e-01  6.60377568 23.91213729 
  5.225000e-01  6.60377568 23.91213731 
  5.237500e-01  6.60377568 23.91213734 
  5.250000e-01  6.60377568 23.91213737 
  5.262500e-01  6.60377568 23.91213739 
  5.275000e-01  6.60377568 23.91213742 
  5.287500e-01  6.60377568 23.91213744 
  5.300000e-01  6.60377568 23.91213747 
  5.312500e-01  6.60377568 23.91213749 
  5.325000e-01  6.60377568 23.91213752 
  5.337500e-01  6.60377568 23.91213754 
  5.350000e-01  6.60377568 23.91213757 
  5.362500e-01  6.60377568 23.91213759 
  5.375000e-01  6.60377568 23.91213761 
  5.387500e-01  6.60377568 23.91213764 
  5.400000e-01  6.60377568 23.91213766 
  5.412500e-01  6.60377568 23.91213768 
  5.425000e-01  6.60377568 23.91213770 
  5.437500e-01  6.60377568 23.91213773 
  5.450000e-01  6.60377568 23.91213775 
  5.462500e-01  6.60377568 23.91213777 
  5.475000e-01  6.60377568 23.91213779 
  5.487500e-01  6.60377568 23.91213781 
  5.500000e-01  6.60377568 23.91213783 
  5.512500e-01  6.60377568 23.91213785 
  5.525000e-01  6.60377568 23.91213787 
  5.537500e-01  6.60377568 23.91213789 
  5.550000e-01  6.60377568 23.91213791 
  5.562500e-01  6.60377568 23.91213793 
  5.575000e-01  6.60377568 23.91213795 
  5.587500e-01  6.60377568 23.91213797 
  5.600000e-01  6.60377568 23.91213799 
  5.612500e-01  6.60377568 23.91213801 
  5.625000e-01  6.60377568 23.91213803 
  5.637500e-01  6.60377568 23.91213805 
  5.650000e-01  6.60377568 23.91213806 
  5.662500e-01  6.60377568 23.91213808 
  5.675000e-01  6.60377568 23.91213810 
  5.687500e-01  6.60377568 23.91213811 
  5.700000e-01  6.60377568 23.91213813 
  5.712500e-01  6.60377568 23.91213815 
  5.725000e-01  6.60377568 23.91213816 
  5.737500e-01  6.60377568 23.91213818 
  5.750000e-01  6.60377568 23.91213819 
  5.762500e-01  6.60377568 23.91213821 
  5.775000e-01  6.60377568 23.91213822 
  5.787500e-01  6.60377568 23.91213824 
  5.800000e-01  6.60377568 23.91213825 
  5.812500e-01  6.60377568 23.91213827 
  5.825000e-01  6.60377568 23.91213828 
  5.837500e-01  6.60377568 23.91213830 
  5.850000e-01  6.60377568 23.91213831 
  5.862500e-01  6.60377568 23.91213832 
  5.875000e-01  6.60377568 23.91213834 
  5.887500e-01  6.60377568 23.91213835 
  5.900000e-01  6.60377568 23.91213836 
  5.912500e-01  6.60377568 23.91213838 
  5.925000e-01  6.60377568 23.91213839 
  5.937500e-01  6.60377568 23.91213840 
  5.950000e-01  6.60377568 23.91213841 
  5.962500e-01  6.60377568 23.91213842 
  5.975000e-01  6.60377568 23.91213844 
  5.987500e-01  6.60377568 23.91213845 
  6.000000e-01  6.60377568 23.91213846 
  6.012500e-01  6.60377568 23.91213847 
  6.025000e-01  6.60377568 23.91213848 
  6.037500e-01  6.60377568 23.91213849 
  6.050000e-01  6.60377568 23.91213850 
  6.062500e-01  6.60377568 23.91213851 
  6.075000e-01  6.60377568 23.91213852 
  6.087500e-01  6.60377568 23.91213853 
  6.100000e-01  6.60377568 23.91213854 
  6.112500e-01  6.60377568 23.91213855 
  6.125000e-01  6.60377568 23.91213856 
  6.137500e-01  6.60377568 23.91213857 
  6.150000e-01  6.60377568 23.91213858 
  6.162500e-01  6.60377568 23.91213859 
  6.175000e-01  6.60377568 23.91213860 
  6.187500e-01  6.60377568 23.91213861 
  6.200000e-01  6.60377568 23.91213862 
  6.212500e-01  6.60377568 23.91213863 
  6.225000e-01  6.60377568 23.91213864 
  6.237500e-01  6.60377568 23.91213865 
  6.250000e-01  6.60377568 23.91213866 
  6.262500e-01  6.60377568 23.91213867 
  6.275000e-01  6.60377568 23.91213868 
  6.287500e-01  6.60377568 23.91213868 
  6.300000e-01  6.60377568 23.91213869 
  6.312500e-01  6.60377568 23.91213870 
  6.325000e-01  6.60377568 23.91213871 
  6.337500e-01  6.60377568 23.91213872 
  6.350000e-01  6.60377568 23.91213873 
  6.362500e-01  6.60377568 23.91213874 
  6.375000e-01  6.60377568 23.91213874 
  6.387500e-01  6.60377568 23.91213875 
  6.400000e-01  6.60377568 23.91213876 
  6.412500e-01  6.60377568 23.91213877 
  6.425000e-01  6.60377568 23.91213878 
  6.437500e-01  6.60377568 23.91213878 
  6.450000e-01  6.60377568 23.91213879 
  6.462500e-01  6.60377568 23.91213880 
  6.475000e-01  6.60377568 23.91213881 
  6.487500e-01  6.60377568 23.91213882 
  6.500000e-01  6.60377568 23.91213882 
  6.512500e-01  6.60377568 23.91213883 
  6.525000e-01  6.60377568 23.91213884 
  6.537500e-01  6.60377568 23.91213885 
  6.550000e-01  6.60377568 23.91213885 
  6.562500e-01  6.60377568 23.91213886 
  6.575000e-01  6.60377568 23.91213887 
  6.587500e-01  6.60377568 23.91213888 
  6.600000e-01  6.60377568 23.91213888 
  6.612500e-01  6.60377568 23.91213889 
  6.625000e-01  6.60377568 23.91213890 
  6.637500e-01  6.60377568 23.91213891 
  6.650000e-01  6.60377568 23.91213891 
  6.662500e-01  6.60377568 23.91213892 
  6.675000e-01  6.60377568 23.91213893 
  6.687500e-01  6.60377568 23.91213894 
  6.700000e-01  6.60377568 23.91213894 
  6.712500e-01  6.60377568 23.91213895 
  6.725000e-01  6.60377568 23.91213896 
  6.737500e-01  6.60377568 23.91213896 
  6.750000e-01  6.60377568 23.91213897 
  6.762500e-01  6.60377568 23.91213898 
  6.775000e-01  6.60377568 23.91213898 
  6.787500e-01  6.60377568 23.91213899 
  6.800000e-01  6.60377568 23.91213900 
  6.812500e-01  6.60377568 23.91213900 
  6.825000e-01  6.60377568 23.91213901 
  6.837500e-01  6.60377568 23.91213902 
  6.850000e-01  6.60377568 23.91213902 
  6.862500e-01  6.60377568 23.91213903 
  6.875000e-01  6.60377568 23.91213904 
  6.887500e-01  6.60377568 23.91213904 
  6.900000e-01  6.60377568 23.91213905 
  6.912500e-01  6.60377568 23.91213906 
  6.925000e-01  6.60377568 23.91213906 
  6.937500e-01  6.60377568 23.91213907 
  6.950000e-01  6.60377568 23.91213908 
  6.962500e-01  6.60377568 23.91213908 
  6.975000e-01  6.60377568 23.91213909 
  6.987500e-01  6.60377568 23.91213909 
  7.000000e-01  6.60377568 23.91213910 
  7.012500e-01  6.60377568 23.91213911 
  7.025000e-01  6.60377568 23.91213911 
  7.037500e-01  6.60377568 23.91213912 
  7.050000e-01  6.60377568 23.91213912 
  7.062500e-01  6.60377568 23.91213913 
  7.075000e-01  6.60377568 23.91213913 
  7.087500e-01  6.60377568 23.91213914 
  7.100000e-01  6.60377568 23.91213915 
  7.112500e-01  6.60377568 23.91213915 
  7.125000e-01  6.60377568 23.91213916 
  7.137500e-01  6.60377568 23.91213916 
  7.150000e-01  6.60377568 23.91213917 
  7.162500e-01  6.60377568 23.91213917 
  7.175000e-01  6.60377568 23.91213918 
  7.187500e-01  6.60377568 23.91213918 
  7.200000e-01  6.60377568 23.91213919 
  7.212500e-01  6.60377568 23.91213919 
  7.225000e-01  6.60377568 23.91213920 
  7.237500e-01  6.60377568 23.91213920 
  7.250000e-01  6.60377568 23.91213921 
  7.262500e-01  6.60377568 23.91213921 
  7.275000e-01  6.60377568 23.91213922 
  7.287500e-01  6.60377568 23.91213922 
  7.300000e-01  6.60377568 23.91213922 
  7.312500e-01  6.60377568 23.91213923 
  7.325000e-01  6.60377568 23.91213923 
  7.337500e-01  6.60377568 23.91213924 
  7.350000e-01  6.60377568 23.91213924 
  7.362500e-01  6.60377568 23.91213925 
  7.375000e-01  6.60377568 23.91213925 
  7.387500e-01  6.60377568 23.91213925 
  7.400000e-01  6.60377568 23.91213926 
  7.412500e-01  6.60377568 23.91213926 
  7.425000e-01  6.60377568 23.91213927 
  7.437500e-01  6.60377568 23.91213927 
  7.450000e-01  6.60377568 23.91213927 
  7.462500e-01  6.60377568 23.91213928 
  7.475000e-01  6.60377568 23.91213928 
  7.487500e-01  6.60377568 23.91213928 
  7.500000e-01  6.60377568 23.91213929 
  7.512500e-01  6.60377568 23.91213929 
  7.525000e-01  6.60377568 23.91213929 
  7.537500e-01  6.60377568 23.91213930 
  7.550000e-01  6.60377568 23.91213930 
  7.562500e-01  6.60377568 23.91213930 
  7.575000e-01  6.60377568 23.91213931 
  7.587500e-01  6.60377568 23.91213931 
  7.600000e-01  6.60377568 23.91213931 
  7.612500e-01  6.60377568 23.91213931 
  7.625000e-01  6.60377568 23.91213932 
  7.637500e-01  6.60377568 23.91213932 
  7.650000e-01  6.60377568 23.91213932 
  7.662500e-01  6.60377568 23.91213932 
  7.675000e-01  6.60377568 23.91213933 
  7.687500e-01  6.60377568 23.91213933 
  7.700000e-01  6.60377568 23.91213933 
  7.712500e-01  6.60377568 23.91213933 
  7.725000e-01  6.60377568 23.91213934 
  7.737500e-01  6.60377568 23.91213934 
  7.750000e-01  6.60377568 23.91213934 
  7.762500e-01  6.60377568 23.91213934 
  7.775000e-01  6.60377568 23.91213935 
  7.787500e-01  6.60377568 23.91213935 
  7.800000e-01  6.60377568 23.91213935 
  7.812500e-01  6.60377568 23.91213935 
  7.825000e-01  6.60377568 23.91213935 
  7.837500e-01  6.60377568 23.91213936 
  7.850000e-01  6.60377568 23.91213936 
  7.862500e-01  6.60377568 23.91213936 
  7.875000e-01  6.60377568 23.91213936 
  7.887500e-01  6.60377568 23.91213936 
  7.900000e-01  6.60377568 23.91213936 
  7.912500e-01  6.60377568 23.91213937 
  7.925000e-01  6.60377568 23.91213937 
  7.937500e-01  6.60377568 23.91213937 
  7.950000e-01  6.60377568 23.91213937 
  7.962500e-01  6.60377568 23.91213937 
  7.975000e-01  6.60377568 23.91213937 
  7.987500e-01  6.60377568 23.91213937 
  8.000000e-01  6.60377568 23.91213938 
  8.012500e-01  6.60377568 23.91213938 
  8.025000e-01  6.60377568 23.91213938 
  8.037500e-01  6.60377568 23.91213938 
  8.050000e-01  6.60377568 23.91213938 
  8.062500e-01  6.60377568 23.91213938 
  8.075000e-01  6.60377568 23.91213938 
  8.087500e-01  6.60377568 23.91213938 
  8.100000e-01  6.60377568 23.91213939 
  8.112500e-01  6.60377568 23.91213939 
  8.125000e-01  6.60377568 23.91213939 
  8.137500e-01  6.60377568 23.91213939 
  8.150000e-01  6.60377568 23.91213939 
  8.162500e-01  6.60377568 23.91213939 
  8.175000e-01  6.60377568 23.91213939 
  8.187500e-01  6.60377568 23.91213939 
  8.200000e-01  6.60377568 23.91213939 
  8.212500e-01  6.60377568 23.91213939 
  8.225000e-01  6.60377568 23.91213940 
  8.237500e-01  6.60377568 23.91213940 
  8.250000e-01  6.60377568 23.91213940 
  8.262500e-01  6.60377568 23.91213940 
  8.275000e-01  6.60377568 23.91213940 
  8.287500e-01  6.60377568 23.91213940 
  8.300000e-01  6.60377568 23.91213940 
  8.312500e-01  6.60377568 23.91213940 
  8.325000e-01  6.60377568 23.91213940 
  8.337500e-01  6.60377568 23.91213940 
  8.350000e-01  6.60377568 23.91213940 
  8.362500e-01  6.60377568 23.91213940 
  8.375000e-01  6.60377568 23.91213940 
  8.387500e-01  6.60377568 23.91213941 
  8.400000e-01  6.60377568 23.91213941 
  8.412500e-01  6.60377568 23.91213941 
  8.425000e-01  6.60377568 23.91213941 
  8.437500e-01  6.60377568 23.91213941 
  8.450000e-01  6.60377568 23.91213941 
  8.462500e-01  6.60377568 23.91213941 
  8.475000e-01  6.60377568 23.91213941 
  8.487500e-01  6.60377568 23.91213941 
  8.500000e-01  6.60377568 23.91213941 
  8.512500e-01  6.60377568 23.91213941 
  8.525000e-01  6.60377568 23.91213941 
  8.537500e-01  6.60377568 23.91213941 
  8.550000e-01  6.60377568 23.91213941 
  8.562500e-01  6.60377568 23.91213941 
  8.575000e-01  6.60377568 23.91213941 
  8.587500e-01  6.60377568 23.91213941 
  8.600000e-01  6.60377568 23.91213942 
  8.612500e-01  6.60377568 23.91213942 
  8.625000e-01  6.60377568 23.91213942 
  8.637500e-01  6.60377568 23.91213942 
  8.650000e-01  6.60377568 23.91213942 
  8.662500e-01  6.60377568 23.91213942 
  8.675000e-01  6.60377568 23.91213942 
  8.687500e-01  6.60377568 23.91213942 
  8.700000e-01  6.60377568 23.91213942 
  8.712500e-01  6.60377568 23.91213942 
  8.725000e-01  6.60377568 23.91213942 
  8.737500e-01  6.60377568 23.91213942 
  8.750000e-01  6.60377568 23.91213942 
  8.762500e-01  6.60377568 23.91213942 
  8.775000e-01  6.60377568 23.91213942 
  8.787500e-01  6.60377568 23.91213942 
  8.800000e-01  6.60377568 23.91213942 
  8.812500e-01  6.60377568 23.91213942 
  8.825000e-01  6.60377568 23.91213942 
  8.837500e-01  6.60377568 23.91213942 
  8.850000e-01  6.60377568 23.91213942 
  8.862500e-01  6.60377568 23.91213942 
  8.875000e-01  6.60377568 23.91213943 
  8.887500e-01  6.60377568 23.91213943 
  8.900000e-01  6.60377568 23.91213943 
  8.912500e-01  6.60377568 23.91213943 
  8.925000e-01  6.60377568 23.91213943 
  8.937500e-01  6.60377568 23.91213943 
  8.950000e-01  6.60377568 23.91213943 
  8.962500e-01  6.60377568 23.91213943 
  8.975000e-01  6.60377568 23.91213943 
  8.987500e-01  6.60377568 23.91213943 
  9.000000e-01  6.60377568 23.91213943 
  9.012500e-01  6.60377568 23.91213943 
  9.025000e-01  6.60377568 23.91213943 
  9.037500e-01  6.60377568 23.91213943 
  9.050000e-01  6.60377568 23.91213943 
  9.062500e-01  6.60377568 23.91213943 
  9.075000e-01  6.60377568 23.91213943 
  9.087500e-01  6.60377568 23.91213943 
  9.100000e-01  6.60377568 23.91213943 
  9.112500e-01  6.60377568 23.91213943 
  9.125000e-01  6.60377568 23.91213943 
  9.137500e-01  6.60377568 23.91213943 
  9.150000e-01  6.60377568 23.91213943 
  9.162500e-01  6.60377568 23.91213944 
  9.175000e-01  6.60377568 23.91213944 
  9.187500e-01  6.60377568 23.91213944 
  9.200000e-01  6.60377568 23.91213944 
  9.212500e-01  6.60377568 23.91213944 
  9.225000e-01  6.60377568 23.91213944 
  9.237500e-01  6.60377568 23.91213944 
  9.250000e-01  6.60377568 23.91213944 
  9.262500e-01  6.60377568 23.91213944 
  9.275000e-01  6.60377568 23.91213944 
  9.287500e-01  6.60377568 23.91213944 
  9.300000e-01  6.60377568 23.91213944 
  9.312500e-01  6.60377568 23.91213944 
  9.325000e-01  6.60377568 23.91213944 
  9.337500e-01  6.60377568 23.91213944 
  9.350000e-01  6.60377568 23.91213944 
  9.362500e-01  6.60377568 23.91213944 
  9.375000e-01  6.60377568 23.91213944 
  9.387500e-01  6.60377568 23.91213944 
  9.400000e-01  6.60377568 23.91213944 
  9.412500e-01  6.60377568 23.91213944 
  9.425000e-01  6.60377568 23.91213944 
  9.437500e-01  6.60377568 23.91213945 
  9.450000e-01  6.60377568 23.91213945 
  9.462500e-01  6.60377568 23.91213945 
  9.475000e-01  6.60377568 23.91213945 
  9.487500e-01  6.60377568 23.91213945 
  9.500000e-01  6.60377568 23.91213945 
  9.512500e-01  6.60377568 23.91213945 
  9.525000e-01  6.60377568 23.91213945 
  9.537500e-01  6.60377568 23.91213945 
  9.550000e-01  6.60377568 23.91213945 
  9.562500e-01  6.60377568 23.91213945 
  9.575000e-01  6.60377568 23.91213945 
  9.587500e-01  6.60377568 23.91213945 
  9.600000e-01  6.60377568 23.91213945 
  9.612500e-01  6.60377568 23.91213945 
  9.625000e-01  6.60377568 23.91213945 
  9.637500e-01  6.60377568 23.91213945 
  9.650000e-01  6.60377568 23.91213945 
  9.662500e-01  6.60377568 23.91213945 
  9.675000e-01  6.60377568 23.91213945 
  9.687500e-01  6.60377568 23.91213946 
  9.700000e-01  6.60377568 23.91213946 
  9.712500e-01  6.60377568 23.91213946 
  9.725000e-01  6.60377568 23.91213946 
  9.737500e-01  6.60377568 23.91213946 
  9.750000e-01  6.60377568 23.91213946 
  9.762500e-01  6.60377568 23.91213946 
  9.775000e-01  6.60377568 23.91213946 
  9.787500e-01  6.60377568 23.91213946 
  9.800000e-01  6.60377568 23.91213946 
  9.812500e-01  6.60377568 23.91213946 
  9.825000e-01  6.60377568 23.91213946 
  9.837500e-01  6.60377568 23.91213946 
  9.850000e-01  6.60377568 23.91213946 
  9.862500e-01  6.60377568 23.91213946 
  9.875000e-01  6.60377568 23.91213946 
  9.887500e-01  6.60377568 23.91213946 
  9.900000e-01  6.60377568 23.91213946 
  9.912500e-01  6.60377568 23.91213946 
  9.925000e-01  6.60377568 23.91213946 
  9.937500e-01  6.60377568 23.91213947 
  9.950000e-01  6.60377568 23.91213947 
  9.962500e-01  6.60377568 23.91213947 
  9.975000e-01  6.60377568 23.91213947 
  9.987500e-01  6.60377568 23.91213947 
  1.000000e+00  6.60377568 23.91213947 
  1.001250e+00  6.60377568 23.91213947 
  1.002500e+00  6.60377568 23.91213947 
  1.003750e+00  6.60377568 23.91213947 
  1.005000e+00  6.60377568 23.91213947 
  1.006250e+00  6.60377568 23.91213947 
  1.007500e+00  6.60377568 23.91213947 
  1.008750e+00  6.60377568 23.91213947 
  1.010000e+00  6.60377568 23.91213947 
  1.011250e+00  6.60377568 23.91213947 
  1.012500e+00  6.60377568 23.91213947 
  1.013750e+00  6.60377568 23.91213947 
  1.015000e+00  6.60377568 23.91213947 
  1.016250e+00  6.60377568 23.91213947 
  1.017500e+00  6.60377568 23.91213947 
  1.018750e+00  6.60377568 23.91213948 
  1.020000e+00  6.60377568 23.91213948 
  1.021250e+00  6.60377568 23.91213948 
  1.022500e+00  6.60377568 23.91213948 
  1.023750e+00  6.60377568 23.91213948 
  1.025000e+00  6.60377568 23.91213948 
  1.026250e+00  6.60377568 23.91213948 
  1.027500e+00  6.60377568 23.91213948 
  1.028750e+00  6.60377568 23.91213948 
  1.030000e+00  6.60377568 23.91213948 
  1.031250e+00  6.60377568 23.91213948 
  1.032500e+00  6.60377568 23.91213948 
  1.033750e+00  6.60377568 23.91213948 
  1.035000e+00  6.60377568 23.91213948 
  1.036250e+00  6.60377568 23.91213948 
  1.037500e+00  6.60377568 23.91213948 
  1.038750e+00  6.60377568 23.91213948 
  1.040000e+00  6.60377568 23.91213948 
  1.041250e+00  6.60377568 23.91213948 
  1.042500e+00  6.60377568 23.91213948 
  1.043750e+00  6.60377568 23.91213948 
  1.045000e+00  6.60377568 23.91213949 
  1.046250e+00  6.60377568 23.91213949 
  1.047500e+00  6.60377568 23.91213949 
  1.048750e+00  6.60377568 23.91213949 
  1.050000e+00  6.60377568 23.91213949 
  1.051250e+00  6.60377568 23.91213949 
  1.052500e+00  6.60377568 23.91213949 
  1.053750e+00  6.60377568 23.91213949 
  1.055000e+00  6.60377568 23.91213949 
  1.056250e+00  6.60377568 23.91213949 
  1.057500e+00  6.60377568 23.91213949 
  1.058750e+00  6.60377568 23.91213949 
  1.060000e+00  6.60377568 23.91213949 
  1.061250e+00  6.60377568 23.91213949 
  1.062500e+00  6.60377568 23.91213949 
  1.063750e+00  6.60377568 23.91213949 
  1.065000e+00  6.60377568 23.91213949 
  1.066250e+00  6.60377568 23.91213949 
  1.067500e+00  6.60377568 23.91213949 
  1.068750e+00  6.60377568 23.91213949 
  1.070000e+00  6.60377568 23.91213949 
  1.071250e+00  6.60377568 23.91213949 
  1.072500e+00  6.60377568 23.91213949 
  1.073750e+00  6.60377568 23.91213950 
  1.075000e+00  6.60377568 23.91213950 
  1.076250e+00  6.60377568 23.91213950 
  1.077500e+00  6.60377568 23.91213950 
  1.078750e+00  6.60377568 23.91213950 
  1.080000e+00  6.60377568 23.91213950 
  1.081250e+00  6.60377568 23.91213950 
  1.082500e+00  6.60377568 23.91213950 
  1.083750e+00  6.60377568 23.91213950 
  1.085000e+00  6.60377568 23.91213950 
  1.086250e+00  6.60377568 23.91213950 
  1.087500e+00  6.60377568 23.91213950 
  1.088750e+00  6.60377568 23.91213950 
  1.090000e+00  6.60377568 23.91213950 
  1.091250e+00  6.60377568 23.91213950 
  1.092500e+00  6.60377568 23.91213950 
  1.093750e+00  6.60377568 23.91213950 
  1.095000e+00  6.60377568 23.91213950 
  1.096250e+00  6.60377568 23.91213950 
  1.097500e+00  6.60377568 23.91213950 
  1.098750e+00  6.60377568 23.91213950 
  1.100000e+00  6.60377568 23.91213950 
  1.101250e+00  6.60377568 23.91213950 
  1.102500e+00  6.60377568 23.91213950 
  1.103750e+00  6.60377568 23.91213950 
  1.105000e+00  6.60377568 23.91213950 
  1.106250e+00  6.60377568 23.91213950 
  1.107500e+00  6.60377568 23.91213951 
  1.108750e+00  6.60377568 23.91213951 
  1.110000e+00  6.60377568 23.91213951 
  1.111250e+00  6.60377568 23.91213951 
  1.112500e+00  6.60377568 23.91213951 
  1.113750e+00  6.60377568 23.91213951 
  1.115000e+00  6.60377568 23.91213951 
  1.116250e+00  6.60377568 23.91213951 
  1.117500e+00  6.60377568 23.91213951 
  1.118750e+00  6.60377568 23.91213951 
  1.120000e+00  6.60377568 23.91213951 
  1.121250e+00  6.60377568 23.91213951 
  1.122500e+00  6.60377568 23.91213951 
  1.123750e+00  6.60377568 23.91213951 
  1.125000e+00  6.60377568 23.91213951 
  1.126250e+00  6.60377568 23.91213951 
  1.127500e+00  6.60377568 23.91213951 
  1.128750e+00  6.60377568 23.91213951 
  1.130000e+00  6.60377568 23.91213951 
  1.131250e+00  6.60377568 23.91213951 
  1.132500e+00  6.60377568 23.91213951 
  1.133750e+00  6.60377568 23.91213951 
  1.135000e+00  6.60377568 23.91213951 
  1.136250e+00  6.60377568 23.91213951 
  1.137500e+00  6.60377568 23.91213951 
  1.138750e+00  6.60377568 23.91213951 
  1.140000e+00  6.60377568 23.91213951 
  1.141250e+00  6.60377568 23.91213951 
  1.142500e+00  6.60377568 23.91213951 
  1.143750e+00  6.60377568 23.91213951 
  1.145000e+00  6.60377568 23.91213951 
  1.146250e+00  6.60377568 23.91213952 
  1.147500e+00  6.60377568 23.91213952 
  1.148750e+00  6.60377568 23.91213952 
  1.150000e+00  6.60377568 23.91213952 
  1.151250e+00  6.60377568 23.91213952 
  1.152500e+00  6.60377568 23.91213952 
  1.153750e+00  6.60377568 23.91213952 
  1.155000e+00  6.60377568 23.91213952 
  1.156250e+00  6.60377568 23.91213952 
  1.157500e+00  6.60377568 23.91213952 
  1.158750e+00  6.60377568 23.91213952 
  1.160000e+00  6.60377568 23.91213952 
  1.161250e+00  6.60377568 23.91213952 
  1.162500e+00  6.60377568 23.91213952 
  1.163750e+00  6.60377568 23.91213952 
  1.165000e+00  6.60377568 23.91213952 
  1.166250e+00  6.60377568 23.91213952 
  1.167500e+00  6.60377568 23.91213952 
  1.168750e+00  6.60377568 23.91213952 
  1.170000e+00  6.60377568 23.91213952 
  1.171250e+00  6.60377568 23.91213952 
  1.172500e+00  6.60377568 23.91213952 
  1.173750e+00  6.60377568 23.91213952 
  1.175000e+00  6.60377568 23.91213952 
  1.176250e+00  6.60377568 23.91213952 
  1.177500e+00  6.60377568 23.91213952 
  1.178750e+00  6.60377568 23.91213952 
  1.180000e+00  6.60377568 23.91213952 
  1.181250e+00  6.60377568 23.91213952 
  1.182500e+00  6.60377568 23.91213952 
  1.183750e+00  6.60377568 23.91213952 
  1.185000e+00  6.60377568 23.91213952 
  1.186250e+00  6.60377568 23.91213952 
  1.187500e+00  6.60377568 23.91213952 
  1.188750e+00  6.60377568 23.91213952 
  1.190000e+00  6.60377568 23.91213952 
  1.191250e+00  6.60377568 23.91213952 
  1.192500e+00  6.60377568 23.91213952 
  1.193750e+00  6.60377568 23.91213952 
  1.195000e+00  6.60377568 23.91213952 
  1.196250e+00  6.60377568 23.91213953 
  1.197500e+00  6.60377568 23.91213953 
  1.198750e+00  6.60377568 23.91213953 
  1.200000e+00  6.60377568 23.91213953 
  1.201250e+00  6.60377568 23.91213953 
  1.202500e+00  6.60377568 23.91213953 
  1.203750e+00  6.60377568 23.91213953 
  1.205000e+00  6.60377568 23.91213953 
  1.206250e+00  6.60377568 23.91213953 
  1.207500e+00  6.60377568 23.91213953 
  1.208750e+00  6.60377568 23.91213953 
  1.210000e+00  6.60377568 23.91213953 
  1.211250e+00  6.60377568 23.91213953 
  1.212500e+00  6.60377568 23.91213953 
  1.213750e+00  6.60377568 23.91213953 
  1.215000e+00  6.60377568 23.91213953 
  1.216250e+00  6.60377568 23.91213953 
  1.217500e+00  6.60377568 23.91213953 
  1.218750e+00  6.60377568 23.91213953 
  1.220000e+00  6.60377568 23.91213953 
  1.221250e+00  6.60377568 23.91213953 
  1.222500e+00  6.60377568 23.91213953 
  1.223750e+00  6.60377568 23.91213953 
  1.225000e+00  6.60377568 23.91213953 
  1.226250e+00  6.60377568 23.91213953 
  1.227500e+00  6.60377568 23.91213953 
  1.228750e+00  6.60377568 23.91213953 
  1.230000e+00  6.60377568 23.91213953 
  1.231250e+00  6.60377568 23.91213953 
  1.232500e+00  6.60377568 23.91213953 
  1.233750e+00  6.60377568 23.91213953 
  1.235000e+00  6.60377568 23.91213953 
  1.236250e+00  6.60377568 23.91213953 
  1.237500e+00  6.60377568 23.91213953 
  1.238750e+00  6.60377568 23.91213953 
  1.240000e+00  6.60377568 23.91213953 
  1.241250e+00  6.60377568 23.91213953 
  1.242500e+00  6.60377568 23.91213953 
  1.243750e+00  6.60377568 23.91213953 
  1.245000e+00  6.60377568 23.91213953 
  1.246250e+00  6.60377568 23.91213953 
  1.247500e+00  6.60377568 23.91213953 
  1.248750e+00  6.60377568 23.91213953 
  1.250000e+00  6.60377568 23.91213953 
  1.251250e+00  6.60377568 23.91213953 
  1.252500e+00  6.60377568 23.91213953 
  1.253750e+00  6.60377568 23.91213953 
  1.255000e+00  6.60377568 23.91213953 
  1.256250e+00  6.60377568 23.91213953 
  1.257500e+00  6.60377568 23.91213953 
  1.258750e+00  6.60377568 23.91213953 
  1.260000e+00  6.60377568 23.91213953 
  1.261250e+00  6.60377568 23.91213953 
  1.262500e+00  6.60377568 23.91213953 
  1.263750e+00  6.60377568 23.91213953 
  1.265000e+00  6.60377568 23.91213953 
  1.266250e+00  6.60377568 23.91213953 
  1.267500e+00  6.60377568 23.91213953 
  1.268750e+00  6.60377568 23.91213953 
  1.270000e+00  6.60377568 23.91213953 
  1.271250e+00  6.60377568 23.91213954 
  1.272500e+00  6.60377568 23.91213954 
  1.273750e+00  6.60377568 23.91213954 
  1.275000e+00  6.60377568 23.91213954 
  1.276250e+00  6.60377568 23.91213954 
  1.277500e+00  6.60377568 23.91213954 
  1.278750e+00  6.60377568 23.91213954 
  1.280000e+00  6.60377568 23.91213954 
  1.281250e+00  6.60377568 23.91213954 
  1.282500e+00  6.60377568 23.91213954 
  1.283750e+00  6.60377568 23.91213954 
  1.285000e+00  6.60377568 23.91213954 
  1.286250e+00  6.60377568 23.91213954 
  1.287500e+00  6.60377568 23.91213954 
  1.288750e+00  6.60377568 23.91213954 
  1.290000e+00  6.60377568 23.91213954 
  1.291250e+00  6.60377568 23.91213954 
  1.292500e+00  6.60377568 23.91213954 
  1.293750e+00  6.60377568 23.91213954 
  1.295000e+00  6.60377568 23.91213954 
  1.296250e+00  6.60377568 23.91213954 
  1.297500e+00  6.60377568 23.91213954 
  1.298750e+00  6.60377568 23.91213954 
  1.300000e+00  6.60377568 23.91213954 
  1.301250e+00  6.60377568 23.91213954 
  1.302500e+00  6.60377568 23.91213954 
  1.303750e+00  6.60377568 23.91213954 
  1.305000e+00  6.60377568 23.91213954 
  1.306250e+00  6.60377568 23.91213954 
  1.307500e+00  6.60377568 23.91213954 
  1.308750e+00  6.60377568 23.91213954 
  1.310000e+00  6.60377568 23.91213954 
  1.311250e+00  6.60377568 23.91213954 
  1.312500e+00  6.60377568 23.91213954 
  1.313750e+00  6.60377568 23.91213954 
  1.315000e+00  6.60377568 23.91213954 
  1.316250e+00  6.60377568 23.91213954 
  1.317500e+00  6.60377568 23.91213954 
  1.318750e+00  6.60377568 23.91213954 
  1.320000e+00  6.60377568 23.91213954 
  1.321250e+00  6.60377568 23.91213954 
  1.322500e+00  6.60377568 23.91213954 
  1.323750e+00  6.60377568 23.91213954 
  1.325000e+00  6.60377568 23.91213954 
  1.326250e+00  6.60377568 23.91213954 
  1.327500e+00  6.60377568 23.91213954 
  1.328750e+00  6.60377568 23.91213954 
  1.330000e+00  6.60377568 23.91213954 
  1.331250e+00  6.60377568 23.91213954 
  1.332500e+00  6.60377568 23.91213954 
  1.333750e+00  6.60377568 23.91213954 
  1.335000e+00  6.60377568 23.91213954 
  1.336250e+00  6.60377568 23.91213954 
  1.337500e+00  6.60377568 23.91213954 
  1.338750e+00  6.60377568 23.91213954 
  1.340000e+00  6.60377568 23.91213954 
  1.341250e+00  6.60377568 23.91213954 
  1.342500e+00  6.60377568 23.91213954 
  1.343750e+00  6.60377568 23.91213954 
  1.345000e+00  6.60377568 23.91213954 
  1.346250e+00  6.60377568 23.91213954 
  1.347500e+00  6.60377568 23.91213954 
  1.348750e+00  6.60377568 23.91213954 
  1.350000e+00  6.60377568 23.91213954 
  1.351250e+00  6.60377568 23.91213954 
  1.352500e+00  6.60377568 23.91213954 
  1.353750e+00  6.60377568 23.91213954 
  1.355000e+00  6.60377568 23.91213954 
  1.356250e+00  6.60377568 23.91213954 
  1.357500e+00  6.60377568 23.91213954 
  1.358750e+00  6.60377568 23.91213954 
  1.360000e+00  6.60377568 23.91213954 
  1.361250e+00  6.60377568 23.91213954 
  1.362500e+00  6.60377568 23.91213954 
  1.363750e+00  6.60377568 23.91213954 
  1.365000e+00  6.60377568 23.91213954 
  1.366250e+00  6.60377568 23.91213954 
  1.367500e+00  6.60377568 23.91213954 
  1.368750e+00  6.60377568 23.91213954 
  1.370000e+00  6.60377568 23.91213954 
  1.371250e+00  6.60377568 23.91213954 
  1.372500e+00  6.60377568 23.91213954 
  1.373750e+00  6.60377568 23.91213954 
  1.375000e+00  6.60377568 23.91213954 
  1.376250e+00  6.60377568 23.91213954 
  1.377500e+00  6.60377568 23.91213954 
  1.378750e+00  6.60377568 23.91213954 
  1.380000e+00  6.60377568 23.91213954 
  1.381250e+00  6.60377568 23.91213954 
  1.382500e+00  6.60377568 23.91213954 
  1.383750e+00  6.60377568 23.91213954 
  1.385000e+00  6.60377568 23.91213954 
  1.386250e+00  6.60377568 23.91213954 
  1.387500e+00  6.60377568 23.91213954 
  1.388750e+00  6.60377568 23.91213954 
  1.390000e+00  6.60377568 23.91213954 
  1.391250e+00  6.60377568 23.91213954 
  1.392500e+00  6.60377568 23.91213954 
  1.393750e+00  6.60377568 23.91213954 
  1.395000e+00  6.60377568 23.91213954 
  1.396250e+00  6.60377568 23.91213954 
  1.397500e+00  6.60377568 23.91213954 
  1.398750e+00  6.60377568 23.91213954 
  1.400000e+00  6.60377568 23.91213954 
  1.401250e+00  6.60377568 23.91213954 
  1.402500e+00  6.60377568 23.91213954 
  1.403750e+00  6.60377568 23.91213954 
  1.405000e+00  6.60377568 23.91213954 
  1.406250e+00  6.60377568 23.91213954 
  1.407500e+00  6.60377568 23.91213954 
  1.408750e+00  6.60377568 23.91213954 
  1.410000e+00  6.60377568 23.91213954 
  1.411250e+00  6.60377568 23.91213954 
  1.412500e+00  6.60377568 23.91213954 
  1.413750e+00  6.60377568 23.91213954 
  1.415000e+00  6.60377568 23.91213954 
  1.416250e+00  6.60377568 23.91213954 
  1.417500e+00  6.60377568 23.91213954 
  1.418750e+00  6.60377568 23.91213954 
  1.420000e+00  6.60377568 23.91213954 
  1.421250e+00  6.60377568 23.91213954 
  1.422500e+00  6.60377568 23.91213954 
  1.423750e+00  6.60377568 23.91213954 
  1.425000e+00  6.60377568 23.91213954 
  1.426250e+00  6.60377568 23.91213954 
  1.427500e+00  6.60377568 23.91213954 
  1.428750e+00  6.60377568 23.91213954 
  1.430000e+00  6.60377568 23.91213954 
  1.431250e+00  6.60377568 23.91213954 
  1.432500e+00  6.60377568 23.91213954 
  1.433750e+00  6.60377568 23.91213954 
  1.435000e+00  6.60377568 23.91213954 
  1.436250e+00  6.60377568 23.91213954 
  1.437500e+00  6.60377568 23.91213954 
  1.438750e+00  6.60377568 23.91213954 
  1.440000e+00  6.60377568 23.91213954 
  1.441250e+00  6.60377568 23.91213954 
  1.442500e+00  6.60377568 23.91213954 
  1.443750e+00  6.60377568 23.91213954 
  1.445000e+00  6.60377568 23.91213954 
  1.446250e+00  6.60377568 23.91213954 
  1.447500e+00  6.60377568 23.91213955 
  1.448750e+00  6.60377568 23.91213955 
  1.450000e+00  6.60377568 23.91213955 
  1.451250e+00  6.60377568 23.91213955 
  1.452500e+00  6.60377568 23.91213955 
  1.453750e+00  6.60377568 23.91213955 
  1.455000e+00  6.60377568 23.91213955 
  1.456250e+00  6.60377568 23.91213955 
  1.457500e+00  6.60377568 23.91213955 
  1.458750e+00  6.60377568 23.91213955 
  1.460000e+00  6.60377568 23.91213955 
  1.461250e+00  6.60377568 23.91213955 
  1.462500e+00  6.60377568 23.91213955 
  1.463750e+00  6.60377568 23.91213955 
  1.465000e+00  6.60377568 23.91213955 
  1.466250e+00  6.60377568 23.91213955 
  1.467500e+00  6.60377568 23.91213955 
  1.468750e+00  6.60377568 23.91213955 
  1.470000e+00  6.60377568 23.91213955 
  1.471250e+00  6.60377568 23.91213955 
  1.472500e+00  6.60377568 23.91213955 
  1.473750e+00  6.60377568 23.91213955 
  1.475000e+00  6.60377568 23.91213955 
  1.476250e+00  6.60377568 23.91213955 
  1.477500e+00  6.60377568 23.91213955 
  1.478750e+00  6.60377568 23.91213955 
  1.480000e+00  6.60377568 23.91213955 
  1.481250e+00  6.60377568 23.91213955 
  1.482500e+00  6.60377568 23.91213955 
  1.483750e+00  6.60377568 23.91213955 
  1.485000e+00  6.60377568 23.91213955 
  1.486250e+00  6.60377568 23.91213955 
  1.487500e+00  6.60377568 23.91213955 
  1.488750e+00  6.60377568 23.91213955 
  1.490000e+00  6.60377568 23.91213955 
  1.491250e+00  6.60377568 23.91213955 
  1.492500e+00  6.60377568 23.91213955 
  1.493750e+00  6.60377568 23.91213955 
  1.495000e+00  6.60377568 23.91213955 
  1.496250e+00  6.60377568 23.91213955 
  1.497500e+00  6.60377568 23.91213955 
  1.498750e+00  6.60377568 23.91213955 
  1.500000e+00  6.60377568 23.91213955 
  1.501250e+00  6.60377568 23.91213955 
  1.502500e+00  6.60377568 23.91213955 
  1.503750e+00  6.60377568 23.91213955 
  1.505000e+00  6.60377568 23.91213955 
  1.506250e+00  6.60377568 23.91213955 
  1.507500e+00  6.60377568 23.91213955 
  1.508750e+00  6.60377568 23.91213955 
  1.510000e+00  6.60377568 23.91213955 
  1.511250e+00  6.60377568 23.91213955 
  1.512500e+00  6.60377568 23.91213955 
  1.513750e+00  6.60377568 23.91213955 
  1.515000e+00  6.60377568 23.91213955 
  1.516250e+00  6.60377568 23.91213955 
  1.517500e+00  6.60377568 23.91213955 
  1.518750e+00  6.60377568 23.91213955 
  1.520000e+00  6.60377568 23.91213955 
  1.521250e+00  6.60377568 23.91213955 
  1.522500e+00  6.60377568 23.91213955 
  1.523750e+00  6.60377568 23.91213955 
  1.525000e+00  6.60377568 23.91213955 
  1.526250e+00  6.60377568 23.91213955 
  1.527500e+00  6.60377568 23.91213955 
  1.528750e+00  6.60377568 23.91213955 
  1.530000e+00  6.60377568 23.91213955 
  1.531250e+00  6.60377568 23.91213955 
  1.532500e+00  6.60377568 23.91213955 
  1.533750e+00  6.60377568 23.91213955 
  1.535000e+00  6.60377568 23.91213955 
  1.536250e+00  6.60377568 23.91213955 
  1.537500e+00  6.60377568 23.91213955 
  1.538750e+00  6.60377568 23.91213955 
  1.540000e+00  6.60377568 23.91213955 
  1.541250e+00  6.60377568 23.91213955 
  1.542500e+00  6.60377568 23.91213955 
  1.543750e+00  6.60377568 23.91213955 
  1.545000e+00  6.60377568 23.91213955 
  1.546250e+00  6.60377568 23.91213955 
  1.547500e+00  6.60377568 23.91213955 
  1.548750e+00  6.60377568 23.91213955 
  1.550000e+00  6.60377568 23.91213955 
  1.551250e+00  6.60377568 23.91213955 
  1.552500e+00  6.60377568 23.91213955 
  1.553750e+00  6.60377568 23.91213955 
  1.555000e+00  6.60377568 23.91213955 
  1.556250e+00  6.60377568 23.91213955 
  1.557500e+00  6.60377568 23.91213955 
  1.558750e+00  6.60377568 23.91213955 
  1.560000e+00  6.60377568 23.91213955 
  1.561250e+00  6.60377568 23.91213955 
  1.562500e+00  6.60377568 23.91213955 
  1.563750e+00  6.60377568 23.91213955 
  1.565000e+00  6.60377568 23.91213955 
  1.566250e+00  6.60377568 23.91213955 
  1.567500e+00  6.60377568 23.91213955 
  1.568750e+00  6.60377568 23.91213955 
  1.570000e+00  6.60377568 23.91213955 
  1.571250e+00  6.60377568 23.91213955 
  1.572500e+00  6.60377568 23.91213955 
  1.573750e+00  6.60377568 23.91213955 
  1.575000e+00  6.60377568 23.91213955 
  1.576250e+00  6.60377568 23.91213955 
  1.577500e+00  6.60377568 23.91213955 
  1.578750e+00  6.60377568 23.91213955 
  1.580000e+00  6.60377568 23.91213955 
  1.581250e+00  6.60377568 23.91213955 
  1.582500e+00  6.60377568 23.91213955 
  1.583750e+00  6.60377568 23.91213955 
  1.585000e+00  6.60377568 23.91213955 
  1.586250e+00  6.60377568 23.91213955 
  1.587500e+00  6.60377568 23.91213955 
  1.588750e+00  6.60377568 23.91213955 
  1.590000e+00  6.60377568 23.91213955 
  1.591250e+00  6.60377568 23.91213955 
  1.592500e+00  6.60377568 23.91213955 
  1.593750e+00  6.60377568 23.91213955 
  1.595000e+00  6.60377568 23.91213955 
  1.596250e+00  6.60377568 23.91213955 
  1.597500e+00  6.60377568 23.91213955 
  1.598750e+00  6.60377568 23.91213955 
  1.600000e+00  6.60377568 23.91213955 
  1.601250e+00  6.60377568 23.91213955 
  1.602500e+00  6.60377568 23.91213955 
  1.603750e+00  6.60377568 23.91213955 
  1.605000e+00  6.60377568 23.91213955 
  1.606250e+00  6.60377568 23.91213955 
  1.607500e+00  6.60377568 23.91213955 
  1.608750e+00  6.60377568 23.91213955 
  1.610000e+00  6.60377568 23.91213955 
  1.611250e+00  6.60377568 23.91213955 
  1.612500e+00  6.60377568 23.91213955 
  1.613750e+00  6.60377568 23.91213955 
  1.615000e+00  6.60377568 23.91213955 
  1.616250e+00  6.60377568 23.91213955 
  1.617500e+00  6.60377568 23.91213955 
  1.618750e+00  6.60377568 23.91213955 
  1.620000e+00  6.60377568 23.91213955 
  1.621250e+00  6.60377568 23.91213955 
  1.622500e+00  6.60377568 23.91213955 
  1.623750e+00  6.60377568 23.91213955 
  1.625000e+00  6.60377568 23.91213955 
  1.626250e+00  6.60377568 23.91213955 
  1.627500e+00  6.60377568 23.91213955 
  1.628750e+00  6.60377568 23.91213955 
  1.630000e+00  6.60377568 23.91213955 
  1.631250e+00  6.60377568 23.91213955 
  1.632500e+00  6.60377568 23.91213955 
  1.633750e+00  6.60377568 23.91213955 
  1.635000e+00  6.60377568 23.91213955 
  1.636250e+00  6.60377568 23.91213955 
  1.637500e+00  6.60377568 23.91213955 
  1.638750e+00  6.60377568 23.91213955 
  1.640000e+00  6.60377568 23.91213955 
  1.641250e+00  6.60377568 23.91213955 
  1.642500e+00  6.60377568 23.91213955 
  1.643750e+00  6.60377568 23.91213955 
  1.645000e+00  6.60377568 23.91213955 
  1.646250e+00  6.60377568 23.91213955 
  1.647500e+00  6.60377568 23.91213955 
  1.648750e+00  6.60377568 23.91213955 
  1.650000e+00  6.60377568 23.91213955 
  1.651250e+00  6.60377568 23.91213955 
  1.652500e+00  6.60377568 23.91213955 
  1.653750e+00  6.60377568 23.91213955 
  1.655000e+00  6.60377568 23.91213955 
  1.656250e+00  6.60377568 23.91213955 
  1.657500e+00  6.60377568 23.91213955 
  1.658750e+00  6.60377568 23.91213955 
  1.660000e+00  6.60377568 23.91213955 
  1.661250e+00  6.60377568 23.91213955 
  1.662500e+00  6.60377568 23.91213955 
  1.663750e+00  6.60377568 23.91213955 
  1.665000e+00  6.60377568 23.91213955 
  1.666250e+00  6.60377568 23.91213955 
  1.667500e+00  6.60377568 23.91213955 
  1.668750e+00  6.60377568 23.91213955 
  1.670000e+00  6.60377568 23.91213955 
  1.671250e+00  6.60377568 23.91213955 
  1.672500e+00  6.60377568 23.91213955 
  1.673750e+00  6.60377568 23.91213955 
  1.675000e+00  6.60377568 23.91213955 
  1.676250e+00  6.60377568 23.91213955 
  1.677500e+00  6.60377568 23.91213955 
  1.678750e+00  6.60377568 23.91213955 
  1.680000e+00  6.60377568 23.91213955 
  1.681250e+00  6.60377568 23.91213955 
  1.682500e+00  6.60377568 23.91213955 
  1.683750e+00  6.60377568 23.91213955 
  1.685000e+00  6.60377568 23.91213955 
  1.686250e+00  6.60377568 23.91213955 
  1.687500e+00  6.60377568 23.91213955 
  1.688750e+00  6.60377568 23.91213955 
  1.690000e+00  6.60377568 23.91213955 
  1.691250e+00  6.60377568 23.91213955 
  1.692500e+00  6.60377568 23.91213955 
  1.693750e+00  6.60377568 23.91213955 
  1.695000e+00  6.60377568 23.91213955 
  1.696250e+00  6.60377568 23.91213955 
  1.697500e+00  6.60377568 23.91213955 
  1.698750e+00  6.60377568 23.91213955 
  1.700000e+00  6.60377568 23.91213955 
  1.701250e+00  6.60377568 23.91213955 
  1.702500e+00  6.60377568 23.91213955 
  1.703750e+00  6.60377568 23.91213955 
  1.705000e+00  6.60377568 23.91213955 
  1.706250e+00  6.60377568 23.91213955 
  1.707500e+00  6.60377568 23.91213955 
  1.708750e+00  6.60377568 23.91213955 
  1.710000e+00  6.60377568 23.91213955 
  1.711250e+00  6.60377568 23.91213955 
  1.712500e+00  6.60377568 23.91213955 
  1.713750e+00  6.60377568 23.91213955 
  1.715000e+00  6.60377568 23.91213955 
  1.716250e+00  6.60377568 23.91213955 
  1.717500e+00  6.60377568 23.91213955 
  1.718750e+00  6.60377568 23.91213955 
  1.720000e+00  6.60377568 23.91213955 
  1.721250e+00  6.60377568 23.91213955 
  1.722500e+00  6.60377568 23.91213955 
  1.723750e+00  6.60377568 23.91213955 
  1.725000e+00  6.60377568 23.91213955 
  1.726250e+00  6.60377568 23.91213955 
  1.727500e+00  6.60377568 23.91213955 
  1.728750e+00  6.60377568 23.91213955 
  1.730000e+00  6.60377568 23.91213955 
  1.731250e+00  6.60377568 23.91213955 
  1.732500e+00  6.60377568 23.91213955 
  1.733750e+00  6.60377568 23.91213955 
  1.735000e+00  6.60377568 23.91213955 
  1.736250e+00  6.60377568 23.91213955 
  1.737500e+00  6.60377568 23.91213955 
  1.738750e+00  6.60377568 23.91213955 
  1.740000e+00  6.60377568 23.91213955 
  1.741250e+00  6.60377568 23.91213955 
  1.742500e+00  6.60377568 23.91213955 
  1.743750e+00  6.60377568 23.91213955 
  1.745000e+00  6.60377568 23.91213955 
  1.746250e+00  6.60377568 23.91213955 
  1.747500e+00  6.60377568 23.91213955 
  1.748750e+00  6.60377568 23.91213955 
  1.750000e+00  6.60377568 23.91213955 
  1.751250e+00  6.60377568 23.91213955 
  1.752500e+00  6.60377568 23.91213955 
  1.753750e+00  6.60377568 23.91213955 
  1.755000e+00  6.60377568 23.91213955 
  1.756250e+00  6.60377568 23.91213955 
  1.757500e+00  6.60377568 23.91213955 
  1.758750e+00  6.60377568 23.91213955 
  1.760000e+00  6.60377568 23.91213955 
  1.761250e+00  6.60377568 23.91213955 
  1.762500e+00  6.60377568 23.91213955 
  1.763750e+00  6.60377568 23.91213955 
  1.765000e+00  6.60377568 23.91213955 
  1.766250e+00  6.60377568 23.91213955 
  1.767500e+00  6.60377568 23.91213955 
  1.768750e+00  6.60377568 23.91213955 
  1.770000e+00  6.60377568 23.91213955 
  1.771250e+00  6.60377568 23.91213955 
  1.772500e+00  6.60377568 23.91213955 
  1.773750e+00  6.60377568 23.91213955 
  1.775000e+00  6.60377568 23.91213955 
  1.776250e+00  6.60377568 23.91213955 
  1.777500e+00  6.60377568 23.91213955 
  1.778750e+00  6.60377568 23.91213955 
  1.780000e+00  6.60377568 23.91213955 
  1.781250e+00  6.60377568 23.91213955 
  1.782500e+00  6.60377568 23.91213955 
  1.783750e+00  6.60377568 23.91213955 
  1.785000e+00  6.60377568 23.91213955 
  1.786250e+00  6.60377568 23.91213955 
  1.787500e+00  6.60377568 23.91213955 
  1.788750e+00  6.60377568 23.91213955 
  1.790000e+00  6.60377568 23.91213955 
  1.791250e+00  6.60377568 23.91213955 
  1.792500e+00  6.60377568 23.91213955 
  1.793750e+00  6.60377568 23.91213955 
  1.795000e+00  6.60377568 23.91213955 
  1.796250e+00  6.60377568 23.91213955 
  1.797500e+00  6.60377568 23.91213955 
  1.798750e+00  6.60377568 23.91213955 
  1.800000e+00  6.60377568 23.91213955 
  1.801250e+00  6.60377568 23.91213955 
  1.802500e+00  6.60377568 23.91213955 
  1.803750e+00  6.60377568 23.91213955 
  1.805000e+00  6.60377568 23.91213955 
  1.806250e+00  6.60377568 23.91213955 
  1.807500e+00  6.60377568 23.91213955 
  1.808750e+00  6.60377568 23.91213955 
  1.810000e+00  6.60377568 23.91213955 
  1.811250e+00  6.60377568 23.91213955 
  1.812500e+00  6.60377568 23.91213955 
  1.813750e+00  6.60377568 23.91213955 
  1.815000e+00  6.60377568 23.91213955 
  1.816250e+00  6.60377568 23.91213955 
  1.817500e+00  6.60377568 23.91213955 
  1.818750e+00  6.60377568 23.91213955 
  1.820000e+00  6.60377568 23.91213955 
  1.821250e+00  6.60377568 23.91213955 
  1.822500e+00  6.60377568 23.91213955 
  1.823750e+00  6.60377568 23.91213955 
  1.825000e+00  6.60377568 23.91213955 
  1.826250e+00  6.60377568 23.91213955 
  1.827500e+00  6.60377568 23.91213955 
  1.828750e+00  6.60377568 23.91213955 
  1.830000e+00  6.60377568 23.91213955 
  1.831250e+00  6.60377568 23.91213955 
  1.832500e+00  6.60377568 23.91213955 
  1.833750e+00  6.60377568 23.91213955 
  1.835000e+00  6.60377568 23.91213955 
  1.836250e+00  6.60377568 23.91213955 
  1.837500e+00  6.60377568 23.91213955 
  1.838750e+00  6.60377568 23.91213955 
  1.840000e+00  6.60377568 23.91213955 
  1.841250e+00  6.60377568 23.91213955 
  1.842500e+00  6.60377568 23.91213955 
  1.843750e+00  6.60377568 23.91213955 
  1.845000e+00  6.60377568 23.91213955 
  1.846250e+00  6.60377568 23.91213955 
  1.847500e+00  6.60377568 23.91213955 
  1.848750e+00  6.60377568 23.91213955 
  1.850000e+00  6.60377568 23.91213955 
  1.851250e+00  6.60377568 23.91213955 
  1.852500e+00  6.60377568 23.91213955 
  1.853750e+00  6.60377568 23.91213955 
  1.855000e+00  6.60377568 23.91213955 
  1.856250e+00  6.60377568 23.91213955 
  1.857500e+00  6.60377568 23.91213955 
  1.858750e+00  6.60377568 23.91213955 
  1.860000e+00  6.60377568 23.91213955 
  1.861250e+00  6.60377568 23.91213955 
  1.862500e+00  6.60377568 23.91213955 
  1.863750e+00  6.60377568 23.91213955 
  1.865000e+00  6.60377568 23.91213955 
  1.866250e+00  6.60377568 23.91213955 
  1.867500e+00  6.60377568 23.91213955 
  1.868750e+00  6.60377568 23.91213955 
  1.870000e+00  6.60377568 23.91213955 
  1.871250e+00  6.60377568 23.91213955 
  1.872500e+00  6.60377568 23.91213955 
  1.873750e+00  6.60377568 23.91213955 
  1.875000e+00  6.60377568 23.91213955 
  1.876250e+00  6.60377568 23.91213955 
  1.877500e+00  6.60377568 23.91213955 
  1.878750e+00  6.60377568 23.91213955 
  1.880000e+00  6.60377568 23.91213955 
  1.881250e+00  6.60377568 23.91213955 
  1.882500e+00  6.60377568 23.91213955 
  1.883750e+00  6.60377568 23.91213955 
  1.885000e+00  6.60377568 23.91213955 
  1.886250e+00  6.60377568 23.91213955 
  1.887500e+00  6.60377568 23.91213955 
  1.888750e+00  6.60377568 23.91213955 
  1.890000e+00  6.60377568 23.91213955 
  1.891250e+00  6.60377568 23.91213955 
  1.892500e+00  6.60377568 23.91213955 
  1.893750e+00  6.60377568 23.91213955 
  1.895000e+00  6.60377568 23.91213955 
  1.896250e+00  6.60377568 23.91213955 
  1.897500e+00  6.60377568 23.91213955 
  1.898750e+00  6.60377568 23.91213955 
  1.900000e+00  6.60377568 23.91213955 
  1.901250e+00  6.60377568 23.91213955 
  1.902500e+00  6.60377568 23.91213955 
  1.903750e+00  6.60377568 23.91213955 
  1.905000e+00  6.60377568 23.91213955 
  1.906250e+00  6.60377568 23.91213955 
  1.907500e+00  6.60377568 23.91213955 
  1.908750e+00  6.60377568 23.91213955 
  1.910000e+00  6.60377568 23.91213955 
  1.911250e+00  6.60377568 23.91213955 
  1.912500e+00  6.60377568 23.91213955 
  1.913750e+00  6.60377568 23.91213955 
  1.915000e+00  6.60377568 23.91213955 
  1.916250e+00  6.60377568 23.91213955 
  1.917500e+00  6.60377568 23.91213955 
  1.918750e+00  6.60377568 23.91213955 
  1.920000e+00  6.60377568 23.91213955 
  1.921250e+00  6.60377568 23.91213955 
  1.922500e+00  6.60377568 23.91213955 
  1.923750e+00  6.60377568 23.91213955 
  1.925000e+00  6.60377568 23.91213955 
  1.926250e+00  6.60377568 23.91213955 
  1.927500e+00  6.60377568 23.91213955 
  1.928750e+00  6.60377568 23.91213955 
  1.930000e+00  6.60377568 23.91213955 
  1.931250e+00  6.60377568 23.91213955 
  1.932500e+00  6.60377568 23.91213955 
  1.933750e+00  6.60377568 23.91213955 
  1.935000e+00  6.60377568 23.91213955 
  1.936250e+00  6.60377568 23.91213955 
  1.937500e+00  6.60377568 23.91213955 
  1.938750e+00  6.60377568 23.91213955 
  1.940000e+00  6.60377568 23.91213955 
  1.941250e+00  6.60377568 23.91213955 
  1.942500e+00  6.60377568 23.91213955 
  1.943750e+00  6.60377568 23.91213955 
  1.945000e+00  6.60377568 23.91213955 
  1.946250e+00  6.60377568 23.91213955 
  1.947500e+00  6.60377568 23.91213955 
  1.948750e+00  6.60377568 23.91213955 
  1.950000e+00  6.60377568 23.91213955 
  1.951250e+00  6.60377568 23.91213955 
  1.952500e+00  6.60377568 23.91213955 
  1.953750e+00  6.60377568 23.91213955 
  1.955000e+00  6.60377568 23.91213955 
  1.956250e+00  6.60377568 23.91213955 
  1.957500e+00  6.60377568 23.91213955 
  1.958750e+00  6.60377568 23.91213955 
  1.960000e+00  6.60377568 23.91213955 
  1.961250e+00  6.60377568 23.91213955 
  1.962500e+00  6.60377568 23.91213955 
  1.963750e+00  6.60377568 23.91213955 
  1.965000e+00  6.60377568 23.91213955 
  1.966250e+00  6.60377568 23.91213955 
  1.967500e+00  6.60377568 23.91213955 
  1.968750e+00  6.60377568 23.91213955 
  1.970000e+00  6.60377568 23.91213955 
  1.971250e+00  6.60377568 23.91213955 
  1.972500e+00  6.60377568 23.91213955 
  1.973750e+00  6.60377568 23.91213955 
  1.975000e+00  6.60377568 23.91213955 
  1.976250e+00  6.60377568 23.91213955 
  1.977500e+00  6.60377568 23.91213955 
  1.978750e+00  6.60377568 23.91213955 
  1.980000e+00  6.60377568 23.91213955 
  1.981250e+00  6.60377568 23.91213955 
  1.982500e+00  6.60377568 23.91213955 
  1.983750e+00  6.60377568 23.91213955 
  1.985000e+00  6.60377568 23.91213955 
  1.986250e+00  6.60377568 23.91213955 
  1.987500e+00  6.60377568 23.91213955 
  1.988750e+00  6.60377568 23.91213955 
  1.990000e+00  6.60377568 23.91213955 
  1.991250e+00  6.60377568 23.91213955 
  1.992500e+00  6.60377568 23.91213955 
  1.993750e+00  6.60377568 23.91213955 
  1.995000e+00  6.60377568 23.91213955 
  1.996250e+00  6.60377568 23.91213955 
  1.997500e+00  6.60377568 23.91213955 
  1.998750e+00  6.60377568 23.91213955 
  2.000000e+00  6.60377568 23.91213955 
