  1.000000e-02  6.60377568 23.91213388 
  1.500000e-02  6.60377568 23.91247865 
  2.000000e-02  6.60377568 23.91273970 
  2.500000e-02  6.60377568 23.91298254 
  3.000000e-02  6.60377568 23.91310119 
  3.500000e-02  6.60377568 23.91285591 
  4.000000e-02  6.60377568 23.91198779 
  4.500000e-02  6.60377568 23.91050153 
  5.000000e-02  6.60377568 23.90900203 
  5.500000e-02  6.60377568 23.90826896 
  6.000000e-02  6.60377568 23.90831744 
  6.500000e-02  6.60377568 23.90871284 
  7.000000e-02  6.60377568 23.90918603 
  7.500000e-02  6.60377568 23.90964004 
  8.000000e-02  6.60377568 23.91003894 
  8.500000e-02  6.60377568 23.91037375 
  9.000000e-02  6.60377568 23.91065116 
  9.500000e-02  6.60377568 23.91088214 
  1.000000e-01  6.60377568 23.91107473 
  1.050000e-01  6.60377568 23.91123222 
  1.100000e-01  6.60377568 23.91135475 
  1.150000e-01  6.60377568 23.91144327 
  1.200000e-01  6.60377568 23.91150313 
  1.250000e-01  6.60377568 23.91154436 
  1.300000e-01  6.60377568 23.91157819 
  1.350000e-01  6.60377568 23.91161338 
  1.400000e-01  6.60377568 23.91165466 
  1.450000e-01  6.60377568 23.91170306 
  1.500000e-01  6.60377568 23.91175699 
  1.550000e-01  6.60377568 23.91181359 
  1.600000e-01  6.60377568 23.91187019 
  1.650000e-01  6.60377568 23.91192511 
  1.700000e-01  6.60377568 23.91197766 
  1.750000e-01  6.60377568 23.91202765 
  1.800000e-01  6.60377568 23.91207490 
  1.850000e-01  6.60377568 23.91211906 
  1.900000e-01  6.60377568 23.91215975 
  1.950000e-01  6.60377568 23.91219670 
  2.000000e-01  6.60377568 23.91222991 
  2.050000e-01  6.60377568 23.91225965 
  2.100000e-01  6.60377568 23.91228649 
  2.150000e-01  6.60377568 23.91231114 
  2.200000e-01  6.60377568 23.91233443 
  2.250000e-01  6.60377568 23.91235717 
  2.300000e-01  6.60377568 23.91238005 
  2.350000e-01  6.60377568 23.91240353 
  2.400000e-01  6.60377568 23.91242785 
  2.450000e-01  6.60377568 23.91245296 
  2.500000e-01  6.60377568 23.91247866 
  2.550000e-01  6.60377568 23.91250468 
  2.600000e-01  6.60377568 23.91253075 
  2.650000e-01  6.60377568 23.91255673 
  2.700000e-01  6.60377568 23.91258256 
  2.750000e-01  6.60377568 23.91260831 
  2.800000e-01  6.60377568 23.91263409 
  2.850000e-01  6.60377568 23.91265999 
  2.900000e-01  6.60377568 23.91268601 
  2.950000e-01  6.60377568 23.91271198 
  3.000000e-01  6.60377568 23.91273759 
  3.050000e-01  6.60377568 23.91276238 
  3.100000e-01  6.60377568 23.91278582 
  3.150000e-01  6.60377568 23.91280739 
  3.200000e-01  6.60377568 23.91282665 
  3.250000e-01  6.60377568 23.91284334 
  3.300000e-01  6.60377568 23.91285737 
  3.350000e-01  6.60377568 23.91286890 
  3.400000e-01  6.60377568 23.91287821 
  3.450000e-01  6.60377568 23.91288572 
  3.500000e-01  6.60377568 23.91289186 
  3.550000e-01  6.60377568 23.91289705 
  3.600000e-01  6.60377568 23.91290161 
  3.650000e-01  6.60377568 23.91290579 
  3.700000e-01  6.60377568 23.91290977 
  3.750000e-01  6.60377568 23.91291363 
  3.800000e-01  6.60377568 23.91291742 
  3.850000e-01  6.60377568 23.91292115 
  3.900000e-01  6.60377568 23.91292482 
  3.950000e-01  6.60377568 23.91292843 
  4.000000e-01  6.60377568 23.91293196 
  4.050000e-01  6.60377568 23.91293542 
  4.100000e-01  6.60377568 23.91293880 
  4.150000e-01  6.60377568 23.91294211 
  4.200000e-01  6.60377568 23.91294534 
  4.250000e-01  6.60377568 23.91294850 
  4.300000e-01  6.60377568 23.91295159 
  4.350000e-01  6.60377568 23.91295464 
  4.400000e-01  6.60377568 23.91295765 
  4.450000e-01  6.60377568 23.91296065 
  4.500000e-01  6.60377568 23.91296364 
  4.550000e-01  6.60377568 23.91296664 
  4.600000e-01  6.60377568 23.91296966 
  4.650000e-01  6.60377568 23.91297271 
  4.700000e-01  6.60377568 23.91297579 
  4.750000e-01  6.60377568 23.91297891 
  4.800000e-01  6.60377568 23.91298206 
  4.850000e-01  6.60377568 23.91298523 
  4.900000e-01  6.60377568 23.91298843 
  4.950000e-01  6.60377568 23.91299165 
  5.000000e-01  6.60377568 23.91299488 
  5.050000e-01  6.60377568 23.91299813 
  5.100000e-01  6.60377568 23.91300137 
  5.150000e-01  6.60377568 23.91300460 
  5.200000e-01  6.60377568 23.91300783 
  5.250000e-01  6.60377568 23.91301103 
  5.300000e-01  6.60377568 23.91301420 
  5.350000e-01  6.60377568 23.91301734 
  5.400000e-01  6.60377568 23.91302044 
  5.450000e-01  6.60377568 23.91302348 
  5.500000e-01  6.60377568 23.91302647 
  5.550000e-01  6.60377568 23.91302940 
  5.600000e-01  6.60377568 23.91303227 
  5.650000e-01  6.60377568 23.91303506 
  5.700000e-01  6.60377568 23.91303780 
  5.750000e-01  6.60377568 23.91304046 
  5.800000e-01  6.60377568 23.91304306 
  5.850000e-01  6.60377568 23.91304559 
  5.900000e-01  6.60377568 23.91304805 
  5.950000e-01  6.60377568 23.91305045 
  6.000000e-01  6.60377568 23.91305279 
  6.050000e-01  6.60377568 23.91305507 
  6.100000e-01  6.60377568 23.91305728 
  6.150000e-01  6.60377568 23.91305943 
  6.200000e-01  6.60377568 23.91306153 
  6.250000e-01  6.60377568 23.91306356 
  6.300000e-01  6.60377568 23.91306553 
  6.350000e-01  6.60377568 23.91306744 
  6.400000e-01  6.60377568 23.91306928 
  6.450000e-01  6.60377568 23.91307106 
  6.500000e-01  6.60377568 23.91307277 
  6.550000e-01  6.60377568 23.91307442 
  6.600000e-01  6.60377568 23.91307599 
  6.650000e-01  6.60377568 23.91307750 
  6.700000e-01  6.60377568 23.91307894 
  6.750000e-01  6.60377568 23.91308031 
  6.800000e-01  6.60377568 23.91308162 
  6.850000e-01  6.60377568 23.91308286 
  6.900000e-01  6.60377568 23.91308403 
  6.950000e-01  6.60377568 23.91308514 
  7.000000e-01  6.60377568 23.91308619 
  7.050000e-01  6.60377568 23.91308718 
  7.100000e-01  6.60377568 23.91308812 
  7.150000e-01  6.60377568 23.91308900 
  7.200000e-01  6.60377568 23.91308983 
  7.250000e-01  6.60377568 23.91309060 
  7.300000e-01  6.60377568 23.91309133 
  7.350000e-01  6.60377568 23.91309201 
  7.400000e-01  6.60377568 23.91309265 
  7.450000e-01  6.60377568 23.91309325 
  7.500000e-01  6.60377568 23.91309381 
  7.550000e-01  6.60377568 23.91309433 
  7.600000e-01  6.60377568 23.91309481 
  7.650000e-01  6.60377568 23.91309526 
  7.700000e-01  6.60377568 23.91309567 
  7.750000e-01  6.60377568 23.91309606 
  7.800000e-01  6.60377568 23.91309641 
  7.850000e-01  6.60377568 23.91309674 
  7.900000e-01  6.60377568 23.91309704 
  7.950000e-01  6.60377568 23.91309731 
  8.000000e-01  6.60377568 23.91309757 
  8.050000e-01  6.60377568 23.91309780 
  8.100000e-01  6.60377568 23.91309801 
  8.150000e-01  6.60377568 23.91309821 
  8.200000e-01  6.60377568 23.91309839 
  8.250000e-01  6.60377568 23.91309855 
  8.300000e-01  6.60377568 23.91309870 
  8.350000e-01  6.60377568 23.91309885 
  8.400000e-01  6.60377568 23.91309898 
  8.450000e-01  6.60377568 23.91309910 
  8.500000e-01  6.60377568 23.91309921 
  8.550000e-01  6.60377568 23.91309931 
  8.600000e-01  6.60377568 23.91309941 
  8.650000e-01  6.60377568 23.91309951 
  8.700000e-01  6.60377568 23.91309959 
  8.750000e-01  6.60377568 23.91309968 
  8.800000e-01  6.60377568 23.91309976 
  8.850000e-01  6.60377568 23.91309983 
  8.900000e-01  6.60377568 23.91309991 
  8.950000e-01  6.60377568 23.91309998 
  9.000000e-01  6.60377568 23.91310004 
  9.050000e-01  6.60377568 23.91310011 
  9.100000e-01  6.60377568 23.91310017 
  9.150000e-01  6.60377568 23.91310023 
  9.200000e-01  6.60377568 23.91310028 
  9.250000e-01  6.60377568 23.91310034 
  9.300000e-01  6.60377568 23.91310039 
  9.350000e-01  6.60377568 23.91310044 
  9.400000e-01  6.60377568 23.91310048 
  9.450000e-01  6.60377568 23.91310053 
  9.500000e-01  6.60377568 23.91310057 
  9.550000e-01  6.60377568 23.91310062 
  9.600000e-01  6.60377568 23.91310066 
  9.650000e-01  6.60377568 23.91310069 
  9.700000e-01  6.60377568 23.91310073 
  9.750000e-01  6.60377568 23.91310076 
  9.800000e-01  6.60377568 23.91310080 
  9.850000e-01  6.60377568 23.91310083 
  9.900000e-01  6.60377568 23.91310086 
  9.950000e-01  6.60377568 23.91310088 
  1.000000e+00  6.60377568 23.91310091 
  1.005000e+00  6.60377568 23.91310094 
  1.010000e+00  6.60377568 23.91310096 
  1.015000e+00  6.60377568 23.91310098 
  1.020000e+00  6.60377568 23.91310100 
  1.025000e+00  6.60377568 23.91310102 
  1.030000e+00  6.60377568 23.91310104 
  1.035000e+00  6.60377568 23.91310106 
  1.040000e+00  6.60377568 23.91310108 
  1.045000e+00  6.60377568 23.91310109 
  1.050000e+00  6.60377568 23.91310111 
  1.055000e+00  6.60377568 23.91310112 
  1.060000e+00  6.60377568 23.91310113 
  1.065000e+00  6.60377568 23.91310115 
  1.070000e+00  6.60377568 23.91310116 
  1.075000e+00  6.60377568 23.91310117 
  1.080000e+00  6.60377568 23.91310118 
  1.085000e+00  6.60377568 23.91310119 
  1.090000e+00  6.60377568 23.91310120 
  1.095000e+00  6.60377568 23.91310121 
  1.100000e+00  6.60377568 23.91310122 
  1.105000e+00  6.60377568 23.91310123 
  1.110000e+00  6.60377568 23.91310123 
  1.115000e+00  6.60377568 23.91310124 
  1.120000e+00  6.60377568 23.91310125 
  1.125000e+00  6.60377568 23.91310125 
  1.130000e+00  6.60377568 23.91310126 
  1.135000e+00  6.60377568 23.91310127 
  1.140000e+00  6.60377568 23.91310127 
  1.145000e+00  6.60377568 23.91310128 
  1.150000e+00  6.60377568 23.91310128 
  1.155000e+00  6.60377568 23.91310129 
  1.160000e+00  6.60377568 23.91310129 
  1.165000e+00  6.60377568 23.91310130 
  1.170000e+00  6.60377568 23.91310130 
  1.175000e+00  6.60377568 23.91310130 
  1.180000e+00  6.60377568 23.91310131 
  1.185000e+00  6.60377568 23.91310131 
  1.190000e+00  6.60377568 23.91310131 
  1.195000e+00  6.60377568 23.91310132 
  1.200000e+00  6.60377568 23.91310132 
  1.205000e+00  6.60377568 23.91310132 
  1.210000e+00  6.60377568 23.91310133 
  1.215000e+00  6.60377568 23.91310133 
  1.220000e+00  6.60377568 23.91310133 
  1.225000e+00  6.60377568 23.91310133 
  1.230000e+00  6.60377568 23.91310134 
  1.235000e+00  6.60377568 23.91310134 
  1.240000e+00  6.60377568 23.91310134 
  1.245000e+00  6.60377568 23.91310134 
  1.250000e+00  6.60377568 23.91310134 
  1.255000e+00  6.60377568 23.91310135 
  1.260000e+00  6.60377568 23.91310135 
  1.265000e+00  6.60377568 23.91310135 
  1.270000e+00  6.60377568 23.91310135 
  1.275000e+00  6.60377568 23.91310135 
  1.280000e+00  6.60377568 23.91310135 
  1.285000e+00  6.60377568 23.91310135 
  1.290000e+00  6.60377568 23.91310135 
  1.295000e+00  6.60377568 23.91310136 
  1.300000e+00  6.60377568 23.91310136 
  1.305000e+00  6.60377568 23.91310136 
  1.310000e+00  6.60377568 23.91310136 
  1.315000e+00  6.60377568 23.91310136 
  1.320000e+00  6.60377568 23.91310136 
  1.325000e+00  6.60377568 23.91310136 
  1.330000e+00  6.60377568 23.91310136 
  1.335000e+00  6.60377568 23.91310136 
  1.340000e+00  6.60377568 23.91310136 
  1.345000e+00  6.60377568 23.91310136 
  1.350000e+00  6.60377568 23.91310136 
  1.355000e+00  6.60377568 23.91310137 
  1.360000e+00  6.60377568 23.91310137 
  1.365000e+00  6.60377568 23.91310137 
  1.370000e+00  6.60377568 23.91310137 
  1.375000e+00  6.60377568 23.91310137 
  1.380000e+00  6.60377568 23.91310137 
  1.385000e+00  6.60377568 23.91310137 
  1.390000e+00  6.60377568 23.91310137 
  1.395000e+00  6.60377568 23.91310137 
  1.400000e+00  6.60377568 23.91310137 
  1.405000e+00  6.60377568 23.91310137 
  1.410000e+00  6.60377568 23.91310137 
  1.415000e+00  6.60377568 23.91310137 
  1.420000e+00  6.60377568 23.91310137 
  1.425000e+00  6.60377568 23.91310137 
  1.430000e+00  6.60377568 23.91310137 
  1.435000e+00  6.60377568 23.91310137 
  1.440000e+00  6.60377568 23.91310137 
  1.445000e+00  6.60377568 23.91310137 
  1.450000e+00  6.60377568 23.91310137 
  1.455000e+00  6.60377568 23.91310137 
  1.460000e+00  6.60377568 23.91310137 
  1.465000e+00  6.60377568 23.91310137 
  1.470000e+00  6.60377568 23.91310137 
  1.475000e+00  6.60377568 23.91310137 
  1.480000e+00  6.60377568 23.91310137 
  1.485000e+00  6.60377568 23.91310137 
  1.490000e+00  6.60377568 23.91310137 
  1.495000e+00  6.60377568 23.91310137 
  1.500000e+00  6.60377568 23.91310137 
  1.505000e+00  6.60377568 23.91310137 
  1.510000e+00  6.60377568 23.91310137 
  1.515000e+00  6.60377568 23.91310137 
  1.520000e+00  6.60377568 23.91310137 
  1.525000e+00  6.60377568 23.91310137 
  1.530000e+00  6.60377568 23.91310137 
  1.535000e+00  6.60377568 23.91310137 
  1.540000e+00  6.60377568 23.91310137 
  1.545000e+00  6.60377568 23.91310137 
  1.550000e+00  6.60377568 23.91310137 
  1.555000e+00  6.60377568 23.91310137 
  1.560000e+00  6.60377568 23.91310137 
  1.565000e+00  6.60377568 23.91310137 
  1.570000e+00  6.60377568 23.91310137 
  1.575000e+00  6.60377568 23.91310137 
  1.580000e+00  6.60377568 23.91310137 
  1.585000e+00  6.60377568 23.91310137 
  1.590000e+00  6.60377568 23.91310137 
  1.595000e+00  6.60377568 23.91310137 
  1.600000e+00  6.60377568 23.91310137 
  1.605000e+00  6.60377568 23.91310138 
  1.610000e+00  6.60377568 23.91310138 
  1.615000e+00  6.60377568 23.91310138 
  1.620000e+00  6.60377568 23.91310138 
  1.625000e+00  6.60377568 23.91310138 
  1.630000e+00  6.60377568 23.91310138 
  1.635000e+00  6.60377568 23.91310138 
  1.640000e+00  6.60377568 23.91310138 
  1.645000e+00  6.60377568 23.91310138 
  1.650000e+00  6.60377568 23.91310138 
  1.655000e+00  6.60377568 23.91310138 
  1.660000e+00  6.60377568 23.91310138 
  1.665000e+00  6.60377568 23.91310138 
  1.670000e+00  6.60377568 23.91310138 
  1.675000e+00  6.60377568 23.91310138 
  1.680000e+00  6.60377568 23.91310138 
  1.685000e+00  6.60377568 23.91310138 
  1.690000e+00  6.60377568 23.91310138 
  1.695000e+00  6.60377568 23.91310138 
  1.700000e+00  6.60377568 23.91310138 
  1.705000e+00  6.60377568 23.91310138 
  1.710000e+00  6.60377568 23.91310138 
  1.715000e+00  6.60377568 23.91310138 
  1.720000e+00  6.60377568 23.91310138 
  1.725000e+00  6.60377568 23.91310138 
  1.730000e+00  6.60377568 23.91310138 
  1.735000e+00  6.60377568 23.91310138 
  1.740000e+00  6.60377568 23.91310138 
  1.745000e+00  6.60377568 23.91310138 
  1.750000e+00  6.60377568 23.91310138 
  1.755000e+00  6.60377568 23.91310138 
  1.760000e+00  6.60377568 23.91310138 
  1.765000e+00  6.60377568 23.91310138 
  1.770000e+00  6.60377568 23.91310138 
  1.775000e+00  6.60377568 23.91310138 
  1.780000e+00  6.60377568 23.91310138 
  1.785000e+00  6.60377568 23.91310138 
  1.790000e+00  6.60377568 23.91310138 
  1.795000e+00  6.60377568 23.91310138 
  1.800000e+00  6.60377568 23.91310138 
  1.805000e+00  6.60377568 23.91310138 
  1.810000e+00  6.60377568 23.91310138 
  1.815000e+00  6.60377568 23.91310138 
  1.820000e+00  6.60377568 23.91310138 
  1.825000e+00  6.60377568 23.91310138 
  1.830000e+00  6.60377568 23.91310138 
  1.835000e+00  6.60377568 23.91310138 
  1.840000e+00  6.60377568 23.91310138 
  1.845000e+00  6.60377568 23.91310138 
  1.850000e+00  6.60377568 23.91310138 
  1.855000e+00  6.60377568 23.91310138 
  1.860000e+00  6.60377568 23.91310138 
  1.865000e+00  6.60377568 23.91310138 
  1.870000e+00  6.60377568 23.91310138 
  1.875000e+00  6.60377568 23.91310138 
  1.880000e+00  6.60377568 23.91310138 
  1.885000e+00  6.60377568 23.91310138 
  1.890000e+00  6.60377568 23.91310138 
  1.895000e+00  6.60377568 23.91310138 
  1.900000e+00  6.60377568 23.91310138 
  1.905000e+00  6.60377568 23.91310138 
  1.910000e+00  6.60377568 23.91310138 
  1.915000e+00  6.60377568 23.91310138 
  1.920000e+00  6.60377568 23.91310138 
  1.925000e+00  6.60377568 23.91310138 
  1.930000e+00  6.60377568 23.91310138 
  1.935000e+00  6.60377568 23.91310138 
  1.940000e+00  6.60377568 23.91310138 
  1.945000e+00  6.60377568 23.91310138 
  1.950000e+00  6.60377568 23.91310138 
  1.955000e+00  6.60377568 23.91310138 
  1.960000e+00  6.60377568 23.91310138 
  1.965000e+00  6.60377568 23.91310138 
  1.970000e+00  6.60377568 23.91310138 
  1.975000e+00  6.60377568 23.91310138 
  1.980000e+00  6.60377568 23.91310138 
  1.985000e+00  6.60377568 23.91310138 
  1.990000e+00  6.60377568 23.91310138 
  1.995000e+00  6.60377568 23.91310138 
  2.000000e+00  6.60377568 23.91310138 
