  5.000000e-03  101.974875  102.821902
  7.500000e-03  99.976013  101.792929
  1.000000e-02  98.033923  100.640208
  1.250000e-02  96.127746  99.304563
  1.500000e-02  94.191448  97.787042
  1.750000e-02  92.207498  96.132610
  2.000000e-02  90.242264  94.414451
  2.250000e-02  88.425043  92.714900
  2.500000e-02  86.878511  91.100890
  2.750000e-02  85.638858  89.610124
  3.000000e-02  84.640650  88.263149
  3.250000e-02  83.780484  87.066667
  3.500000e-02  82.977180  85.999188
  3.750000e-02  82.186165  85.023546
  4.000000e-02  81.394567  84.111596
  4.250000e-02  80.612650  83.249515
  4.500000e-02  79.861061  82.431726
  4.750000e-02  79.158513  81.656498
  5.000000e-02  78.515427  80.924278
  5.250000e-02  77.933653  80.236573
  5.500000e-02  77.409347  79.594954
  5.750000e-02  76.936357  79.000380
  6.000000e-02  76.508656  78.452826
  6.250000e-02  76.121369  77.951094
  6.500000e-02  75.770628  77.492799
  6.750000e-02  75.452861  77.074591
  7.000000e-02  75.164255  76.692604
  7.250000e-02  74.900753  76.342965
  7.500000e-02  74.658516  76.022150
  7.750000e-02  74.434420  75.727103
  8.000000e-02  74.226271  75.455176
  8.250000e-02  74.032626  75.204018
  8.500000e-02  73.852419  74.971489
  8.750000e-02  73.684588  74.755625
  9.000000e-02  73.527878  74.554635
  9.250000e-02  73.380843  74.366909
  9.500000e-02  73.241980  74.191018
  9.750000e-02  73.109913  74.025707
  1.000000e-01  72.983530  73.869877
  1.025000e-01  72.862045  73.722564
  1.050000e-01  72.744973  73.582917
  1.075000e-01  72.632051  73.450174
  1.100000e-01  72.523127  73.323651
  1.125000e-01  72.418064  73.202724
  1.150000e-01  72.316665  73.086820
  1.175000e-01  72.218637  72.975406
  1.200000e-01  72.123592  72.867989
  1.225000e-01  72.031079  72.764109
  1.250000e-01  71.940623  72.663343
  1.275000e-01  71.851780  72.565303
  1.300000e-01  71.764167  72.469634
  1.325000e-01  71.677487  72.376016
  1.350000e-01  71.591527  72.284158
  1.375000e-01  71.506143  72.193797
  1.400000e-01  71.421237  72.104694
  1.425000e-01  71.336730  72.016634
  1.450000e-01  71.252542  71.929420
  1.475000e-01  71.168580  71.842869
  1.500000e-01  71.084733  71.756819
  1.525000e-01  71.000882  71.671116
  1.550000e-01  70.916903  71.585621
  1.575000e-01  70.832675  71.500206
  1.600000e-01  70.748090  71.414752
  1.625000e-01  70.663055  71.329151
  1.650000e-01  70.577490  71.243302
  1.675000e-01  70.491327  71.157112
  1.700000e-01  70.404505  71.070496
  1.725000e-01  70.316970  70.983376
  1.750000e-01  70.228668  70.895676
  1.775000e-01  70.139549  70.807331
  1.800000e-01  70.049561  70.718274
  1.825000e-01  69.958653  70.628445
  1.850000e-01  69.866775  70.537785
  1.875000e-01  69.773876  70.446238
  1.900000e-01  69.679907  70.353747
  1.925000e-01  69.584820  70.260258
  1.950000e-01  69.488564  70.165718
  1.975000e-01  69.391092  70.070074
  2.000000e-01  69.292357  69.973274
  2.025000e-01  69.192312  69.875270
  2.050000e-01  69.090912  69.776012
  2.075000e-01  68.988119  69.675457
  2.100000e-01  68.883896  69.573563
  2.125000e-01  68.778216  69.470295
  2.150000e-01  68.671061  69.365624
  2.175000e-01  68.562424  69.259530
  2.200000e-01  68.452312  69.152004
  2.225000e-01  68.340750  69.043051
  2.250000e-01  68.227786  68.932691
  2.275000e-01  68.113487  68.820963
  2.300000e-01  67.997949  68.707928
  2.325000e-01  67.881297  68.593671
  2.350000e-01  67.763686  68.478303
  2.375000e-01  67.645302  68.361962
  2.400000e-01  67.526363  68.244817
  2.425000e-01  67.407116  68.127061
  2.450000e-01  67.287835  68.008915
  2.475000e-01  67.168811  67.890622
  2.500000e-01  67.050352  67.772445
  2.525000e-01  66.932765  67.654654
  2.550000e-01  66.816352  67.537526
  2.575000e-01  66.701401  67.421332
  2.600000e-01  66.588168  67.306333
  2.625000e-01  66.476878  67.192767
  2.650000e-01  66.367712  67.080847
  2.675000e-01  66.260804  66.970751
  2.700000e-01  66.156244  66.862625
  2.725000e-01  66.054073  66.756575
  2.750000e-01  65.954295  66.652673
  2.775000e-01  65.856877  66.550956
  2.800000e-01  65.761758  66.451429
  2.825000e-01  65.668856  66.354074
  2.850000e-01  65.578077  66.258852
  2.875000e-01  65.489319  66.165706
  2.900000e-01  65.402479  66.074569
  2.925000e-01  65.317455  65.985367
  2.950000e-01  65.234151  65.898024
  2.975000e-01  65.152475  65.812461
  3.000000e-01  65.072345  65.728599
  3.025000e-01  64.993682  65.646363
  3.050000e-01  64.916417  65.565682
  3.075000e-01  64.840483  65.486485
  3.100000e-01  64.765820  65.408706
  3.125000e-01  64.692370  65.332283
  3.150000e-01  64.620078  65.257154
  3.175000e-01  64.548893  65.183264
  3.200000e-01  64.478764  65.110555
  3.225000e-01  64.409642  65.038975
  3.250000e-01  64.341480  64.968471
  3.275000e-01  64.274232  64.898993
  3.300000e-01  64.207854  64.830494
  3.325000e-01  64.142304  64.762925
  3.350000e-01  64.077539  64.696242
  3.375000e-01  64.013520  64.630401
  3.400000e-01  63.950211  64.565361
  3.425000e-01  63.887575  64.501081
  3.450000e-01  63.825578  64.437523
  3.475000e-01  63.764190  64.374651
  3.500000e-01  63.703380  64.312432
  3.525000e-01  63.643122  64.250833
  3.550000e-01  63.583390  64.189824
  3.575000e-01  63.524160  64.129377
  3.600000e-01  63.465411  64.069465
  3.625000e-01  63.407121  64.010065
  3.650000e-01  63.349274  63.951154
  3.675000e-01  63.291851  63.892711
  3.700000e-01  63.234836  63.834716
  3.725000e-01  63.178216  63.777152
  3.750000e-01  63.121975  63.720002
  3.775000e-01  63.066102  63.663250
  3.800000e-01  63.010585  63.606882
  3.825000e-01  62.955413  63.550884
  3.850000e-01  62.900574  63.495245
  3.875000e-01  62.846060  63.439953
  3.900000e-01  62.791861  63.384996
  3.925000e-01  62.737969  63.330365
  3.950000e-01  62.684377  63.276050
  3.975000e-01  62.631075  63.222042
  4.000000e-01  62.578058  63.168334
  4.025000e-01  62.525320  63.114917
  4.050000e-01  62.472854  63.061785
  4.075000e-01  62.420655  63.008931
  4.100000e-01  62.368720  62.956350
  4.125000e-01  62.317044  62.904035
  4.150000e-01  62.265624  62.851984
  4.175000e-01  62.214458  62.800192
  4.200000e-01  62.163543  62.748655
  4.225000e-01  62.112878  62.697371
  4.250000e-01  62.062463  62.646338
  4.275000e-01  62.012298  62.595554
  4.300000e-01  61.962384  62.545020
  4.325000e-01  61.912721  62.494734
  4.350000e-01  61.863312  62.444698
  4.375000e-01  61.814159  62.394912
  4.400000e-01  61.765265  62.345379
  4.425000e-01  61.716633  62.296100
  4.450000e-01  61.668266  62.247079
  4.475000e-01  61.620169  62.198317
  4.500000e-01  61.572346  62.149819
  4.525000e-01  61.524800  62.101589
  4.550000e-01  61.477537  62.053629
  4.575000e-01  61.430560  62.005944
  4.600000e-01  61.383873  61.958539
  4.625000e-01  61.337482  61.911418
  4.650000e-01  61.291388  61.864583
  4.675000e-01  61.245598  61.818041
  4.700000e-01  61.200113  61.771794
  4.725000e-01  61.154937  61.725846
  4.750000e-01  61.110073  61.680201
  4.775000e-01  61.065524  61.634862
  4.800000e-01  61.021291  61.589832
  4.825000e-01  60.977377  61.545114
  4.850000e-01  60.933784  61.500709
  4.875000e-01  60.890512  61.456621
  4.900000e-01  60.847563  61.412851
  4.925000e-01  60.804937  61.369401
  4.950000e-01  60.762637  61.326272
  4.975000e-01  60.720661  61.283464
  5.000000e-01  60.679010  61.240980
  5.025000e-01  60.637685  61.198820
  5.050000e-01  60.596687  61.156984
  5.075000e-01  60.556015  61.115473
  5.100000e-01  60.515670  61.074288
  5.125000e-01  60.475652  61.033430
  5.150000e-01  60.435963  60.992898
  5.175000e-01  60.396602  60.952694
  5.200000e-01  60.357571  60.912818
  5.225000e-01  60.318871  60.873270
  5.250000e-01  60.280502  60.834053
  5.275000e-01  60.242468  60.795167
  5.300000e-01  60.204768  60.756614
  5.325000e-01  60.167404  60.718394
  5.350000e-01  60.130380  60.680509
  5.375000e-01  60.093696  60.642961
  5.400000e-01  60.057354  60.605752
  5.425000e-01  60.021357  60.568883
  5.450000e-01  59.985708  60.532357
  5.475000e-01  59.950407  60.496176
  5.500000e-01  59.915458  60.460341
  5.525000e-01  59.880862  60.424854
  5.550000e-01  59.846621  60.389719
  5.575000e-01  59.812738  60.354936
  5.600000e-01  59.779213  60.320507
  5.625000e-01  59.746049  60.286435
  5.650000e-01  59.713246  60.252721
  5.675000e-01  59.680806  60.219366
  5.700000e-01  59.648729  60.186371
  5.725000e-01  59.617015  60.153738
  5.750000e-01  59.585665  60.121467
  5.775000e-01  59.554678  60.089558
  5.800000e-01  59.524054  60.058012
  5.825000e-01  59.493792  60.026828
  5.850000e-01  59.463890  59.996006
  5.875000e-01  59.434348  59.965546
  5.900000e-01  59.405163  59.935445
  5.925000e-01  59.376333  59.905704
  5.950000e-01  59.347857  59.876319
  5.975000e-01  59.319730  59.847289
  6.000000e-01  59.291952  59.818613
  6.025000e-01  59.264518  59.790287
  6.050000e-01  59.237426  59.762309
  6.075000e-01  59.210672  59.734677
  6.100000e-01  59.184252  59.707386
  6.125000e-01  59.158164  59.680435
  6.150000e-01  59.132404  59.653820
  6.175000e-01  59.106968  59.627537
  6.200000e-01  59.081852  59.601583
  6.225000e-01  59.057052  59.575955
  6.250000e-01  59.032566  59.550648
  6.275000e-01  59.008390  59.525660
  6.300000e-01  58.984519  59.500987
  6.325000e-01  58.960951  59.476625
  6.350000e-01  58.937682  59.452571
  6.375000e-01  58.914708  59.428822
  6.400000e-01  58.892028  59.405374
  6.425000e-01  58.869637  59.382223
  6.450000e-01  58.847532  59.359367
  6.475000e-01  58.825711  59.336803
  6.500000e-01  58.804172  59.314527
  6.525000e-01  58.782911  59.292538
  6.550000e-01  58.761926  59.270831
  6.575000e-01  58.741216  59.249405
  6.600000e-01  58.720777  59.228257
  6.625000e-01  58.700607  59.207385
  6.650000e-01  58.680706  59.186786
  6.675000e-01  58.661070  59.166459
  6.700000e-01  58.641699  59.146401
  6.725000e-01  58.622590  59.126611
  6.750000e-01  58.603743  59.107086
  6.775000e-01  58.585155  59.087825
  6.800000e-01  58.566825  59.068827
  6.825000e-01  58.548752  59.050090
  6.850000e-01  58.530934  59.031611
  6.875000e-01  58.513370  59.013391
  6.900000e-01  58.496059  58.995427
  6.925000e-01  58.479000  58.977718
  6.950000e-01  58.462190  58.960262
  6.975000e-01  58.445629  58.943059
  7.000000e-01  58.429315  58.926107
  7.025000e-01  58.413247  58.909404
  7.050000e-01  58.397424  58.892949
  7.075000e-01  58.381843  58.876740
  7.100000e-01  58.366504  58.860777
  7.125000e-01  58.351404  58.845057
  7.150000e-01  58.336542  58.829579
  7.175000e-01  58.321917  58.814342
  7.200000e-01  58.307526  58.799343
  7.225000e-01  58.293367  58.784581
  7.250000e-01  58.279439  58.770054
  7.275000e-01  58.265739  58.755760
  7.300000e-01  58.252265  58.741697
  7.325000e-01  58.239016  58.727864
  7.350000e-01  58.225988  58.714258
  7.375000e-01  58.213180  58.700876
  7.400000e-01  58.200589  58.687717
  7.425000e-01  58.188212  58.674779
  7.450000e-01  58.176047  58.662059
  7.475000e-01  58.164092  58.649554
  7.500000e-01  58.152344  58.637262
  7.525000e-01  58.140800  58.625181
  7.550000e-01  58.129457  58.613308
  7.575000e-01  58.118313  58.601640
  7.600000e-01  58.107365  58.590175
  7.625000e-01  58.096610  58.578909
  7.650000e-01  58.086045  58.567841
  7.675000e-01  58.075667  58.556967
  7.700000e-01  58.065474  58.546285
  7.725000e-01  58.055462  58.535791
  7.750000e-01  58.045629  58.525483
  7.775000e-01  58.035971  58.515359
  7.800000e-01  58.026487  58.505414
  7.825000e-01  58.017172  58.495646
  7.850000e-01  58.008024  58.486053
  7.875000e-01  57.999041  58.476631
  7.900000e-01  57.990219  58.467378
  7.925000e-01  57.981555  58.458290
  7.950000e-01  57.973047  58.449366
  7.975000e-01  57.964691  58.440601
  8.000000e-01  57.956486  58.431994
  8.025000e-01  57.948428  58.423541
  8.050000e-01  57.940515  58.415239
  8.075000e-01  57.932744  58.407087
  8.100000e-01  57.925112  58.399081
  8.125000e-01  57.917617  58.391218
  8.150000e-01  57.910256  58.383497
  8.175000e-01  57.903027  58.375913
  8.200000e-01  57.895927  58.368466
  8.225000e-01  57.888954  58.361151
  8.250000e-01  57.882105  58.353968
  8.275000e-01  57.875379  58.346912
  8.300000e-01  57.868772  58.339983
  8.325000e-01  57.862282  58.333177
  8.350000e-01  57.855908  58.326493
  8.375000e-01  57.849647  58.319927
  8.400000e-01  57.843497  58.313478
  8.425000e-01  57.837456  58.307143
  8.450000e-01  57.831522  58.300921
  8.475000e-01  57.825692  58.294809
  8.500000e-01  57.819966  58.288805
  8.525000e-01  57.814340  58.282908
  8.550000e-01  57.808814  58.277114
  8.575000e-01  57.803384  58.271423
  8.600000e-01  57.798051  58.265832
  8.625000e-01  57.792811  58.260340
  8.650000e-01  57.787663  58.254944
  8.675000e-01  57.782605  58.249643
  8.700000e-01  57.777636  58.244435
  8.725000e-01  57.772754  58.239319
  8.750000e-01  57.767957  58.234292
  8.775000e-01  57.763245  58.229354
  8.800000e-01  57.758615  58.224502
  8.825000e-01  57.754066  58.219735
  8.850000e-01  57.749596  58.215051
  8.875000e-01  57.745205  58.210450
  8.900000e-01  57.740890  58.205929
  8.925000e-01  57.736651  58.201487
  8.950000e-01  57.732486  58.197123
  8.975000e-01  57.728394  58.192835
  9.000000e-01  57.724373  58.188622
  9.025000e-01  57.720423  58.184482
  9.050000e-01  57.716541  58.180416
  9.075000e-01  57.712728  58.176420
  9.100000e-01  57.708981  58.172494
  9.125000e-01  57.705301  58.168637
  9.150000e-01  57.701684  58.164847
  9.175000e-01  57.698131  58.161124
  9.200000e-01  57.694641  58.157466
  9.225000e-01  57.691211  58.153873
  9.250000e-01  57.687842  58.150342
  9.275000e-01  57.684533  58.146873
  9.300000e-01  57.681281  58.143466
  9.325000e-01  57.678087  58.140118
  9.350000e-01  57.674950  58.136829
  9.375000e-01  57.671867  58.133599
  9.400000e-01  57.668840  58.130425
  9.425000e-01  57.665866  58.127307
  9.450000e-01  57.662944  58.124244
  9.475000e-01  57.660075  58.121236
  9.500000e-01  57.657256  58.118281
  9.525000e-01  57.654488  58.115378
  9.550000e-01  57.651769  58.112527
  9.575000e-01  57.649098  58.109726
  9.600000e-01  57.646476  58.106976
  9.625000e-01  57.643900  58.104274
  9.650000e-01  57.641370  58.101621
  9.675000e-01  57.638886  58.099015
  9.700000e-01  57.636446  58.096456
  9.725000e-01  57.634051  58.093943
  9.750000e-01  57.631698  58.091475
  9.775000e-01  57.629388  58.089051
  9.800000e-01  57.627120  58.086671
  9.825000e-01  57.624893  58.084334
  9.850000e-01  57.622706  58.082039
  9.875000e-01  57.620560  58.079785
  9.900000e-01  57.618452  58.077573
  9.925000e-01  57.616382  58.075401
  9.950000e-01  57.614351  58.073268
  9.975000e-01  57.612356  58.071174
  1.000000e+00  57.610398  58.069118
  1.002500e+00  57.608476  58.067100
  1.005000e+00  57.606590  58.065118
  1.007500e+00  57.604738  58.063173
  1.010000e+00  57.602920  58.061264
  1.012500e+00  57.601136  58.059390
  1.015000e+00  57.599385  58.057550
  1.017500e+00  57.597666  58.055745
  1.020000e+00  57.595979  58.053972
  1.022500e+00  57.594324  58.052233
  1.025000e+00  57.592699  58.050526
  1.027500e+00  57.591105  58.048850
  1.030000e+00  57.589540  58.047205
  1.032500e+00  57.588005  58.045592
  1.035000e+00  57.586498  58.044008
  1.037500e+00  57.585020  58.042454
  1.040000e+00  57.583569  58.040929
  1.042500e+00  57.582146  58.039432
  1.045000e+00  57.580750  58.037964
  1.047500e+00  57.579379  58.036523
  1.050000e+00  57.578035  58.035109
  1.052500e+00  57.576716  58.033722
  1.055000e+00  57.575423  58.032361
  1.057500e+00  57.574153  58.031026
  1.060000e+00  57.572908  58.029716
  1.062500e+00  57.571687  58.028431
  1.065000e+00  57.570489  58.027170
  1.067500e+00  57.569313  58.025934
  1.070000e+00  57.568160  58.024720
  1.072500e+00  57.567029  58.023530
  1.075000e+00  57.565920  58.022363
  1.077500e+00  57.564832  58.021218
  1.080000e+00  57.563765  58.020095
  1.082500e+00  57.562719  58.018993
  1.085000e+00  57.561692  58.017912
  1.087500e+00  57.560685  58.016853
  1.090000e+00  57.559698  58.015813
  1.092500e+00  57.558730  58.014794
  1.095000e+00  57.557780  58.013794
  1.097500e+00  57.556849  58.012813
  1.100000e+00  57.555936  58.011851
  1.102500e+00  57.555041  58.010908
  1.105000e+00  57.554162  58.009984
  1.107500e+00  57.553301  58.009077
  1.110000e+00  57.552457  58.008187
  1.112500e+00  57.551629  58.007315
  1.115000e+00  57.550818  58.006460
  1.117500e+00  57.550022  58.005621
  1.120000e+00  57.549241  58.004799
  1.122500e+00  57.548476  58.003993
  1.125000e+00  57.547726  58.003203
  1.127500e+00  57.546990  58.002427
  1.130000e+00  57.546269  58.001668
  1.132500e+00  57.545562  58.000922
  1.135000e+00  57.544869  58.000192
  1.137500e+00  57.544189  57.999476
  1.140000e+00  57.543523  57.998774
  1.142500e+00  57.542870  57.998085
  1.145000e+00  57.542230  57.997410
  1.147500e+00  57.541602  57.996749
  1.150000e+00  57.540987  57.996100
  1.152500e+00  57.540384  57.995464
  1.155000e+00  57.539792  57.994841
  1.157500e+00  57.539213  57.994230
  1.160000e+00  57.538645  57.993631
  1.162500e+00  57.538088  57.993043
  1.165000e+00  57.537542  57.992468
  1.167500e+00  57.537006  57.991903
  1.170000e+00  57.536482  57.991350
  1.172500e+00  57.535968  57.990808
  1.175000e+00  57.535464  57.990277
  1.177500e+00  57.534970  57.989756
  1.180000e+00  57.534486  57.989245
  1.182500e+00  57.534011  57.988744
  1.185000e+00  57.533546  57.988254
  1.187500e+00  57.533090  57.987773
  1.190000e+00  57.532643  57.987302
  1.192500e+00  57.532205  57.986840
  1.195000e+00  57.531776  57.986387
  1.197500e+00  57.531355  57.985943
  1.200000e+00  57.530943  57.985508
  1.202500e+00  57.530539  57.985082
  1.205000e+00  57.530142  57.984664
  1.207500e+00  57.529754  57.984254
  1.210000e+00  57.529374  57.983853
  1.212500e+00  57.529001  57.983460
  1.215000e+00  57.528636  57.983074
  1.217500e+00  57.528277  57.982696
  1.220000e+00  57.527926  57.982326
  1.222500e+00  57.527583  57.981963
  1.225000e+00  57.527245  57.981607
  1.227500e+00  57.526915  57.981259
  1.230000e+00  57.526591  57.980917
  1.232500e+00  57.526274  57.980582
  1.235000e+00  57.525963  57.980254
  1.237500e+00  57.525658  57.979933
  1.240000e+00  57.525360  57.979618
  1.242500e+00  57.525067  57.979309
  1.245000e+00  57.524780  57.979006
  1.247500e+00  57.524499  57.978710
  1.250000e+00  57.524224  57.978419
  1.252500e+00  57.523954  57.978134
  1.255000e+00  57.523690  57.977855
  1.257500e+00  57.523431  57.977582
  1.260000e+00  57.523177  57.977314
  1.262500e+00  57.522928  57.977051
  1.265000e+00  57.522684  57.976794
  1.267500e+00  57.522445  57.976542
  1.270000e+00  57.522211  57.976294
  1.272500e+00  57.521981  57.976052
  1.275000e+00  57.521756  57.975815
  1.277500e+00  57.521536  57.975582
  1.280000e+00  57.521320  57.975355
  1.282500e+00  57.521109  57.975131
  1.285000e+00  57.520901  57.974912
  1.287500e+00  57.520698  57.974698
  1.290000e+00  57.520499  57.974488
  1.292500e+00  57.520304  57.974282
  1.295000e+00  57.520113  57.974080
  1.297500e+00  57.519925  57.973882
  1.300000e+00  57.519742  57.973689
  1.302500e+00  57.519562  57.973499
  1.305000e+00  57.519386  57.973313
  1.307500e+00  57.519213  57.973131
  1.310000e+00  57.519044  57.972952
  1.312500e+00  57.518878  57.972777
  1.315000e+00  57.518716  57.972605
  1.317500e+00  57.518556  57.972437
  1.320000e+00  57.518400  57.972273
  1.322500e+00  57.518248  57.972111
  1.325000e+00  57.518098  57.971953
  1.327500e+00  57.517951  57.971798
  1.330000e+00  57.517807  57.971646
  1.332500e+00  57.517666  57.971498
  1.335000e+00  57.517528  57.971352
  1.337500e+00  57.517393  57.971209
  1.340000e+00  57.517260  57.971069
  1.342500e+00  57.517130  57.970932
  1.345000e+00  57.517003  57.970798
  1.347500e+00  57.516878  57.970666
  1.350000e+00  57.516756  57.970537
  1.352500e+00  57.516636  57.970411
  1.355000e+00  57.516519  57.970287
  1.357500e+00  57.516404  57.970165
  1.360000e+00  57.516292  57.970046
  1.362500e+00  57.516181  57.969930
  1.365000e+00  57.516073  57.969816
  1.367500e+00  57.515967  57.969704
  1.370000e+00  57.515863  57.969594
  1.372500e+00  57.515761  57.969487
  1.375000e+00  57.515662  57.969382
  1.377500e+00  57.515564  57.969278
  1.380000e+00  57.515468  57.969177
  1.382500e+00  57.515375  57.969078
  1.385000e+00  57.515283  57.968981
  1.387500e+00  57.515193  57.968886
  1.390000e+00  57.515104  57.968793
  1.392500e+00  57.515018  57.968702
  1.395000e+00  57.514933  57.968613
  1.397500e+00  57.514850  57.968525
  1.400000e+00  57.514769  57.968439
  1.402500e+00  57.514689  57.968355
  1.405000e+00  57.514611  57.968272
  1.407500e+00  57.514535  57.968192
  1.410000e+00  57.514460  57.968113
  1.412500e+00  57.514386  57.968035
  1.415000e+00  57.514314  57.967959
  1.417500e+00  57.514244  57.967885
  1.420000e+00  57.514175  57.967812
  1.422500e+00  57.514107  57.967740
  1.425000e+00  57.514041  57.967670
  1.427500e+00  57.513975  57.967601
  1.430000e+00  57.513912  57.967534
  1.432500e+00  57.513849  57.967468
  1.435000e+00  57.513788  57.967404
  1.437500e+00  57.513728  57.967341
  1.440000e+00  57.513670  57.967279
  1.442500e+00  57.513612  57.967218
  1.445000e+00  57.513556  57.967158
  1.447500e+00  57.513500  57.967100
  1.450000e+00  57.513446  57.967043
  1.452500e+00  57.513393  57.966987
  1.455000e+00  57.513341  57.966932
  1.457500e+00  57.513290  57.966878
  1.460000e+00  57.513241  57.966826
  1.462500e+00  57.513192  57.966774
  1.465000e+00  57.513144  57.966723
  1.467500e+00  57.513097  57.966674
  1.470000e+00  57.513051  57.966625
  1.472500e+00  57.513006  57.966578
  1.475000e+00  57.512962  57.966531
  1.477500e+00  57.512918  57.966486
  1.480000e+00  57.512876  57.966441
  1.482500e+00  57.512834  57.966397
  1.485000e+00  57.512794  57.966354
  1.487500e+00  57.512754  57.966312
  1.490000e+00  57.512715  57.966271
  1.492500e+00  57.512677  57.966230
  1.495000e+00  57.512639  57.966191
  1.497500e+00  57.512602  57.966152
  1.500000e+00  57.512566  57.966114
  1.502500e+00  57.512531  57.966077
  1.505000e+00  57.512496  57.966040
  1.507500e+00  57.512463  57.966004
  1.510000e+00  57.512429  57.965969
  1.512500e+00  57.512397  57.965935
  1.515000e+00  57.512365  57.965901
  1.517500e+00  57.512334  57.965868
  1.520000e+00  57.512303  57.965836
  1.522500e+00  57.512273  57.965804
  1.525000e+00  57.512244  57.965773
  1.527500e+00  57.512215  57.965743
  1.530000e+00  57.512187  57.965713
  1.532500e+00  57.512159  57.965684
  1.535000e+00  57.512132  57.965655
  1.537500e+00  57.512105  57.965627
  1.540000e+00  57.512079  57.965600
  1.542500e+00  57.512054  57.965573
  1.545000e+00  57.512029  57.965547
  1.547500e+00  57.512005  57.965521
  1.550000e+00  57.511981  57.965495
  1.552500e+00  57.511957  57.965471
  1.555000e+00  57.511934  57.965446
  1.557500e+00  57.511911  57.965423
  1.560000e+00  57.511889  57.965399
  1.562500e+00  57.511868  57.965376
  1.565000e+00  57.511847  57.965354
  1.567500e+00  57.511826  57.965332
  1.570000e+00  57.511805  57.965311
  1.572500e+00  57.511785  57.965289
  1.575000e+00  57.511766  57.965269
  1.577500e+00  57.511747  57.965249
  1.580000e+00  57.511728  57.965229
  1.582500e+00  57.511709  57.965209
  1.585000e+00  57.511691  57.965190
  1.587500e+00  57.511674  57.965172
  1.590000e+00  57.511656  57.965153
  1.592500e+00  57.511640  57.965135
  1.595000e+00  57.511623  57.965118
  1.597500e+00  57.511607  57.965101
  1.600000e+00  57.511591  57.965084
  1.602500e+00  57.511575  57.965067
  1.605000e+00  57.511560  57.965051
  1.607500e+00  57.511545  57.965035
  1.610000e+00  57.511530  57.965020
  1.612500e+00  57.511516  57.965005
  1.615000e+00  57.511501  57.964990
  1.617500e+00  57.511488  57.964975
  1.620000e+00  57.511474  57.964961
  1.622500e+00  57.511461  57.964947
  1.625000e+00  57.511448  57.964933
  1.627500e+00  57.511435  57.964919
  1.630000e+00  57.511422  57.964906
  1.632500e+00  57.511410  57.964893
  1.635000e+00  57.511398  57.964881
  1.637500e+00  57.511386  57.964868
  1.640000e+00  57.511375  57.964856
  1.642500e+00  57.511364  57.964844
  1.645000e+00  57.511352  57.964832
  1.647500e+00  57.511342  57.964821
  1.650000e+00  57.511331  57.964810
  1.652500e+00  57.511321  57.964799
  1.655000e+00  57.511310  57.964788
  1.657500e+00  57.511300  57.964777
  1.660000e+00  57.511291  57.964767
  1.662500e+00  57.511281  57.964757
  1.665000e+00  57.511272  57.964747
  1.667500e+00  57.511262  57.964737
  1.670000e+00  57.511253  57.964728
  1.672500e+00  57.511244  57.964718
  1.675000e+00  57.511236  57.964709
  1.677500e+00  57.511227  57.964700
  1.680000e+00  57.511219  57.964692
  1.682500e+00  57.511211  57.964683
  1.685000e+00  57.511203  57.964675
  1.687500e+00  57.511195  57.964666
  1.690000e+00  57.511187  57.964658
  1.692500e+00  57.511180  57.964650
  1.695000e+00  57.511172  57.964642
  1.697500e+00  57.511165  57.964635
  1.700000e+00  57.511158  57.964627
  1.702500e+00  57.511151  57.964620
  1.705000e+00  57.511144  57.964613
  1.707500e+00  57.511138  57.964606
  1.710000e+00  57.511131  57.964599
  1.712500e+00  57.511125  57.964592
  1.715000e+00  57.511119  57.964586
  1.717500e+00  57.511112  57.964579
  1.720000e+00  57.511106  57.964573
  1.722500e+00  57.511100  57.964566
  1.725000e+00  57.511095  57.964560
  1.727500e+00  57.511089  57.964554
  1.730000e+00  57.511083  57.964549
  1.732500e+00  57.511078  57.964543
  1.735000e+00  57.511073  57.964537
  1.737500e+00  57.511068  57.964532
  1.740000e+00  57.511062  57.964526
  1.742500e+00  57.511057  57.964521
  1.745000e+00  57.511052  57.964516
  1.747500e+00  57.511048  57.964511
  1.750000e+00  57.511043  57.964506
  1.752500e+00  57.511038  57.964501
  1.755000e+00  57.511034  57.964496
  1.757500e+00  57.511029  57.964491
  1.760000e+00  57.511025  57.964487
  1.762500e+00  57.511021  57.964482
  1.765000e+00  57.511017  57.964478
  1.767500e+00  57.511012  57.964474
  1.770000e+00  57.511008  57.964469
  1.772500e+00  57.511005  57.964465
  1.775000e+00  57.511001  57.964461
  1.777500e+00  57.510997  57.964457
  1.780000e+00  57.510993  57.964453
  1.782500e+00  57.510990  57.964449
  1.785000e+00  57.510986  57.964446
  1.787500e+00  57.510983  57.964442
  1.790000e+00  57.510979  57.964438
  1.792500e+00  57.510976  57.964435
  1.795000e+00  57.510973  57.964431
  1.797500e+00  57.510969  57.964428
  1.800000e+00  57.510966  57.964425
  1.802500e+00  57.510963  57.964422
  1.805000e+00  57.510960  57.964418
  1.807500e+00  57.510957  57.964415
  1.810000e+00  57.510954  57.964412
  1.812500e+00  57.510951  57.964409
  1.815000e+00  57.510949  57.964406
  1.817500e+00  57.510946  57.964403
  1.820000e+00  57.510943  57.964401
  1.822500e+00  57.510941  57.964398
  1.825000e+00  57.510938  57.964395
  1.827500e+00  57.510936  57.964392
  1.830000e+00  57.510933  57.964390
  1.832500e+00  57.510931  57.964387
  1.835000e+00  57.510928  57.964385
  1.837500e+00  57.510926  57.964382
  1.840000e+00  57.510924  57.964380
  1.842500e+00  57.510921  57.964378
  1.845000e+00  57.510919  57.964375
  1.847500e+00  57.510917  57.964373
  1.850000e+00  57.510915  57.964371
  1.852500e+00  57.510913  57.964369
  1.855000e+00  57.510911  57.964366
  1.857500e+00  57.510909  57.964364
  1.860000e+00  57.510907  57.964362
  1.862500e+00  57.510905  57.964360
  1.865000e+00  57.510903  57.964358
  1.867500e+00  57.510902  57.964357
  1.870000e+00  57.510900  57.964355
  1.872500e+00  57.510898  57.964353
  1.875000e+00  57.510896  57.964351
  1.877500e+00  57.510895  57.964349
  1.880000e+00  57.510893  57.964347
  1.882500e+00  57.510891  57.964346
  1.885000e+00  57.510890  57.964344
  1.887500e+00  57.510888  57.964342
  1.890000e+00  57.510887  57.964341
  1.892500e+00  57.510885  57.964339
  1.895000e+00  57.510884  57.964338
  1.897500e+00  57.510882  57.964336
  1.900000e+00  57.510881  57.964335
  1.902500e+00  57.510880  57.964333
  1.905000e+00  57.510878  57.964332
  1.907500e+00  57.510877  57.964331
  1.910000e+00  57.510876  57.964329
  1.912500e+00  57.510874  57.964328
  1.915000e+00  57.510873  57.964327
  1.917500e+00  57.510872  57.964325
  1.920000e+00  57.510871  57.964324
  1.922500e+00  57.510870  57.964323
  1.925000e+00  57.510868  57.964322
  1.927500e+00  57.510867  57.964320
  1.930000e+00  57.510866  57.964319
  1.932500e+00  57.510865  57.964318
  1.935000e+00  57.510864  57.964317
  1.937500e+00  57.510863  57.964316
  1.940000e+00  57.510862  57.964315
  1.942500e+00  57.510861  57.964314
  1.945000e+00  57.510860  57.964313
  1.947500e+00  57.510859  57.964312
  1.950000e+00  57.510858  57.964311
  1.952500e+00  57.510857  57.964310
  1.955000e+00  57.510856  57.964309
  1.957500e+00  57.510856  57.964308
  1.960000e+00  57.510855  57.964307
  1.962500e+00  57.510854  57.964306
  1.965000e+00  57.510853  57.964305
  1.967500e+00  57.510852  57.964305
  1.970000e+00  57.510851  57.964304
  1.972500e+00  57.510851  57.964303
  1.975000e+00  57.510850  57.964302
  1.977500e+00  57.510849  57.964301
  1.980000e+00  57.510848  57.964301
  1.982500e+00  57.510848  57.964300
  1.985000e+00  57.510847  57.964299
  1.987500e+00  57.510846  57.964298
  1.990000e+00  57.510846  57.964298
  1.992500e+00  57.510845  57.964297
  1.995000e+00  57.510844  57.964296
  1.997500e+00  57.510844  57.964296
  2.000000e+00  57.510843  57.964295
