  5.000000e-03  -2392.08771314  23.91251851 
  7.500000e-03  -2392.08771314  23.91289852 
  1.000000e-02  -2392.08771314  23.91319668 
  1.250000e-02  -2392.08771314  23.91349280 
  1.500000e-02  -2392.08771314  23.91370774 
  1.750000e-02  -2392.08771314  23.91370750 
  2.000000e-02  -2392.08771314  23.91340760 
  2.250000e-02  -2392.08771314  23.91285438 
  2.500000e-02  -2392.08771314  23.91223334 
  2.750000e-02  -2392.08771314  23.91176260 
  3.000000e-02  -2392.08771314  23.91154867 
  3.250000e-02  -2392.08771314  23.91155558 
  3.500000e-02  -2392.08771314  23.91168559 
  3.750000e-02  -2392.08771314  23.91185351 
  4.000000e-02  -2392.08771314  23.91201072 
  4.250000e-02  -2392.08771314  23.91213978 
  4.500000e-02  -2392.08771314  23.91224076 
  4.750000e-02  -2392.08771314  23.91231936 
  5.000000e-02  -2392.08771314  23.91238044 
  5.250000e-02  -2392.08771314  23.91242664 
  5.500000e-02  -2392.08771314  23.91245947 
  5.750000e-02  -2392.08771314  23.91248094 
  6.000000e-02  -2392.08771314  23.91249415 
  6.250000e-02  -2392.08771314  23.91250286 
  6.500000e-02  -2392.08771314  23.91251043 
  6.750000e-02  -2392.08771314  23.91251899 
  7.000000e-02  -2392.08771314  23.91252930 
  7.250000e-02  -2392.08771314  23.91254108 
  7.500000e-02  -2392.08771314  23.91255364 
  7.750000e-02  -2392.08771314  23.91256631 
  8.000000e-02  -2392.08771314  23.91257866 
  8.250000e-02  -2392.08771314  23.91259047 
  8.500000e-02  -2392.08771314  23.91260162 
  8.750000e-02  -2392.08771314  23.91261200 
  9.000000e-02  -2392.08771314  23.91262153 
  9.250000e-02  -2392.08771314  23.91263009 
  9.500000e-02  -2392.08771314  23.91263763 
  9.750000e-02  -2392.08771314  23.91264419 
  1.000000e-01  -2392.08771314  23.91264983 
  1.025000e-01  -2392.08771314  23.91265473 
  1.050000e-01  -2392.08771314  23.91265903 
  1.075000e-01  -2392.08771314  23.91266292 
  1.100000e-01  -2392.08771314  23.91266653 
  1.125000e-01  -2392.08771314  23.91266995 
  1.150000e-01  -2392.08771314  23.91267323 
  1.175000e-01  -2392.08771314  23.91267637 
  1.200000e-01  -2392.08771314  23.91267938 
  1.225000e-01  -2392.08771314  23.91268223 
  1.250000e-01  -2392.08771314  23.91268492 
  1.275000e-01  -2392.08771314  23.91268744 
  1.300000e-01  -2392.08771314  23.91268980 
  1.325000e-01  -2392.08771314  23.91269204 
  1.350000e-01  -2392.08771314  23.91269418 
  1.375000e-01  -2392.08771314  23.91269625 
  1.400000e-01  -2392.08771314  23.91269827 
  1.425000e-01  -2392.08771314  23.91270026 
  1.450000e-01  -2392.08771314  23.91270223 
  1.475000e-01  -2392.08771314  23.91270419 
  1.500000e-01  -2392.08771314  23.91270615 
  1.525000e-01  -2392.08771314  23.91270810 
  1.550000e-01  -2392.08771314  23.91271006 
  1.575000e-01  -2392.08771314  23.91271202 
  1.600000e-01  -2392.08771314  23.91271399 
  1.625000e-01  -2392.08771314  23.91271597 
  1.650000e-01  -2392.08771314  23.91271797 
  1.675000e-01  -2392.08771314  23.91271999 
  1.700000e-01  -2392.08771314  23.91272203 
  1.725000e-01  -2392.08771314  23.91272410 
  1.750000e-01  -2392.08771314  23.91272620 
  1.775000e-01  -2392.08771314  23.91272833 
  1.800000e-01  -2392.08771314  23.91273050 
  1.825000e-01  -2392.08771314  23.91273271 
  1.850000e-01  -2392.08771314  23.91273497 
  1.875000e-01  -2392.08771314  23.91273728 
  1.900000e-01  -2392.08771314  23.91273964 
  1.925000e-01  -2392.08771314  23.91274205 
  1.950000e-01  -2392.08771314  23.91274453 
  1.975000e-01  -2392.08771314  23.91274707 
  2.000000e-01  -2392.08771314  23.91274968 
  2.025000e-01  -2392.08771314  23.91275237 
  2.050000e-01  -2392.08771314  23.91275514 
  2.075000e-01  -2392.08771314  23.91275799 
  2.100000e-01  -2392.08771314  23.91276093 
  2.125000e-01  -2392.08771314  23.91276396 
  2.150000e-01  -2392.08771314  23.91276709 
  2.175000e-01  -2392.08771314  23.91277032 
  2.200000e-01  -2392.08771314  23.91277365 
  2.225000e-01  -2392.08771314  23.91277708 
  2.250000e-01  -2392.08771314  23.91278061 
  2.275000e-01  -2392.08771314  23.91278423 
  2.300000e-01  -2392.08771314  23.91278794 
  2.325000e-01  -2392.08771314  23.91279174 
  2.350000e-01  -2392.08771314  23.91279560 
  2.375000e-01  -2392.08771314  23.91279951 
  2.400000e-01  -2392.08771314  23.91280345 
  2.425000e-01  -2392.08771314  23.91280739 
  2.450000e-01  -2392.08771314  23.91281131 
  2.475000e-01  -2392.08771314  23.91281518 
  2.500000e-01  -2392.08771314  23.91281895 
  2.525000e-01  -2392.08771314  23.91282261 
  2.550000e-01  -2392.08771314  23.91282611 
  2.575000e-01  -2392.08771314  23.91282941 
  2.600000e-01  -2392.08771314  23.91283251 
  2.625000e-01  -2392.08771314  23.91283537 
  2.650000e-01  -2392.08771314  23.91283797 
  2.675000e-01  -2392.08771314  23.91284033 
  2.700000e-01  -2392.08771314  23.91284243 
  2.725000e-01  -2392.08771314  23.91284428 
  2.750000e-01  -2392.08771314  23.91284591 
  2.775000e-01  -2392.08771314  23.91284733 
  2.800000e-01  -2392.08771314  23.91284856 
  2.825000e-01  -2392.08771314  23.91284964 
  2.850000e-01  -2392.08771314  23.91285058 
  2.875000e-01  -2392.08771314  23.91285140 
  2.900000e-01  -2392.08771314  23.91285214 
  2.925000e-01  -2392.08771314  23.91285280 
  2.950000e-01  -2392.08771314  23.91285340 
  2.975000e-01  -2392.08771314  23.91285396 
  3.000000e-01  -2392.08771314  23.91285449 
  3.025000e-01  -2392.08771314  23.91285499 
  3.050000e-01  -2392.08771314  23.91285546 
  3.075000e-01  -2392.08771314  23.91285592 
  3.100000e-01  -2392.08771314  23.91285637 
  3.125000e-01  -2392.08771314  23.91285681 
  3.150000e-01  -2392.08771314  23.91285725 
  3.175000e-01  -2392.08771314  23.91285767 
  3.200000e-01  -2392.08771314  23.91285810 
  3.225000e-01  -2392.08771314  23.91285852 
  3.250000e-01  -2392.08771314  23.91285894 
  3.275000e-01  -2392.08771314  23.91285935 
  3.300000e-01  -2392.08771314  23.91285977 
  3.325000e-01  -2392.08771314  23.91286019 
  3.350000e-01  -2392.08771314  23.91286060 
  3.375000e-01  -2392.08771314  23.91286102 
  3.400000e-01  -2392.08771314  23.91286144 
  3.425000e-01  -2392.08771314  23.91286186 
  3.450000e-01  -2392.08771314  23.91286229 
  3.475000e-01  -2392.08771314  23.91286271 
  3.500000e-01  -2392.08771314  23.91286314 
  3.525000e-01  -2392.08771314  23.91286357 
  3.550000e-01  -2392.08771314  23.91286400 
  3.575000e-01  -2392.08771314  23.91286444 
  3.600000e-01  -2392.08771314  23.91286488 
  3.625000e-01  -2392.08771314  23.91286532 
  3.650000e-01  -2392.08771314  23.91286576 
  3.675000e-01  -2392.08771314  23.91286620 
  3.700000e-01  -2392.08771314  23.91286665 
  3.725000e-01  -2392.08771314  23.91286709 
  3.750000e-01  -2392.08771314  23.91286754 
  3.775000e-01  -2392.08771314  23.91286799 
  3.800000e-01  -2392.08771314  23.91286844 
  3.825000e-01  -2392.08771314  23.91286889 
  3.850000e-01  -2392.08771314  23.91286934 
  3.875000e-01  -2392.08771314  23.91286980 
  3.900000e-01  -2392.08771314  23.91287025 
  3.925000e-01  -2392.08771314  23.91287070 
  3.950000e-01  -2392.08771314  23.91287116 
  3.975000e-01  -2392.08771314  23.91287161 
  4.000000e-01  -2392.08771314  23.91287207 
  4.025000e-01  -2392.08771314  23.91287252 
  4.050000e-01  -2392.08771314  23.91287298 
  4.075000e-01  -2392.08771314  23.91287343 
  4.100000e-01  -2392.08771314  23.91287389 
  4.125000e-01  -2392.08771314  23.91287434 
  4.150000e-01  -2392.08771314  23.91287479 
  4.175000e-01  -2392.08771314  23.91287525 
  4.200000e-01  -2392.08771314  23.91287570 
  4.225000e-01  -2392.08771314  23.91287615 
  4.250000e-01  -2392.08771314  23.91287660 
  4.275000e-01  -2392.08771314  23.91287705 
  4.300000e-01  -2392.08771314  23.91287750 
  4.325000e-01  -2392.08771314  23.91287795 
  4.350000e-01  -2392.08771314  23.91287839 
  4.375000e-01  -2392.08771314  23.91287884 
  4.400000e-01  -2392.08771314  23.91287928 
  4.425000e-01  -2392.08771314  23.91287972 
  4.450000e-01  -2392.08771314  23.91288016 
  4.475000e-01  -2392.08771314  23.91288060 
  4.500000e-01  -2392.08771314  23.91288103 
  4.525000e-01  -2392.08771314  23.91288146 
  4.550000e-01  -2392.08771314  23.91288189 
  4.575000e-01  -2392.08771314  23.91288231 
  4.600000e-01  -2392.08771314  23.91288273 
  4.625000e-01  -2392.08771314  23.91288315 
  4.650000e-01  -2392.08771314  23.91288357 
  4.675000e-01  -2392.08771314  23.91288398 
  4.700000e-01  -2392.08771314  23.91288438 
  4.725000e-01  -2392.08771314  23.91288479 
  4.750000e-01  -2392.08771314  23.91288519 
  4.775000e-01  -2392.08771314  23.91288558 
  4.800000e-01  -2392.08771314  23.91288597 
  4.825000e-01  -2392.08771314  23.91288636 
  4.850000e-01  -2392.08771314  23.91288674 
  4.875000e-01  -2392.08771314  23.91288711 
  4.900000e-01  -2392.08771314  23.91288749 
  4.925000e-01  -2392.08771314  23.91288785 
  4.950000e-01  -2392.08771314  23.91288822 
  4.975000e-01  -2392.08771314  23.91288858 
  5.000000e-01  -2392.08771314  23.91288893 
  5.025000e-01  -2392.08771314  23.91288928 
  5.050000e-01  -2392.08771314  23.91288962 
  5.075000e-01  -2392.08771314  23.91288996 
  5.100000e-01  -2392.08771314  23.91289030 
  5.125000e-01  -2392.08771314  23.91289063 
  5.150000e-01  -2392.08771314  23.91289095 
  5.175000e-01  -2392.08771314  23.91289127 
  5.200000e-01  -2392.08771314  23.91289158 
  5.225000e-01  -2392.08771314  23.91289189 
  5.250000e-01  -2392.08771314  23.91289220 
  5.275000e-01  -2392.08771314  23.91289250 
  5.300000e-01  -2392.08771314  23.91289279 
  5.325000e-01  -2392.08771314  23.91289308 
  5.350000e-01  -2392.08771314  23.91289337 
  5.375000e-01  -2392.08771314  23.91289365 
  5.400000e-01  -2392.08771314  23.91289392 
  5.425000e-01  -2392.08771314  23.91289419 
  5.450000e-01  -2392.08771314  23.91289446 
  5.475000e-01  -2392.08771314  23.91289472 
  5.500000e-01  -2392.08771314  23.91289497 
  5.525000e-01  -2392.08771314  23.91289523 
  5.550000e-01  -2392.08771314  23.91289547 
  5.575000e-01  -2392.08771314  23.91289571 
  5.600000e-01  -2392.08771314  23.91289595 
  5.625000e-01  -2392.08771314  23.91289618 
  5.650000e-01  -2392.08771314  23.91289641 
  5.675000e-01  -2392.08771314  23.91289663 
  5.700000e-01  -2392.08771314  23.91289684 
  5.725000e-01  -2392.08771314  23.91289706 
  5.750000e-01  -2392.08771314  23.91289726 
  5.775000e-01  -2392.08771314  23.91289747 
  5.800000e-01  -2392.08771314  23.91289767 
  5.825000e-01  -2392.08771314  23.91289786 
  5.850000e-01  -2392.08771314  23.91289805 
  5.875000e-01  -2392.08771314  23.91289824 
  5.900000e-01  -2392.08771314  23.91289842 
  5.925000e-01  -2392.08771314  23.91289860 
  5.950000e-01  -2392.08771314  23.91289877 
  5.975000e-01  -2392.08771314  23.91289894 
  6.000000e-01  -2392.08771314  23.91289911 
  6.025000e-01  -2392.08771314  23.91289927 
  6.050000e-01  -2392.08771314  23.91289943 
  6.075000e-01  -2392.08771314  23.91289958 
  6.100000e-01  -2392.08771314  23.91289974 
  6.125000e-01  -2392.08771314  23.91289988 
  6.150000e-01  -2392.08771314  23.91290003 
  6.175000e-01  -2392.08771314  23.91290017 
  6.200000e-01  -2392.08771314  23.91290031 
  6.225000e-01  -2392.08771314  23.91290045 
  6.250000e-01  -2392.08771314  23.91290058 
  6.275000e-01  -2392.08771314  23.91290071 
  6.300000e-01  -2392.08771314  23.91290084 
  6.325000e-01  -2392.08771314  23.91290096 
  6.350000e-01  -2392.08771314  23.91290108 
  6.375000e-01  -2392.08771314  23.91290120 
  6.400000e-01  -2392.08771314  23.91290132 
  6.425000e-01  -2392.08771314  23.91290143 
  6.450000e-01  -2392.08771314  23.91290155 
  6.475000e-01  -2392.08771314  23.91290165 
  6.500000e-01  -2392.08771314  23.91290176 
  6.525000e-01  -2392.08771314  23.91290187 
  6.550000e-01  -2392.08771314  23.91290197 
  6.575000e-01  -2392.08771314  23.91290207 
  6.600000e-01  -2392.08771314  23.91290217 
  6.625000e-01  -2392.08771314  23.91290227 
  6.650000e-01  -2392.08771314  23.91290236 
  6.675000e-01  -2392.08771314  23.91290245 
  6.700000e-01  -2392.08771314  23.91290254 
  6.725000e-01  -2392.08771314  23.91290263 
  6.750000e-01  -2392.08771314  23.91290272 
  6.775000e-01  -2392.08771314  23.91290280 
  6.800000e-01  -2392.08771314  23.91290289 
  6.825000e-01  -2392.08771314  23.91290297 
  6.850000e-01  -2392.08771314  23.91290305 
  6.875000e-01  -2392.08771314  23.91290313 
  6.900000e-01  -2392.08771314  23.91290320 
  6.925000e-01  -2392.08771314  23.91290328 
  6.950000e-01  -2392.08771314  23.91290335 
  6.975000e-01  -2392.08771314  23.91290342 
  7.000000e-01  -2392.08771314  23.91290349 
  7.025000e-01  -2392.08771314  23.91290356 
  7.050000e-01  -2392.08771314  23.91290362 
  7.075000e-01  -2392.08771314  23.91290369 
  7.100000e-01  -2392.08771314  23.91290375 
  7.125000e-01  -2392.08771314  23.91290381 
  7.150000e-01  -2392.08771314  23.91290387 
  7.175000e-01  -2392.08771314  23.91290393 
  7.200000e-01  -2392.08771314  23.91290399 
  7.225000e-01  -2392.08771314  23.91290405 
  7.250000e-01  -2392.08771314  23.91290410 
  7.275000e-01  -2392.08771314  23.91290415 
  7.300000e-01  -2392.08771314  23.91290421 
  7.325000e-01  -2392.08771314  23.91290426 
  7.350000e-01  -2392.08771314  23.91290430 
  7.375000e-01  -2392.08771314  23.91290435 
  7.400000e-01  -2392.08771314  23.91290440 
  7.425000e-01  -2392.08771314  23.91290444 
  7.450000e-01  -2392.08771314  23.91290449 
  7.475000e-01  -2392.08771314  23.91290453 
  7.500000e-01  -2392.08771314  23.91290457 
  7.525000e-01  -2392.08771314  23.91290461 
  7.550000e-01  -2392.08771314  23.91290465 
  7.575000e-01  -2392.08771314  23.91290469 
  7.600000e-01  -2392.08771314  23.91290473 
  7.625000e-01  -2392.08771314  23.91290477 
  7.650000e-01  -2392.08771314  23.91290480 
  7.675000e-01  -2392.08771314  23.91290484 
  7.700000e-01  -2392.08771314  23.91290487 
  7.725000e-01  -2392.08771314  23.91290490 
  7.750000e-01  -2392.08771314  23.91290493 
  7.775000e-01  -2392.08771314  23.91290496 
  7.800000e-01  -2392.08771314  23.91290499 
  7.825000e-01  -2392.08771314  23.91290502 
  7.850000e-01  -2392.08771314  23.91290505 
  7.875000e-01  -2392.08771314  23.91290508 
  7.900000e-01  -2392.08771314  23.91290511 
  7.925000e-01  -2392.08771314  23.91290513 
  7.950000e-01  -2392.08771314  23.91290516 
  7.975000e-01  -2392.08771314  23.91290518 
  8.000000e-01  -2392.08771314  23.91290521 
  8.025000e-01  -2392.08771314  23.91290523 
  8.050000e-01  -2392.08771314  23.91290525 
  8.075000e-01  -2392.08771314  23.91290528 
  8.100000e-01  -2392.08771314  23.91290530 
  8.125000e-01  -2392.08771314  23.91290532 
  8.150000e-01  -2392.08771314  23.91290534 
  8.175000e-01  -2392.08771314  23.91290536 
  8.200000e-01  -2392.08771314  23.91290538 
  8.225000e-01  -2392.08771314  23.91290540 
  8.250000e-01  -2392.08771314  23.91290542 
  8.275000e-01  -2392.08771314  23.91290544 
  8.300000e-01  -2392.08771314  23.91290546 
  8.325000e-01  -2392.08771314  23.91290547 
  8.350000e-01  -2392.08771314  23.91290549 
  8.375000e-01  -2392.08771314  23.91290551 
  8.400000e-01  -2392.08771314  23.91290552 
  8.425000e-01  -2392.08771314  23.91290554 
  8.450000e-01  -2392.08771314  23.91290555 
  8.475000e-01  -2392.08771314  23.91290557 
  8.500000e-01  -2392.08771314  23.91290558 
  8.525000e-01  -2392.08771314  23.91290560 
  8.550000e-01  -2392.08771314  23.91290561 
  8.575000e-01  -2392.08771314  23.91290563 
  8.600000e-01  -2392.08771314  23.91290564 
  8.625000e-01  -2392.08771314  23.91290565 
  8.650000e-01  -2392.08771314  23.91290567 
  8.675000e-01  -2392.08771314  23.91290568 
  8.700000e-01  -2392.08771314  23.91290569 
  8.725000e-01  -2392.08771314  23.91290570 
  8.750000e-01  -2392.08771314  23.91290572 
  8.775000e-01  -2392.08771314  23.91290573 
  8.800000e-01  -2392.08771314  23.91290574 
  8.825000e-01  -2392.08771314  23.91290575 
  8.850000e-01  -2392.08771314  23.91290576 
  8.875000e-01  -2392.08771314  23.91290577 
  8.900000e-01  -2392.08771314  23.91290578 
  8.925000e-01  -2392.08771314  23.91290579 
  8.950000e-01  -2392.08771314  23.91290580 
  8.975000e-01  -2392.08771314  23.91290581 
  9.000000e-01  -2392.08771314  23.91290582 
  9.025000e-01  -2392.08771314  23.91290583 
  9.050000e-01  -2392.08771314  23.91290584 
  9.075000e-01  -2392.08771314  23.91290585 
  9.100000e-01  -2392.08771314  23.91290586 
  9.125000e-01  -2392.08771314  23.91290587 
  9.150000e-01  -2392.08771314  23.91290588 
  9.175000e-01  -2392.08771314  23.91290589 
  9.200000e-01  -2392.08771314  23.91290590 
  9.225000e-01  -2392.08771314  23.91290591 
  9.250000e-01  -2392.08771314  23.91290592 
  9.275000e-01  -2392.08771314  23.91290592 
  9.300000e-01  -2392.08771314  23.91290593 
  9.325000e-01  -2392.08771314  23.91290594 
  9.350000e-01  -2392.08771314  23.91290595 
  9.375000e-01  -2392.08771314  23.91290595 
  9.400000e-01  -2392.08771314  23.91290596 
  9.425000e-01  -2392.08771314  23.91290597 
  9.450000e-01  -2392.08771314  23.91290598 
  9.475000e-01  -2392.08771314  23.91290598 
  9.500000e-01  -2392.08771314  23.91290599 
  9.525000e-01  -2392.08771314  23.91290600 
  9.550000e-01  -2392.08771314  23.91290601 
  9.575000e-01  -2392.08771314  23.91290601 
  9.600000e-01  -2392.08771314  23.91290602 
  9.625000e-01  -2392.08771314  23.91290602 
  9.650000e-01  -2392.08771314  23.91290603 
  9.675000e-01  -2392.08771314  23.91290604 
  9.700000e-01  -2392.08771314  23.91290604 
  9.725000e-01  -2392.08771314  23.91290605 
  9.750000e-01  -2392.08771314  23.91290606 
  9.775000e-01  -2392.08771314  23.91290606 
  9.800000e-01  -2392.08771314  23.91290607 
  9.825000e-01  -2392.08771314  23.91290607 
  9.850000e-01  -2392.08771314  23.91290608 
  9.875000e-01  -2392.08771314  23.91290608 
  9.900000e-01  -2392.08771314  23.91290609 
  9.925000e-01  -2392.08771314  23.91290609 
  9.950000e-01  -2392.08771314  23.91290610 
  9.975000e-01  -2392.08771314  23.91290611 
  1.000000e+00  -2392.08771314  23.91290611 
  1.002500e+00  -2392.08771314  23.91290612 
  1.005000e+00  -2392.08771314  23.91290612 
  1.007500e+00  -2392.08771314  23.91290612 
  1.010000e+00  -2392.08771314  23.91290613 
  1.012500e+00  -2392.08771314  23.91290613 
  1.015000e+00  -2392.08771314  23.91290614 
  1.017500e+00  -2392.08771314  23.91290614 
  1.020000e+00  -2392.08771314  23.91290615 
  1.022500e+00  -2392.08771314  23.91290615 
  1.025000e+00  -2392.08771314  23.91290616 
  1.027500e+00  -2392.08771314  23.91290616 
  1.030000e+00  -2392.08771314  23.91290616 
  1.032500e+00  -2392.08771314  23.91290617 
  1.035000e+00  -2392.08771314  23.91290617 
  1.037500e+00  -2392.08771314  23.91290618 
  1.040000e+00  -2392.08771314  23.91290618 
  1.042500e+00  -2392.08771314  23.91290618 
  1.045000e+00  -2392.08771314  23.91290619 
  1.047500e+00  -2392.08771314  23.91290619 
  1.050000e+00  -2392.08771314  23.91290619 
  1.052500e+00  -2392.08771314  23.91290620 
  1.055000e+00  -2392.08771314  23.91290620 
  1.057500e+00  -2392.08771314  23.91290621 
  1.060000e+00  -2392.08771314  23.91290621 
  1.062500e+00  -2392.08771314  23.91290621 
  1.065000e+00  -2392.08771314  23.91290621 
  1.067500e+00  -2392.08771314  23.91290622 
  1.070000e+00  -2392.08771314  23.91290622 
  1.072500e+00  -2392.08771314  23.91290622 
  1.075000e+00  -2392.08771314  23.91290623 
  1.077500e+00  -2392.08771314  23.91290623 
  1.080000e+00  -2392.08771314  23.91290623 
  1.082500e+00  -2392.08771314  23.91290624 
  1.085000e+00  -2392.08771314  23.91290624 
  1.087500e+00  -2392.08771314  23.91290624 
  1.090000e+00  -2392.08771314  23.91290624 
  1.092500e+00  -2392.08771314  23.91290625 
  1.095000e+00  -2392.08771314  23.91290625 
  1.097500e+00  -2392.08771314  23.91290625 
  1.100000e+00  -2392.08771314  23.91290625 
  1.102500e+00  -2392.08771314  23.91290626 
  1.105000e+00  -2392.08771314  23.91290626 
  1.107500e+00  -2392.08771314  23.91290626 
  1.110000e+00  -2392.08771314  23.91290626 
  1.112500e+00  -2392.08771314  23.91290627 
  1.115000e+00  -2392.08771314  23.91290627 
  1.117500e+00  -2392.08771314  23.91290627 
  1.120000e+00  -2392.08771314  23.91290627 
  1.122500e+00  -2392.08771314  23.91290627 
  1.125000e+00  -2392.08771314  23.91290628 
  1.127500e+00  -2392.08771314  23.91290628 
  1.130000e+00  -2392.08771314  23.91290628 
  1.132500e+00  -2392.08771314  23.91290628 
  1.135000e+00  -2392.08771314  23.91290628 
  1.137500e+00  -2392.08771314  23.91290629 
  1.140000e+00  -2392.08771314  23.91290629 
  1.142500e+00  -2392.08771314  23.91290629 
  1.145000e+00  -2392.08771314  23.91290629 
  1.147500e+00  -2392.08771314  23.91290629 
  1.150000e+00  -2392.08771314  23.91290629 
  1.152500e+00  -2392.08771314  23.91290630 
  1.155000e+00  -2392.08771314  23.91290630 
  1.157500e+00  -2392.08771314  23.91290630 
  1.160000e+00  -2392.08771314  23.91290630 
  1.162500e+00  -2392.08771314  23.91290630 
  1.165000e+00  -2392.08771314  23.91290630 
  1.167500e+00  -2392.08771314  23.91290631 
  1.170000e+00  -2392.08771314  23.91290631 
  1.172500e+00  -2392.08771314  23.91290631 
  1.175000e+00  -2392.08771314  23.91290631 
  1.177500e+00  -2392.08771314  23.91290631 
  1.180000e+00  -2392.08771314  23.91290631 
  1.182500e+00  -2392.08771314  23.91290631 
  1.185000e+00  -2392.08771314  23.91290632 
  1.187500e+00  -2392.08771314  23.91290632 
  1.190000e+00  -2392.08771314  23.91290632 
  1.192500e+00  -2392.08771314  23.91290632 
  1.195000e+00  -2392.08771314  23.91290632 
  1.197500e+00  -2392.08771314  23.91290632 
  1.200000e+00  -2392.08771314  23.91290632 
  1.202500e+00  -2392.08771314  23.91290632 
  1.205000e+00  -2392.08771314  23.91290632 
  1.207500e+00  -2392.08771314  23.91290633 
  1.210000e+00  -2392.08771314  23.91290633 
  1.212500e+00  -2392.08771314  23.91290633 
  1.215000e+00  -2392.08771314  23.91290633 
  1.217500e+00  -2392.08771314  23.91290633 
  1.220000e+00  -2392.08771314  23.91290633 
  1.222500e+00  -2392.08771314  23.91290633 
  1.225000e+00  -2392.08771314  23.91290633 
  1.227500e+00  -2392.08771314  23.91290633 
  1.230000e+00  -2392.08771314  23.91290633 
  1.232500e+00  -2392.08771314  23.91290634 
  1.235000e+00  -2392.08771314  23.91290634 
  1.237500e+00  -2392.08771314  23.91290634 
  1.240000e+00  -2392.08771314  23.91290634 
  1.242500e+00  -2392.08771314  23.91290634 
  1.245000e+00  -2392.08771314  23.91290634 
  1.247500e+00  -2392.08771314  23.91290634 
  1.250000e+00  -2392.08771314  23.91290634 
  1.252500e+00  -2392.08771314  23.91290634 
  1.255000e+00  -2392.08771314  23.91290634 
  1.257500e+00  -2392.08771314  23.91290634 
  1.260000e+00  -2392.08771314  23.91290634 
  1.262500e+00  -2392.08771314  23.91290634 
  1.265000e+00  -2392.08771314  23.91290635 
  1.267500e+00  -2392.08771314  23.91290635 
  1.270000e+00  -2392.08771314  23.91290635 
  1.272500e+00  -2392.08771314  23.91290635 
  1.275000e+00  -2392.08771314  23.91290635 
  1.277500e+00  -2392.08771314  23.91290635 
  1.280000e+00  -2392.08771314  23.91290635 
  1.282500e+00  -2392.08771314  23.91290635 
  1.285000e+00  -2392.08771314  23.91290635 
  1.287500e+00  -2392.08771314  23.91290635 
  1.290000e+00  -2392.08771314  23.91290635 
  1.292500e+00  -2392.08771314  23.91290635 
  1.295000e+00  -2392.08771314  23.91290635 
  1.297500e+00  -2392.08771314  23.91290635 
  1.300000e+00  -2392.08771314  23.91290635 
  1.302500e+00  -2392.08771314  23.91290635 
  1.305000e+00  -2392.08771314  23.91290635 
  1.307500e+00  -2392.08771314  23.91290636 
  1.310000e+00  -2392.08771314  23.91290636 
  1.312500e+00  -2392.08771314  23.91290636 
  1.315000e+00  -2392.08771314  23.91290636 
  1.317500e+00  -2392.08771314  23.91290636 
  1.320000e+00  -2392.08771314  23.91290636 
  1.322500e+00  -2392.08771314  23.91290636 
  1.325000e+00  -2392.08771314  23.91290636 
  1.327500e+00  -2392.08771314  23.91290636 
  1.330000e+00  -2392.08771314  23.91290636 
  1.332500e+00  -2392.08771314  23.91290636 
  1.335000e+00  -2392.08771314  23.91290636 
  1.337500e+00  -2392.08771314  23.91290636 
  1.340000e+00  -2392.08771314  23.91290636 
  1.342500e+00  -2392.08771314  23.91290636 
  1.345000e+00  -2392.08771314  23.91290636 
  1.347500e+00  -2392.08771314  23.91290636 
  1.350000e+00  -2392.08771314  23.91290636 
  1.352500e+00  -2392.08771314  23.91290636 
  1.355000e+00  -2392.08771314  23.91290636 
  1.357500e+00  -2392.08771314  23.91290636 
  1.360000e+00  -2392.08771314  23.91290636 
  1.362500e+00  -2392.08771314  23.91290636 
  1.365000e+00  -2392.08771314  23.91290636 
  1.367500e+00  -2392.08771314  23.91290636 
  1.370000e+00  -2392.08771314  23.91290636 
  1.372500e+00  -2392.08771314  23.91290636 
  1.375000e+00  -2392.08771314  23.91290636 
  1.377500e+00  -2392.08771314  23.91290637 
  1.380000e+00  -2392.08771314  23.91290637 
  1.382500e+00  -2392.08771314  23.91290637 
  1.385000e+00  -2392.08771314  23.91290637 
  1.387500e+00  -2392.08771314  23.91290637 
  1.390000e+00  -2392.08771314  23.91290637 
  1.392500e+00  -2392.08771314  23.91290637 
  1.395000e+00  -2392.08771314  23.91290637 
  1.397500e+00  -2392.08771314  23.91290637 
  1.400000e+00  -2392.08771314  23.91290637 
  1.402500e+00  -2392.08771314  23.91290637 
  1.405000e+00  -2392.08771314  23.91290637 
  1.407500e+00  -2392.08771314  23.91290637 
  1.410000e+00  -2392.08771314  23.91290637 
  1.412500e+00  -2392.08771314  23.91290637 
  1.415000e+00  -2392.08771314  23.91290637 
  1.417500e+00  -2392.08771314  23.91290637 
  1.420000e+00  -2392.08771314  23.91290637 
  1.422500e+00  -2392.08771314  23.91290637 
  1.425000e+00  -2392.08771314  23.91290637 
  1.427500e+00  -2392.08771314  23.91290637 
  1.430000e+00  -2392.08771314  23.91290637 
  1.432500e+00  -2392.08771314  23.91290637 
  1.435000e+00  -2392.08771314  23.91290637 
  1.437500e+00  -2392.08771314  23.91290637 
  1.440000e+00  -2392.08771314  23.91290637 
  1.442500e+00  -2392.08771314  23.91290637 
  1.445000e+00  -2392.08771314  23.91290637 
  1.447500e+00  -2392.08771314  23.91290637 
  1.450000e+00  -2392.08771314  23.91290637 
  1.452500e+00  -2392.08771314  23.91290637 
  1.455000e+00  -2392.08771314  23.91290637 
  1.457500e+00  -2392.08771314  23.91290637 
  1.460000e+00  -2392.08771314  23.91290637 
  1.462500e+00  -2392.08771314  23.91290637 
  1.465000e+00  -2392.08771314  23.91290637 
  1.467500e+00  -2392.08771314  23.91290637 
  1.470000e+00  -2392.08771314  23.91290637 
  1.472500e+00  -2392.08771314  23.91290637 
  1.475000e+00  -2392.08771314  23.91290637 
  1.477500e+00  -2392.08771314  23.91290637 
  1.480000e+00  -2392.08771314  23.91290637 
  1.482500e+00  -2392.08771314  23.91290637 
  1.485000e+00  -2392.08771314  23.91290637 
  1.487500e+00  -2392.08771314  23.91290637 
  1.490000e+00  -2392.08771314  23.91290637 
  1.492500e+00  -2392.08771314  23.91290637 
  1.495000e+00  -2392.08771314  23.91290637 
  1.497500e+00  -2392.08771314  23.91290637 
  1.500000e+00  -2392.08771314  23.91290637 
  1.502500e+00  -2392.08771314  23.91290637 
  1.505000e+00  -2392.08771314  23.91290637 
  1.507500e+00  -2392.08771314  23.91290637 
  1.510000e+00  -2392.08771314  23.91290637 
  1.512500e+00  -2392.08771314  23.91290637 
  1.515000e+00  -2392.08771314  23.91290637 
  1.517500e+00  -2392.08771314  23.91290637 
  1.520000e+00  -2392.08771314  23.91290637 
  1.522500e+00  -2392.08771314  23.91290637 
  1.525000e+00  -2392.08771314  23.91290637 
  1.527500e+00  -2392.08771314  23.91290637 
  1.530000e+00  -2392.08771314  23.91290637 
  1.532500e+00  -2392.08771314  23.91290637 
  1.535000e+00  -2392.08771314  23.91290637 
  1.537500e+00  -2392.08771314  23.91290637 
  1.540000e+00  -2392.08771314  23.91290637 
  1.542500e+00  -2392.08771314  23.91290637 
  1.545000e+00  -2392.08771314  23.91290637 
  1.547500e+00  -2392.08771314  23.91290637 
  1.550000e+00  -2392.08771314  23.91290637 
  1.552500e+00  -2392.08771314  23.91290637 
  1.555000e+00  -2392.08771314  23.91290637 
  1.557500e+00  -2392.08771314  23.91290637 
  1.560000e+00  -2392.08771314  23.91290637 
  1.562500e+00  -2392.08771314  23.91290637 
  1.565000e+00  -2392.08771314  23.91290637 
  1.567500e+00  -2392.08771314  23.91290637 
  1.570000e+00  -2392.08771314  23.91290638 
  1.572500e+00  -2392.08771314  23.91290638 
  1.575000e+00  -2392.08771314  23.91290638 
  1.577500e+00  -2392.08771314  23.91290638 
  1.580000e+00  -2392.08771314  23.91290638 
  1.582500e+00  -2392.08771314  23.91290638 
  1.585000e+00  -2392.08771314  23.91290638 
  1.587500e+00  -2392.08771314  23.91290638 
  1.590000e+00  -2392.08771314  23.91290638 
  1.592500e+00  -2392.08771314  23.91290638 
  1.595000e+00  -2392.08771314  23.91290638 
  1.597500e+00  -2392.08771314  23.91290638 
  1.600000e+00  -2392.08771314  23.91290638 
  1.602500e+00  -2392.08771314  23.91290638 
  1.605000e+00  -2392.08771314  23.91290638 
  1.607500e+00  -2392.08771314  23.91290638 
  1.610000e+00  -2392.08771314  23.91290638 
  1.612500e+00  -2392.08771314  23.91290638 
  1.615000e+00  -2392.08771314  23.91290638 
  1.617500e+00  -2392.08771314  23.91290638 
  1.620000e+00  -2392.08771314  23.91290638 
  1.622500e+00  -2392.08771314  23.91290638 
  1.625000e+00  -2392.08771314  23.91290638 
  1.627500e+00  -2392.08771314  23.91290638 
  1.630000e+00  -2392.08771314  23.91290638 
  1.632500e+00  -2392.08771314  23.91290638 
  1.635000e+00  -2392.08771314  23.91290638 
  1.637500e+00  -2392.08771314  23.91290638 
  1.640000e+00  -2392.08771314  23.91290638 
  1.642500e+00  -2392.08771314  23.91290638 
  1.645000e+00  -2392.08771314  23.91290638 
  1.647500e+00  -2392.08771314  23.91290638 
  1.650000e+00  -2392.08771314  23.91290638 
  1.652500e+00  -2392.08771314  23.91290638 
  1.655000e+00  -2392.08771314  23.91290638 
  1.657500e+00  -2392.08771314  23.91290638 
  1.660000e+00  -2392.08771314  23.91290638 
  1.662500e+00  -2392.08771314  23.91290638 
  1.665000e+00  -2392.08771314  23.91290638 
  1.667500e+00  -2392.08771314  23.91290638 
  1.670000e+00  -2392.08771314  23.91290638 
  1.672500e+00  -2392.08771314  23.91290638 
  1.675000e+00  -2392.08771314  23.91290638 
  1.677500e+00  -2392.08771314  23.91290638 
  1.680000e+00  -2392.08771314  23.91290638 
  1.682500e+00  -2392.08771314  23.91290638 
  1.685000e+00  -2392.08771314  23.91290638 
  1.687500e+00  -2392.08771314  23.91290638 
  1.690000e+00  -2392.08771314  23.91290638 
  1.692500e+00  -2392.08771314  23.91290638 
  1.695000e+00  -2392.08771314  23.91290638 
  1.697500e+00  -2392.08771314  23.91290638 
  1.700000e+00  -2392.08771314  23.91290638 
  1.702500e+00  -2392.08771314  23.91290638 
  1.705000e+00  -2392.08771314  23.91290638 
  1.707500e+00  -2392.08771314  23.91290638 
  1.710000e+00  -2392.08771314  23.91290638 
  1.712500e+00  -2392.08771314  23.91290638 
  1.715000e+00  -2392.08771314  23.91290638 
  1.717500e+00  -2392.08771314  23.91290638 
  1.720000e+00  -2392.08771314  23.91290638 
  1.722500e+00  -2392.08771314  23.91290638 
  1.725000e+00  -2392.08771314  23.91290638 
  1.727500e+00  -2392.08771314  23.91290638 
  1.730000e+00  -2392.08771314  23.91290638 
  1.732500e+00  -2392.08771314  23.91290638 
  1.735000e+00  -2392.08771314  23.91290638 
  1.737500e+00  -2392.08771314  23.91290638 
  1.740000e+00  -2392.08771314  23.91290638 
  1.742500e+00  -2392.08771314  23.91290638 
  1.745000e+00  -2392.08771314  23.91290638 
  1.747500e+00  -2392.08771314  23.91290638 
  1.750000e+00  -2392.08771314  23.91290638 
  1.752500e+00  -2392.08771314  23.91290638 
  1.755000e+00  -2392.08771314  23.91290638 
  1.757500e+00  -2392.08771314  23.91290638 
  1.760000e+00  -2392.08771314  23.91290638 
  1.762500e+00  -2392.08771314  23.91290638 
  1.765000e+00  -2392.08771314  23.91290638 
  1.767500e+00  -2392.08771314  23.91290638 
  1.770000e+00  -2392.08771314  23.91290638 
  1.772500e+00  -2392.08771314  23.91290638 
  1.775000e+00  -2392.08771314  23.91290638 
  1.777500e+00  -2392.08771314  23.91290638 
  1.780000e+00  -2392.08771314  23.91290638 
  1.782500e+00  -2392.08771314  23.91290638 
  1.785000e+00  -2392.08771314  23.91290638 
  1.787500e+00  -2392.08771314  23.91290638 
  1.790000e+00  -2392.08771314  23.91290638 
  1.792500e+00  -2392.08771314  23.91290638 
  1.795000e+00  -2392.08771314  23.91290638 
  1.797500e+00  -2392.08771314  23.91290638 
  1.800000e+00  -2392.08771314  23.91290638 
  1.802500e+00  -2392.08771314  23.91290638 
  1.805000e+00  -2392.08771314  23.91290638 
  1.807500e+00  -2392.08771314  23.91290638 
  1.810000e+00  -2392.08771314  23.91290638 
  1.812500e+00  -2392.08771314  23.91290638 
  1.815000e+00  -2392.08771314  23.91290638 
  1.817500e+00  -2392.08771314  23.91290638 
  1.820000e+00  -2392.08771314  23.91290638 
  1.822500e+00  -2392.08771314  23.91290638 
  1.825000e+00  -2392.08771314  23.91290638 
  1.827500e+00  -2392.08771314  23.91290638 
  1.830000e+00  -2392.08771314  23.91290638 
  1.832500e+00  -2392.08771314  23.91290638 
  1.835000e+00  -2392.08771314  23.91290638 
  1.837500e+00  -2392.08771314  23.91290638 
  1.840000e+00  -2392.08771314  23.91290638 
  1.842500e+00  -2392.08771314  23.91290638 
  1.845000e+00  -2392.08771314  23.91290638 
  1.847500e+00  -2392.08771314  23.91290638 
  1.850000e+00  -2392.08771314  23.91290638 
  1.852500e+00  -2392.08771314  23.91290638 
  1.855000e+00  -2392.08771314  23.91290638 
  1.857500e+00  -2392.08771314  23.91290638 
  1.860000e+00  -2392.08771314  23.91290638 
  1.862500e+00  -2392.08771314  23.91290638 
  1.865000e+00  -2392.08771314  23.91290638 
  1.867500e+00  -2392.08771314  23.91290638 
  1.870000e+00  -2392.08771314  23.91290638 
  1.872500e+00  -2392.08771314  23.91290638 
  1.875000e+00  -2392.08771314  23.91290638 
  1.877500e+00  -2392.08771314  23.91290638 
  1.880000e+00  -2392.08771314  23.91290638 
  1.882500e+00  -2392.08771314  23.91290638 
  1.885000e+00  -2392.08771314  23.91290638 
  1.887500e+00  -2392.08771314  23.91290638 
  1.890000e+00  -2392.08771314  23.91290638 
  1.892500e+00  -2392.08771314  23.91290638 
  1.895000e+00  -2392.08771314  23.91290638 
  1.897500e+00  -2392.08771314  23.91290638 
  1.900000e+00  -2392.08771314  23.91290638 
  1.902500e+00  -2392.08771314  23.91290638 
  1.905000e+00  -2392.08771314  23.91290638 
  1.907500e+00  -2392.08771314  23.91290638 
  1.910000e+00  -2392.08771314  23.91290638 
  1.912500e+00  -2392.08771314  23.91290638 
  1.915000e+00  -2392.08771314  23.91290638 
  1.917500e+00  -2392.08771314  23.91290638 
  1.920000e+00  -2392.08771314  23.91290638 
  1.922500e+00  -2392.08771314  23.91290638 
  1.925000e+00  -2392.08771314  23.91290638 
  1.927500e+00  -2392.08771314  23.91290638 
  1.930000e+00  -2392.08771314  23.91290638 
  1.932500e+00  -2392.08771314  23.91290638 
  1.935000e+00  -2392.08771314  23.91290638 
  1.937500e+00  -2392.08771314  23.91290638 
  1.940000e+00  -2392.08771314  23.91290638 
  1.942500e+00  -2392.08771314  23.91290638 
  1.945000e+00  -2392.08771314  23.91290638 
  1.947500e+00  -2392.08771314  23.91290638 
  1.950000e+00  -2392.08771314  23.91290638 
  1.952500e+00  -2392.08771314  23.91290638 
  1.955000e+00  -2392.08771314  23.91290638 
  1.957500e+00  -2392.08771314  23.91290638 
  1.960000e+00  -2392.08771314  23.91290638 
  1.962500e+00  -2392.08771314  23.91290638 
  1.965000e+00  -2392.08771314  23.91290638 
  1.967500e+00  -2392.08771314  23.91290638 
  1.970000e+00  -2392.08771314  23.91290638 
  1.972500e+00  -2392.08771314  23.91290638 
  1.975000e+00  -2392.08771314  23.91290638 
  1.977500e+00  -2392.08771314  23.91290638 
  1.980000e+00  -2392.08771314  23.91290638 
  1.982500e+00  -2392.08771314  23.91290638 
  1.985000e+00  -2392.08771314  23.91290638 
  1.987500e+00  -2392.08771314  23.91290638 
  1.990000e+00  -2392.08771314  23.91290638 
  1.992500e+00  -2392.08771314  23.91290638 
  1.995000e+00  -2392.08771314  23.91290638 
  1.997500e+00  -2392.08771314  23.91290638 
  2.000000e+00  -2392.08771314  23.91290638 
