  2.500000e-03  -2392.08771314  23.91218370 
  3.750000e-03  -2392.08771314  23.91247254 
  5.000000e-03  -2392.08771314  23.91269098 
  6.250000e-03  -2392.08771314  23.91291096 
  7.500000e-03  -2392.08771314  23.91310671 
  8.750000e-03  -2392.08771314  23.91323191 
  1.000000e-02  -2392.08771314  23.91326241 
  1.125000e-02  -2392.08771314  23.91320655 
  1.250000e-02  -2392.08771314  23.91309506 
  1.375000e-02  -2392.08771314  23.91296450 
  1.500000e-02  -2392.08771314  23.91284465 
  1.625000e-02  -2392.08771314  23.91275300 
  1.750000e-02  -2392.08771314  23.91269437 
  1.875000e-02  -2392.08771314  23.91266410 
  2.000000e-02  -2392.08771314  23.91265321 
  2.125000e-02  -2392.08771314  23.91265294 
  2.250000e-02  -2392.08771314  23.91265709 
  2.375000e-02  -2392.08771314  23.91266221 
  2.500000e-02  -2392.08771314  23.91266678 
  2.625000e-02  -2392.08771314  23.91267027 
  2.750000e-02  -2392.08771314  23.91267257 
  2.875000e-02  -2392.08771314  23.91267372 
  3.000000e-02  -2392.08771314  23.91267382 
  3.125000e-02  -2392.08771314  23.91267304 
  3.250000e-02  -2392.08771314  23.91267162 
  3.375000e-02  -2392.08771314  23.91266981 
  3.500000e-02  -2392.08771314  23.91266788 
  3.625000e-02  -2392.08771314  23.91266602 
  3.750000e-02  -2392.08771314  23.91266438 
  3.875000e-02  -2392.08771314  23.91266303 
  4.000000e-02  -2392.08771314  23.91266197 
  4.125000e-02  -2392.08771314  23.91266120 
  4.250000e-02  -2392.08771314  23.91266066 
  4.375000e-02  -2392.08771314  23.91266033 
  4.500000e-02  -2392.08771314  23.91266016 
  4.625000e-02  -2392.08771314  23.91266013 
  4.750000e-02  -2392.08771314  23.91266019 
  4.875000e-02  -2392.08771314  23.91266032 
  5.000000e-02  -2392.08771314  23.91266051 
  5.125000e-02  -2392.08771314  23.91266073 
  5.250000e-02  -2392.08771314  23.91266098 
  5.375000e-02  -2392.08771314  23.91266124 
  5.500000e-02  -2392.08771314  23.91266150 
  5.625000e-02  -2392.08771314  23.91266177 
  5.750000e-02  -2392.08771314  23.91266204 
  5.875000e-02  -2392.08771314  23.91266231 
  6.000000e-02  -2392.08771314  23.91266259 
  6.125000e-02  -2392.08771314  23.91266286 
  6.250000e-02  -2392.08771314  23.91266313 
  6.375000e-02  -2392.08771314  23.91266340 
  6.500000e-02  -2392.08771314  23.91266367 
  6.625000e-02  -2392.08771314  23.91266394 
  6.750000e-02  -2392.08771314  23.91266420 
  6.875000e-02  -2392.08771314  23.91266446 
  7.000000e-02  -2392.08771314  23.91266472 
  7.125000e-02  -2392.08771314  23.91266497 
  7.250000e-02  -2392.08771314  23.91266522 
  7.375000e-02  -2392.08771314  23.91266546 
  7.500000e-02  -2392.08771314  23.91266569 
  7.625000e-02  -2392.08771314  23.91266593 
  7.750000e-02  -2392.08771314  23.91266616 
  7.875000e-02  -2392.08771314  23.91266638 
  8.000000e-02  -2392.08771314  23.91266660 
  8.125000e-02  -2392.08771314  23.91266682 
  8.250000e-02  -2392.08771314  23.91266703 
  8.375000e-02  -2392.08771314  23.91266724 
  8.500000e-02  -2392.08771314  23.91266745 
  8.625000e-02  -2392.08771314  23.91266765 
  8.750000e-02  -2392.08771314  23.91266785 
  8.875000e-02  -2392.08771314  23.91266805 
  9.000000e-02  -2392.08771314  23.91266824 
  9.125000e-02  -2392.08771314  23.91266844 
  9.250000e-02  -2392.08771314  23.91266863 
  9.375000e-02  -2392.08771314  23.91266882 
  9.500000e-02  -2392.08771314  23.91266901 
  9.625000e-02  -2392.08771314  23.91266919 
  9.750000e-02  -2392.08771314  23.91266938 
  9.875000e-02  -2392.08771314  23.91266956 
  1.000000e-01  -2392.08771314  23.91266975 
  1.012500e-01  -2392.08771314  23.91266993 
  1.025000e-01  -2392.08771314  23.91267011 
  1.037500e-01  -2392.08771314  23.91267029 
  1.050000e-01  -2392.08771314  23.91267047 
  1.062500e-01  -2392.08771314  23.91267065 
  1.075000e-01  -2392.08771314  23.91267083 
  1.087500e-01  -2392.08771314  23.91267102 
  1.100000e-01  -2392.08771314  23.91267120 
  1.112500e-01  -2392.08771314  23.91267138 
  1.125000e-01  -2392.08771314  23.91267156 
  1.137500e-01  -2392.08771314  23.91267174 
  1.150000e-01  -2392.08771314  23.91267192 
  1.162500e-01  -2392.08771314  23.91267211 
  1.175000e-01  -2392.08771314  23.91267229 
  1.187500e-01  -2392.08771314  23.91267248 
  1.200000e-01  -2392.08771314  23.91267267 
  1.212500e-01  -2392.08771314  23.91267286 
  1.225000e-01  -2392.08771314  23.91267305 
  1.237500e-01  -2392.08771314  23.91267324 
  1.250000e-01  -2392.08771314  23.91267343 
  1.262500e-01  -2392.08771314  23.91267363 
  1.275000e-01  -2392.08771314  23.91267383 
  1.287500e-01  -2392.08771314  23.91267403 
  1.300000e-01  -2392.08771314  23.91267423 
  1.312500e-01  -2392.08771314  23.91267443 
  1.325000e-01  -2392.08771314  23.91267464 
  1.337500e-01  -2392.08771314  23.91267485 
  1.350000e-01  -2392.08771314  23.91267506 
  1.362500e-01  -2392.08771314  23.91267528 
  1.375000e-01  -2392.08771314  23.91267549 
  1.387500e-01  -2392.08771314  23.91267571 
  1.400000e-01  -2392.08771314  23.91267593 
  1.412500e-01  -2392.08771314  23.91267616 
  1.425000e-01  -2392.08771314  23.91267639 
  1.437500e-01  -2392.08771314  23.91267662 
  1.450000e-01  -2392.08771314  23.91267685 
  1.462500e-01  -2392.08771314  23.91267709 
  1.475000e-01  -2392.08771314  23.91267733 
  1.487500e-01  -2392.08771314  23.91267757 
  1.500000e-01  -2392.08771314  23.91267782 
  1.512500e-01  -2392.08771314  23.91267807 
  1.525000e-01  -2392.08771314  23.91267832 
  1.537500e-01  -2392.08771314  23.91267858 
  1.550000e-01  -2392.08771314  23.91267884 
  1.562500e-01  -2392.08771314  23.91267911 
  1.575000e-01  -2392.08771314  23.91267938 
  1.587500e-01  -2392.08771314  23.91267965 
  1.600000e-01  -2392.08771314  23.91267992 
  1.612500e-01  -2392.08771314  23.91268020 
  1.625000e-01  -2392.08771314  23.91268049 
  1.637500e-01  -2392.08771314  23.91268078 
  1.650000e-01  -2392.08771314  23.91268107 
  1.662500e-01  -2392.08771314  23.91268137 
  1.675000e-01  -2392.08771314  23.91268167 
  1.687500e-01  -2392.08771314  23.91268197 
  1.700000e-01  -2392.08771314  23.91268228 
  1.712500e-01  -2392.08771314  23.91268260 
  1.725000e-01  -2392.08771314  23.91268291 
  1.737500e-01  -2392.08771314  23.91268324 
  1.750000e-01  -2392.08771314  23.91268357 
  1.762500e-01  -2392.08771314  23.91268390 
  1.775000e-01  -2392.08771314  23.91268424 
  1.787500e-01  -2392.08771314  23.91268458 
  1.800000e-01  -2392.08771314  23.91268493 
  1.812500e-01  -2392.08771314  23.91268528 
  1.825000e-01  -2392.08771314  23.91268564 
  1.837500e-01  -2392.08771314  23.91268601 
  1.850000e-01  -2392.08771314  23.91268638 
  1.862500e-01  -2392.08771314  23.91268675 
  1.875000e-01  -2392.08771314  23.91268714 
  1.887500e-01  -2392.08771314  23.91268753 
  1.900000e-01  -2392.08771314  23.91268792 
  1.912500e-01  -2392.08771314  23.91268832 
  1.925000e-01  -2392.08771314  23.91268873 
  1.937500e-01  -2392.08771314  23.91268914 
  1.950000e-01  -2392.08771314  23.91268957 
  1.962500e-01  -2392.08771314  23.91268999 
  1.975000e-01  -2392.08771314  23.91269043 
  1.987500e-01  -2392.08771314  23.91269087 
  2.000000e-01  -2392.08771314  23.91269132 
  2.012500e-01  -2392.08771314  23.91269178 
  2.025000e-01  -2392.08771314  23.91269225 
  2.037500e-01  -2392.08771314  23.91269272 
  2.050000e-01  -2392.08771314  23.91269320 
  2.062500e-01  -2392.08771314  23.91269369 
  2.075000e-01  -2392.08771314  23.91269418 
  2.087500e-01  -2392.08771314  23.91269469 
  2.100000e-01  -2392.08771314  23.91269520 
  2.112500e-01  -2392.08771314  23.91269571 
  2.125000e-01  -2392.08771314  23.91269624 
  2.137500e-01  -2392.08771314  23.91269677 
  2.150000e-01  -2392.08771314  23.91269730 
  2.162500e-01  -2392.08771314  23.91269785 
  2.175000e-01  -2392.08771314  23.91269840 
  2.187500e-01  -2392.08771314  23.91269895 
  2.200000e-01  -2392.08771314  23.91269950 
  2.212500e-01  -2392.08771314  23.91270006 
  2.225000e-01  -2392.08771314  23.91270063 
  2.237500e-01  -2392.08771314  23.91270119 
  2.250000e-01  -2392.08771314  23.91270175 
  2.262500e-01  -2392.08771314  23.91270232 
  2.275000e-01  -2392.08771314  23.91270288 
  2.287500e-01  -2392.08771314  23.91270344 
  2.300000e-01  -2392.08771314  23.91270399 
  2.312500e-01  -2392.08771314  23.91270454 
  2.325000e-01  -2392.08771314  23.91270508 
  2.337500e-01  -2392.08771314  23.91270561 
  2.350000e-01  -2392.08771314  23.91270613 
  2.362500e-01  -2392.08771314  23.91270664 
  2.375000e-01  -2392.08771314  23.91270713 
  2.387500e-01  -2392.08771314  23.91270761 
  2.400000e-01  -2392.08771314  23.91270807 
  2.412500e-01  -2392.08771314  23.91270852 
  2.425000e-01  -2392.08771314  23.91270895 
  2.437500e-01  -2392.08771314  23.91270936 
  2.450000e-01  -2392.08771314  23.91270975 
  2.462500e-01  -2392.08771314  23.91271012 
  2.475000e-01  -2392.08771314  23.91271047 
  2.487500e-01  -2392.08771314  23.91271080 
  2.500000e-01  -2392.08771314  23.91271111 
  2.512500e-01  -2392.08771314  23.91271140 
  2.525000e-01  -2392.08771314  23.91271166 
  2.537500e-01  -2392.08771314  23.91271191 
  2.550000e-01  -2392.08771314  23.91271214 
  2.562500e-01  -2392.08771314  23.91271235 
  2.575000e-01  -2392.08771314  23.91271253 
  2.587500e-01  -2392.08771314  23.91271271 
  2.600000e-01  -2392.08771314  23.91271286 
  2.612500e-01  -2392.08771314  23.91271300 
  2.625000e-01  -2392.08771314  23.91271313 
  2.637500e-01  -2392.08771314  23.91271324 
  2.650000e-01  -2392.08771314  23.91271334 
  2.662500e-01  -2392.08771314  23.91271343 
  2.675000e-01  -2392.08771314  23.91271351 
  2.687500e-01  -2392.08771314  23.91271357 
  2.700000e-01  -2392.08771314  23.91271363 
  2.712500e-01  -2392.08771314  23.91271368 
  2.725000e-01  -2392.08771314  23.91271372 
  2.737500e-01  -2392.08771314  23.91271376 
  2.750000e-01  -2392.08771314  23.91271379 
  2.762500e-01  -2392.08771314  23.91271381 
  2.775000e-01  -2392.08771314  23.91271383 
  2.787500e-01  -2392.08771314  23.91271384 
  2.800000e-01  -2392.08771314  23.91271385 
  2.812500e-01  -2392.08771314  23.91271385 
  2.825000e-01  -2392.08771314  23.91271385 
  2.837500e-01  -2392.08771314  23.91271385 
  2.850000e-01  -2392.08771314  23.91271385 
  2.862500e-01  -2392.08771314  23.91271384 
  2.875000e-01  -2392.08771314  23.91271383 
  2.887500e-01  -2392.08771314  23.91271382 
  2.900000e-01  -2392.08771314  23.91271381 
  2.912500e-01  -2392.08771314  23.91271379 
  2.925000e-01  -2392.08771314  23.91271378 
  2.937500e-01  -2392.08771314  23.91271376 
  2.950000e-01  -2392.08771314  23.91271374 
  2.962500e-01  -2392.08771314  23.91271372 
  2.975000e-01  -2392.08771314  23.91271370 
  2.987500e-01  -2392.08771314  23.91271368 
  3.000000e-01  -2392.08771314  23.91271366 
  3.012500e-01  -2392.08771314  23.91271364 
  3.025000e-01  -2392.08771314  23.91271362 
  3.037500e-01  -2392.08771314  23.91271360 
  3.050000e-01  -2392.08771314  23.91271358 
  3.062500e-01  -2392.08771314  23.91271356 
  3.075000e-01  -2392.08771314  23.91271354 
  3.087500e-01  -2392.08771314  23.91271352 
  3.100000e-01  -2392.08771314  23.91271350 
  3.112500e-01  -2392.08771314  23.91271348 
  3.125000e-01  -2392.08771314  23.91271346 
  3.137500e-01  -2392.08771314  23.91271345 
  3.150000e-01  -2392.08771314  23.91271343 
  3.162500e-01  -2392.08771314  23.91271341 
  3.175000e-01  -2392.08771314  23.91271339 
  3.187500e-01  -2392.08771314  23.91271338 
  3.200000e-01  -2392.08771314  23.91271336 
  3.212500e-01  -2392.08771314  23.91271335 
  3.225000e-01  -2392.08771314  23.91271334 
  3.237500e-01  -2392.08771314  23.91271332 
  3.250000e-01  -2392.08771314  23.91271331 
  3.262500e-01  -2392.08771314  23.91271330 
  3.275000e-01  -2392.08771314  23.91271329 
  3.287500e-01  -2392.08771314  23.91271328 
  3.300000e-01  -2392.08771314  23.91271327 
  3.312500e-01  -2392.08771314  23.91271326 
  3.325000e-01  -2392.08771314  23.91271326 
  3.337500e-01  -2392.08771314  23.91271325 
  3.350000e-01  -2392.08771314  23.91271325 
  3.362500e-01  -2392.08771314  23.91271324 
  3.375000e-01  -2392.08771314  23.91271324 
  3.387500e-01  -2392.08771314  23.91271324 
  3.400000e-01  -2392.08771314  23.91271324 
  3.412500e-01  -2392.08771314  23.91271324 
  3.425000e-01  -2392.08771314  23.91271324 
  3.437500e-01  -2392.08771314  23.91271324 
  3.450000e-01  -2392.08771314  23.91271324 
  3.462500e-01  -2392.08771314  23.91271325 
  3.475000e-01  -2392.08771314  23.91271325 
  3.487500e-01  -2392.08771314  23.91271326 
  3.500000e-01  -2392.08771314  23.91271327 
  3.512500e-01  -2392.08771314  23.91271328 
  3.525000e-01  -2392.08771314  23.91271329 
  3.537500e-01  -2392.08771314  23.91271330 
  3.550000e-01  -2392.08771314  23.91271331 
  3.562500e-01  -2392.08771314  23.91271332 
  3.575000e-01  -2392.08771314  23.91271333 
  3.587500e-01  -2392.08771314  23.91271335 
  3.600000e-01  -2392.08771314  23.91271336 
  3.612500e-01  -2392.08771314  23.91271338 
  3.625000e-01  -2392.08771314  23.91271339 
  3.637500e-01  -2392.08771314  23.91271341 
  3.650000e-01  -2392.08771314  23.91271343 
  3.662500e-01  -2392.08771314  23.91271345 
  3.675000e-01  -2392.08771314  23.91271347 
  3.687500e-01  -2392.08771314  23.91271349 
  3.700000e-01  -2392.08771314  23.91271351 
  3.712500e-01  -2392.08771314  23.91271354 
  3.725000e-01  -2392.08771314  23.91271356 
  3.737500e-01  -2392.08771314  23.91271358 
  3.750000e-01  -2392.08771314  23.91271361 
  3.762500e-01  -2392.08771314  23.91271364 
  3.775000e-01  -2392.08771314  23.91271366 
  3.787500e-01  -2392.08771314  23.91271369 
  3.800000e-01  -2392.08771314  23.91271372 
  3.812500e-01  -2392.08771314  23.91271375 
  3.825000e-01  -2392.08771314  23.91271378 
  3.837500e-01  -2392.08771314  23.91271381 
  3.850000e-01  -2392.08771314  23.91271384 
  3.862500e-01  -2392.08771314  23.91271388 
  3.875000e-01  -2392.08771314  23.91271391 
  3.887500e-01  -2392.08771314  23.91271394 
  3.900000e-01  -2392.08771314  23.91271398 
  3.912500e-01  -2392.08771314  23.91271401 
  3.925000e-01  -2392.08771314  23.91271405 
  3.937500e-01  -2392.08771314  23.91271409 
  3.950000e-01  -2392.08771314  23.91271412 
  3.962500e-01  -2392.08771314  23.91271416 
  3.975000e-01  -2392.08771314  23.91271420 
  3.987500e-01  -2392.08771314  23.91271424 
  4.000000e-01  -2392.08771314  23.91271428 
  4.012500e-01  -2392.08771314  23.91271432 
  4.025000e-01  -2392.08771314  23.91271436 
  4.037500e-01  -2392.08771314  23.91271441 
  4.050000e-01  -2392.08771314  23.91271445 
  4.062500e-01  -2392.08771314  23.91271449 
  4.075000e-01  -2392.08771314  23.91271454 
  4.087500e-01  -2392.08771314  23.91271458 
  4.100000e-01  -2392.08771314  23.91271463 
  4.112500e-01  -2392.08771314  23.91271467 
  4.125000e-01  -2392.08771314  23.91271472 
  4.137500e-01  -2392.08771314  23.91271477 
  4.150000e-01  -2392.08771314  23.91271481 
  4.162500e-01  -2392.08771314  23.91271486 
  4.175000e-01  -2392.08771314  23.91271491 
  4.187500e-01  -2392.08771314  23.91271496 
  4.200000e-01  -2392.08771314  23.91271501 
  4.212500e-01  -2392.08771314  23.91271506 
  4.225000e-01  -2392.08771314  23.91271511 
  4.237500e-01  -2392.08771314  23.91271516 
  4.250000e-01  -2392.08771314  23.91271521 
  4.262500e-01  -2392.08771314  23.91271526 
  4.275000e-01  -2392.08771314  23.91271531 
  4.287500e-01  -2392.08771314  23.91271536 
  4.300000e-01  -2392.08771314  23.91271541 
  4.312500e-01  -2392.08771314  23.91271547 
  4.325000e-01  -2392.08771314  23.91271552 
  4.337500e-01  -2392.08771314  23.91271557 
  4.350000e-01  -2392.08771314  23.91271562 
  4.362500e-01  -2392.08771314  23.91271568 
  4.375000e-01  -2392.08771314  23.91271573 
  4.387500e-01  -2392.08771314  23.91271579 
  4.400000e-01  -2392.08771314  23.91271584 
  4.412500e-01  -2392.08771314  23.91271589 
  4.425000e-01  -2392.08771314  23.91271595 
  4.437500e-01  -2392.08771314  23.91271600 
  4.450000e-01  -2392.08771314  23.91271606 
  4.462500e-01  -2392.08771314  23.91271611 
  4.475000e-01  -2392.08771314  23.91271617 
  4.487500e-01  -2392.08771314  23.91271622 
  4.500000e-01  -2392.08771314  23.91271628 
  4.512500e-01  -2392.08771314  23.91271633 
  4.525000e-01  -2392.08771314  23.91271639 
  4.537500e-01  -2392.08771314  23.91271644 
  4.550000e-01  -2392.08771314  23.91271650 
  4.562500e-01  -2392.08771314  23.91271655 
  4.575000e-01  -2392.08771314  23.91271661 
  4.587500e-01  -2392.08771314  23.91271667 
  4.600000e-01  -2392.08771314  23.91271672 
  4.612500e-01  -2392.08771314  23.91271678 
  4.625000e-01  -2392.08771314  23.91271683 
  4.637500e-01  -2392.08771314  23.91271689 
  4.650000e-01  -2392.08771314  23.91271694 
  4.662500e-01  -2392.08771314  23.91271700 
  4.675000e-01  -2392.08771314  23.91271705 
  4.687500e-01  -2392.08771314  23.91271711 
  4.700000e-01  -2392.08771314  23.91271716 
  4.712500e-01  -2392.08771314  23.91271722 
  4.725000e-01  -2392.08771314  23.91271727 
  4.737500e-01  -2392.08771314  23.91271733 
  4.750000e-01  -2392.08771314  23.91271738 
  4.762500e-01  -2392.08771314  23.91271744 
  4.775000e-01  -2392.08771314  23.91271749 
  4.787500e-01  -2392.08771314  23.91271755 
  4.800000e-01  -2392.08771314  23.91271760 
  4.812500e-01  -2392.08771314  23.91271766 
  4.825000e-01  -2392.08771314  23.91271771 
  4.837500e-01  -2392.08771314  23.91271776 
  4.850000e-01  -2392.08771314  23.91271782 
  4.862500e-01  -2392.08771314  23.91271787 
  4.875000e-01  -2392.08771314  23.91271792 
  4.887500e-01  -2392.08771314  23.91271798 
  4.900000e-01  -2392.08771314  23.91271803 
  4.912500e-01  -2392.08771314  23.91271808 
  4.925000e-01  -2392.08771314  23.91271814 
  4.937500e-01  -2392.08771314  23.91271819 
  4.950000e-01  -2392.08771314  23.91271824 
  4.962500e-01  -2392.08771314  23.91271830 
  4.975000e-01  -2392.08771314  23.91271835 
  4.987500e-01  -2392.08771314  23.91271840 
  5.000000e-01  -2392.08771314  23.91271845 
  5.012500e-01  -2392.08771314  23.91271850 
  5.025000e-01  -2392.08771314  23.91271856 
  5.037500e-01  -2392.08771314  23.91271861 
  5.050000e-01  -2392.08771314  23.91271866 
  5.062500e-01  -2392.08771314  23.91271871 
  5.075000e-01  -2392.08771314  23.91271876 
  5.087500e-01  -2392.08771314  23.91271881 
  5.100000e-01  -2392.08771314  23.91271886 
  5.112500e-01  -2392.08771314  23.91271891 
  5.125000e-01  -2392.08771314  23.91271896 
  5.137500e-01  -2392.08771314  23.91271901 
  5.150000e-01  -2392.08771314  23.91271906 
  5.162500e-01  -2392.08771314  23.91271911 
  5.175000e-01  -2392.08771314  23.91271916 
  5.187500e-01  -2392.08771314  23.91271921 
  5.200000e-01  -2392.08771314  23.91271926 
  5.212500e-01  -2392.08771314  23.91271931 
  5.225000e-01  -2392.08771314  23.91271936 
  5.237500e-01  -2392.08771314  23.91271941 
  5.250000e-01  -2392.08771314  23.91271946 
  5.262500e-01  -2392.08771314  23.91271950 
  5.275000e-01  -2392.08771314  23.91271955 
  5.287500e-01  -2392.08771314  23.91271960 
  5.300000e-01  -2392.08771314  23.91271965 
  5.312500e-01  -2392.08771314  23.91271969 
  5.325000e-01  -2392.08771314  23.91271974 
  5.337500e-01  -2392.08771314  23.91271979 
  5.350000e-01  -2392.08771314  23.91271983 
  5.362500e-01  -2392.08771314  23.91271988 
  5.375000e-01  -2392.08771314  23.91271992 
  5.387500e-01  -2392.08771314  23.91271997 
  5.400000e-01  -2392.08771314  23.91272002 
  5.412500e-01  -2392.08771314  23.91272006 
  5.425000e-01  -2392.08771314  23.91272010 
  5.437500e-01  -2392.08771314  23.91272015 
  5.450000e-01  -2392.08771314  23.91272019 
  5.462500e-01  -2392.08771314  23.91272024 
  5.475000e-01  -2392.08771314  23.91272028 
  5.487500e-01  -2392.08771314  23.91272032 
  5.500000e-01  -2392.08771314  23.91272037 
  5.512500e-01  -2392.08771314  23.91272041 
  5.525000e-01  -2392.08771314  23.91272045 
  5.537500e-01  -2392.08771314  23.91272049 
  5.550000e-01  -2392.08771314  23.91272053 
  5.562500e-01  -2392.08771314  23.91272057 
  5.575000e-01  -2392.08771314  23.91272062 
  5.587500e-01  -2392.08771314  23.91272066 
  5.600000e-01  -2392.08771314  23.91272070 
  5.612500e-01  -2392.08771314  23.91272074 
  5.625000e-01  -2392.08771314  23.91272078 
  5.637500e-01  -2392.08771314  23.91272081 
  5.650000e-01  -2392.08771314  23.91272085 
  5.662500e-01  -2392.08771314  23.91272089 
  5.675000e-01  -2392.08771314  23.91272093 
  5.687500e-01  -2392.08771314  23.91272097 
  5.700000e-01  -2392.08771314  23.91272101 
  5.712500e-01  -2392.08771314  23.91272104 
  5.725000e-01  -2392.08771314  23.91272108 
  5.737500e-01  -2392.08771314  23.91272112 
  5.750000e-01  -2392.08771314  23.91272115 
  5.762500e-01  -2392.08771314  23.91272119 
  5.775000e-01  -2392.08771314  23.91272123 
  5.787500e-01  -2392.08771314  23.91272126 
  5.800000e-01  -2392.08771314  23.91272130 
  5.812500e-01  -2392.08771314  23.91272133 
  5.825000e-01  -2392.08771314  23.91272137 
  5.837500e-01  -2392.08771314  23.91272140 
  5.850000e-01  -2392.08771314  23.91272143 
  5.862500e-01  -2392.08771314  23.91272147 
  5.875000e-01  -2392.08771314  23.91272150 
  5.887500e-01  -2392.08771314  23.91272153 
  5.900000e-01  -2392.08771314  23.91272157 
  5.912500e-01  -2392.08771314  23.91272160 
  5.925000e-01  -2392.08771314  23.91272163 
  5.937500e-01  -2392.08771314  23.91272166 
  5.950000e-01  -2392.08771314  23.91272169 
  5.962500e-01  -2392.08771314  23.91272173 
  5.975000e-01  -2392.08771314  23.91272176 
  5.987500e-01  -2392.08771314  23.91272179 
  6.000000e-01  -2392.08771314  23.91272182 
  6.012500e-01  -2392.08771314  23.91272185 
  6.025000e-01  -2392.08771314  23.91272188 
  6.037500e-01  -2392.08771314  23.91272191 
  6.050000e-01  -2392.08771314  23.91272194 
  6.062500e-01  -2392.08771314  23.91272197 
  6.075000e-01  -2392.08771314  23.91272200 
  6.087500e-01  -2392.08771314  23.91272203 
  6.100000e-01  -2392.08771314  23.91272206 
  6.112500e-01  -2392.08771314  23.91272209 
  6.125000e-01  -2392.08771314  23.91272211 
  6.137500e-01  -2392.08771314  23.91272214 
  6.150000e-01  -2392.08771314  23.91272217 
  6.162500e-01  -2392.08771314  23.91272220 
  6.175000e-01  -2392.08771314  23.91272223 
  6.187500e-01  -2392.08771314  23.91272225 
  6.200000e-01  -2392.08771314  23.91272228 
  6.212500e-01  -2392.08771314  23.91272231 
  6.225000e-01  -2392.08771314  23.91272233 
  6.237500e-01  -2392.08771314  23.91272236 
  6.250000e-01  -2392.08771314  23.91272239 
  6.262500e-01  -2392.08771314  23.91272241 
  6.275000e-01  -2392.08771314  23.91272244 
  6.287500e-01  -2392.08771314  23.91272247 
  6.300000e-01  -2392.08771314  23.91272249 
  6.312500e-01  -2392.08771314  23.91272252 
  6.325000e-01  -2392.08771314  23.91272254 
  6.337500e-01  -2392.08771314  23.91272257 
  6.350000e-01  -2392.08771314  23.91272259 
  6.362500e-01  -2392.08771314  23.91272262 
  6.375000e-01  -2392.08771314  23.91272265 
  6.387500e-01  -2392.08771314  23.91272267 
  6.400000e-01  -2392.08771314  23.91272269 
  6.412500e-01  -2392.08771314  23.91272272 
  6.425000e-01  -2392.08771314  23.91272274 
  6.437500e-01  -2392.08771314  23.91272277 
  6.450000e-01  -2392.08771314  23.91272279 
  6.462500e-01  -2392.08771314  23.91272282 
  6.475000e-01  -2392.08771314  23.91272284 
  6.487500e-01  -2392.08771314  23.91272286 
  6.500000e-01  -2392.08771314  23.91272289 
  6.512500e-01  -2392.08771314  23.91272291 
  6.525000e-01  -2392.08771314  23.91272293 
  6.537500e-01  -2392.08771314  23.91272296 
  6.550000e-01  -2392.08771314  23.91272298 
  6.562500e-01  -2392.08771314  23.91272300 
  6.575000e-01  -2392.08771314  23.91272303 
  6.587500e-01  -2392.08771314  23.91272305 
  6.600000e-01  -2392.08771314  23.91272307 
  6.612500e-01  -2392.08771314  23.91272309 
  6.625000e-01  -2392.08771314  23.91272312 
  6.637500e-01  -2392.08771314  23.91272314 
  6.650000e-01  -2392.08771314  23.91272316 
  6.662500e-01  -2392.08771314  23.91272318 
  6.675000e-01  -2392.08771314  23.91272320 
  6.687500e-01  -2392.08771314  23.91272323 
  6.700000e-01  -2392.08771314  23.91272325 
  6.712500e-01  -2392.08771314  23.91272327 
  6.725000e-01  -2392.08771314  23.91272329 
  6.737500e-01  -2392.08771314  23.91272331 
  6.750000e-01  -2392.08771314  23.91272333 
  6.762500e-01  -2392.08771314  23.91272335 
  6.775000e-01  -2392.08771314  23.91272337 
  6.787500e-01  -2392.08771314  23.91272339 
  6.800000e-01  -2392.08771314  23.91272341 
  6.812500e-01  -2392.08771314  23.91272343 
  6.825000e-01  -2392.08771314  23.91272345 
  6.837500e-01  -2392.08771314  23.91272347 
  6.850000e-01  -2392.08771314  23.91272349 
  6.862500e-01  -2392.08771314  23.91272351 
  6.875000e-01  -2392.08771314  23.91272353 
  6.887500e-01  -2392.08771314  23.91272355 
  6.900000e-01  -2392.08771314  23.91272357 
  6.912500e-01  -2392.08771314  23.91272359 
  6.925000e-01  -2392.08771314  23.91272361 
  6.937500e-01  -2392.08771314  23.91272363 
  6.950000e-01  -2392.08771314  23.91272365 
  6.962500e-01  -2392.08771314  23.91272366 
  6.975000e-01  -2392.08771314  23.91272368 
  6.987500e-01  -2392.08771314  23.91272370 
  7.000000e-01  -2392.08771314  23.91272372 
  7.012500e-01  -2392.08771314  23.91272374 
  7.025000e-01  -2392.08771314  23.91272375 
  7.037500e-01  -2392.08771314  23.91272377 
  7.050000e-01  -2392.08771314  23.91272379 
  7.062500e-01  -2392.08771314  23.91272381 
  7.075000e-01  -2392.08771314  23.91272382 
  7.087500e-01  -2392.08771314  23.91272384 
  7.100000e-01  -2392.08771314  23.91272386 
  7.112500e-01  -2392.08771314  23.91272387 
  7.125000e-01  -2392.08771314  23.91272389 
  7.137500e-01  -2392.08771314  23.91272391 
  7.150000e-01  -2392.08771314  23.91272392 
  7.162500e-01  -2392.08771314  23.91272394 
  7.175000e-01  -2392.08771314  23.91272395 
  7.187500e-01  -2392.08771314  23.91272397 
  7.200000e-01  -2392.08771314  23.91272398 
  7.212500e-01  -2392.08771314  23.91272400 
  7.225000e-01  -2392.08771314  23.91272401 
  7.237500e-01  -2392.08771314  23.91272403 
  7.250000e-01  -2392.08771314  23.91272404 
  7.262500e-01  -2392.08771314  23.91272406 
  7.275000e-01  -2392.08771314  23.91272407 
  7.287500e-01  -2392.08771314  23.91272409 
  7.300000e-01  -2392.08771314  23.91272410 
  7.312500e-01  -2392.08771314  23.91272412 
  7.325000e-01  -2392.08771314  23.91272413 
  7.337500e-01  -2392.08771314  23.91272414 
  7.350000e-01  -2392.08771314  23.91272416 
  7.362500e-01  -2392.08771314  23.91272417 
  7.375000e-01  -2392.08771314  23.91272418 
  7.387500e-01  -2392.08771314  23.91272420 
  7.400000e-01  -2392.08771314  23.91272421 
  7.412500e-01  -2392.08771314  23.91272422 
  7.425000e-01  -2392.08771314  23.91272424 
  7.437500e-01  -2392.08771314  23.91272425 
  7.450000e-01  -2392.08771314  23.91272426 
  7.462500e-01  -2392.08771314  23.91272427 
  7.475000e-01  -2392.08771314  23.91272429 
  7.487500e-01  -2392.08771314  23.91272430 
  7.500000e-01  -2392.08771314  23.91272431 
  7.512500e-01  -2392.08771314  23.91272432 
  7.525000e-01  -2392.08771314  23.91272433 
  7.537500e-01  -2392.08771314  23.91272434 
  7.550000e-01  -2392.08771314  23.91272436 
  7.562500e-01  -2392.08771314  23.91272437 
  7.575000e-01  -2392.08771314  23.91272438 
  7.587500e-01  -2392.08771314  23.91272439 
  7.600000e-01  -2392.08771314  23.91272440 
  7.612500e-01  -2392.08771314  23.91272441 
  7.625000e-01  -2392.08771314  23.91272442 
  7.637500e-01  -2392.08771314  23.91272443 
  7.650000e-01  -2392.08771314  23.91272444 
  7.662500e-01  -2392.08771314  23.91272445 
  7.675000e-01  -2392.08771314  23.91272446 
  7.687500e-01  -2392.08771314  23.91272447 
  7.700000e-01  -2392.08771314  23.91272448 
  7.712500e-01  -2392.08771314  23.91272449 
  7.725000e-01  -2392.08771314  23.91272450 
  7.737500e-01  -2392.08771314  23.91272451 
  7.750000e-01  -2392.08771314  23.91272452 
  7.762500e-01  -2392.08771314  23.91272453 
  7.775000e-01  -2392.08771314  23.91272454 
  7.787500e-01  -2392.08771314  23.91272455 
  7.800000e-01  -2392.08771314  23.91272456 
  7.812500e-01  -2392.08771314  23.91272457 
  7.825000e-01  -2392.08771314  23.91272457 
  7.837500e-01  -2392.08771314  23.91272458 
  7.850000e-01  -2392.08771314  23.91272459 
  7.862500e-01  -2392.08771314  23.91272460 
  7.875000e-01  -2392.08771314  23.91272461 
  7.887500e-01  -2392.08771314  23.91272462 
  7.900000e-01  -2392.08771314  23.91272463 
  7.912500e-01  -2392.08771314  23.91272463 
  7.925000e-01  -2392.08771314  23.91272464 
  7.937500e-01  -2392.08771314  23.91272465 
  7.950000e-01  -2392.08771314  23.91272466 
  7.962500e-01  -2392.08771314  23.91272466 
  7.975000e-01  -2392.08771314  23.91272467 
  7.987500e-01  -2392.08771314  23.91272468 
  8.000000e-01  -2392.08771314  23.91272469 
  8.012500e-01  -2392.08771314  23.91272469 
  8.025000e-01  -2392.08771314  23.91272470 
  8.037500e-01  -2392.08771314  23.91272471 
  8.050000e-01  -2392.08771314  23.91272472 
  8.062500e-01  -2392.08771314  23.91272472 
  8.075000e-01  -2392.08771314  23.91272473 
  8.087500e-01  -2392.08771314  23.91272474 
  8.100000e-01  -2392.08771314  23.91272474 
  8.112500e-01  -2392.08771314  23.91272475 
  8.125000e-01  -2392.08771314  23.91272476 
  8.137500e-01  -2392.08771314  23.91272476 
  8.150000e-01  -2392.08771314  23.91272477 
  8.162500e-01  -2392.08771314  23.91272478 
  8.175000e-01  -2392.08771314  23.91272478 
  8.187500e-01  -2392.08771314  23.91272479 
  8.200000e-01  -2392.08771314  23.91272480 
  8.212500e-01  -2392.08771314  23.91272480 
  8.225000e-01  -2392.08771314  23.91272481 
  8.237500e-01  -2392.08771314  23.91272482 
  8.250000e-01  -2392.08771314  23.91272482 
  8.262500e-01  -2392.08771314  23.91272483 
  8.275000e-01  -2392.08771314  23.91272483 
  8.287500e-01  -2392.08771314  23.91272484 
  8.300000e-01  -2392.08771314  23.91272485 
  8.312500e-01  -2392.08771314  23.91272485 
  8.325000e-01  -2392.08771314  23.91272486 
  8.337500e-01  -2392.08771314  23.91272486 
  8.350000e-01  -2392.08771314  23.91272487 
  8.362500e-01  -2392.08771314  23.91272487 
  8.375000e-01  -2392.08771314  23.91272488 
  8.387500e-01  -2392.08771314  23.91272489 
  8.400000e-01  -2392.08771314  23.91272489 
  8.412500e-01  -2392.08771314  23.91272490 
  8.425000e-01  -2392.08771314  23.91272490 
  8.437500e-01  -2392.08771314  23.91272491 
  8.450000e-01  -2392.08771314  23.91272491 
  8.462500e-01  -2392.08771314  23.91272492 
  8.475000e-01  -2392.08771314  23.91272492 
  8.487500e-01  -2392.08771314  23.91272493 
  8.500000e-01  -2392.08771314  23.91272493 
  8.512500e-01  -2392.08771314  23.91272494 
  8.525000e-01  -2392.08771314  23.91272494 
  8.537500e-01  -2392.08771314  23.91272495 
  8.550000e-01  -2392.08771314  23.91272495 
  8.562500e-01  -2392.08771314  23.91272496 
  8.575000e-01  -2392.08771314  23.91272496 
  8.587500e-01  -2392.08771314  23.91272497 
  8.600000e-01  -2392.08771314  23.91272497 
  8.612500e-01  -2392.08771314  23.91272498 
  8.625000e-01  -2392.08771314  23.91272498 
  8.637500e-01  -2392.08771314  23.91272499 
  8.650000e-01  -2392.08771314  23.91272499 
  8.662500e-01  -2392.08771314  23.91272499 
  8.675000e-01  -2392.08771314  23.91272500 
  8.687500e-01  -2392.08771314  23.91272500 
  8.700000e-01  -2392.08771314  23.91272501 
  8.712500e-01  -2392.08771314  23.91272501 
  8.725000e-01  -2392.08771314  23.91272502 
  8.737500e-01  -2392.08771314  23.91272502 
  8.750000e-01  -2392.08771314  23.91272503 
  8.762500e-01  -2392.08771314  23.91272503 
  8.775000e-01  -2392.08771314  23.91272503 
  8.787500e-01  -2392.08771314  23.91272504 
  8.800000e-01  -2392.08771314  23.91272504 
  8.812500e-01  -2392.08771314  23.91272505 
  8.825000e-01  -2392.08771314  23.91272505 
  8.837500e-01  -2392.08771314  23.91272506 
  8.850000e-01  -2392.08771314  23.91272506 
  8.862500e-01  -2392.08771314  23.91272506 
  8.875000e-01  -2392.08771314  23.91272507 
  8.887500e-01  -2392.08771314  23.91272507 
  8.900000e-01  -2392.08771314  23.91272508 
  8.912500e-01  -2392.08771314  23.91272508 
  8.925000e-01  -2392.08771314  23.91272508 
  8.937500e-01  -2392.08771314  23.91272509 
  8.950000e-01  -2392.08771314  23.91272509 
  8.962500e-01  -2392.08771314  23.91272510 
  8.975000e-01  -2392.08771314  23.91272510 
  8.987500e-01  -2392.08771314  23.91272510 
  9.000000e-01  -2392.08771314  23.91272511 
  9.012500e-01  -2392.08771314  23.91272511 
  9.025000e-01  -2392.08771314  23.91272511 
  9.037500e-01  -2392.08771314  23.91272512 
  9.050000e-01  -2392.08771314  23.91272512 
  9.062500e-01  -2392.08771314  23.91272513 
  9.075000e-01  -2392.08771314  23.91272513 
  9.087500e-01  -2392.08771314  23.91272513 
  9.100000e-01  -2392.08771314  23.91272514 
  9.112500e-01  -2392.08771314  23.91272514 
  9.125000e-01  -2392.08771314  23.91272514 
  9.137500e-01  -2392.08771314  23.91272515 
  9.150000e-01  -2392.08771314  23.91272515 
  9.162500e-01  -2392.08771314  23.91272515 
  9.175000e-01  -2392.08771314  23.91272516 
  9.187500e-01  -2392.08771314  23.91272516 
  9.200000e-01  -2392.08771314  23.91272516 
  9.212500e-01  -2392.08771314  23.91272517 
  9.225000e-01  -2392.08771314  23.91272517 
  9.237500e-01  -2392.08771314  23.91272517 
  9.250000e-01  -2392.08771314  23.91272518 
  9.262500e-01  -2392.08771314  23.91272518 
  9.275000e-01  -2392.08771314  23.91272518 
  9.287500e-01  -2392.08771314  23.91272519 
  9.300000e-01  -2392.08771314  23.91272519 
  9.312500e-01  -2392.08771314  23.91272519 
  9.325000e-01  -2392.08771314  23.91272520 
  9.337500e-01  -2392.08771314  23.91272520 
  9.350000e-01  -2392.08771314  23.91272520 
  9.362500e-01  -2392.08771314  23.91272521 
  9.375000e-01  -2392.08771314  23.91272521 
  9.387500e-01  -2392.08771314  23.91272521 
  9.400000e-01  -2392.08771314  23.91272522 
  9.412500e-01  -2392.08771314  23.91272522 
  9.425000e-01  -2392.08771314  23.91272522 
  9.437500e-01  -2392.08771314  23.91272522 
  9.450000e-01  -2392.08771314  23.91272523 
  9.462500e-01  -2392.08771314  23.91272523 
  9.475000e-01  -2392.08771314  23.91272523 
  9.487500e-01  -2392.08771314  23.91272524 
  9.500000e-01  -2392.08771314  23.91272524 
  9.512500e-01  -2392.08771314  23.91272524 
  9.525000e-01  -2392.08771314  23.91272525 
  9.537500e-01  -2392.08771314  23.91272525 
  9.550000e-01  -2392.08771314  23.91272525 
  9.562500e-01  -2392.08771314  23.91272525 
  9.575000e-01  -2392.08771314  23.91272526 
  9.587500e-01  -2392.08771314  23.91272526 
  9.600000e-01  -2392.08771314  23.91272526 
  9.612500e-01  -2392.08771314  23.91272526 
  9.625000e-01  -2392.08771314  23.91272527 
  9.637500e-01  -2392.08771314  23.91272527 
  9.650000e-01  -2392.08771314  23.91272527 
  9.662500e-01  -2392.08771314  23.91272528 
  9.675000e-01  -2392.08771314  23.91272528 
  9.687500e-01  -2392.08771314  23.91272528 
  9.700000e-01  -2392.08771314  23.91272528 
  9.712500e-01  -2392.08771314  23.91272529 
  9.725000e-01  -2392.08771314  23.91272529 
  9.737500e-01  -2392.08771314  23.91272529 
  9.750000e-01  -2392.08771314  23.91272529 
  9.762500e-01  -2392.08771314  23.91272530 
  9.775000e-01  -2392.08771314  23.91272530 
  9.787500e-01  -2392.08771314  23.91272530 
  9.800000e-01  -2392.08771314  23.91272530 
  9.812500e-01  -2392.08771314  23.91272531 
  9.825000e-01  -2392.08771314  23.91272531 
  9.837500e-01  -2392.08771314  23.91272531 
  9.850000e-01  -2392.08771314  23.91272531 
  9.862500e-01  -2392.08771314  23.91272532 
  9.875000e-01  -2392.08771314  23.91272532 
  9.887500e-01  -2392.08771314  23.91272532 
  9.900000e-01  -2392.08771314  23.91272532 
  9.912500e-01  -2392.08771314  23.91272533 
  9.925000e-01  -2392.08771314  23.91272533 
  9.937500e-01  -2392.08771314  23.91272533 
  9.950000e-01  -2392.08771314  23.91272533 
  9.962500e-01  -2392.08771314  23.91272533 
  9.975000e-01  -2392.08771314  23.91272534 
  9.987500e-01  -2392.08771314  23.91272534 
  1.000000e+00  -2392.08771314  23.91272534 
  1.001250e+00  -2392.08771314  23.91272534 
  1.002500e+00  -2392.08771314  23.91272535 
  1.003750e+00  -2392.08771314  23.91272535 
  1.005000e+00  -2392.08771314  23.91272535 
  1.006250e+00  -2392.08771314  23.91272535 
  1.007500e+00  -2392.08771314  23.91272535 
  1.008750e+00  -2392.08771314  23.91272536 
  1.010000e+00  -2392.08771314  23.91272536 
  1.011250e+00  -2392.08771314  23.91272536 
  1.012500e+00  -2392.08771314  23.91272536 
  1.013750e+00  -2392.08771314  23.91272536 
  1.015000e+00  -2392.08771314  23.91272537 
  1.016250e+00  -2392.08771314  23.91272537 
  1.017500e+00  -2392.08771314  23.91272537 
  1.018750e+00  -2392.08771314  23.91272537 
  1.020000e+00  -2392.08771314  23.91272537 
  1.021250e+00  -2392.08771314  23.91272538 
  1.022500e+00  -2392.08771314  23.91272538 
  1.023750e+00  -2392.08771314  23.91272538 
  1.025000e+00  -2392.08771314  23.91272538 
  1.026250e+00  -2392.08771314  23.91272538 
  1.027500e+00  -2392.08771314  23.91272539 
  1.028750e+00  -2392.08771314  23.91272539 
  1.030000e+00  -2392.08771314  23.91272539 
  1.031250e+00  -2392.08771314  23.91272539 
  1.032500e+00  -2392.08771314  23.91272539 
  1.033750e+00  -2392.08771314  23.91272540 
  1.035000e+00  -2392.08771314  23.91272540 
  1.036250e+00  -2392.08771314  23.91272540 
  1.037500e+00  -2392.08771314  23.91272540 
  1.038750e+00  -2392.08771314  23.91272540 
  1.040000e+00  -2392.08771314  23.91272540 
  1.041250e+00  -2392.08771314  23.91272541 
  1.042500e+00  -2392.08771314  23.91272541 
  1.043750e+00  -2392.08771314  23.91272541 
  1.045000e+00  -2392.08771314  23.91272541 
  1.046250e+00  -2392.08771314  23.91272541 
  1.047500e+00  -2392.08771314  23.91272541 
  1.048750e+00  -2392.08771314  23.91272542 
  1.050000e+00  -2392.08771314  23.91272542 
  1.051250e+00  -2392.08771314  23.91272542 
  1.052500e+00  -2392.08771314  23.91272542 
  1.053750e+00  -2392.08771314  23.91272542 
  1.055000e+00  -2392.08771314  23.91272542 
  1.056250e+00  -2392.08771314  23.91272543 
  1.057500e+00  -2392.08771314  23.91272543 
  1.058750e+00  -2392.08771314  23.91272543 
  1.060000e+00  -2392.08771314  23.91272543 
  1.061250e+00  -2392.08771314  23.91272543 
  1.062500e+00  -2392.08771314  23.91272543 
  1.063750e+00  -2392.08771314  23.91272544 
  1.065000e+00  -2392.08771314  23.91272544 
  1.066250e+00  -2392.08771314  23.91272544 
  1.067500e+00  -2392.08771314  23.91272544 
  1.068750e+00  -2392.08771314  23.91272544 
  1.070000e+00  -2392.08771314  23.91272544 
  1.071250e+00  -2392.08771314  23.91272544 
  1.072500e+00  -2392.08771314  23.91272545 
  1.073750e+00  -2392.08771314  23.91272545 
  1.075000e+00  -2392.08771314  23.91272545 
  1.076250e+00  -2392.08771314  23.91272545 
  1.077500e+00  -2392.08771314  23.91272545 
  1.078750e+00  -2392.08771314  23.91272545 
  1.080000e+00  -2392.08771314  23.91272545 
  1.081250e+00  -2392.08771314  23.91272546 
  1.082500e+00  -2392.08771314  23.91272546 
  1.083750e+00  -2392.08771314  23.91272546 
  1.085000e+00  -2392.08771314  23.91272546 
  1.086250e+00  -2392.08771314  23.91272546 
  1.087500e+00  -2392.08771314  23.91272546 
  1.088750e+00  -2392.08771314  23.91272546 
  1.090000e+00  -2392.08771314  23.91272546 
  1.091250e+00  -2392.08771314  23.91272547 
  1.092500e+00  -2392.08771314  23.91272547 
  1.093750e+00  -2392.08771314  23.91272547 
  1.095000e+00  -2392.08771314  23.91272547 
  1.096250e+00  -2392.08771314  23.91272547 
  1.097500e+00  -2392.08771314  23.91272547 
  1.098750e+00  -2392.08771314  23.91272547 
  1.100000e+00  -2392.08771314  23.91272547 
  1.101250e+00  -2392.08771314  23.91272548 
  1.102500e+00  -2392.08771314  23.91272548 
  1.103750e+00  -2392.08771314  23.91272548 
  1.105000e+00  -2392.08771314  23.91272548 
  1.106250e+00  -2392.08771314  23.91272548 
  1.107500e+00  -2392.08771314  23.91272548 
  1.108750e+00  -2392.08771314  23.91272548 
  1.110000e+00  -2392.08771314  23.91272548 
  1.111250e+00  -2392.08771314  23.91272548 
  1.112500e+00  -2392.08771314  23.91272549 
  1.113750e+00  -2392.08771314  23.91272549 
  1.115000e+00  -2392.08771314  23.91272549 
  1.116250e+00  -2392.08771314  23.91272549 
  1.117500e+00  -2392.08771314  23.91272549 
  1.118750e+00  -2392.08771314  23.91272549 
  1.120000e+00  -2392.08771314  23.91272549 
  1.121250e+00  -2392.08771314  23.91272549 
  1.122500e+00  -2392.08771314  23.91272549 
  1.123750e+00  -2392.08771314  23.91272550 
  1.125000e+00  -2392.08771314  23.91272550 
  1.126250e+00  -2392.08771314  23.91272550 
  1.127500e+00  -2392.08771314  23.91272550 
  1.128750e+00  -2392.08771314  23.91272550 
  1.130000e+00  -2392.08771314  23.91272550 
  1.131250e+00  -2392.08771314  23.91272550 
  1.132500e+00  -2392.08771314  23.91272550 
  1.133750e+00  -2392.08771314  23.91272550 
  1.135000e+00  -2392.08771314  23.91272550 
  1.136250e+00  -2392.08771314  23.91272550 
  1.137500e+00  -2392.08771314  23.91272551 
  1.138750e+00  -2392.08771314  23.91272551 
  1.140000e+00  -2392.08771314  23.91272551 
  1.141250e+00  -2392.08771314  23.91272551 
  1.142500e+00  -2392.08771314  23.91272551 
  1.143750e+00  -2392.08771314  23.91272551 
  1.145000e+00  -2392.08771314  23.91272551 
  1.146250e+00  -2392.08771314  23.91272551 
  1.147500e+00  -2392.08771314  23.91272551 
  1.148750e+00  -2392.08771314  23.91272551 
  1.150000e+00  -2392.08771314  23.91272551 
  1.151250e+00  -2392.08771314  23.91272552 
  1.152500e+00  -2392.08771314  23.91272552 
  1.153750e+00  -2392.08771314  23.91272552 
  1.155000e+00  -2392.08771314  23.91272552 
  1.156250e+00  -2392.08771314  23.91272552 
  1.157500e+00  -2392.08771314  23.91272552 
  1.158750e+00  -2392.08771314  23.91272552 
  1.160000e+00  -2392.08771314  23.91272552 
  1.161250e+00  -2392.08771314  23.91272552 
  1.162500e+00  -2392.08771314  23.91272552 
  1.163750e+00  -2392.08771314  23.91272552 
  1.165000e+00  -2392.08771314  23.91272552 
  1.166250e+00  -2392.08771314  23.91272552 
  1.167500e+00  -2392.08771314  23.91272553 
  1.168750e+00  -2392.08771314  23.91272553 
  1.170000e+00  -2392.08771314  23.91272553 
  1.171250e+00  -2392.08771314  23.91272553 
  1.172500e+00  -2392.08771314  23.91272553 
  1.173750e+00  -2392.08771314  23.91272553 
  1.175000e+00  -2392.08771314  23.91272553 
  1.176250e+00  -2392.08771314  23.91272553 
  1.177500e+00  -2392.08771314  23.91272553 
  1.178750e+00  -2392.08771314  23.91272553 
  1.180000e+00  -2392.08771314  23.91272553 
  1.181250e+00  -2392.08771314  23.91272553 
  1.182500e+00  -2392.08771314  23.91272553 
  1.183750e+00  -2392.08771314  23.91272553 
  1.185000e+00  -2392.08771314  23.91272554 
  1.186250e+00  -2392.08771314  23.91272554 
  1.187500e+00  -2392.08771314  23.91272554 
  1.188750e+00  -2392.08771314  23.91272554 
  1.190000e+00  -2392.08771314  23.91272554 
  1.191250e+00  -2392.08771314  23.91272554 
  1.192500e+00  -2392.08771314  23.91272554 
  1.193750e+00  -2392.08771314  23.91272554 
  1.195000e+00  -2392.08771314  23.91272554 
  1.196250e+00  -2392.08771314  23.91272554 
  1.197500e+00  -2392.08771314  23.91272554 
  1.198750e+00  -2392.08771314  23.91272554 
  1.200000e+00  -2392.08771314  23.91272554 
  1.201250e+00  -2392.08771314  23.91272554 
  1.202500e+00  -2392.08771314  23.91272554 
  1.203750e+00  -2392.08771314  23.91272554 
  1.205000e+00  -2392.08771314  23.91272554 
  1.206250e+00  -2392.08771314  23.91272555 
  1.207500e+00  -2392.08771314  23.91272555 
  1.208750e+00  -2392.08771314  23.91272555 
  1.210000e+00  -2392.08771314  23.91272555 
  1.211250e+00  -2392.08771314  23.91272555 
  1.212500e+00  -2392.08771314  23.91272555 
  1.213750e+00  -2392.08771314  23.91272555 
  1.215000e+00  -2392.08771314  23.91272555 
  1.216250e+00  -2392.08771314  23.91272555 
  1.217500e+00  -2392.08771314  23.91272555 
  1.218750e+00  -2392.08771314  23.91272555 
  1.220000e+00  -2392.08771314  23.91272555 
  1.221250e+00  -2392.08771314  23.91272555 
  1.222500e+00  -2392.08771314  23.91272555 
  1.223750e+00  -2392.08771314  23.91272555 
  1.225000e+00  -2392.08771314  23.91272555 
  1.226250e+00  -2392.08771314  23.91272555 
  1.227500e+00  -2392.08771314  23.91272555 
  1.228750e+00  -2392.08771314  23.91272555 
  1.230000e+00  -2392.08771314  23.91272556 
  1.231250e+00  -2392.08771314  23.91272556 
  1.232500e+00  -2392.08771314  23.91272556 
  1.233750e+00  -2392.08771314  23.91272556 
  1.235000e+00  -2392.08771314  23.91272556 
  1.236250e+00  -2392.08771314  23.91272556 
  1.237500e+00  -2392.08771314  23.91272556 
  1.238750e+00  -2392.08771314  23.91272556 
  1.240000e+00  -2392.08771314  23.91272556 
  1.241250e+00  -2392.08771314  23.91272556 
  1.242500e+00  -2392.08771314  23.91272556 
  1.243750e+00  -2392.08771314  23.91272556 
  1.245000e+00  -2392.08771314  23.91272556 
  1.246250e+00  -2392.08771314  23.91272556 
  1.247500e+00  -2392.08771314  23.91272556 
  1.248750e+00  -2392.08771314  23.91272556 
  1.250000e+00  -2392.08771314  23.91272556 
  1.251250e+00  -2392.08771314  23.91272556 
  1.252500e+00  -2392.08771314  23.91272556 
  1.253750e+00  -2392.08771314  23.91272556 
  1.255000e+00  -2392.08771314  23.91272556 
  1.256250e+00  -2392.08771314  23.91272556 
  1.257500e+00  -2392.08771314  23.91272556 
  1.258750e+00  -2392.08771314  23.91272556 
  1.260000e+00  -2392.08771314  23.91272557 
  1.261250e+00  -2392.08771314  23.91272557 
  1.262500e+00  -2392.08771314  23.91272557 
  1.263750e+00  -2392.08771314  23.91272557 
  1.265000e+00  -2392.08771314  23.91272557 
  1.266250e+00  -2392.08771314  23.91272557 
  1.267500e+00  -2392.08771314  23.91272557 
  1.268750e+00  -2392.08771314  23.91272557 
  1.270000e+00  -2392.08771314  23.91272557 
  1.271250e+00  -2392.08771314  23.91272557 
  1.272500e+00  -2392.08771314  23.91272557 
  1.273750e+00  -2392.08771314  23.91272557 
  1.275000e+00  -2392.08771314  23.91272557 
  1.276250e+00  -2392.08771314  23.91272557 
  1.277500e+00  -2392.08771314  23.91272557 
  1.278750e+00  -2392.08771314  23.91272557 
  1.280000e+00  -2392.08771314  23.91272557 
  1.281250e+00  -2392.08771314  23.91272557 
  1.282500e+00  -2392.08771314  23.91272557 
  1.283750e+00  -2392.08771314  23.91272557 
  1.285000e+00  -2392.08771314  23.91272557 
  1.286250e+00  -2392.08771314  23.91272557 
  1.287500e+00  -2392.08771314  23.91272557 
  1.288750e+00  -2392.08771314  23.91272557 
  1.290000e+00  -2392.08771314  23.91272557 
  1.291250e+00  -2392.08771314  23.91272557 
  1.292500e+00  -2392.08771314  23.91272557 
  1.293750e+00  -2392.08771314  23.91272557 
  1.295000e+00  -2392.08771314  23.91272557 
  1.296250e+00  -2392.08771314  23.91272557 
  1.297500e+00  -2392.08771314  23.91272557 
  1.298750e+00  -2392.08771314  23.91272558 
  1.300000e+00  -2392.08771314  23.91272558 
  1.301250e+00  -2392.08771314  23.91272558 
  1.302500e+00  -2392.08771314  23.91272558 
  1.303750e+00  -2392.08771314  23.91272558 
  1.305000e+00  -2392.08771314  23.91272558 
  1.306250e+00  -2392.08771314  23.91272558 
  1.307500e+00  -2392.08771314  23.91272558 
  1.308750e+00  -2392.08771314  23.91272558 
  1.310000e+00  -2392.08771314  23.91272558 
  1.311250e+00  -2392.08771314  23.91272558 
  1.312500e+00  -2392.08771314  23.91272558 
  1.313750e+00  -2392.08771314  23.91272558 
  1.315000e+00  -2392.08771314  23.91272558 
  1.316250e+00  -2392.08771314  23.91272558 
  1.317500e+00  -2392.08771314  23.91272558 
  1.318750e+00  -2392.08771314  23.91272558 
  1.320000e+00  -2392.08771314  23.91272558 
  1.321250e+00  -2392.08771314  23.91272558 
  1.322500e+00  -2392.08771314  23.91272558 
  1.323750e+00  -2392.08771314  23.91272558 
  1.325000e+00  -2392.08771314  23.91272558 
  1.326250e+00  -2392.08771314  23.91272558 
  1.327500e+00  -2392.08771314  23.91272558 
  1.328750e+00  -2392.08771314  23.91272558 
  1.330000e+00  -2392.08771314  23.91272558 
  1.331250e+00  -2392.08771314  23.91272558 
  1.332500e+00  -2392.08771314  23.91272558 
  1.333750e+00  -2392.08771314  23.91272558 
  1.335000e+00  -2392.08771314  23.91272558 
  1.336250e+00  -2392.08771314  23.91272558 
  1.337500e+00  -2392.08771314  23.91272558 
  1.338750e+00  -2392.08771314  23.91272558 
  1.340000e+00  -2392.08771314  23.91272558 
  1.341250e+00  -2392.08771314  23.91272558 
  1.342500e+00  -2392.08771314  23.91272558 
  1.343750e+00  -2392.08771314  23.91272558 
  1.345000e+00  -2392.08771314  23.91272558 
  1.346250e+00  -2392.08771314  23.91272558 
  1.347500e+00  -2392.08771314  23.91272558 
  1.348750e+00  -2392.08771314  23.91272558 
  1.350000e+00  -2392.08771314  23.91272558 
  1.351250e+00  -2392.08771314  23.91272558 
  1.352500e+00  -2392.08771314  23.91272558 
  1.353750e+00  -2392.08771314  23.91272558 
  1.355000e+00  -2392.08771314  23.91272559 
  1.356250e+00  -2392.08771314  23.91272559 
  1.357500e+00  -2392.08771314  23.91272559 
  1.358750e+00  -2392.08771314  23.91272559 
  1.360000e+00  -2392.08771314  23.91272559 
  1.361250e+00  -2392.08771314  23.91272559 
  1.362500e+00  -2392.08771314  23.91272559 
  1.363750e+00  -2392.08771314  23.91272559 
  1.365000e+00  -2392.08771314  23.91272559 
  1.366250e+00  -2392.08771314  23.91272559 
  1.367500e+00  -2392.08771314  23.91272559 
  1.368750e+00  -2392.08771314  23.91272559 
  1.370000e+00  -2392.08771314  23.91272559 
  1.371250e+00  -2392.08771314  23.91272559 
  1.372500e+00  -2392.08771314  23.91272559 
  1.373750e+00  -2392.08771314  23.91272559 
  1.375000e+00  -2392.08771314  23.91272559 
  1.376250e+00  -2392.08771314  23.91272559 
  1.377500e+00  -2392.08771314  23.91272559 
  1.378750e+00  -2392.08771314  23.91272559 
  1.380000e+00  -2392.08771314  23.91272559 
  1.381250e+00  -2392.08771314  23.91272559 
  1.382500e+00  -2392.08771314  23.91272559 
  1.383750e+00  -2392.08771314  23.91272559 
  1.385000e+00  -2392.08771314  23.91272559 
  1.386250e+00  -2392.08771314  23.91272559 
  1.387500e+00  -2392.08771314  23.91272559 
  1.388750e+00  -2392.08771314  23.91272559 
  1.390000e+00  -2392.08771314  23.91272559 
  1.391250e+00  -2392.08771314  23.91272559 
  1.392500e+00  -2392.08771314  23.91272559 
  1.393750e+00  -2392.08771314  23.91272559 
  1.395000e+00  -2392.08771314  23.91272559 
  1.396250e+00  -2392.08771314  23.91272559 
  1.397500e+00  -2392.08771314  23.91272559 
  1.398750e+00  -2392.08771314  23.91272559 
  1.400000e+00  -2392.08771314  23.91272559 
  1.401250e+00  -2392.08771314  23.91272559 
  1.402500e+00  -2392.08771314  23.91272559 
  1.403750e+00  -2392.08771314  23.91272559 
  1.405000e+00  -2392.08771314  23.91272559 
  1.406250e+00  -2392.08771314  23.91272559 
  1.407500e+00  -2392.08771314  23.91272559 
  1.408750e+00  -2392.08771314  23.91272559 
  1.410000e+00  -2392.08771314  23.91272559 
  1.411250e+00  -2392.08771314  23.91272559 
  1.412500e+00  -2392.08771314  23.91272559 
  1.413750e+00  -2392.08771314  23.91272559 
  1.415000e+00  -2392.08771314  23.91272559 
  1.416250e+00  -2392.08771314  23.91272559 
  1.417500e+00  -2392.08771314  23.91272559 
  1.418750e+00  -2392.08771314  23.91272559 
  1.420000e+00  -2392.08771314  23.91272559 
  1.421250e+00  -2392.08771314  23.91272559 
  1.422500e+00  -2392.08771314  23.91272559 
  1.423750e+00  -2392.08771314  23.91272559 
  1.425000e+00  -2392.08771314  23.91272559 
  1.426250e+00  -2392.08771314  23.91272559 
  1.427500e+00  -2392.08771314  23.91272559 
  1.428750e+00  -2392.08771314  23.91272559 
  1.430000e+00  -2392.08771314  23.91272559 
  1.431250e+00  -2392.08771314  23.91272559 
  1.432500e+00  -2392.08771314  23.91272559 
  1.433750e+00  -2392.08771314  23.91272559 
  1.435000e+00  -2392.08771314  23.91272559 
  1.436250e+00  -2392.08771314  23.91272559 
  1.437500e+00  -2392.08771314  23.91272559 
  1.438750e+00  -2392.08771314  23.91272559 
  1.440000e+00  -2392.08771314  23.91272559 
  1.441250e+00  -2392.08771314  23.91272559 
  1.442500e+00  -2392.08771314  23.91272559 
  1.443750e+00  -2392.08771314  23.91272559 
  1.445000e+00  -2392.08771314  23.91272559 
  1.446250e+00  -2392.08771314  23.91272559 
  1.447500e+00  -2392.08771314  23.91272559 
  1.448750e+00  -2392.08771314  23.91272559 
  1.450000e+00  -2392.08771314  23.91272559 
  1.451250e+00  -2392.08771314  23.91272559 
  1.452500e+00  -2392.08771314  23.91272559 
  1.453750e+00  -2392.08771314  23.91272559 
  1.455000e+00  -2392.08771314  23.91272559 
  1.456250e+00  -2392.08771314  23.91272559 
  1.457500e+00  -2392.08771314  23.91272559 
  1.458750e+00  -2392.08771314  23.91272559 
  1.460000e+00  -2392.08771314  23.91272559 
  1.461250e+00  -2392.08771314  23.91272559 
  1.462500e+00  -2392.08771314  23.91272560 
  1.463750e+00  -2392.08771314  23.91272560 
  1.465000e+00  -2392.08771314  23.91272560 
  1.466250e+00  -2392.08771314  23.91272560 
  1.467500e+00  -2392.08771314  23.91272560 
  1.468750e+00  -2392.08771314  23.91272560 
  1.470000e+00  -2392.08771314  23.91272560 
  1.471250e+00  -2392.08771314  23.91272560 
  1.472500e+00  -2392.08771314  23.91272560 
  1.473750e+00  -2392.08771314  23.91272560 
  1.475000e+00  -2392.08771314  23.91272560 
  1.476250e+00  -2392.08771314  23.91272560 
  1.477500e+00  -2392.08771314  23.91272560 
  1.478750e+00  -2392.08771314  23.91272560 
  1.480000e+00  -2392.08771314  23.91272560 
  1.481250e+00  -2392.08771314  23.91272560 
  1.482500e+00  -2392.08771314  23.91272560 
  1.483750e+00  -2392.08771314  23.91272560 
  1.485000e+00  -2392.08771314  23.91272560 
  1.486250e+00  -2392.08771314  23.91272560 
  1.487500e+00  -2392.08771314  23.91272560 
  1.488750e+00  -2392.08771314  23.91272560 
  1.490000e+00  -2392.08771314  23.91272560 
  1.491250e+00  -2392.08771314  23.91272560 
  1.492500e+00  -2392.08771314  23.91272560 
  1.493750e+00  -2392.08771314  23.91272560 
  1.495000e+00  -2392.08771314  23.91272560 
  1.496250e+00  -2392.08771314  23.91272560 
  1.497500e+00  -2392.08771314  23.91272560 
  1.498750e+00  -2392.08771314  23.91272560 
  1.500000e+00  -2392.08771314  23.91272560 
  1.501250e+00  -2392.08771314  23.91272560 
  1.502500e+00  -2392.08771314  23.91272560 
  1.503750e+00  -2392.08771314  23.91272560 
  1.505000e+00  -2392.08771314  23.91272560 
  1.506250e+00  -2392.08771314  23.91272560 
  1.507500e+00  -2392.08771314  23.91272560 
  1.508750e+00  -2392.08771314  23.91272560 
  1.510000e+00  -2392.08771314  23.91272560 
  1.511250e+00  -2392.08771314  23.91272560 
  1.512500e+00  -2392.08771314  23.91272560 
  1.513750e+00  -2392.08771314  23.91272560 
  1.515000e+00  -2392.08771314  23.91272560 
  1.516250e+00  -2392.08771314  23.91272560 
  1.517500e+00  -2392.08771314  23.91272560 
  1.518750e+00  -2392.08771314  23.91272560 
  1.520000e+00  -2392.08771314  23.91272560 
  1.521250e+00  -2392.08771314  23.91272560 
  1.522500e+00  -2392.08771314  23.91272560 
  1.523750e+00  -2392.08771314  23.91272560 
  1.525000e+00  -2392.08771314  23.91272560 
  1.526250e+00  -2392.08771314  23.91272560 
  1.527500e+00  -2392.08771314  23.91272560 
  1.528750e+00  -2392.08771314  23.91272560 
  1.530000e+00  -2392.08771314  23.91272560 
  1.531250e+00  -2392.08771314  23.91272560 
  1.532500e+00  -2392.08771314  23.91272560 
  1.533750e+00  -2392.08771314  23.91272560 
  1.535000e+00  -2392.08771314  23.91272560 
  1.536250e+00  -2392.08771314  23.91272560 
  1.537500e+00  -2392.08771314  23.91272560 
  1.538750e+00  -2392.08771314  23.91272560 
  1.540000e+00  -2392.08771314  23.91272560 
  1.541250e+00  -2392.08771314  23.91272560 
  1.542500e+00  -2392.08771314  23.91272560 
  1.543750e+00  -2392.08771314  23.91272560 
  1.545000e+00  -2392.08771314  23.91272560 
  1.546250e+00  -2392.08771314  23.91272560 
  1.547500e+00  -2392.08771314  23.91272560 
  1.548750e+00  -2392.08771314  23.91272560 
  1.550000e+00  -2392.08771314  23.91272560 
  1.551250e+00  -2392.08771314  23.91272560 
  1.552500e+00  -2392.08771314  23.91272560 
  1.553750e+00  -2392.08771314  23.91272560 
  1.555000e+00  -2392.08771314  23.91272560 
  1.556250e+00  -2392.08771314  23.91272560 
  1.557500e+00  -2392.08771314  23.91272560 
  1.558750e+00  -2392.08771314  23.91272560 
  1.560000e+00  -2392.08771314  23.91272560 
  1.561250e+00  -2392.08771314  23.91272560 
  1.562500e+00  -2392.08771314  23.91272560 
  1.563750e+00  -2392.08771314  23.91272560 
  1.565000e+00  -2392.08771314  23.91272560 
  1.566250e+00  -2392.08771314  23.91272560 
  1.567500e+00  -2392.08771314  23.91272560 
  1.568750e+00  -2392.08771314  23.91272560 
  1.570000e+00  -2392.08771314  23.91272560 
  1.571250e+00  -2392.08771314  23.91272560 
  1.572500e+00  -2392.08771314  23.91272560 
  1.573750e+00  -2392.08771314  23.91272560 
  1.575000e+00  -2392.08771314  23.91272560 
  1.576250e+00  -2392.08771314  23.91272560 
  1.577500e+00  -2392.08771314  23.91272560 
  1.578750e+00  -2392.08771314  23.91272560 
  1.580000e+00  -2392.08771314  23.91272560 
  1.581250e+00  -2392.08771314  23.91272560 
  1.582500e+00  -2392.08771314  23.91272560 
  1.583750e+00  -2392.08771314  23.91272560 
  1.585000e+00  -2392.08771314  23.91272560 
  1.586250e+00  -2392.08771314  23.91272560 
  1.587500e+00  -2392.08771314  23.91272560 
  1.588750e+00  -2392.08771314  23.91272560 
  1.590000e+00  -2392.08771314  23.91272560 
  1.591250e+00  -2392.08771314  23.91272560 
  1.592500e+00  -2392.08771314  23.91272560 
  1.593750e+00  -2392.08771314  23.91272560 
  1.595000e+00  -2392.08771314  23.91272560 
  1.596250e+00  -2392.08771314  23.91272560 
  1.597500e+00  -2392.08771314  23.91272560 
  1.598750e+00  -2392.08771314  23.91272560 
  1.600000e+00  -2392.08771314  23.91272560 
  1.601250e+00  -2392.08771314  23.91272560 
  1.602500e+00  -2392.08771314  23.91272560 
  1.603750e+00  -2392.08771314  23.91272560 
  1.605000e+00  -2392.08771314  23.91272560 
  1.606250e+00  -2392.08771314  23.91272560 
  1.607500e+00  -2392.08771314  23.91272560 
  1.608750e+00  -2392.08771314  23.91272560 
  1.610000e+00  -2392.08771314  23.91272560 
  1.611250e+00  -2392.08771314  23.91272560 
  1.612500e+00  -2392.08771314  23.91272560 
  1.613750e+00  -2392.08771314  23.91272560 
  1.615000e+00  -2392.08771314  23.91272560 
  1.616250e+00  -2392.08771314  23.91272560 
  1.617500e+00  -2392.08771314  23.91272560 
  1.618750e+00  -2392.08771314  23.91272560 
  1.620000e+00  -2392.08771314  23.91272560 
  1.621250e+00  -2392.08771314  23.91272560 
  1.622500e+00  -2392.08771314  23.91272560 
  1.623750e+00  -2392.08771314  23.91272560 
  1.625000e+00  -2392.08771314  23.91272560 
  1.626250e+00  -2392.08771314  23.91272560 
  1.627500e+00  -2392.08771314  23.91272560 
  1.628750e+00  -2392.08771314  23.91272560 
  1.630000e+00  -2392.08771314  23.91272560 
  1.631250e+00  -2392.08771314  23.91272560 
  1.632500e+00  -2392.08771314  23.91272560 
  1.633750e+00  -2392.08771314  23.91272560 
  1.635000e+00  -2392.08771314  23.91272560 
  1.636250e+00  -2392.08771314  23.91272560 
  1.637500e+00  -2392.08771314  23.91272560 
  1.638750e+00  -2392.08771314  23.91272560 
  1.640000e+00  -2392.08771314  23.91272560 
  1.641250e+00  -2392.08771314  23.91272560 
  1.642500e+00  -2392.08771314  23.91272560 
  1.643750e+00  -2392.08771314  23.91272560 
  1.645000e+00  -2392.08771314  23.91272560 
  1.646250e+00  -2392.08771314  23.91272560 
  1.647500e+00  -2392.08771314  23.91272560 
  1.648750e+00  -2392.08771314  23.91272560 
  1.650000e+00  -2392.08771314  23.91272560 
  1.651250e+00  -2392.08771314  23.91272560 
  1.652500e+00  -2392.08771314  23.91272560 
  1.653750e+00  -2392.08771314  23.91272560 
  1.655000e+00  -2392.08771314  23.91272560 
  1.656250e+00  -2392.08771314  23.91272560 
  1.657500e+00  -2392.08771314  23.91272560 
  1.658750e+00  -2392.08771314  23.91272560 
  1.660000e+00  -2392.08771314  23.91272560 
  1.661250e+00  -2392.08771314  23.91272560 
  1.662500e+00  -2392.08771314  23.91272560 
  1.663750e+00  -2392.08771314  23.91272560 
  1.665000e+00  -2392.08771314  23.91272560 
  1.666250e+00  -2392.08771314  23.91272560 
  1.667500e+00  -2392.08771314  23.91272560 
  1.668750e+00  -2392.08771314  23.91272560 
  1.670000e+00  -2392.08771314  23.91272560 
  1.671250e+00  -2392.08771314  23.91272560 
  1.672500e+00  -2392.08771314  23.91272560 
  1.673750e+00  -2392.08771314  23.91272560 
  1.675000e+00  -2392.08771314  23.91272560 
  1.676250e+00  -2392.08771314  23.91272560 
  1.677500e+00  -2392.08771314  23.91272560 
  1.678750e+00  -2392.08771314  23.91272560 
  1.680000e+00  -2392.08771314  23.91272560 
  1.681250e+00  -2392.08771314  23.91272560 
  1.682500e+00  -2392.08771314  23.91272560 
  1.683750e+00  -2392.08771314  23.91272560 
  1.685000e+00  -2392.08771314  23.91272560 
  1.686250e+00  -2392.08771314  23.91272560 
  1.687500e+00  -2392.08771314  23.91272560 
  1.688750e+00  -2392.08771314  23.91272560 
  1.690000e+00  -2392.08771314  23.91272560 
  1.691250e+00  -2392.08771314  23.91272560 
  1.692500e+00  -2392.08771314  23.91272560 
  1.693750e+00  -2392.08771314  23.91272560 
  1.695000e+00  -2392.08771314  23.91272560 
  1.696250e+00  -2392.08771314  23.91272560 
  1.697500e+00  -2392.08771314  23.91272560 
  1.698750e+00  -2392.08771314  23.91272560 
  1.700000e+00  -2392.08771314  23.91272560 
  1.701250e+00  -2392.08771314  23.91272560 
  1.702500e+00  -2392.08771314  23.91272560 
  1.703750e+00  -2392.08771314  23.91272560 
  1.705000e+00  -2392.08771314  23.91272560 
  1.706250e+00  -2392.08771314  23.91272560 
  1.707500e+00  -2392.08771314  23.91272560 
  1.708750e+00  -2392.08771314  23.91272560 
  1.710000e+00  -2392.08771314  23.91272560 
  1.711250e+00  -2392.08771314  23.91272560 
  1.712500e+00  -2392.08771314  23.91272560 
  1.713750e+00  -2392.08771314  23.91272560 
  1.715000e+00  -2392.08771314  23.91272560 
  1.716250e+00  -2392.08771314  23.91272560 
  1.717500e+00  -2392.08771314  23.91272560 
  1.718750e+00  -2392.08771314  23.91272560 
  1.720000e+00  -2392.08771314  23.91272560 
  1.721250e+00  -2392.08771314  23.91272560 
  1.722500e+00  -2392.08771314  23.91272560 
  1.723750e+00  -2392.08771314  23.91272560 
  1.725000e+00  -2392.08771314  23.91272560 
  1.726250e+00  -2392.08771314  23.91272560 
  1.727500e+00  -2392.08771314  23.91272560 
  1.728750e+00  -2392.08771314  23.91272560 
  1.730000e+00  -2392.08771314  23.91272560 
  1.731250e+00  -2392.08771314  23.91272560 
  1.732500e+00  -2392.08771314  23.91272560 
  1.733750e+00  -2392.08771314  23.91272560 
  1.735000e+00  -2392.08771314  23.91272560 
  1.736250e+00  -2392.08771314  23.91272560 
  1.737500e+00  -2392.08771314  23.91272560 
  1.738750e+00  -2392.08771314  23.91272560 
  1.740000e+00  -2392.08771314  23.91272560 
  1.741250e+00  -2392.08771314  23.91272560 
  1.742500e+00  -2392.08771314  23.91272560 
  1.743750e+00  -2392.08771314  23.91272560 
  1.745000e+00  -2392.08771314  23.91272560 
  1.746250e+00  -2392.08771314  23.91272560 
  1.747500e+00  -2392.08771314  23.91272560 
  1.748750e+00  -2392.08771314  23.91272560 
  1.750000e+00  -2392.08771314  23.91272560 
  1.751250e+00  -2392.08771314  23.91272560 
  1.752500e+00  -2392.08771314  23.91272560 
  1.753750e+00  -2392.08771314  23.91272560 
  1.755000e+00  -2392.08771314  23.91272560 
  1.756250e+00  -2392.08771314  23.91272560 
  1.757500e+00  -2392.08771314  23.91272560 
  1.758750e+00  -2392.08771314  23.91272560 
  1.760000e+00  -2392.08771314  23.91272560 
  1.761250e+00  -2392.08771314  23.91272560 
  1.762500e+00  -2392.08771314  23.91272560 
  1.763750e+00  -2392.08771314  23.91272560 
  1.765000e+00  -2392.08771314  23.91272560 
  1.766250e+00  -2392.08771314  23.91272560 
  1.767500e+00  -2392.08771314  23.91272560 
  1.768750e+00  -2392.08771314  23.91272560 
  1.770000e+00  -2392.08771314  23.91272560 
  1.771250e+00  -2392.08771314  23.91272560 
  1.772500e+00  -2392.08771314  23.91272560 
  1.773750e+00  -2392.08771314  23.91272560 
  1.775000e+00  -2392.08771314  23.91272560 
  1.776250e+00  -2392.08771314  23.91272560 
  1.777500e+00  -2392.08771314  23.91272560 
  1.778750e+00  -2392.08771314  23.91272560 
  1.780000e+00  -2392.08771314  23.91272560 
  1.781250e+00  -2392.08771314  23.91272560 
  1.782500e+00  -2392.08771314  23.91272560 
  1.783750e+00  -2392.08771314  23.91272560 
  1.785000e+00  -2392.08771314  23.91272560 
  1.786250e+00  -2392.08771314  23.91272560 
  1.787500e+00  -2392.08771314  23.91272560 
  1.788750e+00  -2392.08771314  23.91272560 
  1.790000e+00  -2392.08771314  23.91272560 
  1.791250e+00  -2392.08771314  23.91272560 
  1.792500e+00  -2392.08771314  23.91272560 
  1.793750e+00  -2392.08771314  23.91272560 
  1.795000e+00  -2392.08771314  23.91272560 
  1.796250e+00  -2392.08771314  23.91272560 
  1.797500e+00  -2392.08771314  23.91272560 
  1.798750e+00  -2392.08771314  23.91272560 
  1.800000e+00  -2392.08771314  23.91272560 
  1.801250e+00  -2392.08771314  23.91272560 
  1.802500e+00  -2392.08771314  23.91272560 
  1.803750e+00  -2392.08771314  23.91272560 
  1.805000e+00  -2392.08771314  23.91272560 
  1.806250e+00  -2392.08771314  23.91272560 
  1.807500e+00  -2392.08771314  23.91272560 
  1.808750e+00  -2392.08771314  23.91272560 
  1.810000e+00  -2392.08771314  23.91272560 
  1.811250e+00  -2392.08771314  23.91272560 
  1.812500e+00  -2392.08771314  23.91272560 
  1.813750e+00  -2392.08771314  23.91272560 
  1.815000e+00  -2392.08771314  23.91272560 
  1.816250e+00  -2392.08771314  23.91272560 
  1.817500e+00  -2392.08771314  23.91272560 
  1.818750e+00  -2392.08771314  23.91272560 
  1.820000e+00  -2392.08771314  23.91272560 
  1.821250e+00  -2392.08771314  23.91272560 
  1.822500e+00  -2392.08771314  23.91272560 
  1.823750e+00  -2392.08771314  23.91272560 
  1.825000e+00  -2392.08771314  23.91272560 
  1.826250e+00  -2392.08771314  23.91272560 
  1.827500e+00  -2392.08771314  23.91272560 
  1.828750e+00  -2392.08771314  23.91272560 
  1.830000e+00  -2392.08771314  23.91272560 
  1.831250e+00  -2392.08771314  23.91272560 
  1.832500e+00  -2392.08771314  23.91272560 
  1.833750e+00  -2392.08771314  23.91272560 
  1.835000e+00  -2392.08771314  23.91272560 
  1.836250e+00  -2392.08771314  23.91272560 
  1.837500e+00  -2392.08771314  23.91272560 
  1.838750e+00  -2392.08771314  23.91272560 
  1.840000e+00  -2392.08771314  23.91272560 
  1.841250e+00  -2392.08771314  23.91272560 
  1.842500e+00  -2392.08771314  23.91272560 
  1.843750e+00  -2392.08771314  23.91272560 
  1.845000e+00  -2392.08771314  23.91272560 
  1.846250e+00  -2392.08771314  23.91272560 
  1.847500e+00  -2392.08771314  23.91272560 
  1.848750e+00  -2392.08771314  23.91272560 
  1.850000e+00  -2392.08771314  23.91272560 
  1.851250e+00  -2392.08771314  23.91272560 
  1.852500e+00  -2392.08771314  23.91272560 
  1.853750e+00  -2392.08771314  23.91272560 
  1.855000e+00  -2392.08771314  23.91272560 
  1.856250e+00  -2392.08771314  23.91272560 
  1.857500e+00  -2392.08771314  23.91272560 
  1.858750e+00  -2392.08771314  23.91272560 
  1.860000e+00  -2392.08771314  23.91272560 
  1.861250e+00  -2392.08771314  23.91272560 
  1.862500e+00  -2392.08771314  23.91272560 
  1.863750e+00  -2392.08771314  23.91272560 
  1.865000e+00  -2392.08771314  23.91272560 
  1.866250e+00  -2392.08771314  23.91272560 
  1.867500e+00  -2392.08771314  23.91272560 
  1.868750e+00  -2392.08771314  23.91272560 
  1.870000e+00  -2392.08771314  23.91272560 
  1.871250e+00  -2392.08771314  23.91272560 
  1.872500e+00  -2392.08771314  23.91272560 
  1.873750e+00  -2392.08771314  23.91272560 
  1.875000e+00  -2392.08771314  23.91272560 
  1.876250e+00  -2392.08771314  23.91272560 
  1.877500e+00  -2392.08771314  23.91272560 
  1.878750e+00  -2392.08771314  23.91272560 
  1.880000e+00  -2392.08771314  23.91272560 
  1.881250e+00  -2392.08771314  23.91272560 
  1.882500e+00  -2392.08771314  23.91272560 
  1.883750e+00  -2392.08771314  23.91272560 
  1.885000e+00  -2392.08771314  23.91272560 
  1.886250e+00  -2392.08771314  23.91272560 
  1.887500e+00  -2392.08771314  23.91272560 
  1.888750e+00  -2392.08771314  23.91272560 
  1.890000e+00  -2392.08771314  23.91272560 
  1.891250e+00  -2392.08771314  23.91272560 
  1.892500e+00  -2392.08771314  23.91272560 
  1.893750e+00  -2392.08771314  23.91272560 
  1.895000e+00  -2392.08771314  23.91272560 
  1.896250e+00  -2392.08771314  23.91272560 
  1.897500e+00  -2392.08771314  23.91272560 
  1.898750e+00  -2392.08771314  23.91272560 
  1.900000e+00  -2392.08771314  23.91272560 
  1.901250e+00  -2392.08771314  23.91272560 
  1.902500e+00  -2392.08771314  23.91272560 
  1.903750e+00  -2392.08771314  23.91272560 
  1.905000e+00  -2392.08771314  23.91272560 
  1.906250e+00  -2392.08771314  23.91272560 
  1.907500e+00  -2392.08771314  23.91272560 
  1.908750e+00  -2392.08771314  23.91272560 
  1.910000e+00  -2392.08771314  23.91272560 
  1.911250e+00  -2392.08771314  23.91272560 
  1.912500e+00  -2392.08771314  23.91272560 
  1.913750e+00  -2392.08771314  23.91272560 
  1.915000e+00  -2392.08771314  23.91272560 
  1.916250e+00  -2392.08771314  23.91272560 
  1.917500e+00  -2392.08771314  23.91272560 
  1.918750e+00  -2392.08771314  23.91272560 
  1.920000e+00  -2392.08771314  23.91272560 
  1.921250e+00  -2392.08771314  23.91272560 
  1.922500e+00  -2392.08771314  23.91272560 
  1.923750e+00  -2392.08771314  23.91272560 
  1.925000e+00  -2392.08771314  23.91272560 
  1.926250e+00  -2392.08771314  23.91272560 
  1.927500e+00  -2392.08771314  23.91272560 
  1.928750e+00  -2392.08771314  23.91272560 
  1.930000e+00  -2392.08771314  23.91272560 
  1.931250e+00  -2392.08771314  23.91272560 
  1.932500e+00  -2392.08771314  23.91272560 
  1.933750e+00  -2392.08771314  23.91272560 
  1.935000e+00  -2392.08771314  23.91272560 
  1.936250e+00  -2392.08771314  23.91272560 
  1.937500e+00  -2392.08771314  23.91272560 
  1.938750e+00  -2392.08771314  23.91272560 
  1.940000e+00  -2392.08771314  23.91272560 
  1.941250e+00  -2392.08771314  23.91272560 
  1.942500e+00  -2392.08771314  23.91272560 
  1.943750e+00  -2392.08771314  23.91272560 
  1.945000e+00  -2392.08771314  23.91272560 
  1.946250e+00  -2392.08771314  23.91272560 
  1.947500e+00  -2392.08771314  23.91272560 
  1.948750e+00  -2392.08771314  23.91272560 
  1.950000e+00  -2392.08771314  23.91272560 
  1.951250e+00  -2392.08771314  23.91272560 
  1.952500e+00  -2392.08771314  23.91272560 
  1.953750e+00  -2392.08771314  23.91272560 
  1.955000e+00  -2392.08771314  23.91272560 
  1.956250e+00  -2392.08771314  23.91272560 
  1.957500e+00  -2392.08771314  23.91272560 
  1.958750e+00  -2392.08771314  23.91272560 
  1.960000e+00  -2392.08771314  23.91272560 
  1.961250e+00  -2392.08771314  23.91272560 
  1.962500e+00  -2392.08771314  23.91272560 
  1.963750e+00  -2392.08771314  23.91272560 
  1.965000e+00  -2392.08771314  23.91272560 
  1.966250e+00  -2392.08771314  23.91272560 
  1.967500e+00  -2392.08771314  23.91272560 
  1.968750e+00  -2392.08771314  23.91272560 
  1.970000e+00  -2392.08771314  23.91272560 
  1.971250e+00  -2392.08771314  23.91272560 
  1.972500e+00  -2392.08771314  23.91272560 
  1.973750e+00  -2392.08771314  23.91272560 
  1.975000e+00  -2392.08771314  23.91272560 
  1.976250e+00  -2392.08771314  23.91272560 
  1.977500e+00  -2392.08771314  23.91272560 
  1.978750e+00  -2392.08771314  23.91272560 
  1.980000e+00  -2392.08771314  23.91272560 
  1.981250e+00  -2392.08771314  23.91272560 
  1.982500e+00  -2392.08771314  23.91272560 
  1.983750e+00  -2392.08771314  23.91272560 
  1.985000e+00  -2392.08771314  23.91272560 
  1.986250e+00  -2392.08771314  23.91272560 
  1.987500e+00  -2392.08771314  23.91272560 
  1.988750e+00  -2392.08771314  23.91272560 
  1.990000e+00  -2392.08771314  23.91272560 
  1.991250e+00  -2392.08771314  23.91272560 
  1.992500e+00  -2392.08771314  23.91272560 
  1.993750e+00  -2392.08771314  23.91272560 
  1.995000e+00  -2392.08771314  23.91272560 
  1.996250e+00  -2392.08771314  23.91272560 
  1.997500e+00  -2392.08771314  23.91272560 
  1.998750e+00  -2392.08771314  23.91272560 
  2.000000e+00  -2392.08771314  23.91272560 
