  1.000000e-02  279.564723  1362.810080
  1.500000e-02  272.643512  1332.994224
  2.000000e-02  266.693360  1303.021948
  2.500000e-02  262.527322  1271.010273
  3.000000e-02  260.515211  1237.256588
  3.500000e-02  260.667835  1204.549778
  4.000000e-02  262.738885  1177.039370
  4.500000e-02  266.282436  1156.941391
  5.000000e-02  270.458747  1142.173149
  5.500000e-02  274.161448  1129.108116
  6.000000e-02  276.598828  1115.580529
  6.500000e-02  277.443001  1100.983151
  7.000000e-02  276.751527  1085.899600
  7.500000e-02  274.878343  1071.452893
  8.000000e-02  272.337248  1058.513513
  8.500000e-02  269.656808  1047.382016
  9.000000e-02  267.272612  1037.928730
  9.500000e-02  265.469786  1029.864972
  1.000000e-01  264.368022  1022.928691
  1.050000e-01  263.937554  1016.934309
  1.100000e-01  264.036461  1011.741682
  1.150000e-01  264.459701  1007.210789
  1.200000e-01  264.990095  1003.184942
  1.250000e-01  265.442490  999.513588
  1.300000e-01  265.693700  996.088864
  1.350000e-01  265.693648  992.861109
  1.400000e-01  265.458266  989.822331
  1.450000e-01  265.049742  986.973432
  1.500000e-01  264.552081  984.298131
  1.550000e-01  264.048948  981.755804
  1.600000e-01  263.607929  979.291057
  1.650000e-01  263.272347  976.850207
  1.700000e-01  263.059731  974.395058
  1.750000e-01  262.965064  971.908912
  1.800000e-01  262.966835  969.394578
  1.850000e-01  263.034162  966.867095
  1.900000e-01  263.133668  964.344615
  1.950000e-01  263.235198  961.840361
  2.000000e-01  263.315808  959.357588
  2.050000e-01  263.361817  956.888407
  2.100000e-01  263.368976  954.416213
  2.150000e-01  263.341063  951.920471
  2.200000e-01  263.287390  949.382005
  2.250000e-01  263.219798  946.787010
  2.300000e-01  263.149724  944.128775
  2.350000e-01  263.085860  941.407058
  2.400000e-01  263.032741  938.625889
  2.450000e-01  262.990390  935.790935
  2.500000e-01  262.954926  932.907481
  2.550000e-01  262.919855  929.979610
  2.600000e-01  262.877663  927.010651
  2.650000e-01  262.821333  924.004540
  2.700000e-01  262.745511  920.967478
  2.750000e-01  262.647152  917.909317
  2.800000e-01  262.525637  914.844237
  2.850000e-01  262.382466  911.790480
  2.900000e-01  262.220676  908.769129
  2.950000e-01  262.044168  905.802084
  3.000000e-01  261.857070  902.909580
  3.050000e-01  261.663252  900.107722
  3.100000e-01  261.466017  897.406583
  3.150000e-01  261.267991  894.809301
  3.200000e-01  261.071158  892.312385
  3.250000e-01  260.876982  889.907115
  3.300000e-01  260.686580  887.581613
  3.350000e-01  260.500855  885.323108
  3.400000e-01  260.320599  883.119886
  3.450000e-01  260.146518  880.962643
  3.500000e-01  259.979208  878.845111
  3.550000e-01  259.819093  876.764050
  3.600000e-01  259.666372  874.718758
  3.650000e-01  259.520978  872.710346
  3.700000e-01  259.382585  870.740948
  3.750000e-01  259.250660  868.813013
  3.800000e-01  259.124548  866.928761
  3.850000e-01  259.003569  865.089792
  3.900000e-01  258.887122  863.296866
  3.950000e-01  258.774750  861.549808
  4.000000e-01  258.666193  859.847514
  4.050000e-01  258.561386  858.188033
  4.100000e-01  258.460444  856.568716
  4.150000e-01  258.363616  854.986392
  4.200000e-01  258.271227  853.437577
  4.250000e-01  258.183623  851.918675
  4.300000e-01  258.101121  850.426164
  4.350000e-01  258.023971  848.956753
  4.400000e-01  257.952330  847.507495
  4.450000e-01  257.886259  846.075859
  4.500000e-01  257.825730  844.659759
  4.550000e-01  257.770638  843.257558
  4.600000e-01  257.720829  841.868038
  4.650000e-01  257.676118  840.490361
  4.700000e-01  257.636313  839.124015
  4.750000e-01  257.601227  837.768764
  4.800000e-01  257.570684  836.424597
  4.850000e-01  257.544522  835.091675
  4.900000e-01  257.522583  833.770298
  4.950000e-01  257.504707  832.460865
  5.000000e-01  257.490714  831.163847
  5.050000e-01  257.480398  829.879767
  5.100000e-01  257.473515  828.609179
  5.150000e-01  257.469780  827.352657
  5.200000e-01  257.468864  826.110778
  5.250000e-01  257.470400  824.884115
  5.300000e-01  257.473993  823.673224
  5.350000e-01  257.479229  822.478633
  5.400000e-01  257.485690  821.300834
  5.450000e-01  257.492968  820.140272
  5.500000e-01  257.500679  818.997342
  5.550000e-01  257.508474  817.872385
  5.600000e-01  257.516049  816.765686
  5.650000e-01  257.523148  815.677478
  5.700000e-01  257.529571  814.607948
  5.750000e-01  257.535165  813.557240
  5.800000e-01  257.539824  812.525466
  5.850000e-01  257.543486  811.512709
  5.900000e-01  257.546115  810.519034
  5.950000e-01  257.547702  809.544490
  6.000000e-01  257.548253  808.589117
  6.050000e-01  257.547779  807.652946
  6.100000e-01  257.546297  806.736002
  6.150000e-01  257.543816  805.838304
  6.200000e-01  257.540347  804.959865
  6.250000e-01  257.535893  804.100692
  6.300000e-01  257.530457  803.260783
  6.350000e-01  257.524040  802.440124
  6.400000e-01  257.516648  801.638692
  6.450000e-01  257.508292  800.856449
  6.500000e-01  257.498994  800.093343
  6.550000e-01  257.488785  799.349304
  6.600000e-01  257.477711  798.624245
  6.650000e-01  257.465827  797.918060
  6.700000e-01  257.453202  797.230620
  6.750000e-01  257.439913  796.561778
  6.800000e-01  257.426046  795.911365
  6.850000e-01  257.411687  795.279190
  6.900000e-01  257.396927  794.665042
  6.950000e-01  257.381854  794.068691
  7.000000e-01  257.366552  793.489889
  7.050000e-01  257.351101  792.928372
  7.100000e-01  257.335571  792.383863
  7.150000e-01  257.320025  791.856071
  7.200000e-01  257.304519  791.344697
  7.250000e-01  257.289099  790.849433
  7.300000e-01  257.273804  790.369966
  7.350000e-01  257.258667  789.905978
  7.400000e-01  257.243712  789.457145
  7.450000e-01  257.228959  789.023143
  7.500000e-01  257.214424  788.603647
  7.550000e-01  257.200117  788.198329
  7.600000e-01  257.186046  787.806861
  7.650000e-01  257.172217  787.428916
  7.700000e-01  257.158631  787.064166
  7.750000e-01  257.145290  786.712283
  7.800000e-01  257.132194  786.372942
  7.850000e-01  257.119342  786.045816
  7.900000e-01  257.106734  785.730582
  7.950000e-01  257.094368  785.426917
  8.000000e-01  257.082243  785.134501
  8.050000e-01  257.070361  784.853014
  8.100000e-01  257.058722  784.582141
  8.150000e-01  257.047329  784.321570
  8.200000e-01  257.036186  784.070989
  8.250000e-01  257.025297  783.830094
  8.300000e-01  257.014670  783.598582
  8.350000e-01  257.004309  783.376155
  8.400000e-01  256.994225  783.162519
  8.450000e-01  256.984423  782.957387
  8.500000e-01  256.974912  782.760473
  8.550000e-01  256.965701  782.571501
  8.600000e-01  256.956796  782.390196
  8.650000e-01  256.948205  782.216292
  8.700000e-01  256.939932  782.049528
  8.750000e-01  256.931982  781.889648
  8.800000e-01  256.924359  781.736404
  8.850000e-01  256.917064  781.589553
  8.900000e-01  256.910097  781.448859
  8.950000e-01  256.903457  781.314093
  9.000000e-01  256.897141  781.185032
  9.050000e-01  256.891144  781.061459
  9.100000e-01  256.885462  780.943165
  9.150000e-01  256.880086  780.829946
  9.200000e-01  256.875008  780.721606
  9.250000e-01  256.870220  780.617954
  9.300000e-01  256.865710  780.518806
  9.350000e-01  256.861467  780.423983
  9.400000e-01  256.857479  780.333314
  9.450000e-01  256.853734  780.246631
  9.500000e-01  256.850220  780.163774
  9.550000e-01  256.846922  780.084587
  9.600000e-01  256.843830  780.008921
  9.650000e-01  256.840929  779.936630
  9.700000e-01  256.838209  779.867576
  9.750000e-01  256.835656  779.801623
  9.800000e-01  256.833259  779.738642
  9.850000e-01  256.831008  779.678507
  9.900000e-01  256.828893  779.621098
  9.950000e-01  256.826903  779.566300
  1.000000e+00  256.825030  779.514000
  1.005000e+00  256.823265  779.464091
  1.010000e+00  256.821602  779.416470
  1.015000e+00  256.820031  779.371037
  1.020000e+00  256.818548  779.327697
  1.025000e+00  256.817146  779.286357
  1.030000e+00  256.815818  779.246931
  1.035000e+00  256.814560  779.209332
  1.040000e+00  256.813366  779.173480
  1.045000e+00  256.812232  779.139298
  1.050000e+00  256.811152  779.106710
  1.055000e+00  256.810123  779.075645
  1.060000e+00  256.809141  779.046034
  1.065000e+00  256.808201  779.017812
  1.070000e+00  256.807300  778.990915
  1.075000e+00  256.806434  778.965283
  1.080000e+00  256.805601  778.940860
  1.085000e+00  256.804796  778.917589
  1.090000e+00  256.804018  778.895417
  1.095000e+00  256.803263  778.874295
  1.100000e+00  256.802530  778.854175
  1.105000e+00  256.801815  778.835009
  1.110000e+00  256.801119  778.816754
  1.115000e+00  256.800438  778.799367
  1.120000e+00  256.799772  778.782809
  1.125000e+00  256.799119  778.767041
  1.130000e+00  256.798480  778.752026
  1.135000e+00  256.797852  778.737729
  1.140000e+00  256.797236  778.724117
  1.145000e+00  256.796633  778.711157
  1.150000e+00  256.796040  778.698818
  1.155000e+00  256.795460  778.687073
  1.160000e+00  256.794892  778.675892
  1.165000e+00  256.794336  778.665249
  1.170000e+00  256.793794  778.655119
  1.175000e+00  256.793265  778.645477
  1.180000e+00  256.792750  778.636301
  1.185000e+00  256.792249  778.627568
  1.190000e+00  256.791764  778.619258
  1.195000e+00  256.791294  778.611350
  1.200000e+00  256.790841  778.603824
  1.205000e+00  256.790403  778.596664
  1.210000e+00  256.789983  778.589851
  1.215000e+00  256.789580  778.583369
  1.220000e+00  256.789194  778.577202
  1.225000e+00  256.788826  778.571335
  1.230000e+00  256.788475  778.565753
  1.235000e+00  256.788141  778.560443
  1.240000e+00  256.787824  778.555392
  1.245000e+00  256.787524  778.550588
  1.250000e+00  256.787241  778.546017
  1.255000e+00  256.786974  778.541670
  1.260000e+00  256.786723  778.537536
  1.265000e+00  256.786488  778.533603
  1.270000e+00  256.786267  778.529863
  1.275000e+00  256.786061  778.526306
  1.280000e+00  256.785868  778.522923
  1.285000e+00  256.785689  778.519706
  1.290000e+00  256.785522  778.516646
  1.295000e+00  256.785367  778.513737
  1.300000e+00  256.785223  778.510970
  1.305000e+00  256.785090  778.508339
  1.310000e+00  256.784968  778.505837
  1.315000e+00  256.784854  778.503459
  1.320000e+00  256.784750  778.501197
  1.325000e+00  256.784655  778.499046
  1.330000e+00  256.784567  778.497001
  1.335000e+00  256.784486  778.495057
  1.340000e+00  256.784412  778.493208
  1.345000e+00  256.784345  778.491451
  1.350000e+00  256.784284  778.489780
  1.355000e+00  256.784228  778.488191
  1.360000e+00  256.784177  778.486680
  1.365000e+00  256.784130  778.485245
  1.370000e+00  256.784088  778.483879
  1.375000e+00  256.784050  778.482581
  1.380000e+00  256.784015  778.481348
  1.385000e+00  256.783983  778.480175
  1.390000e+00  256.783954  778.479060
  1.395000e+00  256.783927  778.478000
  1.400000e+00  256.783903  778.476992
  1.405000e+00  256.783881  778.476034
  1.410000e+00  256.783860  778.475124
  1.415000e+00  256.783840  778.474258
  1.420000e+00  256.783822  778.473435
  1.425000e+00  256.783805  778.472653
  1.430000e+00  256.783789  778.471910
  1.435000e+00  256.783773  778.471203
  1.440000e+00  256.783758  778.470531
  1.445000e+00  256.783744  778.469893
  1.450000e+00  256.783730  778.469286
  1.455000e+00  256.783716  778.468709
  1.460000e+00  256.783702  778.468160
  1.465000e+00  256.783688  778.467639
  1.470000e+00  256.783675  778.467144
  1.475000e+00  256.783661  778.466673
  1.480000e+00  256.783648  778.466225
  1.485000e+00  256.783635  778.465800
  1.490000e+00  256.783621  778.465396
  1.495000e+00  256.783608  778.465011
  1.500000e+00  256.783595  778.464646
  1.505000e+00  256.783581  778.464299
  1.510000e+00  256.783568  778.463969
  1.515000e+00  256.783555  778.463655
  1.520000e+00  256.783543  778.463357
  1.525000e+00  256.783530  778.463074
  1.530000e+00  256.783518  778.462805
  1.535000e+00  256.783505  778.462549
  1.540000e+00  256.783493  778.462306
  1.545000e+00  256.783482  778.462075
  1.550000e+00  256.783470  778.461855
  1.555000e+00  256.783459  778.461646
  1.560000e+00  256.783449  778.461448
  1.565000e+00  256.783438  778.461259
  1.570000e+00  256.783428  778.461080
  1.575000e+00  256.783419  778.460910
  1.580000e+00  256.783409  778.460748
  1.585000e+00  256.783401  778.460594
  1.590000e+00  256.783392  778.460448
  1.595000e+00  256.783384  778.460309
  1.600000e+00  256.783376  778.460177
  1.605000e+00  256.783369  778.460052
  1.610000e+00  256.783362  778.459932
  1.615000e+00  256.783356  778.459819
  1.620000e+00  256.783349  778.459711
  1.625000e+00  256.783344  778.459609
  1.630000e+00  256.783338  778.459512
  1.635000e+00  256.783333  778.459419
  1.640000e+00  256.783329  778.459332
  1.645000e+00  256.783324  778.459248
  1.650000e+00  256.783320  778.459169
  1.655000e+00  256.783316  778.459093
  1.660000e+00  256.783313  778.459022
  1.665000e+00  256.783310  778.458954
  1.670000e+00  256.783307  778.458889
  1.675000e+00  256.783304  778.458828
  1.680000e+00  256.783302  778.458769
  1.685000e+00  256.783300  778.458714
  1.690000e+00  256.783298  778.458661
  1.695000e+00  256.783296  778.458611
  1.700000e+00  256.783295  778.458563
  1.705000e+00  256.783294  778.458518
  1.710000e+00  256.783293  778.458475
  1.715000e+00  256.783292  778.458434
  1.720000e+00  256.783291  778.458395
  1.725000e+00  256.783290  778.458358
  1.730000e+00  256.783290  778.458323
  1.735000e+00  256.783289  778.458290
  1.740000e+00  256.783289  778.458258
  1.745000e+00  256.783289  778.458228
  1.750000e+00  256.783289  778.458199
  1.755000e+00  256.783288  778.458172
  1.760000e+00  256.783288  778.458146
  1.765000e+00  256.783288  778.458122
  1.770000e+00  256.783288  778.458098
  1.775000e+00  256.783289  778.458076
  1.780000e+00  256.783289  778.458055
  1.785000e+00  256.783289  778.458035
  1.790000e+00  256.783289  778.458016
  1.795000e+00  256.783289  778.457998
  1.800000e+00  256.783289  778.457981
  1.805000e+00  256.783290  778.457965
  1.810000e+00  256.783290  778.457949
  1.815000e+00  256.783290  778.457934
  1.820000e+00  256.783290  778.457920
  1.825000e+00  256.783290  778.457907
  1.830000e+00  256.783291  778.457894
  1.835000e+00  256.783291  778.457882
  1.840000e+00  256.783291  778.457871
  1.845000e+00  256.783291  778.457860
  1.850000e+00  256.783291  778.457850
  1.855000e+00  256.783291  778.457840
  1.860000e+00  256.783292  778.457831
  1.865000e+00  256.783292  778.457822
  1.870000e+00  256.783292  778.457813
  1.875000e+00  256.783292  778.457805
  1.880000e+00  256.783292  778.457798
  1.885000e+00  256.783292  778.457791
  1.890000e+00  256.783292  778.457784
  1.895000e+00  256.783292  778.457777
  1.900000e+00  256.783292  778.457771
  1.905000e+00  256.783292  778.457765
  1.910000e+00  256.783292  778.457760
  1.915000e+00  256.783293  778.457754
  1.920000e+00  256.783293  778.457749
  1.925000e+00  256.783293  778.457744
  1.930000e+00  256.783293  778.457740
  1.935000e+00  256.783293  778.457735
  1.940000e+00  256.783293  778.457731
  1.945000e+00  256.783293  778.457727
  1.950000e+00  256.783293  778.457724
  1.955000e+00  256.783293  778.457720
  1.960000e+00  256.783293  778.457717
  1.965000e+00  256.783293  778.457714
  1.970000e+00  256.783293  778.457711
  1.975000e+00  256.783293  778.457708
  1.980000e+00  256.783293  778.457705
  1.985000e+00  256.783293  778.457702
  1.990000e+00  256.783293  778.457700
  1.995000e+00  256.783293  778.457698
  2.000000e+00  256.783293  778.457695
