  2.500000e-03  281.283373  1373.667336
  3.750000e-03  275.800818  1351.617553
  5.000000e-03  271.017593  1331.474134
  6.250000e-03  267.307500  1311.687183
  7.500000e-03  264.774291  1291.729584
  8.750000e-03  263.375334  1271.913060
  1.000000e-02  262.974065  1252.862056
  1.125000e-02  263.368354  1235.114962
  1.250000e-02  264.316921  1218.966264
  1.375000e-02  265.566953  1204.470218
  1.500000e-02  266.881659  1191.495778
  1.625000e-02  268.065537  1179.795795
  1.750000e-02  268.983163  1169.091761
  1.875000e-02  269.566845  1159.149704
  2.000000e-02  269.811472  1149.815094
  2.125000e-02  269.759425  1141.005104
  2.250000e-02  269.481148  1132.681172
  2.375000e-02  269.056696  1124.823439
  2.500000e-02  268.561512  1117.415581
  2.625000e-02  268.057468  1110.438928
  2.750000e-02  267.588787  1103.871885
  2.875000e-02  267.181740  1097.691341
  3.000000e-02  266.846872  1091.874152
  3.125000e-02  266.582616  1086.397948
  3.250000e-02  266.379355  1081.241285
  3.375000e-02  266.223258  1076.383494
  3.500000e-02  266.099467  1071.804626
  3.625000e-02  265.994412  1067.485579
  3.750000e-02  265.897217  1063.408344
  3.875000e-02  265.800288  1059.556201
  4.000000e-02  265.699251  1055.913772
  4.125000e-02  265.592459  1052.466933
  4.250000e-02  265.480273  1049.202646
  4.375000e-02  265.364303  1046.108786
  4.500000e-02  265.246732  1043.174006
  4.625000e-02  265.129785  1040.387659
  4.750000e-02  265.015386  1037.739763
  4.875000e-02  264.904970  1035.220993
  5.000000e-02  264.799432  1032.822676
  5.125000e-02  264.699171  1030.536775
  5.250000e-02  264.604189  1028.355863
  5.375000e-02  264.514212  1026.273079
  5.500000e-02  264.428807  1024.282087
  5.625000e-02  264.347479  1022.377016
  5.750000e-02  264.269750  1020.552419
  5.875000e-02  264.195202  1018.803228
  6.000000e-02  264.123499  1017.124719
  6.125000e-02  264.054395  1015.512479
  6.250000e-02  263.987716  1013.962391
  6.375000e-02  263.923351  1012.470608
  6.500000e-02  263.861230  1011.033539
  6.625000e-02  263.801307  1009.647832
  6.750000e-02  263.743544  1008.310361
  6.875000e-02  263.687901  1007.018208
  7.000000e-02  263.634332  1005.768651
  7.125000e-02  263.582780  1004.559149
  7.250000e-02  263.533178  1003.387327
  7.375000e-02  263.485453  1002.250967
  7.500000e-02  263.439525  1001.147991
  7.625000e-02  263.395314  1000.076458
  7.750000e-02  263.352739  999.034547
  7.875000e-02  263.311724  998.020554
  8.000000e-02  263.272196  997.032880
  8.125000e-02  263.234088  996.070025
  8.250000e-02  263.197335  995.130582
  8.375000e-02  263.161881  994.213228
  8.500000e-02  263.127671  993.316722
  8.625000e-02  263.094653  992.439895
  8.750000e-02  263.062781  991.581647
  8.875000e-02  263.032007  990.740943
  9.000000e-02  263.002290  989.916808
  9.125000e-02  262.973587  989.108322
  9.250000e-02  262.945858  988.314617
  9.375000e-02  262.919065  987.534872
  9.500000e-02  262.893170  986.768315
  9.625000e-02  262.868139  986.014212
  9.750000e-02  262.843938  985.271871
  9.875000e-02  262.820534  984.540635
  1.000000e-01  262.797897  983.819883
  1.012500e-01  262.775997  983.109025
  1.025000e-01  262.754806  982.407501
  1.037500e-01  262.734297  981.714779
  1.050000e-01  262.714445  981.030354
  1.062500e-01  262.695225  980.353745
  1.075000e-01  262.676611  979.684493
  1.087500e-01  262.658582  979.022164
  1.100000e-01  262.641115  978.366340
  1.112500e-01  262.624188  977.716625
  1.125000e-01  262.607780  977.072638
  1.137500e-01  262.591869  976.434018
  1.150000e-01  262.576437  975.800417
  1.162500e-01  262.561462  975.171503
  1.175000e-01  262.546927  974.546956
  1.187500e-01  262.532813  973.926471
  1.200000e-01  262.519102  973.309755
  1.212500e-01  262.505775  972.696525
  1.225000e-01  262.492816  972.086510
  1.237500e-01  262.480208  971.479447
  1.250000e-01  262.467935  970.875086
  1.262500e-01  262.455981  970.273183
  1.275000e-01  262.444330  969.673502
  1.287500e-01  262.432966  969.075818
  1.300000e-01  262.421874  968.479910
  1.312500e-01  262.411041  967.885566
  1.325000e-01  262.400450  967.292580
  1.337500e-01  262.390088  966.700751
  1.350000e-01  262.379941  966.109885
  1.362500e-01  262.369994  965.519794
  1.375000e-01  262.360233  964.930292
  1.387500e-01  262.350644  964.341202
  1.400000e-01  262.341215  963.752347
  1.412500e-01  262.331930  963.163558
  1.425000e-01  262.322776  962.574668
  1.437500e-01  262.313740  961.985513
  1.450000e-01  262.304807  961.395934
  1.462500e-01  262.295964  960.805775
  1.475000e-01  262.287197  960.214880
  1.487500e-01  262.278492  959.623101
  1.500000e-01  262.269836  959.030288
  1.512500e-01  262.261213  958.436297
  1.525000e-01  262.252609  957.840982
  1.537500e-01  262.244011  957.244203
  1.550000e-01  262.235403  956.645821
  1.562500e-01  262.226770  956.045698
  1.575000e-01  262.218097  955.443697
  1.587500e-01  262.209370  954.839685
  1.600000e-01  262.200571  954.233529
  1.612500e-01  262.191686  953.625098
  1.625000e-01  262.182697  953.014261
  1.637500e-01  262.173589  952.400890
  1.650000e-01  262.164343  951.784857
  1.662500e-01  262.154943  951.166036
  1.675000e-01  262.145370  950.544302
  1.687500e-01  262.135606  949.919530
  1.700000e-01  262.125632  949.291598
  1.712500e-01  262.115429  948.660384
  1.725000e-01  262.104977  948.025767
  1.737500e-01  262.094256  947.387627
  1.750000e-01  262.083244  946.745846
  1.762500e-01  262.071919  946.100307
  1.775000e-01  262.060261  945.450894
  1.787500e-01  262.048245  944.797493
  1.800000e-01  262.035849  944.139991
  1.812500e-01  262.023049  943.478279
  1.825000e-01  262.009820  942.812246
  1.837500e-01  261.996138  942.141787
  1.850000e-01  261.981975  941.466798
  1.862500e-01  261.967307  940.787178
  1.875000e-01  261.952107  940.102829
  1.887500e-01  261.936346  939.413656
  1.900000e-01  261.919998  938.719570
  1.912500e-01  261.903034  938.020484
  1.925000e-01  261.885426  937.316319
  1.937500e-01  261.867145  936.606999
  1.950000e-01  261.848163  935.892456
  1.962500e-01  261.828449  935.172628
  1.975000e-01  261.807976  934.447462
  1.987500e-01  261.786714  933.716915
  2.000000e-01  261.764635  932.980951
  2.012500e-01  261.741710  932.239546
  2.025000e-01  261.717914  931.492690
  2.037500e-01  261.693217  930.740385
  2.050000e-01  261.667596  929.982647
  2.062500e-01  261.641026  929.219509
  2.075000e-01  261.613485  928.451020
  2.087500e-01  261.584950  927.677250
  2.100000e-01  261.555404  926.898290
  2.112500e-01  261.524829  926.114249
  2.125000e-01  261.493213  925.325264
  2.137500e-01  261.460544  924.531495
  2.150000e-01  261.426814  923.733129
  2.162500e-01  261.392020  922.930381
  2.175000e-01  261.356162  922.123496
  2.187500e-01  261.319243  921.312746
  2.200000e-01  261.281273  920.498438
  2.212500e-01  261.242266  919.680908
  2.225000e-01  261.202239  918.860525
  2.237500e-01  261.161216  918.037687
  2.250000e-01  261.119227  917.212826
  2.262500e-01  261.076306  916.386402
  2.275000e-01  261.032493  915.558901
  2.287500e-01  260.987832  914.730836
  2.300000e-01  260.942374  913.902744
  2.312500e-01  260.896174  913.075179
  2.325000e-01  260.849292  912.248711
  2.337500e-01  260.801793  911.423921
  2.350000e-01  260.753744  910.601395
  2.362500e-01  260.705216  909.781722
  2.375000e-01  260.656284  908.965484
  2.387500e-01  260.607023  908.153253
  2.400000e-01  260.557510  907.345586
  2.412500e-01  260.507824  906.543018
  2.425000e-01  260.458040  905.746058
  2.437500e-01  260.408237  904.955183
  2.450000e-01  260.358489  904.170835
  2.462500e-01  260.308867  903.393416
  2.475000e-01  260.259443  902.623289
  2.487500e-01  260.210281  901.860770
  2.500000e-01  260.161443  901.106131
  2.512500e-01  260.112987  900.359599
  2.525000e-01  260.064964  899.621354
  2.537500e-01  260.017423  898.891535
  2.550000e-01  259.970405  898.170235
  2.562500e-01  259.923947  897.457509
  2.575000e-01  259.878080  896.753372
  2.587500e-01  259.832831  896.057808
  2.600000e-01  259.788222  895.370766
  2.612500e-01  259.744268  894.692170
  2.625000e-01  259.700982  894.021919
  2.637500e-01  259.658372  893.359891
  2.650000e-01  259.616443  892.705945
  2.662500e-01  259.575194  892.059929
  2.675000e-01  259.534625  891.421676
  2.687500e-01  259.494731  890.791013
  2.700000e-01  259.455504  890.167759
  2.712500e-01  259.416935  889.551731
  2.725000e-01  259.379014  888.942743
  2.737500e-01  259.341729  888.340606
  2.750000e-01  259.305068  887.745137
  2.762500e-01  259.269016  887.156149
  2.775000e-01  259.233560  886.573464
  2.787500e-01  259.198685  885.996904
  2.800000e-01  259.164376  885.426294
  2.812500e-01  259.130620  884.861468
  2.825000e-01  259.097401  884.302262
  2.837500e-01  259.064706  883.748517
  2.850000e-01  259.032519  883.200081
  2.862500e-01  259.000828  882.656805
  2.875000e-01  258.969620  882.118547
  2.887500e-01  258.938881  881.585168
  2.900000e-01  258.908599  881.056537
  2.912500e-01  258.878763  880.532525
  2.925000e-01  258.849360  880.013009
  2.937500e-01  258.820380  879.497870
  2.950000e-01  258.791812  878.986993
  2.962500e-01  258.763647  878.480268
  2.975000e-01  258.735875  877.977588
  2.987500e-01  258.708486  877.478850
  3.000000e-01  258.681473  876.983954
  3.012500e-01  258.654827  876.492804
  3.025000e-01  258.628540  876.005308
  3.037500e-01  258.602605  875.521375
  3.050000e-01  258.577014  875.040918
  3.062500e-01  258.551762  874.563853
  3.075000e-01  258.526842  874.090098
  3.087500e-01  258.502248  873.619574
  3.100000e-01  258.477974  873.152204
  3.112500e-01  258.454015  872.687914
  3.125000e-01  258.430366  872.226631
  3.137500e-01  258.407022  871.768286
  3.150000e-01  258.383979  871.312809
  3.162500e-01  258.361232  870.860136
  3.175000e-01  258.338776  870.410201
  3.187500e-01  258.316609  869.962942
  3.200000e-01  258.294726  869.518298
  3.212500e-01  258.273124  869.076210
  3.225000e-01  258.251800  868.636620
  3.237500e-01  258.230750  868.199473
  3.250000e-01  258.209972  867.764715
  3.262500e-01  258.189462  867.332291
  3.275000e-01  258.169219  866.902152
  3.287500e-01  258.149238  866.474247
  3.300000e-01  258.129519  866.048527
  3.312500e-01  258.110057  865.624945
  3.325000e-01  258.090852  865.203454
  3.337500e-01  258.071902  864.784011
  3.350000e-01  258.053203  864.366572
  3.362500e-01  258.034754  863.951094
  3.375000e-01  258.016553  863.537536
  3.387500e-01  257.998598  863.125858
  3.400000e-01  257.980888  862.716022
  3.412500e-01  257.963420  862.307989
  3.425000e-01  257.946194  861.901723
  3.437500e-01  257.929206  861.497189
  3.450000e-01  257.912456  861.094352
  3.462500e-01  257.895943  860.693178
  3.475000e-01  257.879664  860.293635
  3.487500e-01  257.863617  859.895692
  3.500000e-01  257.847803  859.499317
  3.512500e-01  257.832218  859.104482
  3.525000e-01  257.816861  858.711157
  3.537500e-01  257.801731  858.319316
  3.550000e-01  257.786826  857.928930
  3.562500e-01  257.772145  857.539974
  3.575000e-01  257.757686  857.152423
  3.587500e-01  257.743448  856.766252
  3.600000e-01  257.729429  856.381439
  3.612500e-01  257.715627  855.997960
  3.625000e-01  257.702040  855.615794
  3.637500e-01  257.688668  855.234919
  3.650000e-01  257.675508  854.855316
  3.662500e-01  257.662558  854.476965
  3.675000e-01  257.649818  854.099847
  3.687500e-01  257.637284  853.723943
  3.700000e-01  257.624956  853.349238
  3.712500e-01  257.612831  852.975713
  3.725000e-01  257.600908  852.603354
  3.737500e-01  257.589184  852.232144
  3.750000e-01  257.577657  851.862069
  3.762500e-01  257.566327  851.493115
  3.775000e-01  257.555189  851.125268
  3.787500e-01  257.544243  850.758517
  3.800000e-01  257.533486  850.392848
  3.812500e-01  257.522917  850.028250
  3.825000e-01  257.512532  849.664712
  3.837500e-01  257.502330  849.302223
  3.850000e-01  257.492308  848.940774
  3.862500e-01  257.482465  848.580354
  3.875000e-01  257.472797  848.220956
  3.887500e-01  257.463303  847.862570
  3.900000e-01  257.453980  847.505189
  3.912500e-01  257.444826  847.148805
  3.925000e-01  257.435837  846.793412
  3.937500e-01  257.427013  846.439002
  3.950000e-01  257.418350  846.085569
  3.962500e-01  257.409846  845.733108
  3.975000e-01  257.401498  845.381614
  3.987500e-01  257.393303  845.031081
  4.000000e-01  257.385260  844.681505
  4.012500e-01  257.377366  844.332882
  4.025000e-01  257.369618  843.985208
  4.037500e-01  257.362013  843.638480
  4.050000e-01  257.354550  843.292695
  4.062500e-01  257.347225  842.947849
  4.075000e-01  257.340036  842.603940
  4.087500e-01  257.332980  842.260967
  4.100000e-01  257.326054  841.918928
  4.112500e-01  257.319257  841.577820
  4.125000e-01  257.312586  841.237643
  4.137500e-01  257.306037  840.898396
  4.150000e-01  257.299609  840.560078
  4.162500e-01  257.293299  840.222688
  4.175000e-01  257.287104  839.886227
  4.187500e-01  257.281022  839.550694
  4.200000e-01  257.275051  839.216089
  4.212500e-01  257.269187  838.882414
  4.225000e-01  257.263429  838.549668
  4.237500e-01  257.257774  838.217853
  4.250000e-01  257.252219  837.886970
  4.262500e-01  257.246763  837.557019
  4.275000e-01  257.241402  837.228003
  4.287500e-01  257.236135  836.899923
  4.300000e-01  257.230958  836.572781
  4.312500e-01  257.225870  836.246578
  4.325000e-01  257.220869  835.921317
  4.337500e-01  257.215952  835.597000
  4.350000e-01  257.211116  835.273630
  4.362500e-01  257.206360  834.951208
  4.375000e-01  257.201682  834.629738
  4.387500e-01  257.197078  834.309222
  4.400000e-01  257.192548  833.989663
  4.412500e-01  257.188088  833.671064
  4.425000e-01  257.183697  833.353428
  4.437500e-01  257.179373  833.036759
  4.450000e-01  257.175113  832.721059
  4.462500e-01  257.170916  832.406331
  4.475000e-01  257.166780  832.092580
  4.487500e-01  257.162702  831.779808
  4.500000e-01  257.158680  831.468020
  4.512500e-01  257.154714  831.157218
  4.525000e-01  257.150800  830.847406
  4.537500e-01  257.146937  830.538588
  4.550000e-01  257.143123  830.230768
  4.562500e-01  257.139357  829.923949
  4.575000e-01  257.135636  829.618136
  4.587500e-01  257.131959  829.313331
  4.600000e-01  257.128324  829.009539
  4.612500e-01  257.124729  828.706764
  4.625000e-01  257.121173  828.405009
  4.637500e-01  257.117655  828.104279
  4.650000e-01  257.114171  827.804577
  4.662500e-01  257.110722  827.505906
  4.675000e-01  257.107305  827.208272
  4.687500e-01  257.103919  826.911677
  4.700000e-01  257.100563  826.616125
  4.712500e-01  257.097235  826.321621
  4.725000e-01  257.093933  826.028168
  4.737500e-01  257.090657  825.735770
  4.750000e-01  257.087405  825.444430
  4.762500e-01  257.084175  825.154152
  4.775000e-01  257.080967  824.864940
  4.787500e-01  257.077779  824.576797
  4.800000e-01  257.074611  824.289727
  4.812500e-01  257.071460  824.003733
  4.825000e-01  257.068326  823.718820
  4.837500e-01  257.065208  823.434989
  4.850000e-01  257.062104  823.152245
  4.862500e-01  257.059014  822.870591
  4.875000e-01  257.055937  822.590030
  4.887500e-01  257.052872  822.310565
  4.900000e-01  257.049818  822.032200
  4.912500e-01  257.046773  821.754937
  4.925000e-01  257.043738  821.478779
  4.937500e-01  257.040711  821.203729
  4.950000e-01  257.037692  820.929790
  4.962500e-01  257.034680  820.656966
  4.975000e-01  257.031675  820.385257
  4.987500e-01  257.028675  820.114668
  5.000000e-01  257.025679  819.845201
  5.012500e-01  257.022689  819.576857
  5.025000e-01  257.019702  819.309640
  5.037500e-01  257.016718  819.043552
  5.050000e-01  257.013738  818.778595
  5.062500e-01  257.010760  818.514771
  5.075000e-01  257.007784  818.252082
  5.087500e-01  257.004809  817.990531
  5.100000e-01  257.001836  817.730119
  5.112500e-01  256.998863  817.470848
  5.125000e-01  256.995891  817.212720
  5.137500e-01  256.992920  816.955737
  5.150000e-01  256.989948  816.699900
  5.162500e-01  256.986977  816.445210
  5.175000e-01  256.984004  816.191670
  5.187500e-01  256.981032  815.939281
  5.200000e-01  256.978058  815.688043
  5.212500e-01  256.975084  815.437959
  5.225000e-01  256.972108  815.189030
  5.237500e-01  256.969132  814.941256
  5.250000e-01  256.966154  814.694638
  5.262500e-01  256.963175  814.449178
  5.275000e-01  256.960194  814.204877
  5.287500e-01  256.957212  813.961735
  5.300000e-01  256.954229  813.719753
  5.312500e-01  256.951244  813.478932
  5.325000e-01  256.948258  813.239273
  5.337500e-01  256.945271  813.000775
  5.350000e-01  256.942282  812.763440
  5.362500e-01  256.939291  812.527268
  5.375000e-01  256.936300  812.292259
  5.387500e-01  256.933307  812.058413
  5.400000e-01  256.930313  811.825731
  5.412500e-01  256.927317  811.594213
  5.425000e-01  256.924321  811.363859
  5.437500e-01  256.921324  811.134669
  5.450000e-01  256.918326  810.906643
  5.462500e-01  256.915327  810.679781
  5.475000e-01  256.912327  810.454082
  5.487500e-01  256.909327  810.229547
  5.500000e-01  256.906326  810.006175
  5.512500e-01  256.903324  809.783966
  5.525000e-01  256.900323  809.562919
  5.537500e-01  256.897321  809.343033
  5.550000e-01  256.894319  809.124310
  5.562500e-01  256.891317  808.906746
  5.575000e-01  256.888315  808.690343
  5.587500e-01  256.885313  808.475099
  5.600000e-01  256.882312  808.261013
  5.612500e-01  256.879311  808.048085
  5.625000e-01  256.876310  807.836314
  5.637500e-01  256.873310  807.625698
  5.650000e-01  256.870311  807.416237
  5.662500e-01  256.867312  807.207929
  5.675000e-01  256.864314  807.000773
  5.687500e-01  256.861317  806.794769
  5.700000e-01  256.858322  806.589914
  5.712500e-01  256.855327  806.386207
  5.725000e-01  256.852333  806.183648
  5.737500e-01  256.849341  805.982234
  5.750000e-01  256.846350  805.781963
  5.762500e-01  256.843361  805.582835
  5.775000e-01  256.840373  805.384848
  5.787500e-01  256.837387  805.187999
  5.800000e-01  256.834403  804.992287
  5.812500e-01  256.831420  804.797710
  5.825000e-01  256.828439  804.604267
  5.837500e-01  256.825461  804.411954
  5.850000e-01  256.822484  804.220771
  5.862500e-01  256.819509  804.030715
  5.875000e-01  256.816537  803.841784
  5.887500e-01  256.813566  803.653975
  5.900000e-01  256.810598  803.467287
  5.912500e-01  256.807633  803.281717
  5.925000e-01  256.804669  803.097262
  5.937500e-01  256.801709  802.913920
  5.950000e-01  256.798751  802.731689
  5.962500e-01  256.795796  802.550566
  5.975000e-01  256.792843  802.370548
  5.987500e-01  256.789894  802.191633
  6.000000e-01  256.786947  802.013818
  6.012500e-01  256.784003  801.837099
  6.025000e-01  256.781063  801.661475
  6.037500e-01  256.778125  801.486942
  6.050000e-01  256.775191  801.313498
  6.062500e-01  256.772261  801.141138
  6.075000e-01  256.769334  800.969861
  6.087500e-01  256.766410  800.799663
  6.100000e-01  256.763490  800.630541
  6.112500e-01  256.760574  800.462491
  6.125000e-01  256.757662  800.295511
  6.137500e-01  256.754753  800.129597
  6.150000e-01  256.751849  799.964745
  6.162500e-01  256.748949  799.800953
  6.175000e-01  256.746053  799.638216
  6.187500e-01  256.743162  799.476531
  6.200000e-01  256.740276  799.315895
  6.212500e-01  256.737393  799.156305
  6.225000e-01  256.734516  798.997755
  6.237500e-01  256.731644  798.840243
  6.250000e-01  256.728777  798.683766
  6.262500e-01  256.725914  798.528318
  6.275000e-01  256.723058  798.373897
  6.287500e-01  256.720206  798.220498
  6.300000e-01  256.717360  798.068119
  6.312500e-01  256.714520  797.916754
  6.325000e-01  256.711686  797.766399
  6.337500e-01  256.708858  797.617052
  6.350000e-01  256.706036  797.468708
  6.362500e-01  256.703220  797.321362
  6.375000e-01  256.700411  797.175012
  6.387500e-01  256.697608  797.029652
  6.400000e-01  256.694812  796.885278
  6.412500e-01  256.692023  796.741887
  6.425000e-01  256.689241  796.599474
  6.437500e-01  256.686466  796.458035
  6.450000e-01  256.683698  796.317566
  6.462500e-01  256.680938  796.178063
  6.475000e-01  256.678186  796.039521
  6.487500e-01  256.675441  795.901935
  6.500000e-01  256.672705  795.765303
  6.512500e-01  256.669976  795.629619
  6.525000e-01  256.667256  795.494879
  6.537500e-01  256.664544  795.361079
  6.550000e-01  256.661841  795.228214
  6.562500e-01  256.659146  795.096280
  6.575000e-01  256.656461  794.965272
  6.587500e-01  256.653784  794.835187
  6.600000e-01  256.651117  794.706019
  6.612500e-01  256.648459  794.577764
  6.625000e-01  256.645810  794.450419
  6.637500e-01  256.643171  794.323977
  6.650000e-01  256.640542  794.198436
  6.662500e-01  256.637922  794.073789
  6.675000e-01  256.635313  793.950034
  6.687500e-01  256.632714  793.827165
  6.700000e-01  256.630125  793.705178
  6.712500e-01  256.627547  793.584068
  6.725000e-01  256.624979  793.463831
  6.737500e-01  256.622422  793.344463
  6.750000e-01  256.619875  793.225958
  6.762500e-01  256.617340  793.108313
  6.775000e-01  256.614816  792.991522
  6.787500e-01  256.612302  792.875582
  6.800000e-01  256.609801  792.760487
  6.812500e-01  256.607310  792.646234
  6.825000e-01  256.604831  792.532817
  6.837500e-01  256.602364  792.420233
  6.850000e-01  256.599908  792.308476
  6.862500e-01  256.597464  792.197542
  6.875000e-01  256.595032  792.087427
  6.887500e-01  256.592613  791.978126
  6.900000e-01  256.590205  791.869635
  6.912500e-01  256.587809  791.761948
  6.925000e-01  256.585425  791.655063
  6.937500e-01  256.583054  791.548973
  6.950000e-01  256.580696  791.443675
  6.962500e-01  256.578349  791.339163
  6.975000e-01  256.576015  791.235435
  6.987500e-01  256.573694  791.132484
  7.000000e-01  256.571386  791.030307
  7.012500e-01  256.569090  790.928899
  7.025000e-01  256.566806  790.828256
  7.037500e-01  256.564536  790.728373
  7.050000e-01  256.562279  790.629246
  7.062500e-01  256.560034  790.530870
  7.075000e-01  256.557802  790.433242
  7.087500e-01  256.555583  790.336355
  7.100000e-01  256.553377  790.240207
  7.112500e-01  256.551185  790.144792
  7.125000e-01  256.549005  790.050107
  7.137500e-01  256.546838  789.956146
  7.150000e-01  256.544684  789.862906
  7.162500e-01  256.542544  789.770382
  7.175000e-01  256.540416  789.678570
  7.187500e-01  256.538302  789.587465
  7.200000e-01  256.536200  789.497063
  7.212500e-01  256.534112  789.407360
  7.225000e-01  256.532037  789.318352
  7.237500e-01  256.529975  789.230033
  7.250000e-01  256.527926  789.142401
  7.262500e-01  256.525890  789.055450
  7.275000e-01  256.523867  788.969176
  7.287500e-01  256.521857  788.883576
  7.300000e-01  256.519860  788.798644
  7.312500e-01  256.517877  788.714376
  7.325000e-01  256.515906  788.630769
  7.337500e-01  256.513948  788.547818
  7.350000e-01  256.512003  788.465519
  7.362500e-01  256.510071  788.383868
  7.375000e-01  256.508152  788.302861
  7.387500e-01  256.506246  788.222492
  7.400000e-01  256.504353  788.142759
  7.412500e-01  256.502472  788.063658
  7.425000e-01  256.500604  787.985183
  7.437500e-01  256.498749  787.907331
  7.450000e-01  256.496906  787.830098
  7.462500e-01  256.495076  787.753479
  7.475000e-01  256.493259  787.677472
  7.487500e-01  256.491454  787.602071
  7.500000e-01  256.489662  787.527272
  7.512500e-01  256.487881  787.453072
  7.525000e-01  256.486114  787.379467
  7.537500e-01  256.484358  787.306452
  7.550000e-01  256.482615  787.234024
  7.562500e-01  256.480884  787.162179
  7.575000e-01  256.479166  787.090912
  7.587500e-01  256.477459  787.020220
  7.600000e-01  256.475764  786.950099
  7.612500e-01  256.474081  786.880544
  7.625000e-01  256.472411  786.811553
  7.637500e-01  256.470752  786.743121
  7.650000e-01  256.469104  786.675245
  7.662500e-01  256.467469  786.607920
  7.675000e-01  256.465845  786.541142
  7.687500e-01  256.464233  786.474908
  7.700000e-01  256.462632  786.409215
  7.712500e-01  256.461043  786.344058
  7.725000e-01  256.459465  786.279433
  7.737500e-01  256.457899  786.215337
  7.750000e-01  256.456343  786.151766
  7.762500e-01  256.454799  786.088716
  7.775000e-01  256.453266  786.026184
  7.787500e-01  256.451744  785.964166
  7.800000e-01  256.450234  785.902659
  7.812500e-01  256.448734  785.841658
  7.825000e-01  256.447245  785.781160
  7.837500e-01  256.445766  785.721161
  7.850000e-01  256.444299  785.661658
  7.862500e-01  256.442842  785.602648
  7.875000e-01  256.441396  785.544126
  7.887500e-01  256.439960  785.486089
  7.900000e-01  256.438535  785.428534
  7.912500e-01  256.437120  785.371456
  7.925000e-01  256.435715  785.314854
  7.937500e-01  256.434321  785.258722
  7.950000e-01  256.432937  785.203059
  7.962500e-01  256.431563  785.147859
  7.975000e-01  256.430199  785.093120
  7.987500e-01  256.428845  785.038839
  8.000000e-01  256.427501  784.985011
  8.012500e-01  256.426167  784.931634
  8.025000e-01  256.424842  784.878704
  8.037500e-01  256.423527  784.826219
  8.050000e-01  256.422222  784.774173
  8.062500e-01  256.420927  784.722565
  8.075000e-01  256.419641  784.671391
  8.087500e-01  256.418365  784.620648
  8.100000e-01  256.417098  784.570332
  8.112500e-01  256.415840  784.520440
  8.125000e-01  256.414592  784.470970
  8.137500e-01  256.413352  784.421917
  8.150000e-01  256.412122  784.373279
  8.162500e-01  256.410901  784.325052
  8.175000e-01  256.409689  784.277234
  8.187500e-01  256.408486  784.229820
  8.200000e-01  256.407292  784.182809
  8.212500e-01  256.406107  784.136197
  8.225000e-01  256.404931  784.089980
  8.237500e-01  256.403763  784.044157
  8.250000e-01  256.402604  783.998723
  8.262500e-01  256.401453  783.953676
  8.275000e-01  256.400312  783.909013
  8.287500e-01  256.399178  783.864731
  8.300000e-01  256.398053  783.820826
  8.312500e-01  256.396937  783.777297
  8.325000e-01  256.395828  783.734139
  8.337500e-01  256.394728  783.691351
  8.350000e-01  256.393636  783.648928
  8.362500e-01  256.392553  783.606869
  8.375000e-01  256.391477  783.565170
  8.387500e-01  256.390409  783.523829
  8.400000e-01  256.389350  783.482842
  8.412500e-01  256.388298  783.442207
  8.425000e-01  256.387254  783.401922
  8.437500e-01  256.386218  783.361982
  8.450000e-01  256.385190  783.322387
  8.462500e-01  256.384170  783.283132
  8.475000e-01  256.383157  783.244215
  8.487500e-01  256.382152  783.205634
  8.500000e-01  256.381154  783.167386
  8.512500e-01  256.380164  783.129467
  8.525000e-01  256.379181  783.091876
  8.537500e-01  256.378206  783.054610
  8.550000e-01  256.377238  783.017666
  8.562500e-01  256.376277  782.981042
  8.575000e-01  256.375324  782.944734
  8.587500e-01  256.374378  782.908741
  8.600000e-01  256.373439  782.873060
  8.612500e-01  256.372507  782.837688
  8.625000e-01  256.371582  782.802623
  8.637500e-01  256.370665  782.767863
  8.650000e-01  256.369754  782.733404
  8.662500e-01  256.368850  782.699245
  8.675000e-01  256.367953  782.665382
  8.687500e-01  256.367063  782.631815
  8.700000e-01  256.366180  782.598539
  8.712500e-01  256.365303  782.565553
  8.725000e-01  256.364434  782.532855
  8.737500e-01  256.363570  782.500441
  8.750000e-01  256.362714  782.468310
  8.762500e-01  256.361864  782.436459
  8.775000e-01  256.361020  782.404887
  8.787500e-01  256.360183  782.373590
  8.800000e-01  256.359353  782.342567
  8.812500e-01  256.358529  782.311814
  8.825000e-01  256.357711  782.281331
  8.837500e-01  256.356900  782.251114
  8.850000e-01  256.356094  782.221162
  8.862500e-01  256.355295  782.191473
  8.875000e-01  256.354503  782.162043
  8.887500e-01  256.353716  782.132871
  8.900000e-01  256.352936  782.103955
  8.912500e-01  256.352161  782.075293
  8.925000e-01  256.351393  782.046882
  8.937500e-01  256.350630  782.018721
  8.950000e-01  256.349874  781.990807
  8.962500e-01  256.349123  781.963138
  8.975000e-01  256.348379  781.935712
  8.987500e-01  256.347640  781.908528
  9.000000e-01  256.346907  781.881583
  9.012500e-01  256.346180  781.854875
  9.025000e-01  256.345458  781.828402
  9.037500e-01  256.344742  781.802163
  9.050000e-01  256.344032  781.776154
  9.062500e-01  256.343327  781.750375
  9.075000e-01  256.342628  781.724823
  9.087500e-01  256.341935  781.699496
  9.100000e-01  256.341247  781.674393
  9.112500e-01  256.340564  781.649512
  9.125000e-01  256.339887  781.624850
  9.137500e-01  256.339215  781.600406
  9.150000e-01  256.338549  781.576178
  9.162500e-01  256.337888  781.552165
  9.175000e-01  256.337232  781.528363
  9.187500e-01  256.336581  781.504773
  9.200000e-01  256.335936  781.481391
  9.212500e-01  256.335296  781.458215
  9.225000e-01  256.334661  781.435246
  9.237500e-01  256.334031  781.412479
  9.250000e-01  256.333406  781.389915
  9.262500e-01  256.332786  781.367550
  9.275000e-01  256.332171  781.345383
  9.287500e-01  256.331561  781.323414
  9.300000e-01  256.330956  781.301639
  9.312500e-01  256.330356  781.280057
  9.325000e-01  256.329761  781.258667
  9.337500e-01  256.329170  781.237467
  9.350000e-01  256.328585  781.216455
  9.362500e-01  256.328004  781.195630
  9.375000e-01  256.327428  781.174989
  9.387500e-01  256.326856  781.154533
  9.400000e-01  256.326290  781.134258
  9.412500e-01  256.325728  781.114164
  9.425000e-01  256.325170  781.094248
  9.437500e-01  256.324617  781.074510
  9.450000e-01  256.324069  781.054947
  9.462500e-01  256.323525  781.035559
  9.475000e-01  256.322985  781.016343
  9.487500e-01  256.322450  780.997298
  9.500000e-01  256.321920  780.978424
  9.512500e-01  256.321394  780.959717
  9.525000e-01  256.320872  780.941177
  9.537500e-01  256.320354  780.922803
  9.550000e-01  256.319841  780.904592
  9.562500e-01  256.319332  780.886544
  9.575000e-01  256.318827  780.868657
  9.587500e-01  256.318327  780.850930
  9.600000e-01  256.317830  780.833361
  9.612500e-01  256.317338  780.815949
  9.625000e-01  256.316850  780.798693
  9.637500e-01  256.316366  780.781590
  9.650000e-01  256.315886  780.764641
  9.662500e-01  256.315410  780.747843
  9.675000e-01  256.314938  780.731195
  9.687500e-01  256.314470  780.714697
  9.700000e-01  256.314005  780.698345
  9.712500e-01  256.313545  780.682141
  9.725000e-01  256.313089  780.666081
  9.737500e-01  256.312636  780.650165
  9.750000e-01  256.312188  780.634391
  9.762500e-01  256.311743  780.618759
  9.775000e-01  256.311302  780.603267
  9.787500e-01  256.310864  780.587913
  9.800000e-01  256.310430  780.572697
  9.812500e-01  256.310000  780.557618
  9.825000e-01  256.309574  780.542674
  9.837500e-01  256.309151  780.527863
  9.850000e-01  256.308732  780.513186
  9.862500e-01  256.308317  780.498640
  9.875000e-01  256.307905  780.484225
  9.887500e-01  256.307496  780.469939
  9.900000e-01  256.307091  780.455782
  9.912500e-01  256.306689  780.441751
  9.925000e-01  256.306291  780.427846
  9.937500e-01  256.305897  780.414067
  9.950000e-01  256.305505  780.400411
  9.962500e-01  256.305117  780.386878
  9.975000e-01  256.304733  780.373466
  9.987500e-01  256.304351  780.360175
  1.000000e+00  256.303973  780.347003
  1.001250e+00  256.303599  780.333950
  1.002500e+00  256.303227  780.321015
  1.003750e+00  256.302859  780.308195
  1.005000e+00  256.302494  780.295491
  1.006250e+00  256.302132  780.282901
  1.007500e+00  256.301773  780.270425
  1.008750e+00  256.301417  780.258061
  1.010000e+00  256.301064  780.245808
  1.011250e+00  256.300715  780.233665
  1.012500e+00  256.300368  780.221632
  1.013750e+00  256.300025  780.209707
  1.015000e+00  256.299684  780.197889
  1.016250e+00  256.299347  780.186179
  1.017500e+00  256.299012  780.174573
  1.018750e+00  256.298680  780.163072
  1.020000e+00  256.298351  780.151675
  1.021250e+00  256.298026  780.140381
  1.022500e+00  256.297702  780.129188
  1.023750e+00  256.297382  780.118096
  1.025000e+00  256.297065  780.107105
  1.026250e+00  256.296750  780.096212
  1.027500e+00  256.296438  780.085418
  1.028750e+00  256.296129  780.074721
  1.030000e+00  256.295823  780.064121
  1.031250e+00  256.295519  780.053616
  1.032500e+00  256.295218  780.043206
  1.033750e+00  256.294920  780.032891
  1.035000e+00  256.294624  780.022668
  1.036250e+00  256.294331  780.012538
  1.037500e+00  256.294040  780.002499
  1.038750e+00  256.293752  779.992551
  1.040000e+00  256.293467  779.982692
  1.041250e+00  256.293184  779.972923
  1.042500e+00  256.292903  779.963242
  1.043750e+00  256.292626  779.953649
  1.045000e+00  256.292350  779.944142
  1.046250e+00  256.292077  779.934721
  1.047500e+00  256.291807  779.925386
  1.048750e+00  256.291538  779.916135
  1.050000e+00  256.291273  779.906967
  1.051250e+00  256.291009  779.897883
  1.052500e+00  256.290748  779.888880
  1.053750e+00  256.290489  779.879959
  1.055000e+00  256.290233  779.871119
  1.056250e+00  256.289979  779.862359
  1.057500e+00  256.289727  779.853678
  1.058750e+00  256.289477  779.845076
  1.060000e+00  256.289230  779.836552
  1.061250e+00  256.288985  779.828104
  1.062500e+00  256.288742  779.819734
  1.063750e+00  256.288501  779.811439
  1.065000e+00  256.288263  779.803219
  1.066250e+00  256.288026  779.795074
  1.067500e+00  256.287792  779.787002
  1.068750e+00  256.287560  779.779004
  1.070000e+00  256.287329  779.771078
  1.071250e+00  256.287101  779.763224
  1.072500e+00  256.286875  779.755441
  1.073750e+00  256.286651  779.747728
  1.075000e+00  256.286429  779.740086
  1.076250e+00  256.286209  779.732513
  1.077500e+00  256.285991  779.725008
  1.078750e+00  256.285775  779.717572
  1.080000e+00  256.285561  779.710203
  1.081250e+00  256.285349  779.702901
  1.082500e+00  256.285139  779.695665
  1.083750e+00  256.284931  779.688495
  1.085000e+00  256.284724  779.681390
  1.086250e+00  256.284520  779.674349
  1.087500e+00  256.284317  779.667372
  1.088750e+00  256.284116  779.660459
  1.090000e+00  256.283917  779.653608
  1.091250e+00  256.283720  779.646820
  1.092500e+00  256.283525  779.640093
  1.093750e+00  256.283331  779.633427
  1.095000e+00  256.283139  779.626822
  1.096250e+00  256.282949  779.620276
  1.097500e+00  256.282761  779.613791
  1.098750e+00  256.282574  779.607364
  1.100000e+00  256.282389  779.600995
  1.101250e+00  256.282206  779.594684
  1.102500e+00  256.282024  779.588431
  1.103750e+00  256.281844  779.582235
  1.105000e+00  256.281666  779.576094
  1.106250e+00  256.281489  779.570010
  1.107500e+00  256.281314  779.563981
  1.108750e+00  256.281140  779.558007
  1.110000e+00  256.280968  779.552087
  1.111250e+00  256.280798  779.546221
  1.112500e+00  256.280629  779.540408
  1.113750e+00  256.280462  779.534648
  1.115000e+00  256.280296  779.528940
  1.116250e+00  256.280132  779.523285
  1.117500e+00  256.279970  779.517680
  1.118750e+00  256.279808  779.512127
  1.120000e+00  256.279649  779.506624
  1.121250e+00  256.279490  779.501172
  1.122500e+00  256.279334  779.495769
  1.123750e+00  256.279178  779.490415
  1.125000e+00  256.279024  779.485110
  1.126250e+00  256.278872  779.479853
  1.127500e+00  256.278721  779.474644
  1.128750e+00  256.278571  779.469482
  1.130000e+00  256.278423  779.464368
  1.131250e+00  256.278276  779.459300
  1.132500e+00  256.278130  779.454278
  1.133750e+00  256.277986  779.449301
  1.135000e+00  256.277843  779.444371
  1.136250e+00  256.277701  779.439485
  1.137500e+00  256.277561  779.434643
  1.138750e+00  256.277422  779.429846
  1.140000e+00  256.277284  779.425092
  1.141250e+00  256.277148  779.420382
  1.142500e+00  256.277013  779.415714
  1.143750e+00  256.276879  779.411089
  1.145000e+00  256.276746  779.406506
  1.146250e+00  256.276614  779.401965
  1.147500e+00  256.276484  779.397466
  1.148750e+00  256.276355  779.393007
  1.150000e+00  256.276227  779.388589
  1.151250e+00  256.276100  779.384211
  1.152500e+00  256.275975  779.379873
  1.153750e+00  256.275851  779.375575
  1.155000e+00  256.275727  779.371316
  1.156250e+00  256.275605  779.367096
  1.157500e+00  256.275484  779.362914
  1.158750e+00  256.275365  779.358770
  1.160000e+00  256.275246  779.354664
  1.161250e+00  256.275128  779.350596
  1.162500e+00  256.275012  779.346565
  1.163750e+00  256.274896  779.342570
  1.165000e+00  256.274782  779.338612
  1.166250e+00  256.274669  779.334690
  1.167500e+00  256.274557  779.330803
  1.168750e+00  256.274445  779.326953
  1.170000e+00  256.274335  779.323137
  1.171250e+00  256.274226  779.319356
  1.172500e+00  256.274118  779.315610
  1.173750e+00  256.274011  779.311898
  1.175000e+00  256.273905  779.308219
  1.176250e+00  256.273800  779.304575
  1.177500e+00  256.273695  779.300963
  1.178750e+00  256.273592  779.297385
  1.180000e+00  256.273490  779.293839
  1.181250e+00  256.273389  779.290325
  1.182500e+00  256.273288  779.286844
  1.183750e+00  256.273189  779.283394
  1.185000e+00  256.273091  779.279976
  1.186250e+00  256.272993  779.276589
  1.187500e+00  256.272896  779.273233
  1.188750e+00  256.272801  779.269908
  1.190000e+00  256.272706  779.266613
  1.191250e+00  256.272612  779.263348
  1.192500e+00  256.272519  779.260113
  1.193750e+00  256.272427  779.256907
  1.195000e+00  256.272335  779.253731
  1.196250e+00  256.272245  779.250584
  1.197500e+00  256.272155  779.247465
  1.198750e+00  256.272066  779.244375
  1.200000e+00  256.271978  779.241314
  1.201250e+00  256.271891  779.238280
  1.202500e+00  256.271805  779.235274
  1.203750e+00  256.271719  779.232295
  1.205000e+00  256.271635  779.229344
  1.206250e+00  256.271551  779.226419
  1.207500e+00  256.271468  779.223522
  1.208750e+00  256.271385  779.220650
  1.210000e+00  256.271304  779.217806
  1.211250e+00  256.271223  779.214987
  1.212500e+00  256.271143  779.212193
  1.213750e+00  256.271063  779.209426
  1.215000e+00  256.270985  779.206683
  1.216250e+00  256.270907  779.203966
  1.217500e+00  256.270830  779.201274
  1.218750e+00  256.270753  779.198606
  1.220000e+00  256.270678  779.195962
  1.221250e+00  256.270603  779.193343
  1.222500e+00  256.270529  779.190748
  1.223750e+00  256.270455  779.188176
  1.225000e+00  256.270382  779.185628
  1.226250e+00  256.270310  779.183103
  1.227500e+00  256.270238  779.180601
  1.228750e+00  256.270168  779.178123
  1.230000e+00  256.270097  779.175666
  1.231250e+00  256.270028  779.173233
  1.232500e+00  256.269959  779.170821
  1.233750e+00  256.269891  779.168432
  1.235000e+00  256.269823  779.166064
  1.236250e+00  256.269756  779.163719
  1.237500e+00  256.269690  779.161394
  1.238750e+00  256.269624  779.159091
  1.240000e+00  256.269559  779.156809
  1.241250e+00  256.269495  779.154548
  1.242500e+00  256.269431  779.152307
  1.243750e+00  256.269368  779.150087
  1.245000e+00  256.269305  779.147888
  1.246250e+00  256.269243  779.145708
  1.247500e+00  256.269182  779.143549
  1.248750e+00  256.269121  779.141409
  1.250000e+00  256.269061  779.139289
  1.251250e+00  256.269001  779.137188
  1.252500e+00  256.268942  779.135106
  1.253750e+00  256.268883  779.133044
  1.255000e+00  256.268825  779.131000
  1.256250e+00  256.268767  779.128975
  1.257500e+00  256.268710  779.126968
  1.258750e+00  256.268654  779.124980
  1.260000e+00  256.268598  779.123011
  1.261250e+00  256.268543  779.121059
  1.262500e+00  256.268488  779.119125
  1.263750e+00  256.268433  779.117208
  1.265000e+00  256.268380  779.115310
  1.266250e+00  256.268326  779.113428
  1.267500e+00  256.268274  779.111564
  1.268750e+00  256.268221  779.109717
  1.270000e+00  256.268169  779.107887
  1.271250e+00  256.268118  779.106074
  1.272500e+00  256.268067  779.104277
  1.273750e+00  256.268017  779.102497
  1.275000e+00  256.267967  779.100733
  1.276250e+00  256.267918  779.098985
  1.277500e+00  256.267869  779.097253
  1.278750e+00  256.267820  779.095537
  1.280000e+00  256.267772  779.093837
  1.281250e+00  256.267725  779.092152
  1.282500e+00  256.267677  779.090483
  1.283750e+00  256.267631  779.088829
  1.285000e+00  256.267585  779.087190
  1.286250e+00  256.267539  779.085566
  1.287500e+00  256.267493  779.083957
  1.288750e+00  256.267448  779.082363
  1.290000e+00  256.267404  779.080784
  1.291250e+00  256.267360  779.079219
  1.292500e+00  256.267316  779.077668
  1.293750e+00  256.267273  779.076131
  1.295000e+00  256.267230  779.074609
  1.296250e+00  256.267188  779.073100
  1.297500e+00  256.267146  779.071606
  1.298750e+00  256.267104  779.070125
  1.300000e+00  256.267063  779.068657
  1.301250e+00  256.267022  779.067203
  1.302500e+00  256.266982  779.065763
  1.303750e+00  256.266941  779.064335
  1.305000e+00  256.266902  779.062921
  1.306250e+00  256.266862  779.061519
  1.307500e+00  256.266823  779.060131
  1.308750e+00  256.266785  779.058755
  1.310000e+00  256.266747  779.057392
  1.311250e+00  256.266709  779.056041
  1.312500e+00  256.266671  779.054703
  1.313750e+00  256.266634  779.053377
  1.315000e+00  256.266597  779.052063
  1.316250e+00  256.266561  779.050761
  1.317500e+00  256.266525  779.049471
  1.318750e+00  256.266489  779.048193
  1.320000e+00  256.266454  779.046926
  1.321250e+00  256.266419  779.045672
  1.322500e+00  256.266384  779.044428
  1.323750e+00  256.266350  779.043196
  1.325000e+00  256.266316  779.041976
  1.326250e+00  256.266282  779.040766
  1.327500e+00  256.266248  779.039568
  1.328750e+00  256.266215  779.038381
  1.330000e+00  256.266183  779.037204
  1.331250e+00  256.266150  779.036039
  1.332500e+00  256.266118  779.034884
  1.333750e+00  256.266086  779.033739
  1.335000e+00  256.266055  779.032606
  1.336250e+00  256.266023  779.031482
  1.337500e+00  256.265992  779.030369
  1.338750e+00  256.265962  779.029266
  1.340000e+00  256.265931  779.028173
  1.341250e+00  256.265901  779.027090
  1.342500e+00  256.265871  779.026017
  1.343750e+00  256.265842  779.024954
  1.345000e+00  256.265813  779.023901
  1.346250e+00  256.265784  779.022857
  1.347500e+00  256.265755  779.021823
  1.348750e+00  256.265727  779.020799
  1.350000e+00  256.265699  779.019784
  1.351250e+00  256.265671  779.018778
  1.352500e+00  256.265643  779.017781
  1.353750e+00  256.265616  779.016794
  1.355000e+00  256.265589  779.015815
  1.356250e+00  256.265562  779.014846
  1.357500e+00  256.265535  779.013885
  1.358750e+00  256.265509  779.012933
  1.360000e+00  256.265483  779.011990
  1.361250e+00  256.265457  779.011056
  1.362500e+00  256.265432  779.010130
  1.363750e+00  256.265406  779.009213
  1.365000e+00  256.265381  779.008304
  1.366250e+00  256.265357  779.007403
  1.367500e+00  256.265332  779.006511
  1.368750e+00  256.265308  779.005627
  1.370000e+00  256.265284  779.004751
  1.371250e+00  256.265260  779.003883
  1.372500e+00  256.265236  779.003023
  1.373750e+00  256.265213  779.002171
  1.375000e+00  256.265189  779.001327
  1.376250e+00  256.265166  779.000490
  1.377500e+00  256.265144  778.999661
  1.378750e+00  256.265121  778.998840
  1.380000e+00  256.265099  778.998026
  1.381250e+00  256.265077  778.997220
  1.382500e+00  256.265055  778.996421
  1.383750e+00  256.265033  778.995630
  1.385000e+00  256.265012  778.994845
  1.386250e+00  256.264990  778.994068
  1.387500e+00  256.264969  778.993298
  1.388750e+00  256.264948  778.992536
  1.390000e+00  256.264928  778.991780
  1.391250e+00  256.264907  778.991031
  1.392500e+00  256.264887  778.990289
  1.393750e+00  256.264867  778.989554
  1.395000e+00  256.264847  778.988825
  1.396250e+00  256.264827  778.988103
  1.397500e+00  256.264808  778.987388
  1.398750e+00  256.264788  778.986679
  1.400000e+00  256.264769  778.985977
  1.401250e+00  256.264750  778.985282
  1.402500e+00  256.264732  778.984592
  1.403750e+00  256.264713  778.983910
  1.405000e+00  256.264695  778.983233
  1.406250e+00  256.264676  778.982562
  1.407500e+00  256.264658  778.981898
  1.408750e+00  256.264641  778.981240
  1.410000e+00  256.264623  778.980588
  1.411250e+00  256.264605  778.979942
  1.412500e+00  256.264588  778.979301
  1.413750e+00  256.264571  778.978667
  1.415000e+00  256.264554  778.978038
  1.416250e+00  256.264537  778.977416
  1.417500e+00  256.264520  778.976799
  1.418750e+00  256.264504  778.976187
  1.420000e+00  256.264487  778.975581
  1.421250e+00  256.264471  778.974981
  1.422500e+00  256.264455  778.974387
  1.423750e+00  256.264439  778.973797
  1.425000e+00  256.264423  778.973213
  1.426250e+00  256.264408  778.972635
  1.427500e+00  256.264392  778.972062
  1.428750e+00  256.264377  778.971494
  1.430000e+00  256.264362  778.970931
  1.431250e+00  256.264347  778.970374
  1.432500e+00  256.264332  778.969821
  1.433750e+00  256.264317  778.969274
  1.435000e+00  256.264303  778.968732
  1.436250e+00  256.264288  778.968194
  1.437500e+00  256.264274  778.967662
  1.438750e+00  256.264260  778.967135
  1.440000e+00  256.264246  778.966612
  1.441250e+00  256.264232  778.966094
  1.442500e+00  256.264218  778.965581
  1.443750e+00  256.264204  778.965073
  1.445000e+00  256.264191  778.964569
  1.446250e+00  256.264177  778.964070
  1.447500e+00  256.264164  778.963575
  1.448750e+00  256.264151  778.963085
  1.450000e+00  256.264138  778.962600
  1.451250e+00  256.264125  778.962119
  1.452500e+00  256.264113  778.961642
  1.453750e+00  256.264100  778.961170
  1.455000e+00  256.264088  778.960702
  1.456250e+00  256.264075  778.960239
  1.457500e+00  256.264063  778.959779
  1.458750e+00  256.264051  778.959324
  1.460000e+00  256.264039  778.958873
  1.461250e+00  256.264027  778.958427
  1.462500e+00  256.264015  778.957984
  1.463750e+00  256.264004  778.957545
  1.465000e+00  256.263992  778.957111
  1.466250e+00  256.263981  778.956680
  1.467500e+00  256.263969  778.956253
  1.468750e+00  256.263958  778.955831
  1.470000e+00  256.263947  778.955412
  1.471250e+00  256.263936  778.954997
  1.472500e+00  256.263925  778.954586
  1.473750e+00  256.263914  778.954178
  1.475000e+00  256.263904  778.953775
  1.476250e+00  256.263893  778.953375
  1.477500e+00  256.263883  778.952979
  1.478750e+00  256.263872  778.952586
  1.480000e+00  256.263862  778.952197
  1.481250e+00  256.263852  778.951811
  1.482500e+00  256.263842  778.951430
  1.483750e+00  256.263832  778.951051
  1.485000e+00  256.263822  778.950676
  1.486250e+00  256.263812  778.950305
  1.487500e+00  256.263803  778.949937
  1.488750e+00  256.263793  778.949572
  1.490000e+00  256.263783  778.949211
  1.491250e+00  256.263774  778.948853
  1.492500e+00  256.263765  778.948498
  1.493750e+00  256.263756  778.948147
  1.495000e+00  256.263746  778.947798
  1.496250e+00  256.263737  778.947453
  1.497500e+00  256.263729  778.947111
  1.498750e+00  256.263720  778.946773
  1.500000e+00  256.263711  778.946437
  1.501250e+00  256.263702  778.946105
  1.502500e+00  256.263694  778.945775
  1.503750e+00  256.263685  778.945449
  1.505000e+00  256.263677  778.945125
  1.506250e+00  256.263668  778.944805
  1.507500e+00  256.263660  778.944487
  1.508750e+00  256.263652  778.944173
  1.510000e+00  256.263644  778.943861
  1.511250e+00  256.263636  778.943552
  1.512500e+00  256.263628  778.943246
  1.513750e+00  256.263620  778.942943
  1.515000e+00  256.263612  778.942642
  1.516250e+00  256.263604  778.942345
  1.517500e+00  256.263597  778.942050
  1.518750e+00  256.263589  778.941758
  1.520000e+00  256.263582  778.941468
  1.521250e+00  256.263574  778.941181
  1.522500e+00  256.263567  778.940897
  1.523750e+00  256.263560  778.940615
  1.525000e+00  256.263553  778.940336
  1.526250e+00  256.263546  778.940060
  1.527500e+00  256.263538  778.939786
  1.528750e+00  256.263531  778.939515
  1.530000e+00  256.263525  778.939246
  1.531250e+00  256.263518  778.938979
  1.532500e+00  256.263511  778.938715
  1.533750e+00  256.263504  778.938454
  1.535000e+00  256.263498  778.938194
  1.536250e+00  256.263491  778.937938
  1.537500e+00  256.263484  778.937683
  1.538750e+00  256.263478  778.937431
  1.540000e+00  256.263472  778.937181
  1.541250e+00  256.263465  778.936934
  1.542500e+00  256.263459  778.936689
  1.543750e+00  256.263453  778.936446
  1.545000e+00  256.263447  778.936205
  1.546250e+00  256.263441  778.935967
  1.547500e+00  256.263435  778.935730
  1.548750e+00  256.263429  778.935496
  1.550000e+00  256.263423  778.935264
  1.551250e+00  256.263417  778.935034
  1.552500e+00  256.263411  778.934807
  1.553750e+00  256.263405  778.934581
  1.555000e+00  256.263400  778.934357
  1.556250e+00  256.263394  778.934136
  1.557500e+00  256.263389  778.933916
  1.558750e+00  256.263383  778.933699
  1.560000e+00  256.263378  778.933483
  1.561250e+00  256.263372  778.933270
  1.562500e+00  256.263367  778.933058
  1.563750e+00  256.263362  778.932849
  1.565000e+00  256.263357  778.932641
  1.566250e+00  256.263351  778.932435
  1.567500e+00  256.263346  778.932232
  1.568750e+00  256.263341  778.932030
  1.570000e+00  256.263336  778.931829
  1.571250e+00  256.263331  778.931631
  1.572500e+00  256.263326  778.931435
  1.573750e+00  256.263321  778.931240
  1.575000e+00  256.263317  778.931047
  1.576250e+00  256.263312  778.930856
  1.577500e+00  256.263307  778.930667
  1.578750e+00  256.263302  778.930479
  1.580000e+00  256.263298  778.930293
  1.581250e+00  256.263293  778.930109
  1.582500e+00  256.263289  778.929927
  1.583750e+00  256.263284  778.929746
  1.585000e+00  256.263280  778.929567
  1.586250e+00  256.263275  778.929389
  1.587500e+00  256.263271  778.929213
  1.588750e+00  256.263267  778.929039
  1.590000e+00  256.263262  778.928867
  1.591250e+00  256.263258  778.928695
  1.592500e+00  256.263254  778.928526
  1.593750e+00  256.263250  778.928358
  1.595000e+00  256.263246  778.928192
  1.596250e+00  256.263242  778.928027
  1.597500e+00  256.263238  778.927864
  1.598750e+00  256.263234  778.927702
  1.600000e+00  256.263230  778.927541
  1.601250e+00  256.263226  778.927383
  1.602500e+00  256.263222  778.927225
  1.603750e+00  256.263218  778.927069
  1.605000e+00  256.263214  778.926915
  1.606250e+00  256.263211  778.926762
  1.607500e+00  256.263207  778.926610
  1.608750e+00  256.263203  778.926460
  1.610000e+00  256.263200  778.926311
  1.611250e+00  256.263196  778.926163
  1.612500e+00  256.263192  778.926017
  1.613750e+00  256.263189  778.925872
  1.615000e+00  256.263185  778.925728
  1.616250e+00  256.263182  778.925586
  1.617500e+00  256.263178  778.925445
  1.618750e+00  256.263175  778.925306
  1.620000e+00  256.263172  778.925167
  1.621250e+00  256.263168  778.925030
  1.622500e+00  256.263165  778.924895
  1.623750e+00  256.263162  778.924760
  1.625000e+00  256.263159  778.924627
  1.626250e+00  256.263156  778.924495
  1.627500e+00  256.263152  778.924364
  1.628750e+00  256.263149  778.924234
  1.630000e+00  256.263146  778.924106
  1.631250e+00  256.263143  778.923979
  1.632500e+00  256.263140  778.923852
  1.633750e+00  256.263137  778.923727
  1.635000e+00  256.263134  778.923604
  1.636250e+00  256.263131  778.923481
  1.637500e+00  256.263128  778.923359
  1.638750e+00  256.263125  778.923239
  1.640000e+00  256.263123  778.923120
  1.641250e+00  256.263120  778.923001
  1.642500e+00  256.263117  778.922884
  1.643750e+00  256.263114  778.922768
  1.645000e+00  256.263112  778.922653
  1.646250e+00  256.263109  778.922539
  1.647500e+00  256.263106  778.922427
  1.648750e+00  256.263104  778.922315
  1.650000e+00  256.263101  778.922204
  1.651250e+00  256.263098  778.922094
  1.652500e+00  256.263096  778.921985
  1.653750e+00  256.263093  778.921878
  1.655000e+00  256.263091  778.921771
  1.656250e+00  256.263088  778.921665
  1.657500e+00  256.263086  778.921560
  1.658750e+00  256.263083  778.921456
  1.660000e+00  256.263081  778.921353
  1.661250e+00  256.263079  778.921251
  1.662500e+00  256.263076  778.921150
  1.663750e+00  256.263074  778.921050
  1.665000e+00  256.263072  778.920951
  1.666250e+00  256.263069  778.920853
  1.667500e+00  256.263067  778.920755
  1.668750e+00  256.263065  778.920659
  1.670000e+00  256.263063  778.920563
  1.671250e+00  256.263060  778.920469
  1.672500e+00  256.263058  778.920375
  1.673750e+00  256.263056  778.920282
  1.675000e+00  256.263054  778.920190
  1.676250e+00  256.263052  778.920098
  1.677500e+00  256.263050  778.920008
  1.678750e+00  256.263048  778.919918
  1.680000e+00  256.263046  778.919830
  1.681250e+00  256.263044  778.919742
  1.682500e+00  256.263042  778.919654
  1.683750e+00  256.263040  778.919568
  1.685000e+00  256.263038  778.919482
  1.686250e+00  256.263036  778.919398
  1.687500e+00  256.263034  778.919314
  1.688750e+00  256.263032  778.919231
  1.690000e+00  256.263030  778.919148
  1.691250e+00  256.263028  778.919066
  1.692500e+00  256.263026  778.918985
  1.693750e+00  256.263025  778.918905
  1.695000e+00  256.263023  778.918826
  1.696250e+00  256.263021  778.918747
  1.697500e+00  256.263019  778.918669
  1.698750e+00  256.263018  778.918592
  1.700000e+00  256.263016  778.918515
  1.701250e+00  256.263014  778.918439
  1.702500e+00  256.263013  778.918364
  1.703750e+00  256.263011  778.918290
  1.705000e+00  256.263009  778.918216
  1.706250e+00  256.263008  778.918143
  1.707500e+00  256.263006  778.918070
  1.708750e+00  256.263004  778.917998
  1.710000e+00  256.263003  778.917927
  1.711250e+00  256.263001  778.917857
  1.712500e+00  256.263000  778.917787
  1.713750e+00  256.262998  778.917718
  1.715000e+00  256.262997  778.917649
  1.716250e+00  256.262995  778.917581
  1.717500e+00  256.262994  778.917514
  1.718750e+00  256.262992  778.917447
  1.720000e+00  256.262991  778.917381
  1.721250e+00  256.262989  778.917316
  1.722500e+00  256.262988  778.917251
  1.723750e+00  256.262987  778.917187
  1.725000e+00  256.262985  778.917123
  1.726250e+00  256.262984  778.917060
  1.727500e+00  256.262982  778.916998
  1.728750e+00  256.262981  778.916936
  1.730000e+00  256.262980  778.916874
  1.731250e+00  256.262978  778.916814
  1.732500e+00  256.262977  778.916753
  1.733750e+00  256.262976  778.916694
  1.735000e+00  256.262975  778.916634
  1.736250e+00  256.262973  778.916576
  1.737500e+00  256.262972  778.916518
  1.738750e+00  256.262971  778.916460
  1.740000e+00  256.262970  778.916403
  1.741250e+00  256.262968  778.916347
  1.742500e+00  256.262967  778.916291
  1.743750e+00  256.262966  778.916236
  1.745000e+00  256.262965  778.916181
  1.746250e+00  256.262964  778.916126
  1.747500e+00  256.262963  778.916072
  1.748750e+00  256.262962  778.916019
  1.750000e+00  256.262960  778.915966
  1.751250e+00  256.262959  778.915914
  1.752500e+00  256.262958  778.915862
  1.753750e+00  256.262957  778.915810
  1.755000e+00  256.262956  778.915759
  1.756250e+00  256.262955  778.915709
  1.757500e+00  256.262954  778.915659
  1.758750e+00  256.262953  778.915609
  1.760000e+00  256.262952  778.915560
  1.761250e+00  256.262951  778.915511
  1.762500e+00  256.262950  778.915463
  1.763750e+00  256.262949  778.915415
  1.765000e+00  256.262948  778.915368
  1.766250e+00  256.262947  778.915321
  1.767500e+00  256.262946  778.915274
  1.768750e+00  256.262945  778.915228
  1.770000e+00  256.262944  778.915182
  1.771250e+00  256.262943  778.915137
  1.772500e+00  256.262942  778.915092
  1.773750e+00  256.262941  778.915048
  1.775000e+00  256.262941  778.915004
  1.776250e+00  256.262940  778.914960
  1.777500e+00  256.262939  778.914917
  1.778750e+00  256.262938  778.914874
  1.780000e+00  256.262937  778.914832
  1.781250e+00  256.262936  778.914790
  1.782500e+00  256.262935  778.914748
  1.783750e+00  256.262935  778.914707
  1.785000e+00  256.262934  778.914666
  1.786250e+00  256.262933  778.914626
  1.787500e+00  256.262932  778.914586
  1.788750e+00  256.262931  778.914546
  1.790000e+00  256.262931  778.914507
  1.791250e+00  256.262930  778.914468
  1.792500e+00  256.262929  778.914429
  1.793750e+00  256.262928  778.914391
  1.795000e+00  256.262928  778.914353
  1.796250e+00  256.262927  778.914315
  1.797500e+00  256.262926  778.914278
  1.798750e+00  256.262925  778.914241
  1.800000e+00  256.262925  778.914204
  1.801250e+00  256.262924  778.914168
  1.802500e+00  256.262923  778.914132
  1.803750e+00  256.262923  778.914097
  1.805000e+00  256.262922  778.914061
  1.806250e+00  256.262921  778.914027
  1.807500e+00  256.262921  778.913992
  1.808750e+00  256.262920  778.913958
  1.810000e+00  256.262919  778.913924
  1.811250e+00  256.262919  778.913890
  1.812500e+00  256.262918  778.913857
  1.813750e+00  256.262918  778.913824
  1.815000e+00  256.262917  778.913791
  1.816250e+00  256.262916  778.913759
  1.817500e+00  256.262916  778.913726
  1.818750e+00  256.262915  778.913695
  1.820000e+00  256.262914  778.913663
  1.821250e+00  256.262914  778.913632
  1.822500e+00  256.262913  778.913601
  1.823750e+00  256.262913  778.913570
  1.825000e+00  256.262912  778.913540
  1.826250e+00  256.262912  778.913510
  1.827500e+00  256.262911  778.913480
  1.828750e+00  256.262911  778.913450
  1.830000e+00  256.262910  778.913421
  1.831250e+00  256.262910  778.913392
  1.832500e+00  256.262909  778.913363
  1.833750e+00  256.262908  778.913335
  1.835000e+00  256.262908  778.913306
  1.836250e+00  256.262907  778.913278
  1.837500e+00  256.262907  778.913251
  1.838750e+00  256.262906  778.913223
  1.840000e+00  256.262906  778.913196
  1.841250e+00  256.262906  778.913169
  1.842500e+00  256.262905  778.913142
  1.843750e+00  256.262905  778.913116
  1.845000e+00  256.262904  778.913090
  1.846250e+00  256.262904  778.913064
  1.847500e+00  256.262903  778.913038
  1.848750e+00  256.262903  778.913012
  1.850000e+00  256.262902  778.912987
  1.851250e+00  256.262902  778.912962
  1.852500e+00  256.262901  778.912937
  1.853750e+00  256.262901  778.912913
  1.855000e+00  256.262901  778.912888
  1.856250e+00  256.262900  778.912864
  1.857500e+00  256.262900  778.912840
  1.858750e+00  256.262899  778.912817
  1.860000e+00  256.262899  778.912793
  1.861250e+00  256.262899  778.912770
  1.862500e+00  256.262898  778.912747
  1.863750e+00  256.262898  778.912724
  1.865000e+00  256.262897  778.912701
  1.866250e+00  256.262897  778.912679
  1.867500e+00  256.262897  778.912657
  1.868750e+00  256.262896  778.912635
  1.870000e+00  256.262896  778.912613
  1.871250e+00  256.262896  778.912591
  1.872500e+00  256.262895  778.912570
  1.873750e+00  256.262895  778.912549
  1.875000e+00  256.262895  778.912528
  1.876250e+00  256.262894  778.912507
  1.877500e+00  256.262894  778.912486
  1.878750e+00  256.262894  778.912466
  1.880000e+00  256.262893  778.912446
  1.881250e+00  256.262893  778.912426
  1.882500e+00  256.262893  778.912406
  1.883750e+00  256.262892  778.912386
  1.885000e+00  256.262892  778.912367
  1.886250e+00  256.262892  778.912347
  1.887500e+00  256.262891  778.912328
  1.888750e+00  256.262891  778.912309
  1.890000e+00  256.262891  778.912290
  1.891250e+00  256.262891  778.912272
  1.892500e+00  256.262890  778.912253
  1.893750e+00  256.262890  778.912235
  1.895000e+00  256.262890  778.912217
  1.896250e+00  256.262889  778.912199
  1.897500e+00  256.262889  778.912181
  1.898750e+00  256.262889  778.912163
  1.900000e+00  256.262889  778.912146
  1.901250e+00  256.262888  778.912129
  1.902500e+00  256.262888  778.912112
  1.903750e+00  256.262888  778.912095
  1.905000e+00  256.262888  778.912078
  1.906250e+00  256.262887  778.912061
  1.907500e+00  256.262887  778.912045
  1.908750e+00  256.262887  778.912028
  1.910000e+00  256.262887  778.912012
  1.911250e+00  256.262886  778.911996
  1.912500e+00  256.262886  778.911980
  1.913750e+00  256.262886  778.911964
  1.915000e+00  256.262886  778.911949
  1.916250e+00  256.262886  778.911933
  1.917500e+00  256.262885  778.911918
  1.918750e+00  256.262885  778.911903
  1.920000e+00  256.262885  778.911887
  1.921250e+00  256.262885  778.911873
  1.922500e+00  256.262885  778.911858
  1.923750e+00  256.262884  778.911843
  1.925000e+00  256.262884  778.911829
  1.926250e+00  256.262884  778.911814
  1.927500e+00  256.262884  778.911800
  1.928750e+00  256.262884  778.911786
  1.930000e+00  256.262883  778.911772
  1.931250e+00  256.262883  778.911758
  1.932500e+00  256.262883  778.911744
  1.933750e+00  256.262883  778.911731
  1.935000e+00  256.262883  778.911717
  1.936250e+00  256.262883  778.911704
  1.937500e+00  256.262882  778.911691
  1.938750e+00  256.262882  778.911678
  1.940000e+00  256.262882  778.911665
  1.941250e+00  256.262882  778.911652
  1.942500e+00  256.262882  778.911639
  1.943750e+00  256.262882  778.911626
  1.945000e+00  256.262881  778.911614
  1.946250e+00  256.262881  778.911601
  1.947500e+00  256.262881  778.911589
  1.948750e+00  256.262881  778.911577
  1.950000e+00  256.262881  778.911565
  1.951250e+00  256.262881  778.911553
  1.952500e+00  256.262880  778.911541
  1.953750e+00  256.262880  778.911529
  1.955000e+00  256.262880  778.911518
  1.956250e+00  256.262880  778.911506
  1.957500e+00  256.262880  778.911495
  1.958750e+00  256.262880  778.911483
  1.960000e+00  256.262880  778.911472
  1.961250e+00  256.262880  778.911461
  1.962500e+00  256.262879  778.911450
  1.963750e+00  256.262879  778.911439
  1.965000e+00  256.262879  778.911428
  1.966250e+00  256.262879  778.911418
  1.967500e+00  256.262879  778.911407
  1.968750e+00  256.262879  778.911397
  1.970000e+00  256.262879  778.911386
  1.971250e+00  256.262879  778.911376
  1.972500e+00  256.262879  778.911366
  1.973750e+00  256.262878  778.911356
  1.975000e+00  256.262878  778.911345
  1.976250e+00  256.262878  778.911336
  1.977500e+00  256.262878  778.911326
  1.978750e+00  256.262878  778.911316
  1.980000e+00  256.262878  778.911306
  1.981250e+00  256.262878  778.911297
  1.982500e+00  256.262878  778.911287
  1.983750e+00  256.262878  778.911278
  1.985000e+00  256.262878  778.911268
  1.986250e+00  256.262877  778.911259
  1.987500e+00  256.262877  778.911250
  1.988750e+00  256.262877  778.911241
  1.990000e+00  256.262877  778.911232
  1.991250e+00  256.262877  778.911223
  1.992500e+00  256.262877  778.911214
  1.993750e+00  256.262877  778.911206
  1.995000e+00  256.262877  778.911197
  1.996250e+00  256.262877  778.911188
  1.997500e+00  256.262877  778.911180
  1.998750e+00  256.262877  778.911172
  2.000000e+00  256.262877  778.911163
