  1.000000e-02  102.792338 
  1.500000e-02  101.880777 
  2.000000e-02  100.875951 
  2.500000e-02  99.690997 
  3.000000e-02  98.294117 
  3.500000e-02  96.748311 
  4.000000e-02  95.128813 
  4.500000e-02  93.498835 
  5.000000e-02  91.841462 
  5.500000e-02  90.159248 
  6.000000e-02  88.605192 
  6.500000e-02  87.274777 
  7.000000e-02  85.841766 
  7.500000e-02  84.749864 
  8.000000e-02  83.730328 
  8.500000e-02  82.815233 
  9.000000e-02  81.947081 
  9.500000e-02  81.118481 
  1.000000e-01  80.327848 
  1.050000e-01  79.578980 
  1.100000e-01  78.881692 
  1.150000e-01  78.244597 
  1.200000e-01  77.664066 
  1.250000e-01  77.132959 
  1.300000e-01  76.644991 
  1.350000e-01  76.196687 
  1.400000e-01  75.786207 
  1.450000e-01  75.343170 
  1.500000e-01  75.000739 
  1.550000e-01  74.661630 
  1.600000e-01  74.362819 
  1.650000e-01  74.074792 
  1.700000e-01  73.810390 
  1.750000e-01  73.551349 
  1.800000e-01  73.304969 
  1.850000e-01  73.069790 
  1.900000e-01  72.843574 
  1.950000e-01  72.624505 
  2.000000e-01  72.411192 
  2.050000e-01  72.202559 
  2.100000e-01  71.997695 
  2.150000e-01  71.795706 
  2.200000e-01  71.595651 
  2.250000e-01  71.396597 
  2.300000e-01  71.197711 
  2.350000e-01  70.998317 
  2.400000e-01  70.797889 
  2.450000e-01  70.596021 
  2.500000e-01  70.392397 
  2.550000e-01  70.186764 
  2.600000e-01  69.978925 
  2.650000e-01  69.768744 
  2.700000e-01  69.556153 
  2.750000e-01  69.341182 
  2.800000e-01  69.123994 
  2.850000e-01  68.904917 
  2.900000e-01  68.684463 
  2.950000e-01  68.463330 
  3.000000e-01  68.242360 
  3.050000e-01  68.022487 
  3.100000e-01  67.804654 
  3.150000e-01  67.589737 
  3.200000e-01  67.361529 
  3.250000e-01  67.158978 
  3.300000e-01  66.951678 
  3.350000e-01  66.755167 
  3.400000e-01  66.558920 
  3.450000e-01  66.367569 
  3.500000e-01  66.181101 
  3.550000e-01  65.999067 
  3.600000e-01  65.821238 
  3.650000e-01  65.647540 
  3.700000e-01  65.477913 
  3.750000e-01  65.312258 
  3.800000e-01  65.150430 
  3.850000e-01  64.992261 
  3.900000e-01  64.837586 
  3.950000e-01  64.686276 
  4.000000e-01  64.538253 
  4.050000e-01  64.393477 
  4.100000e-01  64.251928 
  4.150000e-01  64.113575 
  4.200000e-01  63.978360 
  4.250000e-01  63.846195 
  4.300000e-01  63.716961 
  4.350000e-01  63.590521 
  4.400000e-01  63.466721 
  4.450000e-01  63.345400 
  4.500000e-01  63.226389 
  4.550000e-01  63.109517 
  4.600000e-01  62.994615 
  4.650000e-01  62.881518 
  4.700000e-01  62.770073 
  4.750000e-01  62.660140 
  4.800000e-01  62.551594 
  4.850000e-01  62.444332 
  4.900000e-01  62.338267 
  4.950000e-01  62.233332 
  5.000000e-01  62.129479 
  5.050000e-01  62.026671 
  5.100000e-01  61.924889 
  5.150000e-01  61.824120 
  5.200000e-01  61.724364 
  5.250000e-01  61.625625 
  5.300000e-01  61.527914 
  5.350000e-01  61.431247 
  5.400000e-01  61.335641 
  5.450000e-01  61.241117 
  5.500000e-01  61.147698 
  5.550000e-01  61.055408 
  5.600000e-01  60.964271 
  5.650000e-01  60.874312 
  5.700000e-01  60.785556 
  5.750000e-01  60.698029 
  5.800000e-01  60.611755 
  5.850000e-01  60.526759 
  5.900000e-01  60.443067 
  5.950000e-01  60.360703 
  6.000000e-01  60.279688 
  6.050000e-01  60.200045 
  6.100000e-01  60.121795 
  6.150000e-01  60.044956 
  6.200000e-01  59.969543 
  6.250000e-01  59.895569 
  6.300000e-01  59.823046 
  6.350000e-01  59.751980 
  6.400000e-01  59.682375 
  6.450000e-01  59.614231 
  6.500000e-01  59.547546 
  6.550000e-01  59.482315 
  6.600000e-01  59.418243 
  6.650000e-01  59.355918 
  6.700000e-01  59.295011 
  6.750000e-01  59.235299 
  6.800000e-01  59.177189 
  6.850000e-01  59.120314 
  6.900000e-01  59.064951 
  6.950000e-01  59.010832 
  7.000000e-01  58.958103 
  7.050000e-01  58.906736 
  7.100000e-01  58.856699 
  7.150000e-01  58.807944 
  7.200000e-01  58.760511 
  7.250000e-01  58.714382 
  7.300000e-01  58.669544 
  7.350000e-01  58.625972 
  7.400000e-01  58.583624 
  7.450000e-01  58.542540 
  7.500000e-01  58.502703 
  7.550000e-01  58.464097 
  7.600000e-01  58.426704 
  7.650000e-01  58.390501 
  7.700000e-01  58.355431 
  7.750000e-01  58.321505 
  7.800000e-01  58.288725 
  7.850000e-01  58.257067 
  7.900000e-01  58.226509 
  7.950000e-01  58.197025 
  8.000000e-01  58.168588 
  8.050000e-01  58.141168 
  8.100000e-01  58.114739 
  8.150000e-01  58.089276 
  8.200000e-01  58.064752 
  8.250000e-01  58.041076 
  8.300000e-01  58.018317 
  8.350000e-01  57.996435 
  8.400000e-01  57.975399 
  8.450000e-01  57.955183 
  8.500000e-01  57.935757 
  8.550000e-01  57.917093 
  8.600000e-01  57.899162 
  8.650000e-01  57.881936 
  8.700000e-01  57.865391 
  8.750000e-01  57.849505 
  8.800000e-01  57.834255 
  8.850000e-01  57.819620 
  8.900000e-01  57.805578 
  8.950000e-01  57.792107 
  9.000000e-01  57.779187 
  9.050000e-01  57.766795 
  9.100000e-01  57.754914 
  9.150000e-01  57.743523 
  9.200000e-01  57.732604 
  9.250000e-01  57.722139 
  9.300000e-01  57.712111 
  9.350000e-01  57.702504 
  9.400000e-01  57.693301 
  9.450000e-01  57.684488 
  9.500000e-01  57.676049 
  9.550000e-01  57.667877 
  9.600000e-01  57.660113 
  9.650000e-01  57.652693 
  9.700000e-01  57.645599 
  9.750000e-01  57.638819 
  9.800000e-01  57.632340 
  9.850000e-01  57.626146 
  9.900000e-01  57.620225 
  9.950000e-01  57.614566 
  1.000000e+00  57.609158 
  1.005000e+00  57.603992 
  1.010000e+00  57.599059 
  1.015000e+00  57.594350 
  1.020000e+00  57.589856 
  1.025000e+00  57.585567 
  1.030000e+00  57.581476 
  1.035000e+00  57.577574 
  1.040000e+00  57.573854 
  1.045000e+00  57.570307 
  1.050000e+00  57.566927 
  1.055000e+00  57.563707 
  1.060000e+00  57.560639 
  1.065000e+00  57.557718 
  1.070000e+00  57.554936 
  1.075000e+00  57.552289 
  1.080000e+00  57.549769 
  1.085000e+00  57.547372 
  1.090000e+00  57.545092 
  1.095000e+00  57.542924 
  1.100000e+00  57.540862 
  1.105000e+00  57.538902 
  1.110000e+00  57.537040 
  1.115000e+00  57.535270 
  1.120000e+00  57.533589 
  1.125000e+00  57.531993 
  1.130000e+00  57.530477 
  1.135000e+00  57.529037 
  1.140000e+00  57.527671 
  1.145000e+00  57.526374 
  1.150000e+00  57.525144 
  1.155000e+00  57.523977 
  1.160000e+00  57.522869 
  1.165000e+00  57.521819 
  1.170000e+00  57.520824 
  1.175000e+00  57.519880 
  1.180000e+00  57.518985 
  1.185000e+00  57.518137 
  1.190000e+00  57.517333 
  1.195000e+00  57.516572 
  1.200000e+00  57.515850 
  1.205000e+00  57.515167 
  1.210000e+00  57.514520 
  1.215000e+00  57.513907 
  1.220000e+00  57.513327 
  1.225000e+00  57.512777 
  1.230000e+00  57.512257 
  1.235000e+00  57.511766 
  1.240000e+00  57.511300 
  1.245000e+00  57.510860 
  1.250000e+00  57.510443 
  1.255000e+00  57.510049 
  1.260000e+00  57.509677 
  1.265000e+00  57.509325 
  1.270000e+00  57.508992 
  1.275000e+00  57.508677 
  1.280000e+00  57.508379 
  1.285000e+00  57.508098 
  1.290000e+00  57.507832 
  1.295000e+00  57.507581 
  1.300000e+00  57.507344 
  1.305000e+00  57.507120 
  1.310000e+00  57.506908 
  1.315000e+00  57.506708 
  1.320000e+00  57.506519 
  1.325000e+00  57.506341 
  1.330000e+00  57.506173 
  1.335000e+00  57.506014 
  1.340000e+00  57.505864 
  1.345000e+00  57.505722 
  1.350000e+00  57.505588 
  1.355000e+00  57.505462 
  1.360000e+00  57.505343 
  1.365000e+00  57.505231 
  1.370000e+00  57.505125 
  1.375000e+00  57.505024 
  1.380000e+00  57.504930 
  1.385000e+00  57.504841 
  1.390000e+00  57.504757 
  1.395000e+00  57.504678 
  1.400000e+00  57.504603 
  1.405000e+00  57.504533 
  1.410000e+00  57.504466 
  1.415000e+00  57.504404 
  1.420000e+00  57.504344 
  1.425000e+00  57.504289 
  1.430000e+00  57.504236 
  1.435000e+00  57.504187 
  1.440000e+00  57.504140 
  1.445000e+00  57.504096 
  1.450000e+00  57.504054 
  1.455000e+00  57.504015 
  1.460000e+00  57.503979 
  1.465000e+00  57.503944 
  1.470000e+00  57.503911 
  1.475000e+00  57.503880 
  1.480000e+00  57.503851 
  1.485000e+00  57.503824 
  1.490000e+00  57.503798 
  1.495000e+00  57.503774 
  1.500000e+00  57.503751 
  1.505000e+00  57.503729 
  1.510000e+00  57.503709 
  1.515000e+00  57.503689 
  1.520000e+00  57.503671 
  1.525000e+00  57.503654 
  1.530000e+00  57.503638 
  1.535000e+00  57.503623 
  1.540000e+00  57.503609 
  1.545000e+00  57.503596 
  1.550000e+00  57.503583 
  1.555000e+00  57.503571 
  1.560000e+00  57.503560 
  1.565000e+00  57.503549 
  1.570000e+00  57.503539 
  1.575000e+00  57.503530 
  1.580000e+00  57.503521 
  1.585000e+00  57.503513 
  1.590000e+00  57.503505 
  1.595000e+00  57.503498 
  1.600000e+00  57.503491 
  1.605000e+00  57.503484 
  1.610000e+00  57.503478 
  1.615000e+00  57.503472 
  1.620000e+00  57.503467 
  1.625000e+00  57.503462 
  1.630000e+00  57.503457 
  1.635000e+00  57.503453 
  1.640000e+00  57.503448 
  1.645000e+00  57.503444 
  1.650000e+00  57.503440 
  1.655000e+00  57.503437 
  1.660000e+00  57.503434 
  1.665000e+00  57.503430 
  1.670000e+00  57.503427 
  1.675000e+00  57.503425 
  1.680000e+00  57.503422 
  1.685000e+00  57.503420 
  1.690000e+00  57.503417 
  1.695000e+00  57.503415 
  1.700000e+00  57.503413 
  1.705000e+00  57.503411 
  1.710000e+00  57.503409 
  1.715000e+00  57.503407 
  1.720000e+00  57.503406 
  1.725000e+00  57.503404 
  1.730000e+00  57.503403 
  1.735000e+00  57.503401 
  1.740000e+00  57.503400 
  1.745000e+00  57.503399 
  1.750000e+00  57.503398 
  1.755000e+00  57.503397 
  1.760000e+00  57.503396 
  1.765000e+00  57.503395 
  1.770000e+00  57.503394 
  1.775000e+00  57.503393 
  1.780000e+00  57.503392 
  1.785000e+00  57.503392 
  1.790000e+00  57.503391 
  1.795000e+00  57.503390 
  1.800000e+00  57.503390 
  1.805000e+00  57.503389 
  1.810000e+00  57.503389 
  1.815000e+00  57.503388 
  1.820000e+00  57.503388 
  1.825000e+00  57.503387 
  1.830000e+00  57.503387 
  1.835000e+00  57.503386 
  1.840000e+00  57.503386 
  1.845000e+00  57.503386 
  1.850000e+00  57.503385 
  1.855000e+00  57.503385 
  1.860000e+00  57.503385 
  1.865000e+00  57.503384 
  1.870000e+00  57.503384 
  1.875000e+00  57.503384 
  1.880000e+00  57.503384 
  1.885000e+00  57.503383 
  1.890000e+00  57.503383 
  1.895000e+00  57.503383 
  1.900000e+00  57.503383 
  1.905000e+00  57.503383 
  1.910000e+00  57.503382 
  1.915000e+00  57.503382 
  1.920000e+00  57.503382 
  1.925000e+00  57.503382 
  1.930000e+00  57.503382 
  1.935000e+00  57.503382 
  1.940000e+00  57.503382 
  1.945000e+00  57.503382 
  1.950000e+00  57.503382 
  1.955000e+00  57.503381 
  1.960000e+00  57.503381 
  1.965000e+00  57.503381 
  1.970000e+00  57.503381 
  1.975000e+00  57.503381 
  1.980000e+00  57.503381 
  1.985000e+00  57.503381 
  1.990000e+00  57.503381 
  1.995000e+00  57.503381 
  2.000000e+00  57.503381 
