  1.000000e-02  6.60377568 243.53894204 
  1.500000e-02  6.60377568 243.54692631 
  2.000000e-02  6.60377568 243.55183075 
  2.500000e-02  6.60377568 243.55024276 
  3.000000e-02  6.60377568 243.55986936 
  3.500000e-02  6.60377568 243.56226900 
  4.000000e-02  6.60377568 243.56961221 
  4.500000e-02  6.60377568 243.58171906 
  5.000000e-02  6.60377568 243.58845855 
  5.500000e-02  6.60377568 243.57883406 
  6.000000e-02  6.60377568 243.56832022 
  6.500000e-02  6.60377568 243.57387689 
  7.000000e-02  6.60377568 243.52115751 
  7.500000e-02  6.60377568 243.55278283 
  8.000000e-02  6.60377568 243.54268545 
  8.500000e-02  6.60377568 243.54940118 
  9.000000e-02  6.60377568 243.54800787 
  9.500000e-02  6.60377568 243.54836523 
  1.000000e-01  6.60377568 243.54439089 
  1.050000e-01  6.60377568 243.55283669 
  1.100000e-01  6.60377568 243.55537976 
  1.150000e-01  6.60377568 243.55510040 
  1.200000e-01  6.60377568 243.55503768 
  1.250000e-01  6.60377568 243.55549609 
  1.300000e-01  6.60377568 243.55637662 
  1.350000e-01  6.60377568 243.55777555 
  1.400000e-01  6.60377568 243.55983727 
  1.450000e-01  6.60377568 243.54065354 
  1.500000e-01  6.60377568 243.55475968 
  1.550000e-01  6.60377568 243.54598371 
  1.600000e-01  6.60377568 243.55432872 
  1.650000e-01  6.60377568 243.54626797 
  1.700000e-01  6.60377568 243.55113332 
  1.750000e-01  6.60377568 243.55320729 
  1.800000e-01  6.60377568 243.55299045 
  1.850000e-01  6.60377568 243.55246724 
  1.900000e-01  6.60377568 243.55229459 
  1.950000e-01  6.60377568 243.55239336 
  2.000000e-01  6.60377568 243.55263810 
  2.050000e-01  6.60377568 243.55298568 
  2.100000e-01  6.60377568 243.55342788 
  2.150000e-01  6.60377568 243.55394228 
  2.200000e-01  6.60377568 243.55446791 
  2.250000e-01  6.60377568 243.55492380 
  2.300000e-01  6.60377568 243.55525420 
  2.350000e-01  6.60377568 243.55545259 
  2.400000e-01  6.60377568 243.55554750 
  2.450000e-01  6.60377568 243.55557583 
  2.500000e-01  6.60377568 243.55556690 
  2.550000e-01  6.60377568 243.55554097 
  2.600000e-01  6.60377568 243.55551419 
  2.650000e-01  6.60377568 243.55550179 
  2.700000e-01  6.60377568 243.55551888 
  2.750000e-01  6.60377568 243.55557832 
  2.800000e-01  6.60377568 243.55568763 
  2.850000e-01  6.60377568 243.55584700 
  2.900000e-01  6.60377568 243.55605045 
  2.950000e-01  6.60377568 243.55628810 
  3.000000e-01  6.60377568 243.55654875 
  3.050000e-01  6.60377568 243.55682258 
  3.100000e-01  6.60377568 243.55710150 
  3.150000e-01  6.60377568 243.55737927 
  3.200000e-01  6.60377568 243.54453443 
  3.250000e-01  6.60377568 243.55231148 
  3.300000e-01  6.60377568 243.54717888 
  3.350000e-01  6.60377568 243.55129677 
  3.400000e-01  6.60377568 243.55308274 
  3.450000e-01  6.60377568 243.55303856 
  3.500000e-01  6.60377568 243.55250588 
  3.550000e-01  6.60377568 243.55219495 
  3.600000e-01  6.60377568 243.55216902 
  3.650000e-01  6.60377568 243.55231854 
  3.700000e-01  6.60377568 243.55256407 
  3.750000e-01  6.60377568 243.55286819 
  3.800000e-01  6.60377568 243.55320453 
  3.850000e-01  6.60377568 243.55353831 
  3.900000e-01  6.60377568 243.55383209 
  3.950000e-01  6.60377568 243.55406329 
  4.000000e-01  6.60377568 243.55423170 
  4.050000e-01  6.60377568 243.55435203 
  4.100000e-01  6.60377568 243.55444159 
  4.150000e-01  6.60377568 243.55451252 
  4.200000e-01  6.60377568 243.55457138 
  4.250000e-01  6.60377568 243.55462081 
  4.300000e-01  6.60377568 243.55466108 
  4.350000e-01  6.60377568 243.55469212 
  4.400000e-01  6.60377568 243.55471324 
  4.450000e-01  6.60377568 243.55472337 
  4.500000e-01  6.60377568 243.55472136 
  4.550000e-01  6.60377568 243.55470633 
  4.600000e-01  6.60377568 243.55467817 
  4.650000e-01  6.60377568 243.55463762 
  4.700000e-01  6.60377568 243.55458620 
  4.750000e-01  6.60377568 243.55452587 
  4.800000e-01  6.60377568 243.55445868 
  4.850000e-01  6.60377568 243.55438649 
  4.900000e-01  6.60377568 243.55431069 
  4.950000e-01  6.60377568 243.55423226 
  5.000000e-01  6.60377568 243.55415152 
  5.050000e-01  6.60377568 243.55406870 
  5.100000e-01  6.60377568 243.55398387 
  5.150000e-01  6.60377568 243.55389688 
  5.200000e-01  6.60377568 243.55380776 
  5.250000e-01  6.60377568 243.55371665 
  5.300000e-01  6.60377568 243.55362380 
  5.350000e-01  6.60377568 243.55352962 
  5.400000e-01  6.60377568 243.55343460 
  5.450000e-01  6.60377568 243.55333935 
  5.500000e-01  6.60377568 243.55324454 
  5.550000e-01  6.60377568 243.55315092 
  5.600000e-01  6.60377568 243.55305924 
  5.650000e-01  6.60377568 243.55297027 
  5.700000e-01  6.60377568 243.55288476 
  5.750000e-01  6.60377568 243.55280333 
  5.800000e-01  6.60377568 243.55272651 
  5.850000e-01  6.60377568 243.55265468 
  5.900000e-01  6.60377568 243.55258806 
  5.950000e-01  6.60377568 243.55252668 
  6.000000e-01  6.60377568 243.55247046 
  6.050000e-01  6.60377568 243.55241915 
  6.100000e-01  6.60377568 243.55237238 
  6.150000e-01  6.60377568 243.55232973 
  6.200000e-01  6.60377568 243.55229078 
  6.250000e-01  6.60377568 243.55225510 
  6.300000e-01  6.60377568 243.55222229 
  6.350000e-01  6.60377568 243.55219232 
  6.400000e-01  6.60377568 243.55216456 
  6.450000e-01  6.60377568 243.55213877 
  6.500000e-01  6.60377568 243.55211482 
  6.550000e-01  6.60377568 243.55209266 
  6.600000e-01  6.60377568 243.55216136 
  6.650000e-01  6.60377568 243.55216903 
  6.700000e-01  6.60377568 243.55210596 
  6.750000e-01  6.60377568 243.55214399 
  6.800000e-01  6.60377568 243.55207845 
  6.850000e-01  6.60377568 243.55211123 
  6.900000e-01  6.60377568 243.55201544 
  6.950000e-01  6.60377568 243.55203801 
  7.000000e-01  6.60377568 243.55209269 
  7.050000e-01  6.60377568 243.55215005 
  7.100000e-01  6.60377568 243.55198840 
  7.150000e-01  6.60377568 243.55198251 
  7.200000e-01  6.60377568 243.55202832 
  7.250000e-01  6.60377568 243.55208733 
  7.300000e-01  6.60377568 243.55214707 
  7.350000e-01  6.60377568 243.55194296 
  7.400000e-01  6.60377568 243.55192073 
  7.450000e-01  6.60377568 243.55195798 
  7.500000e-01  6.60377568 243.55200949 
  7.550000e-01  6.60377568 243.55206017 
  7.600000e-01  6.60377568 243.55210608 
  7.650000e-01  6.60377568 243.55214740 
  7.700000e-01  6.60377568 243.55194341 
  7.750000e-01  6.60377568 243.55190671 
  7.800000e-01  6.60377568 243.55192624 
  7.850000e-01  6.60377568 243.55196044 
  7.900000e-01  6.60377568 243.55199521 
  7.950000e-01  6.60377568 243.55202662 
  8.000000e-01  6.60377568 243.55205454 
  8.050000e-01  6.60377568 243.55208002 
  8.100000e-01  6.60377568 243.55210420 
  8.150000e-01  6.60377568 243.55212793 
  8.200000e-01  6.60377568 243.55215161 
  8.250000e-01  6.60377568 243.55190718 
  8.300000e-01  6.60377568 243.55184489 
  8.350000e-01  6.60377568 243.55184475 
  8.400000e-01  6.60377568 243.55186235 
  8.450000e-01  6.60377568 243.55188237 
  8.500000e-01  6.60377568 243.55190035 
  8.550000e-01  6.60377568 243.55191585 
  8.600000e-01  6.60377568 243.55192974 
  8.650000e-01  6.60377568 243.55194304 
  8.700000e-01  6.60377568 243.55195646 
  8.750000e-01  6.60377568 243.55197038 
  8.800000e-01  6.60377568 243.55198481 
  8.850000e-01  6.60377568 243.55199963 
  8.900000e-01  6.60377568 243.55201458 
  8.950000e-01  6.60377568 243.55202938 
  9.000000e-01  6.60377568 243.55204378 
  9.050000e-01  6.60377568 243.55205761 
  9.100000e-01  6.60377568 243.55207073 
  9.150000e-01  6.60377568 243.55208309 
  9.200000e-01  6.60377568 243.55209474 
  9.250000e-01  6.60377568 243.55210573 
  9.300000e-01  6.60377568 243.55211616 
  9.350000e-01  6.60377568 243.55212612 
  9.400000e-01  6.60377568 243.55213572 
  9.450000e-01  6.60377568 243.55214499 
  9.500000e-01  6.60377568 243.55215399 
  9.550000e-01  6.60377568 243.55190992 
  9.600000e-01  6.60377568 243.55183250 
  9.650000e-01  6.60377568 243.55181379 
  9.700000e-01  6.60377568 243.55181386 
  9.750000e-01  6.60377568 243.55181898 
  9.800000e-01  6.60377568 243.55182484 
  9.850000e-01  6.60377568 243.55183044 
  9.900000e-01  6.60377568 243.55183577 
  9.950000e-01  6.60377568 243.55184101 
  1.000000e+00  6.60377568 243.55184631 
  1.005000e+00  6.60377568 243.55185170 
  1.010000e+00  6.60377568 243.55185718 
  1.015000e+00  6.60377568 243.55186270 
  1.020000e+00  6.60377568 243.55186818 
  1.025000e+00  6.60377568 243.55187356 
  1.030000e+00  6.60377568 243.55187875 
  1.035000e+00  6.60377568 243.55188371 
  1.040000e+00  6.60377568 243.55188839 
  1.045000e+00  6.60377568 243.55189279 
  1.050000e+00  6.60377568 243.55189694 
  1.055000e+00  6.60377568 243.55190085 
  1.060000e+00  6.60377568 243.55190456 
  1.065000e+00  6.60377568 243.55190811 
  1.070000e+00  6.60377568 243.55191152 
  1.075000e+00  6.60377568 243.55191481 
  1.080000e+00  6.60377568 243.55191798 
  1.085000e+00  6.60377568 243.55192104 
  1.090000e+00  6.60377568 243.55192399 
  1.095000e+00  6.60377568 243.55192683 
  1.100000e+00  6.60377568 243.55192956 
  1.105000e+00  6.60377568 243.55193216 
  1.110000e+00  6.60377568 243.55193465 
  1.115000e+00  6.60377568 243.55193702 
  1.120000e+00  6.60377568 243.55193928 
  1.125000e+00  6.60377568 243.55194143 
  1.130000e+00  6.60377568 243.55194348 
  1.135000e+00  6.60377568 243.55194543 
  1.140000e+00  6.60377568 243.55194729 
  1.145000e+00  6.60377568 243.55194906 
  1.150000e+00  6.60377568 243.55195076 
  1.155000e+00  6.60377568 243.55195238 
  1.160000e+00  6.60377568 243.55195392 
  1.165000e+00  6.60377568 243.55195540 
  1.170000e+00  6.60377568 243.55195681 
  1.175000e+00  6.60377568 243.55195815 
  1.180000e+00  6.60377568 243.55195942 
  1.185000e+00  6.60377568 243.55196064 
  1.190000e+00  6.60377568 243.55196179 
  1.195000e+00  6.60377568 243.55196290 
  1.200000e+00  6.60377568 243.55196328 
  1.205000e+00  6.60377568 243.55196343 
  1.210000e+00  6.60377568 243.55196350 
  1.215000e+00  6.60377568 243.55196354 
  1.220000e+00  6.60377568 243.55196356 
  1.225000e+00  6.60377568 243.55196359 
  1.230000e+00  6.60377568 243.55196361 
  1.235000e+00  6.60377568 243.55196363 
  1.240000e+00  6.60377568 243.55196365 
  1.245000e+00  6.60377568 243.55196367 
  1.250000e+00  6.60377568 243.55196369 
  1.255000e+00  6.60377568 243.55196371 
  1.260000e+00  6.60377568 243.55196372 
  1.265000e+00  6.60377568 243.55196374 
  1.270000e+00  6.60377568 243.55196375 
  1.275000e+00  6.60377568 243.55196377 
  1.280000e+00  6.60377568 243.55196378 
  1.285000e+00  6.60377568 243.55196379 
  1.290000e+00  6.60377568 243.55196380 
  1.295000e+00  6.60377568 243.55196382 
  1.300000e+00  6.60377568 243.55196383 
  1.305000e+00  6.60377568 243.55196384 
  1.310000e+00  6.60377568 243.55196385 
  1.315000e+00  6.60377568 243.55196385 
  1.320000e+00  6.60377568 243.55196386 
  1.325000e+00  6.60377568 243.55196387 
  1.330000e+00  6.60377568 243.55196388 
  1.335000e+00  6.60377568 243.55196389 
  1.340000e+00  6.60377568 243.55196389 
  1.345000e+00  6.60377568 243.55196390 
  1.350000e+00  6.60377568 243.55196391 
  1.355000e+00  6.60377568 243.55196391 
  1.360000e+00  6.60377568 243.55196392 
  1.365000e+00  6.60377568 243.55196392 
  1.370000e+00  6.60377568 243.55196393 
  1.375000e+00  6.60377568 243.55196393 
  1.380000e+00  6.60377568 243.55196394 
  1.385000e+00  6.60377568 243.55196394 
  1.390000e+00  6.60377568 243.55196395 
  1.395000e+00  6.60377568 243.55196395 
  1.400000e+00  6.60377568 243.55196395 
  1.405000e+00  6.60377568 243.55196396 
  1.410000e+00  6.60377568 243.55196396 
  1.415000e+00  6.60377568 243.55196396 
  1.420000e+00  6.60377568 243.55196397 
  1.425000e+00  6.60377568 243.55196397 
  1.430000e+00  6.60377568 243.55196397 
  1.435000e+00  6.60377568 243.55196397 
  1.440000e+00  6.60377568 243.55196398 
  1.445000e+00  6.60377568 243.55196398 
  1.450000e+00  6.60377568 243.55196398 
  1.455000e+00  6.60377568 243.55196398 
  1.460000e+00  6.60377568 243.55196398 
  1.465000e+00  6.60377568 243.55196399 
  1.470000e+00  6.60377568 243.55196399 
  1.475000e+00  6.60377568 243.55196399 
  1.480000e+00  6.60377568 243.55196399 
  1.485000e+00  6.60377568 243.55196399 
  1.490000e+00  6.60377568 243.55196399 
  1.495000e+00  6.60377568 243.55196399 
  1.500000e+00  6.60377568 243.55196400 
  1.505000e+00  6.60377568 243.55196400 
  1.510000e+00  6.60377568 243.55196400 
  1.515000e+00  6.60377568 243.55196400 
  1.520000e+00  6.60377568 243.55196400 
  1.525000e+00  6.60377568 243.55196400 
  1.530000e+00  6.60377568 243.55196400 
  1.535000e+00  6.60377568 243.55196400 
  1.540000e+00  6.60377568 243.55196400 
  1.545000e+00  6.60377568 243.55196400 
  1.550000e+00  6.60377568 243.55196400 
  1.555000e+00  6.60377568 243.55196400 
  1.560000e+00  6.60377568 243.55196400 
  1.565000e+00  6.60377568 243.55196401 
  1.570000e+00  6.60377568 243.55196401 
  1.575000e+00  6.60377568 243.55196401 
  1.580000e+00  6.60377568 243.55196401 
  1.585000e+00  6.60377568 243.55196401 
  1.590000e+00  6.60377568 243.55196401 
  1.595000e+00  6.60377568 243.55196401 
  1.600000e+00  6.60377568 243.55196401 
  1.605000e+00  6.60377568 243.55196401 
  1.610000e+00  6.60377568 243.55196401 
  1.615000e+00  6.60377568 243.55196401 
  1.620000e+00  6.60377568 243.55196401 
  1.625000e+00  6.60377568 243.55196401 
  1.630000e+00  6.60377568 243.55196401 
  1.635000e+00  6.60377568 243.55196401 
  1.640000e+00  6.60377568 243.55196401 
  1.645000e+00  6.60377568 243.55196401 
  1.650000e+00  6.60377568 243.55196401 
  1.655000e+00  6.60377568 243.55196401 
  1.660000e+00  6.60377568 243.55196401 
  1.665000e+00  6.60377568 243.55196401 
  1.670000e+00  6.60377568 243.55196401 
  1.675000e+00  6.60377568 243.55196401 
  1.680000e+00  6.60377568 243.55196401 
  1.685000e+00  6.60377568 243.55196401 
  1.690000e+00  6.60377568 243.55196401 
  1.695000e+00  6.60377568 243.55196401 
  1.700000e+00  6.60377568 243.55196401 
  1.705000e+00  6.60377568 243.55196401 
  1.710000e+00  6.60377568 243.55196401 
  1.715000e+00  6.60377568 243.55196401 
  1.720000e+00  6.60377568 243.55196401 
  1.725000e+00  6.60377568 243.55196401 
  1.730000e+00  6.60377568 243.55196401 
  1.735000e+00  6.60377568 243.55196401 
  1.740000e+00  6.60377568 243.55196401 
  1.745000e+00  6.60377568 243.55196401 
  1.750000e+00  6.60377568 243.55196401 
  1.755000e+00  6.60377568 243.55196401 
  1.760000e+00  6.60377568 243.55196401 
  1.765000e+00  6.60377568 243.55196401 
  1.770000e+00  6.60377568 243.55196401 
  1.775000e+00  6.60377568 243.55196401 
  1.780000e+00  6.60377568 243.55196401 
  1.785000e+00  6.60377568 243.55196401 
  1.790000e+00  6.60377568 243.55196401 
  1.795000e+00  6.60377568 243.55196401 
  1.800000e+00  6.60377568 243.55196401 
  1.805000e+00  6.60377568 243.55196401 
  1.810000e+00  6.60377568 243.55196401 
  1.815000e+00  6.60377568 243.55196401 
  1.820000e+00  6.60377568 243.55196401 
  1.825000e+00  6.60377568 243.55196401 
  1.830000e+00  6.60377568 243.55196401 
  1.835000e+00  6.60377568 243.55196401 
  1.840000e+00  6.60377568 243.55196401 
  1.845000e+00  6.60377568 243.55196401 
  1.850000e+00  6.60377568 243.55196401 
  1.855000e+00  6.60377568 243.55196401 
  1.860000e+00  6.60377568 243.55196401 
  1.865000e+00  6.60377568 243.55196401 
  1.870000e+00  6.60377568 243.55196401 
  1.875000e+00  6.60377568 243.55196401 
  1.880000e+00  6.60377568 243.55196401 
  1.885000e+00  6.60377568 243.55196401 
  1.890000e+00  6.60377568 243.55196401 
  1.895000e+00  6.60377568 243.55196401 
  1.900000e+00  6.60377568 243.55196401 
  1.905000e+00  6.60377568 243.55196401 
  1.910000e+00  6.60377568 243.55196401 
  1.915000e+00  6.60377568 243.55196401 
  1.920000e+00  6.60377568 243.55196401 
  1.925000e+00  6.60377568 243.55196401 
  1.930000e+00  6.60377568 243.55196401 
  1.935000e+00  6.60377568 243.55196401 
  1.940000e+00  6.60377568 243.55196401 
  1.945000e+00  6.60377568 243.55196401 
  1.950000e+00  6.60377568 243.55196401 
  1.955000e+00  6.60377568 243.55196401 
  1.960000e+00  6.60377568 243.55196401 
  1.965000e+00  6.60377568 243.55196401 
  1.970000e+00  6.60377568 243.55196401 
  1.975000e+00  6.60377568 243.55196401 
  1.980000e+00  6.60377568 243.55196401 
  1.985000e+00  6.60377568 243.55196401 
  1.990000e+00  6.60377568 243.55196401 
  1.995000e+00  6.60377568 243.55196401 
  2.000000e+00  6.60377568 243.55196401 
