  0.000000e+00  6.49084925 17.98264725 
  2.500000e-03  6.49084925 17.98371967 
  5.000000e-03  6.49084925 17.98425420 
  7.500000e-03  6.49084925 17.98453553 
  1.000000e-02  6.49084925 17.98475473 
  1.250000e-02  6.49084925 17.98496216 
  1.500000e-02  6.49084925 17.98512366 
  1.750000e-02  6.49084925 17.98520144 
  2.000000e-02  6.49084925 17.98521660 
  2.250000e-02  6.49084925 17.98522614 
  2.500000e-02  6.49084925 17.98525959 
  2.750000e-02  6.49084925 17.98531461 
  3.000000e-02  6.49084925 17.98538098 
  3.250000e-02  6.49084925 17.98544952 
  3.500000e-02  6.49084925 17.98551308 
  3.750000e-02  6.49084925 17.98556716 
  4.000000e-02  6.49084925 17.98561042 
  4.250000e-02  6.49084925 17.98564404 
  4.500000e-02  6.49084925 17.98567038 
  4.750000e-02  6.49084925 17.98569160 
  5.000000e-02  6.49084925 17.98570901 
  5.250000e-02  6.49084925 17.98572316 
  5.500000e-02  6.49084925 17.98573423 
  5.750000e-02  6.49084925 17.98574251 
  6.000000e-02  6.49084925 17.98574857 
  6.250000e-02  6.49084925 17.98575315 
  6.500000e-02  6.49084925 17.98575700 
  6.750000e-02  6.49084925 17.98576063 
  7.000000e-02  6.49084925 17.98576427 
  7.250000e-02  6.49084925 17.98576791 
  7.500000e-02  6.49084925 17.98577141 
  7.750000e-02  6.49084925 17.98577462 
  8.000000e-02  6.49084925 17.98577746 
  8.250000e-02  6.49084925 17.98577990 
  8.500000e-02  6.49084925 17.98578197 
  8.750000e-02  6.49084925 17.98578374 
  9.000000e-02  6.49084925 17.98578526 
  9.250000e-02  6.49084925 17.98578659 
  9.500000e-02  6.49084925 17.98578778 
  9.750000e-02  6.49084925 17.98578889 
  1.000000e-01  6.49084925 17.98578993 
  1.025000e-01  6.49084925 17.98579093 
  1.050000e-01  6.49084925 17.98579188 
  1.075000e-01  6.49084925 17.98579278 
  1.100000e-01  6.49084925 17.98579358 
  1.125000e-01  6.49084925 17.98579429 
  1.150000e-01  6.49084925 17.98579488 
  1.175000e-01  6.49084925 17.98579536 
  1.200000e-01  6.49084925 17.98579574 
  1.225000e-01  6.49084925 17.98579605 
  1.250000e-01  6.49084925 17.98579631 
  1.275000e-01  6.49084925 17.98579655 
  1.300000e-01  6.49084925 17.98579678 
  1.325000e-01  6.49084925 17.98579701 
  1.350000e-01  6.49084925 17.98579723 
  1.375000e-01  6.49084925 17.98579746 
  1.400000e-01  6.49084925 17.98579768 
  1.425000e-01  6.49084925 17.98579789 
  1.450000e-01  6.49084925 17.98579809 
  1.475000e-01  6.49084925 17.98579827 
  1.500000e-01  6.49084925 17.98579844 
  1.525000e-01  6.49084925 17.98579859 
  1.550000e-01  6.49084925 17.98579873 
  1.575000e-01  6.49084925 17.98579885 
  1.600000e-01  6.49084925 17.98579897 
  1.625000e-01  6.49084925 17.98579908 
  1.650000e-01  6.49084925 17.98579917 
  1.675000e-01  6.49084925 17.98579926 
  1.700000e-01  6.49084925 17.98579935 
  1.725000e-01  6.49084925 17.98579943 
  1.750000e-01  6.49084925 17.98579950 
  1.775000e-01  6.49084925 17.98579957 
  1.800000e-01  6.49084925 17.98579963 
  1.825000e-01  6.49084925 17.98579970 
  1.850000e-01  6.49084925 17.98579975 
  1.875000e-01  6.49084925 17.98579981 
  1.900000e-01  6.49084925 17.98579987 
  1.925000e-01  6.49084925 17.98579992 
  1.950000e-01  6.49084925 17.98579997 
  1.975000e-01  6.49084925 17.98580002 
  2.000000e-01  6.49084925 17.98580007 
  2.025000e-01  6.49084925 17.98580011 
  2.050000e-01  6.49084925 17.98580016 
  2.075000e-01  6.49084925 17.98580020 
  2.100000e-01  6.49084925 17.98580024 
  2.125000e-01  6.49084925 17.98580027 
  2.150000e-01  6.49084925 17.98580031 
  2.175000e-01  6.49084925 17.98580034 
  2.200000e-01  6.49084925 17.98580037 
  2.225000e-01  6.49084925 17.98580041 
  2.250000e-01  6.49084925 17.98580044 
  2.275000e-01  6.49084925 17.98580046 
  2.300000e-01  6.49084925 17.98580049 
  2.325000e-01  6.49084925 17.98580052 
  2.350000e-01  6.49084925 17.98580054 
  2.375000e-01  6.49084925 17.98580057 
  2.400000e-01  6.49084925 17.98580059 
  2.425000e-01  6.49084925 17.98580062 
  2.450000e-01  6.49084925 17.98580064 
  2.475000e-01  6.49084925 17.98580066 
  2.500000e-01  6.49084925 17.98580068 
  2.525000e-01  6.49084925 17.98580070 
  2.550000e-01  6.49084925 17.98580072 
  2.575000e-01  6.49084925 17.98580074 
  2.600000e-01  6.49084925 17.98580076 
  2.625000e-01  6.49084925 17.98580077 
  2.650000e-01  6.49084925 17.98580079 
  2.675000e-01  6.49084925 17.98580081 
  2.700000e-01  6.49084925 17.98580082 
  2.725000e-01  6.49084925 17.98580084 
  2.750000e-01  6.49084925 17.98580085 
  2.775000e-01  6.49084925 17.98580087 
  2.800000e-01  6.49084925 17.98580088 
  2.825000e-01  6.49084925 17.98580090 
  2.850000e-01  6.49084925 17.98580091 
  2.875000e-01  6.49084925 17.98580092 
  2.900000e-01  6.49084925 17.98580094 
  2.925000e-01  6.49084925 17.98580095 
  2.950000e-01  6.49084925 17.98580096 
  2.975000e-01  6.49084925 17.98580097 
  3.000000e-01  6.49084925 17.98580098 
  3.025000e-01  6.49084925 17.98580099 
  3.050000e-01  6.49084925 17.98580101 
  3.075000e-01  6.49084925 17.98580102 
  3.100000e-01  6.49084925 17.98580103 
  3.125000e-01  6.49084925 17.98580104 
  3.150000e-01  6.49084925 17.98580105 
  3.175000e-01  6.49084925 17.98580106 
  3.200000e-01  6.49084925 17.98580106 
  3.225000e-01  6.49084925 17.98580107 
  3.250000e-01  6.49084925 17.98580108 
  3.275000e-01  6.49084925 17.98580109 
  3.300000e-01  6.49084925 17.98580110 
  3.325000e-01  6.49084925 17.98580111 
  3.350000e-01  6.49084925 17.98580111 
  3.375000e-01  6.49084925 17.98580112 
  3.400000e-01  6.49084925 17.98580113 
  3.425000e-01  6.49084925 17.98580114 
  3.450000e-01  6.49084925 17.98580114 
  3.475000e-01  6.49084925 17.98580115 
  3.500000e-01  6.49084925 17.98580116 
  3.525000e-01  6.49084925 17.98580116 
  3.550000e-01  6.49084925 17.98580117 
  3.575000e-01  6.49084925 17.98580117 
  3.600000e-01  6.49084925 17.98580118 
  3.625000e-01  6.49084925 17.98580119 
  3.650000e-01  6.49084925 17.98580119 
  3.675000e-01  6.49084925 17.98580120 
  3.700000e-01  6.49084925 17.98580120 
  3.725000e-01  6.49084925 17.98580121 
  3.750000e-01  6.49084925 17.98580121 
  3.775000e-01  6.49084925 17.98580122 
  3.800000e-01  6.49084925 17.98580122 
  3.825000e-01  6.49084925 17.98580123 
  3.850000e-01  6.49084925 17.98580123 
  3.875000e-01  6.49084925 17.98580123 
  3.900000e-01  6.49084925 17.98580124 
  3.925000e-01  6.49084925 17.98580124 
  3.950000e-01  6.49084925 17.98580125 
  3.975000e-01  6.49084925 17.98580125 
  4.000000e-01  6.49084925 17.98580125 
  4.025000e-01  6.49084925 17.98580126 
  4.050000e-01  6.49084925 17.98580126 
  4.075000e-01  6.49084925 17.98580126 
  4.100000e-01  6.49084925 17.98580127 
  4.125000e-01  6.49084925 17.98580127 
  4.150000e-01  6.49084925 17.98580127 
  4.175000e-01  6.49084925 17.98580128 
  4.200000e-01  6.49084925 17.98580128 
  4.225000e-01  6.49084925 17.98580128 
  4.250000e-01  6.49084925 17.98580128 
  4.275000e-01  6.49084925 17.98580129 
  4.300000e-01  6.49084925 17.98580129 
  4.325000e-01  6.49084925 17.98580129 
  4.350000e-01  6.49084925 17.98580129 
  4.375000e-01  6.49084925 17.98580130 
  4.400000e-01  6.49084925 17.98580130 
  4.425000e-01  6.49084925 17.98580130 
  4.450000e-01  6.49084925 17.98580130 
  4.475000e-01  6.49084925 17.98580130 
  4.500000e-01  6.49084925 17.98580131 
  4.525000e-01  6.49084925 17.98580131 
  4.550000e-01  6.49084925 17.98580131 
  4.575000e-01  6.49084925 17.98580131 
  4.600000e-01  6.49084925 17.98580131 
  4.625000e-01  6.49084925 17.98580131 
  4.650000e-01  6.49084925 17.98580132 
  4.675000e-01  6.49084925 17.98580132 
  4.700000e-01  6.49084925 17.98580132 
  4.725000e-01  6.49084925 17.98580132 
  4.750000e-01  6.49084925 17.98580132 
  4.775000e-01  6.49084925 17.98580132 
  4.800000e-01  6.49084925 17.98580132 
  4.825000e-01  6.49084925 17.98580132 
  4.850000e-01  6.49084925 17.98580133 
  4.875000e-01  6.49084925 17.98580133 
  4.900000e-01  6.49084925 17.98580133 
  4.925000e-01  6.49084925 17.98580133 
  4.950000e-01  6.49084925 17.98580133 
  4.975000e-01  6.49084925 17.98580133 
  5.000000e-01  6.49084925 17.98580133 
  5.025000e-01  6.49084925 17.98580133 
  5.050000e-01  6.49084925 17.98580133 
  5.075000e-01  6.49084925 17.98580133 
  5.100000e-01  6.49084925 17.98580134 
  5.125000e-01  6.49084925 17.98580134 
  5.150000e-01  6.49084925 17.98580134 
  5.175000e-01  6.49084925 17.98580134 
  5.200000e-01  6.49084925 17.98580134 
  5.225000e-01  6.49084925 17.98580134 
  5.250000e-01  6.49084925 17.98580134 
  5.275000e-01  6.49084925 17.98580134 
  5.300000e-01  6.49084925 17.98580134 
  5.325000e-01  6.49084925 17.98580134 
  5.350000e-01  6.49084925 17.98580134 
  5.375000e-01  6.49084925 17.98580134 
  5.400000e-01  6.49084925 17.98580134 
  5.425000e-01  6.49084925 17.98580134 
  5.450000e-01  6.49084925 17.98580134 
  5.475000e-01  6.49084925 17.98580134 
  5.500000e-01  6.49084925 17.98580134 
  5.525000e-01  6.49084925 17.98580134 
  5.550000e-01  6.49084925 17.98580134 
  5.575000e-01  6.49084925 17.98580134 
  5.600000e-01  6.49084925 17.98580135 
  5.625000e-01  6.49084925 17.98580135 
  5.650000e-01  6.49084925 17.98580135 
  5.675000e-01  6.49084925 17.98580135 
  5.700000e-01  6.49084925 17.98580135 
  5.725000e-01  6.49084925 17.98580135 
  5.750000e-01  6.49084925 17.98580135 
  5.775000e-01  6.49084925 17.98580135 
  5.800000e-01  6.49084925 17.98580135 
  5.825000e-01  6.49084925 17.98580135 
  5.850000e-01  6.49084925 17.98580135 
  5.875000e-01  6.49084925 17.98580135 
  5.900000e-01  6.49084925 17.98580135 
  5.925000e-01  6.49084925 17.98580135 
  5.950000e-01  6.49084925 17.98580135 
  5.975000e-01  6.49084925 17.98580135 
  6.000000e-01  6.49084925 17.98580135 
  6.025000e-01  6.49084925 17.98580135 
  6.050000e-01  6.49084925 17.98580135 
  6.075000e-01  6.49084925 17.98580135 
  6.100000e-01  6.49084925 17.98580135 
  6.125000e-01  6.49084925 17.98580135 
  6.150000e-01  6.49084925 17.98580135 
  6.175000e-01  6.49084925 17.98580135 
  6.200000e-01  6.49084925 17.98580135 
  6.225000e-01  6.49084925 17.98580135 
  6.250000e-01  6.49084925 17.98580135 
  6.275000e-01  6.49084925 17.98580135 
  6.300000e-01  6.49084925 17.98580135 
  6.325000e-01  6.49084925 17.98580135 
  6.350000e-01  6.49084925 17.98580135 
  6.375000e-01  6.49084925 17.98580135 
  6.400000e-01  6.49084925 17.98580135 
  6.425000e-01  6.49084925 17.98580135 
  6.450000e-01  6.49084925 17.98580135 
  6.475000e-01  6.49084925 17.98580135 
  6.500000e-01  6.49084925 17.98580135 
  6.525000e-01  6.49084925 17.98580135 
  6.550000e-01  6.49084925 17.98580135 
  6.575000e-01  6.49084925 17.98580135 
  6.600000e-01  6.49084925 17.98580135 
  6.625000e-01  6.49084925 17.98580135 
  6.650000e-01  6.49084925 17.98580135 
  6.675000e-01  6.49084925 17.98580135 
  6.700000e-01  6.49084925 17.98580135 
  6.725000e-01  6.49084925 17.98580135 
  6.750000e-01  6.49084925 17.98580135 
  6.775000e-01  6.49084925 17.98580135 
  6.800000e-01  6.49084925 17.98580135 
  6.825000e-01  6.49084925 17.98580135 
  6.850000e-01  6.49084925 17.98580135 
  6.875000e-01  6.49084925 17.98580135 
  6.900000e-01  6.49084925 17.98580135 
  6.925000e-01  6.49084925 17.98580135 
  6.950000e-01  6.49084925 17.98580135 
  6.975000e-01  6.49084925 17.98580135 
  7.000000e-01  6.49084925 17.98580135 
  7.025000e-01  6.49084925 17.98580135 
  7.050000e-01  6.49084925 17.98580135 
  7.075000e-01  6.49084925 17.98580135 
  7.100000e-01  6.49084925 17.98580135 
  7.125000e-01  6.49084925 17.98580135 
  7.150000e-01  6.49084925 17.98580134 
  7.175000e-01  6.49084925 17.98580134 
  7.200000e-01  6.49084925 17.98580134 
  7.225000e-01  6.49084925 17.98580134 
  7.250000e-01  6.49084925 17.98580134 
  7.275000e-01  6.49084925 17.98580134 
  7.300000e-01  6.49084925 17.98580134 
  7.325000e-01  6.49084925 17.98580134 
  7.350000e-01  6.49084925 17.98580134 
  7.375000e-01  6.49084925 17.98580134 
  7.400000e-01  6.49084925 17.98580134 
  7.425000e-01  6.49084925 17.98580134 
  7.450000e-01  6.49084925 17.98580134 
  7.475000e-01  6.49084925 17.98580134 
  7.500000e-01  6.49084925 17.98580134 
  7.525000e-01  6.49084925 17.98580134 
  7.550000e-01  6.49084925 17.98580134 
  7.575000e-01  6.49084925 17.98580134 
  7.600000e-01  6.49084925 17.98580134 
  7.625000e-01  6.49084925 17.98580134 
  7.650000e-01  6.49084925 17.98580134 
  7.675000e-01  6.49084925 17.98580134 
  7.700000e-01  6.49084925 17.98580134 
  7.725000e-01  6.49084925 17.98580134 
  7.750000e-01  6.49084925 17.98580134 
  7.775000e-01  6.49084925 17.98580134 
  7.800000e-01  6.49084925 17.98580134 
  7.825000e-01  6.49084925 17.98580134 
  7.850000e-01  6.49084925 17.98580134 
  7.875000e-01  6.49084925 17.98580134 
  7.900000e-01  6.49084925 17.98580134 
  7.925000e-01  6.49084925 17.98580134 
  7.950000e-01  6.49084925 17.98580134 
  7.975000e-01  6.49084925 17.98580134 
  8.000000e-01  6.49084925 17.98580134 
  8.025000e-01  6.49084925 17.98580134 
  8.050000e-01  6.49084925 17.98580134 
  8.075000e-01  6.49084925 17.98580134 
  8.100000e-01  6.49084925 17.98580134 
  8.125000e-01  6.49084925 17.98580134 
  8.150000e-01  6.49084925 17.98580134 
  8.175000e-01  6.49084925 17.98580134 
  8.200000e-01  6.49084925 17.98580134 
  8.225000e-01  6.49084925 17.98580134 
  8.250000e-01  6.49084925 17.98580134 
  8.275000e-01  6.49084925 17.98580134 
  8.300000e-01  6.49084925 17.98580134 
  8.325000e-01  6.49084925 17.98580134 
  8.350000e-01  6.49084925 17.98580134 
  8.375000e-01  6.49084925 17.98580134 
  8.400000e-01  6.49084925 17.98580134 
  8.425000e-01  6.49084925 17.98580134 
  8.450000e-01  6.49084925 17.98580134 
  8.475000e-01  6.49084925 17.98580134 
  8.500000e-01  6.49084925 17.98580134 
  8.525000e-01  6.49084925 17.98580134 
  8.550000e-01  6.49084925 17.98580134 
  8.575000e-01  6.49084925 17.98580134 
  8.600000e-01  6.49084925 17.98580134 
  8.625000e-01  6.49084925 17.98580134 
  8.650000e-01  6.49084925 17.98580134 
  8.675000e-01  6.49084925 17.98580134 
  8.700000e-01  6.49084925 17.98580134 
  8.725000e-01  6.49084925 17.98580134 
  8.750000e-01  6.49084925 17.98580134 
  8.775000e-01  6.49084925 17.98580134 
  8.800000e-01  6.49084925 17.98580134 
  8.825000e-01  6.49084925 17.98580134 
  8.850000e-01  6.49084925 17.98580134 
  8.875000e-01  6.49084925 17.98580134 
  8.900000e-01  6.49084925 17.98580134 
  8.925000e-01  6.49084925 17.98580134 
  8.950000e-01  6.49084925 17.98580134 
  8.975000e-01  6.49084925 17.98580134 
  9.000000e-01  6.49084925 17.98580134 
  9.025000e-01  6.49084925 17.98580134 
  9.050000e-01  6.49084925 17.98580134 
  9.075000e-01  6.49084925 17.98580134 
  9.100000e-01  6.49084925 17.98580134 
  9.125000e-01  6.49084925 17.98580134 
  9.150000e-01  6.49084925 17.98580134 
  9.175000e-01  6.49084925 17.98580134 
  9.200000e-01  6.49084925 17.98580134 
  9.225000e-01  6.49084925 17.98580134 
  9.250000e-01  6.49084925 17.98580134 
  9.275000e-01  6.49084925 17.98580134 
  9.300000e-01  6.49084925 17.98580134 
  9.325000e-01  6.49084925 17.98580133 
  9.350000e-01  6.49084925 17.98580133 
  9.375000e-01  6.49084925 17.98580133 
  9.400000e-01  6.49084925 17.98580133 
  9.425000e-01  6.49084925 17.98580133 
  9.450000e-01  6.49084925 17.98580133 
  9.475000e-01  6.49084925 17.98580133 
  9.500000e-01  6.49084925 17.98580133 
  9.525000e-01  6.49084925 17.98580133 
  9.550000e-01  6.49084925 17.98580133 
  9.575000e-01  6.49084925 17.98580133 
  9.600000e-01  6.49084925 17.98580133 
  9.625000e-01  6.49084925 17.98580133 
  9.650000e-01  6.49084925 17.98580133 
  9.675000e-01  6.49084925 17.98580133 
  9.700000e-01  6.49084925 17.98580133 
  9.725000e-01  6.49084925 17.98580133 
  9.750000e-01  6.49084925 17.98580133 
  9.775000e-01  6.49084925 17.98580133 
  9.800000e-01  6.49084925 17.98580133 
  9.825000e-01  6.49084925 17.98580133 
  9.850000e-01  6.49084925 17.98580133 
  9.875000e-01  6.49084925 17.98580133 
  9.900000e-01  6.49084925 17.98580133 
  9.925000e-01  6.49084925 17.98580133 
  9.950000e-01  6.49084925 17.98580133 
  9.975000e-01  6.49084925 17.98580133 
  1.000000e+00  6.49084925 17.98580133 
  1.002500e+00  6.49084925 17.98580133 
  1.005000e+00  6.49084925 17.98580133 
  1.007500e+00  6.49084925 17.98580133 
  1.010000e+00  6.49084925 17.98580133 
  1.012500e+00  6.49084925 17.98580133 
  1.015000e+00  6.49084925 17.98580133 
  1.017500e+00  6.49084925 17.98580133 
  1.020000e+00  6.49084925 17.98580133 
  1.022500e+00  6.49084925 17.98580133 
  1.025000e+00  6.49084925 17.98580133 
  1.027500e+00  6.49084925 17.98580133 
  1.030000e+00  6.49084925 17.98580133 
  1.032500e+00  6.49084925 17.98580133 
  1.035000e+00  6.49084925 17.98580133 
  1.037500e+00  6.49084925 17.98580133 
  1.040000e+00  6.49084925 17.98580133 
  1.042500e+00  6.49084925 17.98580133 
  1.045000e+00  6.49084925 17.98580133 
  1.047500e+00  6.49084925 17.98580133 
  1.050000e+00  6.49084925 17.98580133 
  1.052500e+00  6.49084925 17.98580133 
  1.055000e+00  6.49084925 17.98580133 
  1.057500e+00  6.49084925 17.98580133 
  1.060000e+00  6.49084925 17.98580133 
  1.062500e+00  6.49084925 17.98580133 
  1.065000e+00  6.49084925 17.98580133 
  1.067500e+00  6.49084925 17.98580133 
  1.070000e+00  6.49084925 17.98580133 
  1.072500e+00  6.49084925 17.98580133 
  1.075000e+00  6.49084925 17.98580133 
  1.077500e+00  6.49084925 17.98580133 
  1.080000e+00  6.49084925 17.98580133 
  1.082500e+00  6.49084925 17.98580133 
  1.085000e+00  6.49084925 17.98580133 
  1.087500e+00  6.49084925 17.98580133 
  1.090000e+00  6.49084925 17.98580133 
  1.092500e+00  6.49084925 17.98580133 
  1.095000e+00  6.49084925 17.98580133 
  1.097500e+00  6.49084925 17.98580133 
  1.100000e+00  6.49084925 17.98580133 
  1.102500e+00  6.49084925 17.98580133 
  1.105000e+00  6.49084925 17.98580133 
  1.107500e+00  6.49084925 17.98580133 
  1.110000e+00  6.49084925 17.98580133 
  1.112500e+00  6.49084925 17.98580133 
  1.115000e+00  6.49084925 17.98580133 
  1.117500e+00  6.49084925 17.98580133 
  1.120000e+00  6.49084925 17.98580133 
  1.122500e+00  6.49084925 17.98580133 
  1.125000e+00  6.49084925 17.98580133 
  1.127500e+00  6.49084925 17.98580133 
  1.130000e+00  6.49084925 17.98580133 
  1.132500e+00  6.49084925 17.98580133 
  1.135000e+00  6.49084925 17.98580133 
  1.137500e+00  6.49084925 17.98580133 
  1.140000e+00  6.49084925 17.98580133 
  1.142500e+00  6.49084925 17.98580133 
  1.145000e+00  6.49084925 17.98580133 
  1.147500e+00  6.49084925 17.98580133 
  1.150000e+00  6.49084925 17.98580133 
  1.152500e+00  6.49084925 17.98580133 
  1.155000e+00  6.49084925 17.98580133 
  1.157500e+00  6.49084925 17.98580133 
  1.160000e+00  6.49084925 17.98580133 
  1.162500e+00  6.49084925 17.98580133 
  1.165000e+00  6.49084925 17.98580133 
  1.167500e+00  6.49084925 17.98580133 
  1.170000e+00  6.49084925 17.98580133 
  1.172500e+00  6.49084925 17.98580133 
  1.175000e+00  6.49084925 17.98580133 
  1.177500e+00  6.49084925 17.98580133 
  1.180000e+00  6.49084925 17.98580133 
  1.182500e+00  6.49084925 17.98580133 
  1.185000e+00  6.49084925 17.98580133 
  1.187500e+00  6.49084925 17.98580133 
  1.190000e+00  6.49084925 17.98580133 
  1.192500e+00  6.49084925 17.98580133 
  1.195000e+00  6.49084925 17.98580133 
  1.197500e+00  6.49084925 17.98580133 
  1.200000e+00  6.49084925 17.98580133 
  1.202500e+00  6.49084925 17.98580133 
  1.205000e+00  6.49084925 17.98580133 
  1.207500e+00  6.49084925 17.98580133 
  1.210000e+00  6.49084925 17.98580133 
  1.212500e+00  6.49084925 17.98580133 
  1.215000e+00  6.49084925 17.98580133 
  1.217500e+00  6.49084925 17.98580133 
  1.220000e+00  6.49084925 17.98580133 
  1.222500e+00  6.49084925 17.98580133 
  1.225000e+00  6.49084925 17.98580133 
  1.227500e+00  6.49084925 17.98580133 
  1.230000e+00  6.49084925 17.98580133 
  1.232500e+00  6.49084925 17.98580133 
  1.235000e+00  6.49084925 17.98580133 
  1.237500e+00  6.49084925 17.98580133 
  1.240000e+00  6.49084925 17.98580133 
  1.242500e+00  6.49084925 17.98580133 
  1.245000e+00  6.49084925 17.98580133 
  1.247500e+00  6.49084925 17.98580133 
  1.250000e+00  6.49084925 17.98580133 
  1.252500e+00  6.49084925 17.98580133 
  1.255000e+00  6.49084925 17.98580133 
  1.257500e+00  6.49084925 17.98580133 
  1.260000e+00  6.49084925 17.98580133 
  1.262500e+00  6.49084925 17.98580133 
  1.265000e+00  6.49084925 17.98580133 
  1.267500e+00  6.49084925 17.98580133 
  1.270000e+00  6.49084925 17.98580133 
  1.272500e+00  6.49084925 17.98580133 
  1.275000e+00  6.49084925 17.98580133 
  1.277500e+00  6.49084925 17.98580133 
  1.280000e+00  6.49084925 17.98580133 
  1.282500e+00  6.49084925 17.98580133 
  1.285000e+00  6.49084925 17.98580133 
  1.287500e+00  6.49084925 17.98580133 
  1.290000e+00  6.49084925 17.98580133 
  1.292500e+00  6.49084925 17.98580133 
  1.295000e+00  6.49084925 17.98580133 
  1.297500e+00  6.49084925 17.98580133 
  1.300000e+00  6.49084925 17.98580133 
  1.302500e+00  6.49084925 17.98580133 
  1.305000e+00  6.49084925 17.98580133 
  1.307500e+00  6.49084925 17.98580133 
  1.310000e+00  6.49084925 17.98580133 
  1.312500e+00  6.49084925 17.98580133 
  1.315000e+00  6.49084925 17.98580133 
  1.317500e+00  6.49084925 17.98580133 
  1.320000e+00  6.49084925 17.98580133 
  1.322500e+00  6.49084925 17.98580133 
  1.325000e+00  6.49084925 17.98580133 
  1.327500e+00  6.49084925 17.98580133 
  1.330000e+00  6.49084925 17.98580133 
  1.332500e+00  6.49084925 17.98580133 
  1.335000e+00  6.49084925 17.98580133 
  1.337500e+00  6.49084925 17.98580133 
  1.340000e+00  6.49084925 17.98580133 
  1.342500e+00  6.49084925 17.98580133 
  1.345000e+00  6.49084925 17.98580133 
  1.347500e+00  6.49084925 17.98580133 
  1.350000e+00  6.49084925 17.98580133 
  1.352500e+00  6.49084925 17.98580133 
  1.355000e+00  6.49084925 17.98580133 
  1.357500e+00  6.49084925 17.98580133 
  1.360000e+00  6.49084925 17.98580133 
  1.362500e+00  6.49084925 17.98580133 
  1.365000e+00  6.49084925 17.98580133 
  1.367500e+00  6.49084925 17.98580133 
  1.370000e+00  6.49084925 17.98580133 
  1.372500e+00  6.49084925 17.98580133 
  1.375000e+00  6.49084925 17.98580133 
  1.377500e+00  6.49084925 17.98580133 
  1.380000e+00  6.49084925 17.98580133 
  1.382500e+00  6.49084925 17.98580133 
  1.385000e+00  6.49084925 17.98580133 
  1.387500e+00  6.49084925 17.98580133 
  1.390000e+00  6.49084925 17.98580133 
  1.392500e+00  6.49084925 17.98580133 
  1.395000e+00  6.49084925 17.98580133 
  1.397500e+00  6.49084925 17.98580133 
  1.400000e+00  6.49084925 17.98580133 
  1.402500e+00  6.49084925 17.98580133 
  1.405000e+00  6.49084925 17.98580133 
  1.407500e+00  6.49084925 17.98580133 
  1.410000e+00  6.49084925 17.98580133 
  1.412500e+00  6.49084925 17.98580133 
  1.415000e+00  6.49084925 17.98580133 
  1.417500e+00  6.49084925 17.98580133 
  1.420000e+00  6.49084925 17.98580133 
  1.422500e+00  6.49084925 17.98580133 
  1.425000e+00  6.49084925 17.98580133 
  1.427500e+00  6.49084925 17.98580133 
  1.430000e+00  6.49084925 17.98580133 
  1.432500e+00  6.49084925 17.98580133 
  1.435000e+00  6.49084925 17.98580133 
  1.437500e+00  6.49084925 17.98580133 
  1.440000e+00  6.49084925 17.98580133 
  1.442500e+00  6.49084925 17.98580133 
  1.445000e+00  6.49084925 17.98580133 
  1.447500e+00  6.49084925 17.98580133 
  1.450000e+00  6.49084925 17.98580133 
  1.452500e+00  6.49084925 17.98580133 
  1.455000e+00  6.49084925 17.98580133 
  1.457500e+00  6.49084925 17.98580133 
  1.460000e+00  6.49084925 17.98580133 
  1.462500e+00  6.49084925 17.98580133 
  1.465000e+00  6.49084925 17.98580133 
  1.467500e+00  6.49084925 17.98580133 
  1.470000e+00  6.49084925 17.98580133 
  1.472500e+00  6.49084925 17.98580133 
  1.475000e+00  6.49084925 17.98580133 
  1.477500e+00  6.49084925 17.98580133 
  1.480000e+00  6.49084925 17.98580133 
  1.482500e+00  6.49084925 17.98580133 
  1.485000e+00  6.49084925 17.98580133 
  1.487500e+00  6.49084925 17.98580133 
  1.490000e+00  6.49084925 17.98580133 
  1.492500e+00  6.49084925 17.98580133 
  1.495000e+00  6.49084925 17.98580133 
  1.497500e+00  6.49084925 17.98580133 
  1.500000e+00  6.49084925 17.98580133 
  1.502500e+00  6.49084925 17.98580133 
  1.505000e+00  6.49084925 17.98580133 
  1.507500e+00  6.49084925 17.98580133 
  1.510000e+00  6.49084925 17.98580133 
  1.512500e+00  6.49084925 17.98580133 
  1.515000e+00  6.49084925 17.98580133 
  1.517500e+00  6.49084925 17.98580133 
  1.520000e+00  6.49084925 17.98580133 
  1.522500e+00  6.49084925 17.98580133 
  1.525000e+00  6.49084925 17.98580133 
  1.527500e+00  6.49084925 17.98580133 
  1.530000e+00  6.49084925 17.98580133 
  1.532500e+00  6.49084925 17.98580133 
  1.535000e+00  6.49084925 17.98580133 
  1.537500e+00  6.49084925 17.98580133 
  1.540000e+00  6.49084925 17.98580133 
  1.542500e+00  6.49084925 17.98580133 
  1.545000e+00  6.49084925 17.98580133 
  1.547500e+00  6.49084925 17.98580133 
  1.550000e+00  6.49084925 17.98580133 
  1.552500e+00  6.49084925 17.98580133 
  1.555000e+00  6.49084925 17.98580133 
  1.557500e+00  6.49084925 17.98580133 
  1.560000e+00  6.49084925 17.98580133 
  1.562500e+00  6.49084925 17.98580133 
  1.565000e+00  6.49084925 17.98580133 
  1.567500e+00  6.49084925 17.98580133 
  1.570000e+00  6.49084925 17.98580133 
  1.572500e+00  6.49084925 17.98580133 
  1.575000e+00  6.49084925 17.98580133 
  1.577500e+00  6.49084925 17.98580133 
  1.580000e+00  6.49084925 17.98580133 
  1.582500e+00  6.49084925 17.98580133 
  1.585000e+00  6.49084925 17.98580133 
  1.587500e+00  6.49084925 17.98580133 
  1.590000e+00  6.49084925 17.98580133 
  1.592500e+00  6.49084925 17.98580133 
  1.595000e+00  6.49084925 17.98580133 
  1.597500e+00  6.49084925 17.98580133 
  1.600000e+00  6.49084925 17.98580133 
  1.602500e+00  6.49084925 17.98580133 
  1.605000e+00  6.49084925 17.98580133 
  1.607500e+00  6.49084925 17.98580133 
  1.610000e+00  6.49084925 17.98580133 
  1.612500e+00  6.49084925 17.98580133 
  1.615000e+00  6.49084925 17.98580133 
  1.617500e+00  6.49084925 17.98580133 
  1.620000e+00  6.49084925 17.98580133 
  1.622500e+00  6.49084925 17.98580133 
  1.625000e+00  6.49084925 17.98580133 
  1.627500e+00  6.49084925 17.98580133 
  1.630000e+00  6.49084925 17.98580133 
  1.632500e+00  6.49084925 17.98580133 
  1.635000e+00  6.49084925 17.98580133 
  1.637500e+00  6.49084925 17.98580133 
  1.640000e+00  6.49084925 17.98580133 
  1.642500e+00  6.49084925 17.98580133 
  1.645000e+00  6.49084925 17.98580133 
  1.647500e+00  6.49084925 17.98580133 
  1.650000e+00  6.49084925 17.98580133 
  1.652500e+00  6.49084925 17.98580133 
  1.655000e+00  6.49084925 17.98580133 
  1.657500e+00  6.49084925 17.98580133 
  1.660000e+00  6.49084925 17.98580133 
  1.662500e+00  6.49084925 17.98580133 
  1.665000e+00  6.49084925 17.98580133 
  1.667500e+00  6.49084925 17.98580133 
  1.670000e+00  6.49084925 17.98580133 
  1.672500e+00  6.49084925 17.98580133 
  1.675000e+00  6.49084925 17.98580133 
  1.677500e+00  6.49084925 17.98580133 
  1.680000e+00  6.49084925 17.98580133 
  1.682500e+00  6.49084925 17.98580133 
  1.685000e+00  6.49084925 17.98580133 
  1.687500e+00  6.49084925 17.98580133 
  1.690000e+00  6.49084925 17.98580133 
  1.692500e+00  6.49084925 17.98580133 
  1.695000e+00  6.49084925 17.98580133 
  1.697500e+00  6.49084925 17.98580133 
  1.700000e+00  6.49084925 17.98580133 
  1.702500e+00  6.49084925 17.98580133 
  1.705000e+00  6.49084925 17.98580133 
  1.707500e+00  6.49084925 17.98580133 
  1.710000e+00  6.49084925 17.98580133 
  1.712500e+00  6.49084925 17.98580133 
  1.715000e+00  6.49084925 17.98580133 
  1.717500e+00  6.49084925 17.98580133 
  1.720000e+00  6.49084925 17.98580133 
  1.722500e+00  6.49084925 17.98580133 
  1.725000e+00  6.49084925 17.98580133 
  1.727500e+00  6.49084925 17.98580133 
  1.730000e+00  6.49084925 17.98580133 
  1.732500e+00  6.49084925 17.98580133 
  1.735000e+00  6.49084925 17.98580133 
  1.737500e+00  6.49084925 17.98580133 
  1.740000e+00  6.49084925 17.98580133 
  1.742500e+00  6.49084925 17.98580133 
  1.745000e+00  6.49084925 17.98580133 
  1.747500e+00  6.49084925 17.98580133 
  1.750000e+00  6.49084925 17.98580133 
  1.752500e+00  6.49084925 17.98580133 
  1.755000e+00  6.49084925 17.98580133 
  1.757500e+00  6.49084925 17.98580133 
  1.760000e+00  6.49084925 17.98580133 
  1.762500e+00  6.49084925 17.98580133 
  1.765000e+00  6.49084925 17.98580133 
  1.767500e+00  6.49084925 17.98580133 
  1.770000e+00  6.49084925 17.98580133 
  1.772500e+00  6.49084925 17.98580133 
  1.775000e+00  6.49084925 17.98580133 
  1.777500e+00  6.49084925 17.98580133 
  1.780000e+00  6.49084925 17.98580133 
  1.782500e+00  6.49084925 17.98580133 
  1.785000e+00  6.49084925 17.98580133 
  1.787500e+00  6.49084925 17.98580133 
  1.790000e+00  6.49084925 17.98580133 
  1.792500e+00  6.49084925 17.98580133 
  1.795000e+00  6.49084925 17.98580133 
  1.797500e+00  6.49084925 17.98580133 
  1.800000e+00  6.49084925 17.98580133 
  1.802500e+00  6.49084925 17.98580133 
  1.805000e+00  6.49084925 17.98580133 
  1.807500e+00  6.49084925 17.98580133 
  1.810000e+00  6.49084925 17.98580133 
  1.812500e+00  6.49084925 17.98580133 
  1.815000e+00  6.49084925 17.98580133 
  1.817500e+00  6.49084925 17.98580133 
  1.820000e+00  6.49084925 17.98580133 
  1.822500e+00  6.49084925 17.98580133 
  1.825000e+00  6.49084925 17.98580133 
  1.827500e+00  6.49084925 17.98580133 
  1.830000e+00  6.49084925 17.98580133 
  1.832500e+00  6.49084925 17.98580133 
  1.835000e+00  6.49084925 17.98580133 
  1.837500e+00  6.49084925 17.98580133 
  1.840000e+00  6.49084925 17.98580133 
  1.842500e+00  6.49084925 17.98580133 
  1.845000e+00  6.49084925 17.98580133 
  1.847500e+00  6.49084925 17.98580133 
  1.850000e+00  6.49084925 17.98580133 
  1.852500e+00  6.49084925 17.98580133 
  1.855000e+00  6.49084925 17.98580133 
  1.857500e+00  6.49084925 17.98580133 
  1.860000e+00  6.49084925 17.98580133 
  1.862500e+00  6.49084925 17.98580133 
  1.865000e+00  6.49084925 17.98580133 
  1.867500e+00  6.49084925 17.98580133 
  1.870000e+00  6.49084925 17.98580133 
  1.872500e+00  6.49084925 17.98580133 
  1.875000e+00  6.49084925 17.98580133 
  1.877500e+00  6.49084925 17.98580133 
  1.880000e+00  6.49084925 17.98580133 
  1.882500e+00  6.49084925 17.98580133 
  1.885000e+00  6.49084925 17.98580133 
  1.887500e+00  6.49084925 17.98580133 
  1.890000e+00  6.49084925 17.98580133 
  1.892500e+00  6.49084925 17.98580133 
  1.895000e+00  6.49084925 17.98580133 
  1.897500e+00  6.49084925 17.98580133 
  1.900000e+00  6.49084925 17.98580133 
  1.902500e+00  6.49084925 17.98580133 
  1.905000e+00  6.49084925 17.98580133 
  1.907500e+00  6.49084925 17.98580133 
  1.910000e+00  6.49084925 17.98580133 
  1.912500e+00  6.49084925 17.98580133 
  1.915000e+00  6.49084925 17.98580133 
  1.917500e+00  6.49084925 17.98580133 
  1.920000e+00  6.49084925 17.98580133 
  1.922500e+00  6.49084925 17.98580133 
  1.925000e+00  6.49084925 17.98580133 
  1.927500e+00  6.49084925 17.98580133 
  1.930000e+00  6.49084925 17.98580133 
  1.932500e+00  6.49084925 17.98580133 
  1.935000e+00  6.49084925 17.98580133 
  1.937500e+00  6.49084925 17.98580133 
  1.940000e+00  6.49084925 17.98580133 
  1.942500e+00  6.49084925 17.98580133 
  1.945000e+00  6.49084925 17.98580133 
  1.947500e+00  6.49084925 17.98580133 
  1.950000e+00  6.49084925 17.98580133 
  1.952500e+00  6.49084925 17.98580133 
  1.955000e+00  6.49084925 17.98580133 
  1.957500e+00  6.49084925 17.98580133 
  1.960000e+00  6.49084925 17.98580133 
  1.962500e+00  6.49084925 17.98580133 
  1.965000e+00  6.49084925 17.98580133 
  1.967500e+00  6.49084925 17.98580133 
  1.970000e+00  6.49084925 17.98580133 
  1.972500e+00  6.49084925 17.98580133 
  1.975000e+00  6.49084925 17.98580133 
  1.977500e+00  6.49084925 17.98580133 
  1.980000e+00  6.49084925 17.98580133 
  1.982500e+00  6.49084925 17.98580133 
  1.985000e+00  6.49084925 17.98580133 
  1.987500e+00  6.49084925 17.98580133 
  1.990000e+00  6.49084925 17.98580133 
  1.992500e+00  6.49084925 17.98580133 
  1.995000e+00  6.49084925 17.98580133 
  1.997500e+00  6.49084925 17.98580133 
  2.000000e+00  6.49084925 17.98580133 
