  0.000000e+00  6.49084925 17.98264725 
  5.000000e-03  6.49084925 17.98383054 
  1.000000e-02  6.49084925 17.98443180 
  1.500000e-02  6.49084925 17.98476793 
  2.000000e-02  6.49084925 17.98504572 
  2.500000e-02  6.49084925 17.98530775 
  3.000000e-02  6.49084925 17.98548660 
  3.500000e-02  6.49084925 17.98553287 
  4.000000e-02  6.49084925 17.98552859 
  4.500000e-02  6.49084925 17.98557131 
  5.000000e-02  6.49084925 17.98566503 
  5.500000e-02  6.49084925 17.98578628 
  6.000000e-02  6.49084925 17.98591773 
  6.500000e-02  6.49084925 17.98604553 
  7.000000e-02  6.49084925 17.98615936 
  7.500000e-02  6.49084925 17.98625428 
  8.000000e-02  6.49084925 17.98633088 
  8.500000e-02  6.49084925 17.98639285 
  9.000000e-02  6.49084925 17.98644400 
  9.500000e-02  6.49084925 17.98648661 
  1.000000e-01  6.49084925 17.98652155 
  1.050000e-01  6.49084925 17.98654915 
  1.100000e-01  6.49084925 17.98657018 
  1.150000e-01  6.49084925 17.98658615 
  1.200000e-01  6.49084925 17.98659907 
  1.250000e-01  6.49084925 17.98661082 
  1.300000e-01  6.49084925 17.98662264 
  1.350000e-01  6.49084925 17.98663499 
  1.400000e-01  6.49084925 17.98664768 
  1.450000e-01  6.49084925 17.98666019 
  1.500000e-01  6.49084925 17.98667201 
  1.550000e-01  6.49084925 17.98668286 
  1.600000e-01  6.49084925 17.98669265 
  1.650000e-01  6.49084925 17.98670147 
  1.700000e-01  6.49084925 17.98670947 
  1.750000e-01  6.49084925 17.98671685 
  1.800000e-01  6.49084925 17.98672376 
  1.850000e-01  6.49084925 17.98673035 
  1.900000e-01  6.49084925 17.98673674 
  1.950000e-01  6.49084925 17.98674298 
  2.000000e-01  6.49084925 17.98674908 
  2.050000e-01  6.49084925 17.98675495 
  2.100000e-01  6.49084925 17.98676049 
  2.150000e-01  6.49084925 17.98676556 
  2.200000e-01  6.49084925 17.98677009 
  2.250000e-01  6.49084925 17.98677405 
  2.300000e-01  6.49084925 17.98677752 
  2.350000e-01  6.49084925 17.98678062 
  2.400000e-01  6.49084925 17.98678351 
  2.450000e-01  6.49084925 17.98678632 
  2.500000e-01  6.49084925 17.98678916 
  2.550000e-01  6.49084925 17.98679206 
  2.600000e-01  6.49084925 17.98679500 
  2.650000e-01  6.49084925 17.98679792 
  2.700000e-01  6.49084925 17.98680075 
  2.750000e-01  6.49084925 17.98680341 
  2.800000e-01  6.49084925 17.98680586 
  2.850000e-01  6.49084925 17.98680806 
  2.900000e-01  6.49084925 17.98681002 
  2.950000e-01  6.49084925 17.98681172 
  3.000000e-01  6.49084925 17.98681319 
  3.050000e-01  6.49084925 17.98681446 
  3.100000e-01  6.49084925 17.98681554 
  3.150000e-01  6.49084925 17.98681647 
  3.200000e-01  6.49084925 17.98681727 
  3.250000e-01  6.49084925 17.98681796 
  3.300000e-01  6.49084925 17.98681857 
  3.350000e-01  6.49084925 17.98681910 
  3.400000e-01  6.49084925 17.98681957 
  3.450000e-01  6.49084925 17.98682000 
  3.500000e-01  6.49084925 17.98682038 
  3.550000e-01  6.49084925 17.98682072 
  3.600000e-01  6.49084925 17.98682104 
  3.650000e-01  6.49084925 17.98682133 
  3.700000e-01  6.49084925 17.98682159 
  3.750000e-01  6.49084925 17.98682183 
  3.800000e-01  6.49084925 17.98682204 
  3.850000e-01  6.49084925 17.98682223 
  3.900000e-01  6.49084925 17.98682239 
  3.950000e-01  6.49084925 17.98682253 
  4.000000e-01  6.49084925 17.98682265 
  4.050000e-01  6.49084925 17.98682274 
  4.100000e-01  6.49084925 17.98682282 
  4.150000e-01  6.49084925 17.98682289 
  4.200000e-01  6.49084925 17.98682294 
  4.250000e-01  6.49084925 17.98682300 
  4.300000e-01  6.49084925 17.98682305 
  4.350000e-01  6.49084925 17.98682310 
  4.400000e-01  6.49084925 17.98682316 
  4.450000e-01  6.49084925 17.98682322 
  4.500000e-01  6.49084925 17.98682329 
  4.550000e-01  6.49084925 17.98682336 
  4.600000e-01  6.49084925 17.98682343 
  4.650000e-01  6.49084925 17.98682351 
  4.700000e-01  6.49084925 17.98682358 
  4.750000e-01  6.49084925 17.98682365 
  4.800000e-01  6.49084925 17.98682371 
  4.850000e-01  6.49084925 17.98682377 
  4.900000e-01  6.49084925 17.98682382 
  4.950000e-01  6.49084925 17.98682386 
  5.000000e-01  6.49084925 17.98682390 
  5.050000e-01  6.49084925 17.98682394 
  5.100000e-01  6.49084925 17.98682397 
  5.150000e-01  6.49084925 17.98682400 
  5.200000e-01  6.49084925 17.98682402 
  5.250000e-01  6.49084925 17.98682404 
  5.300000e-01  6.49084925 17.98682407 
  5.350000e-01  6.49084925 17.98682409 
  5.400000e-01  6.49084925 17.98682410 
  5.450000e-01  6.49084925 17.98682412 
  5.500000e-01  6.49084925 17.98682414 
  5.550000e-01  6.49084925 17.98682415 
  5.600000e-01  6.49084925 17.98682417 
  5.650000e-01  6.49084925 17.98682418 
  5.700000e-01  6.49084925 17.98682420 
  5.750000e-01  6.49084925 17.98682421 
  5.800000e-01  6.49084925 17.98682422 
  5.850000e-01  6.49084925 17.98682423 
  5.900000e-01  6.49084925 17.98682424 
  5.950000e-01  6.49084925 17.98682425 
  6.000000e-01  6.49084925 17.98682426 
  6.050000e-01  6.49084925 17.98682427 
  6.100000e-01  6.49084925 17.98682427 
  6.150000e-01  6.49084925 17.98682428 
  6.200000e-01  6.49084925 17.98682429 
  6.250000e-01  6.49084925 17.98682429 
  6.300000e-01  6.49084925 17.98682430 
  6.350000e-01  6.49084925 17.98682431 
  6.400000e-01  6.49084925 17.98682431 
  6.450000e-01  6.49084925 17.98682432 
  6.500000e-01  6.49084925 17.98682432 
  6.550000e-01  6.49084925 17.98682433 
  6.600000e-01  6.49084925 17.98682433 
  6.650000e-01  6.49084925 17.98682433 
  6.700000e-01  6.49084925 17.98682434 
  6.750000e-01  6.49084925 17.98682434 
  6.800000e-01  6.49084925 17.98682434 
  6.850000e-01  6.49084925 17.98682434 
  6.900000e-01  6.49084925 17.98682435 
  6.950000e-01  6.49084925 17.98682435 
  7.000000e-01  6.49084925 17.98682435 
  7.050000e-01  6.49084925 17.98682435 
  7.100000e-01  6.49084925 17.98682435 
  7.150000e-01  6.49084925 17.98682435 
  7.200000e-01  6.49084925 17.98682435 
  7.250000e-01  6.49084925 17.98682435 
  7.300000e-01  6.49084925 17.98682435 
  7.350000e-01  6.49084925 17.98682435 
  7.400000e-01  6.49084925 17.98682435 
  7.450000e-01  6.49084925 17.98682435 
  7.500000e-01  6.49084925 17.98682435 
  7.550000e-01  6.49084925 17.98682435 
  7.600000e-01  6.49084925 17.98682435 
  7.650000e-01  6.49084925 17.98682435 
  7.700000e-01  6.49084925 17.98682435 
  7.750000e-01  6.49084925 17.98682435 
  7.800000e-01  6.49084925 17.98682435 
  7.850000e-01  6.49084925 17.98682435 
  7.900000e-01  6.49084925 17.98682435 
  7.950000e-01  6.49084925 17.98682435 
  8.000000e-01  6.49084925 17.98682436 
  8.050000e-01  6.49084925 17.98682436 
  8.100000e-01  6.49084925 17.98682436 
  8.150000e-01  6.49084925 17.98682436 
  8.200000e-01  6.49084925 17.98682436 
  8.250000e-01  6.49084925 17.98682436 
  8.300000e-01  6.49084925 17.98682436 
  8.350000e-01  6.49084925 17.98682436 
  8.400000e-01  6.49084925 17.98682436 
  8.450000e-01  6.49084925 17.98682436 
  8.500000e-01  6.49084925 17.98682436 
  8.550000e-01  6.49084925 17.98682436 
  8.600000e-01  6.49084925 17.98682436 
  8.650000e-01  6.49084925 17.98682436 
  8.700000e-01  6.49084925 17.98682436 
  8.750000e-01  6.49084925 17.98682436 
  8.800000e-01  6.49084925 17.98682436 
  8.850000e-01  6.49084925 17.98682436 
  8.900000e-01  6.49084925 17.98682436 
  8.950000e-01  6.49084925 17.98682436 
  9.000000e-01  6.49084925 17.98682436 
  9.050000e-01  6.49084925 17.98682436 
  9.100000e-01  6.49084925 17.98682436 
  9.150000e-01  6.49084925 17.98682436 
  9.200000e-01  6.49084925 17.98682436 
  9.250000e-01  6.49084925 17.98682436 
  9.300000e-01  6.49084925 17.98682436 
  9.350000e-01  6.49084925 17.98682436 
  9.400000e-01  6.49084925 17.98682436 
  9.450000e-01  6.49084925 17.98682436 
  9.500000e-01  6.49084925 17.98682436 
  9.550000e-01  6.49084925 17.98682436 
  9.600000e-01  6.49084925 17.98682436 
  9.650000e-01  6.49084925 17.98682436 
  9.700000e-01  6.49084925 17.98682436 
  9.750000e-01  6.49084925 17.98682436 
  9.800000e-01  6.49084925 17.98682436 
  9.850000e-01  6.49084925 17.98682436 
  9.900000e-01  6.49084925 17.98682436 
  9.950000e-01  6.49084925 17.98682436 
  1.000000e+00  6.49084925 17.98682436 
  1.005000e+00  6.49084925 17.98682436 
  1.010000e+00  6.49084925 17.98682436 
  1.015000e+00  6.49084925 17.98682436 
  1.020000e+00  6.49084925 17.98682436 
  1.025000e+00  6.49084925 17.98682436 
  1.030000e+00  6.49084925 17.98682436 
  1.035000e+00  6.49084925 17.98682436 
  1.040000e+00  6.49084925 17.98682436 
  1.045000e+00  6.49084925 17.98682436 
  1.050000e+00  6.49084925 17.98682436 
  1.055000e+00  6.49084925 17.98682436 
  1.060000e+00  6.49084925 17.98682436 
  1.065000e+00  6.49084925 17.98682436 
  1.070000e+00  6.49084925 17.98682436 
  1.075000e+00  6.49084925 17.98682436 
  1.080000e+00  6.49084925 17.98682436 
  1.085000e+00  6.49084925 17.98682436 
  1.090000e+00  6.49084925 17.98682436 
  1.095000e+00  6.49084925 17.98682436 
  1.100000e+00  6.49084925 17.98682436 
  1.105000e+00  6.49084925 17.98682436 
  1.110000e+00  6.49084925 17.98682436 
  1.115000e+00  6.49084925 17.98682436 
  1.120000e+00  6.49084925 17.98682436 
  1.125000e+00  6.49084925 17.98682436 
  1.130000e+00  6.49084925 17.98682436 
  1.135000e+00  6.49084925 17.98682436 
  1.140000e+00  6.49084925 17.98682436 
  1.145000e+00  6.49084925 17.98682436 
  1.150000e+00  6.49084925 17.98682436 
  1.155000e+00  6.49084925 17.98682436 
  1.160000e+00  6.49084925 17.98682436 
  1.165000e+00  6.49084925 17.98682436 
  1.170000e+00  6.49084925 17.98682436 
  1.175000e+00  6.49084925 17.98682436 
  1.180000e+00  6.49084925 17.98682436 
  1.185000e+00  6.49084925 17.98682436 
  1.190000e+00  6.49084925 17.98682436 
  1.195000e+00  6.49084925 17.98682436 
  1.200000e+00  6.49084925 17.98682436 
  1.205000e+00  6.49084925 17.98682436 
  1.210000e+00  6.49084925 17.98682436 
  1.215000e+00  6.49084925 17.98682436 
  1.220000e+00  6.49084925 17.98682436 
  1.225000e+00  6.49084925 17.98682436 
  1.230000e+00  6.49084925 17.98682436 
  1.235000e+00  6.49084925 17.98682436 
  1.240000e+00  6.49084925 17.98682436 
  1.245000e+00  6.49084925 17.98682436 
  1.250000e+00  6.49084925 17.98682436 
  1.255000e+00  6.49084925 17.98682436 
  1.260000e+00  6.49084925 17.98682436 
  1.265000e+00  6.49084925 17.98682436 
  1.270000e+00  6.49084925 17.98682436 
  1.275000e+00  6.49084925 17.98682436 
  1.280000e+00  6.49084925 17.98682436 
  1.285000e+00  6.49084925 17.98682436 
  1.290000e+00  6.49084925 17.98682436 
  1.295000e+00  6.49084925 17.98682436 
  1.300000e+00  6.49084925 17.98682436 
  1.305000e+00  6.49084925 17.98682436 
  1.310000e+00  6.49084925 17.98682436 
  1.315000e+00  6.49084925 17.98682436 
  1.320000e+00  6.49084925 17.98682436 
  1.325000e+00  6.49084925 17.98682436 
  1.330000e+00  6.49084925 17.98682436 
  1.335000e+00  6.49084925 17.98682436 
  1.340000e+00  6.49084925 17.98682436 
  1.345000e+00  6.49084925 17.98682436 
  1.350000e+00  6.49084925 17.98682436 
  1.355000e+00  6.49084925 17.98682436 
  1.360000e+00  6.49084925 17.98682436 
  1.365000e+00  6.49084925 17.98682436 
  1.370000e+00  6.49084925 17.98682436 
  1.375000e+00  6.49084925 17.98682436 
  1.380000e+00  6.49084925 17.98682436 
  1.385000e+00  6.49084925 17.98682436 
  1.390000e+00  6.49084925 17.98682436 
  1.395000e+00  6.49084925 17.98682436 
  1.400000e+00  6.49084925 17.98682436 
  1.405000e+00  6.49084925 17.98682436 
  1.410000e+00  6.49084925 17.98682436 
  1.415000e+00  6.49084925 17.98682436 
  1.420000e+00  6.49084925 17.98682436 
  1.425000e+00  6.49084925 17.98682436 
  1.430000e+00  6.49084925 17.98682436 
  1.435000e+00  6.49084925 17.98682436 
  1.440000e+00  6.49084925 17.98682436 
  1.445000e+00  6.49084925 17.98682436 
  1.450000e+00  6.49084925 17.98682436 
  1.455000e+00  6.49084925 17.98682436 
  1.460000e+00  6.49084925 17.98682436 
  1.465000e+00  6.49084925 17.98682436 
  1.470000e+00  6.49084925 17.98682436 
  1.475000e+00  6.49084925 17.98682436 
  1.480000e+00  6.49084925 17.98682436 
  1.485000e+00  6.49084925 17.98682436 
  1.490000e+00  6.49084925 17.98682436 
  1.495000e+00  6.49084925 17.98682436 
  1.500000e+00  6.49084925 17.98682436 
  1.505000e+00  6.49084925 17.98682436 
  1.510000e+00  6.49084925 17.98682436 
  1.515000e+00  6.49084925 17.98682436 
  1.520000e+00  6.49084925 17.98682436 
  1.525000e+00  6.49084925 17.98682436 
  1.530000e+00  6.49084925 17.98682436 
  1.535000e+00  6.49084925 17.98682436 
  1.540000e+00  6.49084925 17.98682436 
  1.545000e+00  6.49084925 17.98682436 
  1.550000e+00  6.49084925 17.98682436 
  1.555000e+00  6.49084925 17.98682436 
  1.560000e+00  6.49084925 17.98682436 
  1.565000e+00  6.49084925 17.98682436 
  1.570000e+00  6.49084925 17.98682436 
  1.575000e+00  6.49084925 17.98682436 
  1.580000e+00  6.49084925 17.98682436 
  1.585000e+00  6.49084925 17.98682436 
  1.590000e+00  6.49084925 17.98682436 
  1.595000e+00  6.49084925 17.98682436 
  1.600000e+00  6.49084925 17.98682436 
  1.605000e+00  6.49084925 17.98682436 
  1.610000e+00  6.49084925 17.98682436 
  1.615000e+00  6.49084925 17.98682436 
  1.620000e+00  6.49084925 17.98682436 
  1.625000e+00  6.49084925 17.98682436 
  1.630000e+00  6.49084925 17.98682436 
  1.635000e+00  6.49084925 17.98682436 
  1.640000e+00  6.49084925 17.98682436 
  1.645000e+00  6.49084925 17.98682436 
  1.650000e+00  6.49084925 17.98682436 
  1.655000e+00  6.49084925 17.98682436 
  1.660000e+00  6.49084925 17.98682436 
  1.665000e+00  6.49084925 17.98682436 
  1.670000e+00  6.49084925 17.98682436 
  1.675000e+00  6.49084925 17.98682436 
  1.680000e+00  6.49084925 17.98682436 
  1.685000e+00  6.49084925 17.98682436 
  1.690000e+00  6.49084925 17.98682436 
  1.695000e+00  6.49084925 17.98682436 
  1.700000e+00  6.49084925 17.98682436 
  1.705000e+00  6.49084925 17.98682436 
  1.710000e+00  6.49084925 17.98682436 
  1.715000e+00  6.49084925 17.98682436 
  1.720000e+00  6.49084925 17.98682436 
  1.725000e+00  6.49084925 17.98682436 
  1.730000e+00  6.49084925 17.98682436 
  1.735000e+00  6.49084925 17.98682436 
  1.740000e+00  6.49084925 17.98682436 
  1.745000e+00  6.49084925 17.98682436 
  1.750000e+00  6.49084925 17.98682436 
  1.755000e+00  6.49084925 17.98682436 
  1.760000e+00  6.49084925 17.98682436 
  1.765000e+00  6.49084925 17.98682436 
  1.770000e+00  6.49084925 17.98682436 
  1.775000e+00  6.49084925 17.98682436 
  1.780000e+00  6.49084925 17.98682436 
  1.785000e+00  6.49084925 17.98682436 
  1.790000e+00  6.49084925 17.98682436 
  1.795000e+00  6.49084925 17.98682436 
  1.800000e+00  6.49084925 17.98682436 
  1.805000e+00  6.49084925 17.98682436 
  1.810000e+00  6.49084925 17.98682436 
  1.815000e+00  6.49084925 17.98682436 
  1.820000e+00  6.49084925 17.98682436 
  1.825000e+00  6.49084925 17.98682436 
  1.830000e+00  6.49084925 17.98682436 
  1.835000e+00  6.49084925 17.98682436 
  1.840000e+00  6.49084925 17.98682436 
  1.845000e+00  6.49084925 17.98682436 
  1.850000e+00  6.49084925 17.98682436 
  1.855000e+00  6.49084925 17.98682436 
  1.860000e+00  6.49084925 17.98682436 
  1.865000e+00  6.49084925 17.98682436 
  1.870000e+00  6.49084925 17.98682436 
  1.875000e+00  6.49084925 17.98682436 
  1.880000e+00  6.49084925 17.98682436 
  1.885000e+00  6.49084925 17.98682436 
  1.890000e+00  6.49084925 17.98682436 
  1.895000e+00  6.49084925 17.98682436 
  1.900000e+00  6.49084925 17.98682436 
  1.905000e+00  6.49084925 17.98682436 
  1.910000e+00  6.49084925 17.98682436 
  1.915000e+00  6.49084925 17.98682436 
  1.920000e+00  6.49084925 17.98682436 
  1.925000e+00  6.49084925 17.98682436 
  1.930000e+00  6.49084925 17.98682436 
  1.935000e+00  6.49084925 17.98682436 
  1.940000e+00  6.49084925 17.98682436 
  1.945000e+00  6.49084925 17.98682436 
  1.950000e+00  6.49084925 17.98682436 
  1.955000e+00  6.49084925 17.98682436 
  1.960000e+00  6.49084925 17.98682436 
  1.965000e+00  6.49084925 17.98682436 
  1.970000e+00  6.49084925 17.98682436 
  1.975000e+00  6.49084925 17.98682436 
  1.980000e+00  6.49084925 17.98682436 
  1.985000e+00  6.49084925 17.98682436 
  1.990000e+00  6.49084925 17.98682436 
  1.995000e+00  6.49084925 17.98682436 
  2.000000e+00  6.49084925 17.98682436 
