  0.000000e+00  44.341807  44.341807
  5.000000e-03  43.484161  43.446267
  1.000000e-02  42.575325  43.133881
  1.500000e-02  41.883908  42.871711
  2.000000e-02  41.360957  42.555903
  2.500000e-02  40.868939  42.167949
  3.000000e-02  40.340534  41.753151
  3.500000e-02  39.813708  41.355594
  4.000000e-02  39.354608  40.979552
  4.500000e-02  38.988016  40.622652
  5.000000e-02  38.699397  40.289640
  5.500000e-02  38.456836  39.977442
  6.000000e-02  38.228586  39.682116
  6.500000e-02  37.995487  39.402949
  7.000000e-02  37.754949  39.140617
  7.500000e-02  37.515937  38.894410
  8.000000e-02  37.289563  38.661451
  8.500000e-02  37.082207  38.438304
  9.000000e-02  36.894212  38.222716
  9.500000e-02  36.722341  38.014096
  1.000000e-01  36.562885  37.813015
  1.050000e-01  36.413536  37.620449
  1.100000e-01  36.273648  37.437162
  1.150000e-01  36.143450  37.263409
  1.200000e-01  36.023063  37.098959
  1.250000e-01  35.911961  36.943343
  1.300000e-01  35.809058  36.796096
  1.350000e-01  35.713173  36.656888
  1.400000e-01  35.623467  36.525501
  1.450000e-01  35.539596  36.401737
  1.500000e-01  35.461578  36.285342
  1.550000e-01  35.389505  36.175976
  1.600000e-01  35.323284  36.073228
  1.650000e-01  35.262496  35.976639
  1.700000e-01  35.206383  35.885726
  1.750000e-01  35.153930  35.799983
  1.800000e-01  35.103966  35.718884
  1.850000e-01  35.055278  35.641891
  1.900000e-01  35.006728  35.568477
  1.950000e-01  34.957372  35.498160
  2.000000e-01  34.906585  35.430534
  2.050000e-01  34.854156  35.365295
  2.100000e-01  34.800338  35.302242
  2.150000e-01  34.745821  35.241264
  2.200000e-01  34.691624  35.182325
  2.250000e-01  34.638928  35.125434
  2.300000e-01  34.588895  35.070636
  2.350000e-01  34.542490  35.017993
  2.400000e-01  34.500359  34.967581
  2.450000e-01  34.462789  34.919486
  2.500000e-01  34.429726  34.873797
  2.550000e-01  34.400858  34.830592
  2.600000e-01  34.375711  34.789925
  2.650000e-01  34.353746  34.751813
  2.700000e-01  34.334427  34.716226
  2.750000e-01  34.317261  34.683096
  2.800000e-01  34.301823  34.652321
  2.850000e-01  34.287765  34.623778
  2.900000e-01  34.274819  34.597332
  2.950000e-01  34.262784  34.572840
  3.000000e-01  34.251518  34.550158
  3.050000e-01  34.240919  34.529145
  3.100000e-01  34.230916  34.509663
  3.150000e-01  34.221453  34.491579
  3.200000e-01  34.212488  34.474772
  3.250000e-01  34.203981  34.459128
  3.300000e-01  34.195899  34.444544
  3.350000e-01  34.188208  34.430927
  3.400000e-01  34.180879  34.418190
  3.450000e-01  34.173880  34.406257
  3.500000e-01  34.167181  34.395058
  3.550000e-01  34.160756  34.384528
  3.600000e-01  34.154579  34.374611
  3.650000e-01  34.148628  34.365256
  3.700000e-01  34.142888  34.356419
  3.750000e-01  34.137352  34.348062
  3.800000e-01  34.132020  34.340151
  3.850000e-01  34.126899  34.332660
  3.900000e-01  34.122003  34.325566
  3.950000e-01  34.117351  34.318852
  4.000000e-01  34.112965  34.312502
  4.050000e-01  34.108864  34.306505
  4.100000e-01  34.105063  34.300850
  4.150000e-01  34.101573  34.295526
  4.200000e-01  34.098392  34.290526
  4.250000e-01  34.095514  34.285837
  4.300000e-01  34.092921  34.281449
  4.350000e-01  34.090588  34.277350
  4.400000e-01  34.088485  34.273527
  4.450000e-01  34.086580  34.269965
  4.500000e-01  34.084839  34.266649
  4.550000e-01  34.083232  34.263564
  4.600000e-01  34.081729  34.260693
  4.650000e-01  34.080309  34.258020
  4.700000e-01  34.078954  34.255529
  4.750000e-01  34.077652  34.253205
  4.800000e-01  34.076395  34.251034
  4.850000e-01  34.075178  34.249001
  4.900000e-01  34.074001  34.247095
  4.950000e-01  34.072864  34.245305
  5.000000e-01  34.071769  34.243620
  5.050000e-01  34.070718  34.242032
  5.100000e-01  34.069711  34.240534
  5.150000e-01  34.068750  34.239118
  5.200000e-01  34.067836  34.237780
  5.250000e-01  34.066969  34.236513
  5.300000e-01  34.066147  34.235315
  5.350000e-01  34.065369  34.234181
  5.400000e-01  34.064635  34.233107
  5.450000e-01  34.063942  34.232091
  5.500000e-01  34.063288  34.231130
  5.550000e-01  34.062674  34.230221
  5.600000e-01  34.062096  34.229363
  5.650000e-01  34.061553  34.228552
  5.700000e-01  34.061045  34.227786
  5.750000e-01  34.060569  34.227065
  5.800000e-01  34.060126  34.226386
  5.850000e-01  34.059714  34.225747
  5.900000e-01  34.059332  34.225146
  5.950000e-01  34.058978  34.224583
  6.000000e-01  34.058651  34.224054
  6.050000e-01  34.058350  34.223559
  6.100000e-01  34.058072  34.223096
  6.150000e-01  34.057816  34.222663
  6.200000e-01  34.057580  34.222258
  6.250000e-01  34.057361  34.221880
  6.300000e-01  34.057158  34.221527
  6.350000e-01  34.056968  34.221197
  6.400000e-01  34.056790  34.220889
  6.450000e-01  34.056621  34.220602
  6.500000e-01  34.056462  34.220332
  6.550000e-01  34.056310  34.220080
  6.600000e-01  34.056165  34.219844
  6.650000e-01  34.056027  34.219623
  6.700000e-01  34.055894  34.219415
  6.750000e-01  34.055768  34.219220
  6.800000e-01  34.055648  34.219036
  6.850000e-01  34.055534  34.218864
  6.900000e-01  34.055426  34.218701
  6.950000e-01  34.055324  34.218549
  7.000000e-01  34.055228  34.218405
  7.050000e-01  34.055138  34.218270
  7.100000e-01  34.055055  34.218143
  7.150000e-01  34.054977  34.218024
  7.200000e-01  34.054905  34.217912
  7.250000e-01  34.054837  34.217807
  7.300000e-01  34.054775  34.217709
  7.350000e-01  34.054718  34.217617
  7.400000e-01  34.054665  34.217530
  7.450000e-01  34.054615  34.217450
  7.500000e-01  34.054570  34.217375
  7.550000e-01  34.054528  34.217305
  7.600000e-01  34.054489  34.217239
  7.650000e-01  34.054453  34.217179
  7.700000e-01  34.054420  34.217122
  7.750000e-01  34.054389  34.217069
  7.800000e-01  34.054360  34.217020
  7.850000e-01  34.054334  34.216975
  7.900000e-01  34.054309  34.216932
  7.950000e-01  34.054287  34.216893
  8.000000e-01  34.054266  34.216856
  8.050000e-01  34.054246  34.216822
  8.100000e-01  34.054228  34.216791
  8.150000e-01  34.054211  34.216762
  8.200000e-01  34.054195  34.216734
  8.250000e-01  34.054180  34.216709
  8.300000e-01  34.054166  34.216685
  8.350000e-01  34.054152  34.216663
  8.400000e-01  34.054140  34.216642
  8.450000e-01  34.054128  34.216623
  8.500000e-01  34.054117  34.216605
  8.550000e-01  34.054106  34.216588
  8.600000e-01  34.054097  34.216573
  8.650000e-01  34.054087  34.216558
  8.700000e-01  34.054079  34.216545
  8.750000e-01  34.054071  34.216532
  8.800000e-01  34.054063  34.216520
  8.850000e-01  34.054056  34.216509
  8.900000e-01  34.054050  34.216498
  8.950000e-01  34.054044  34.216489
  9.000000e-01  34.054039  34.216480
  9.050000e-01  34.054034  34.216471
  9.100000e-01  34.054029  34.216464
  9.150000e-01  34.054025  34.216456
  9.200000e-01  34.054021  34.216450
  9.250000e-01  34.054018  34.216443
  9.300000e-01  34.054014  34.216438
  9.350000e-01  34.054012  34.216432
  9.400000e-01  34.054009  34.216427
  9.450000e-01  34.054006  34.216423
  9.500000e-01  34.054004  34.216419
  9.550000e-01  34.054002  34.216415
  9.600000e-01  34.054000  34.216411
  9.650000e-01  34.053998  34.216408
  9.700000e-01  34.053996  34.216405
  9.750000e-01  34.053995  34.216402
  9.800000e-01  34.053993  34.216399
  9.850000e-01  34.053992  34.216397
  9.900000e-01  34.053990  34.216394
  9.950000e-01  34.053989  34.216392
  1.000000e+00  34.053988  34.216390
  1.005000e+00  34.053987  34.216388
  1.010000e+00  34.053986  34.216387
  1.015000e+00  34.053985  34.216385
  1.020000e+00  34.053984  34.216384
  1.025000e+00  34.053983  34.216382
  1.030000e+00  34.053983  34.216381
  1.035000e+00  34.053982  34.216380
  1.040000e+00  34.053981  34.216379
  1.045000e+00  34.053981  34.216378
  1.050000e+00  34.053980  34.216377
  1.055000e+00  34.053980  34.216376
  1.060000e+00  34.053979  34.216375
  1.065000e+00  34.053979  34.216374
  1.070000e+00  34.053978  34.216373
  1.075000e+00  34.053978  34.216373
  1.080000e+00  34.053978  34.216372
  1.085000e+00  34.053977  34.216372
  1.090000e+00  34.053977  34.216371
  1.095000e+00  34.053977  34.216371
  1.100000e+00  34.053976  34.216370
  1.105000e+00  34.053976  34.216370
  1.110000e+00  34.053976  34.216369
  1.115000e+00  34.053976  34.216369
  1.120000e+00  34.053976  34.216369
  1.125000e+00  34.053976  34.216369
  1.130000e+00  34.053975  34.216368
  1.135000e+00  34.053975  34.216368
  1.140000e+00  34.053975  34.216368
  1.145000e+00  34.053975  34.216368
  1.150000e+00  34.053975  34.216367
  1.155000e+00  34.053975  34.216367
  1.160000e+00  34.053975  34.216367
  1.165000e+00  34.053975  34.216367
  1.170000e+00  34.053975  34.216367
  1.175000e+00  34.053974  34.216367
  1.180000e+00  34.053974  34.216366
  1.185000e+00  34.053974  34.216366
  1.190000e+00  34.053974  34.216366
  1.195000e+00  34.053974  34.216366
  1.200000e+00  34.053974  34.216366
  1.205000e+00  34.053974  34.216366
  1.210000e+00  34.053974  34.216366
  1.215000e+00  34.053974  34.216366
  1.220000e+00  34.053974  34.216366
  1.225000e+00  34.053974  34.216366
  1.230000e+00  34.053974  34.216366
  1.235000e+00  34.053974  34.216366
  1.240000e+00  34.053974  34.216366
  1.245000e+00  34.053974  34.216365
  1.250000e+00  34.053974  34.216365
  1.255000e+00  34.053974  34.216365
  1.260000e+00  34.053974  34.216365
  1.265000e+00  34.053974  34.216365
  1.270000e+00  34.053974  34.216365
  1.275000e+00  34.053974  34.216365
  1.280000e+00  34.053974  34.216365
  1.285000e+00  34.053974  34.216365
  1.290000e+00  34.053974  34.216365
  1.295000e+00  34.053974  34.216365
  1.300000e+00  34.053974  34.216365
  1.305000e+00  34.053974  34.216365
  1.310000e+00  34.053974  34.216365
  1.315000e+00  34.053974  34.216365
  1.320000e+00  34.053974  34.216365
  1.325000e+00  34.053974  34.216365
  1.330000e+00  34.053974  34.216365
  1.335000e+00  34.053974  34.216365
  1.340000e+00  34.053974  34.216365
  1.345000e+00  34.053974  34.216365
  1.350000e+00  34.053974  34.216365
  1.355000e+00  34.053974  34.216365
  1.360000e+00  34.053974  34.216365
  1.365000e+00  34.053974  34.216365
  1.370000e+00  34.053974  34.216365
  1.375000e+00  34.053974  34.216365
  1.380000e+00  34.053974  34.216365
  1.385000e+00  34.053974  34.216365
  1.390000e+00  34.053974  34.216365
  1.395000e+00  34.053974  34.216365
  1.400000e+00  34.053974  34.216365
  1.405000e+00  34.053974  34.216365
  1.410000e+00  34.053974  34.216365
  1.415000e+00  34.053974  34.216365
  1.420000e+00  34.053974  34.216365
  1.425000e+00  34.053974  34.216365
  1.430000e+00  34.053974  34.216365
  1.435000e+00  34.053974  34.216365
  1.440000e+00  34.053974  34.216365
  1.445000e+00  34.053974  34.216365
  1.450000e+00  34.053974  34.216365
  1.455000e+00  34.053974  34.216365
  1.460000e+00  34.053974  34.216365
  1.465000e+00  34.053974  34.216365
  1.470000e+00  34.053974  34.216365
  1.475000e+00  34.053974  34.216365
  1.480000e+00  34.053974  34.216365
  1.485000e+00  34.053974  34.216365
  1.490000e+00  34.053974  34.216365
  1.495000e+00  34.053974  34.216365
  1.500000e+00  34.053974  34.216365
  1.505000e+00  34.053974  34.216365
  1.510000e+00  34.053974  34.216365
  1.515000e+00  34.053974  34.216365
  1.520000e+00  34.053974  34.216365
  1.525000e+00  34.053974  34.216365
  1.530000e+00  34.053974  34.216365
  1.535000e+00  34.053974  34.216365
  1.540000e+00  34.053974  34.216365
  1.545000e+00  34.053974  34.216365
  1.550000e+00  34.053974  34.216365
  1.555000e+00  34.053974  34.216365
  1.560000e+00  34.053974  34.216365
  1.565000e+00  34.053974  34.216365
  1.570000e+00  34.053974  34.216365
  1.575000e+00  34.053974  34.216365
  1.580000e+00  34.053974  34.216365
  1.585000e+00  34.053974  34.216365
  1.590000e+00  34.053974  34.216365
  1.595000e+00  34.053974  34.216365
  1.600000e+00  34.053974  34.216365
  1.605000e+00  34.053974  34.216365
  1.610000e+00  34.053974  34.216365
  1.615000e+00  34.053974  34.216365
  1.620000e+00  34.053974  34.216365
  1.625000e+00  34.053974  34.216365
  1.630000e+00  34.053974  34.216365
  1.635000e+00  34.053974  34.216365
  1.640000e+00  34.053974  34.216365
  1.645000e+00  34.053974  34.216365
  1.650000e+00  34.053974  34.216365
  1.655000e+00  34.053974  34.216365
  1.660000e+00  34.053974  34.216365
  1.665000e+00  34.053974  34.216365
  1.670000e+00  34.053974  34.216365
  1.675000e+00  34.053974  34.216365
  1.680000e+00  34.053974  34.216365
  1.685000e+00  34.053974  34.216365
  1.690000e+00  34.053974  34.216365
  1.695000e+00  34.053974  34.216365
  1.700000e+00  34.053974  34.216365
  1.705000e+00  34.053974  34.216365
  1.710000e+00  34.053974  34.216365
  1.715000e+00  34.053974  34.216365
  1.720000e+00  34.053974  34.216365
  1.725000e+00  34.053974  34.216365
  1.730000e+00  34.053974  34.216365
  1.735000e+00  34.053974  34.216365
  1.740000e+00  34.053974  34.216365
  1.745000e+00  34.053974  34.216365
  1.750000e+00  34.053974  34.216365
  1.755000e+00  34.053974  34.216365
  1.760000e+00  34.053974  34.216365
  1.765000e+00  34.053974  34.216365
  1.770000e+00  34.053974  34.216365
  1.775000e+00  34.053974  34.216365
  1.780000e+00  34.053974  34.216365
  1.785000e+00  34.053974  34.216365
  1.790000e+00  34.053974  34.216365
  1.795000e+00  34.053974  34.216365
  1.800000e+00  34.053974  34.216365
  1.805000e+00  34.053974  34.216365
  1.810000e+00  34.053974  34.216365
  1.815000e+00  34.053974  34.216365
  1.820000e+00  34.053974  34.216365
  1.825000e+00  34.053974  34.216365
  1.830000e+00  34.053974  34.216365
  1.835000e+00  34.053974  34.216365
  1.840000e+00  34.053974  34.216365
  1.845000e+00  34.053974  34.216365
  1.850000e+00  34.053974  34.216365
  1.855000e+00  34.053974  34.216365
  1.860000e+00  34.053974  34.216365
  1.865000e+00  34.053974  34.216365
  1.870000e+00  34.053974  34.216365
  1.875000e+00  34.053974  34.216365
  1.880000e+00  34.053974  34.216365
  1.885000e+00  34.053974  34.216365
  1.890000e+00  34.053974  34.216365
  1.895000e+00  34.053974  34.216365
  1.900000e+00  34.053974  34.216365
  1.905000e+00  34.053974  34.216365
  1.910000e+00  34.053974  34.216365
  1.915000e+00  34.053974  34.216365
  1.920000e+00  34.053974  34.216365
  1.925000e+00  34.053974  34.216365
  1.930000e+00  34.053974  34.216365
  1.935000e+00  34.053974  34.216365
  1.940000e+00  34.053974  34.216365
  1.945000e+00  34.053974  34.216365
  1.950000e+00  34.053974  34.216365
  1.955000e+00  34.053974  34.216365
  1.960000e+00  34.053974  34.216365
  1.965000e+00  34.053974  34.216365
  1.970000e+00  34.053974  34.216365
  1.975000e+00  34.053974  34.216365
  1.980000e+00  34.053974  34.216365
  1.985000e+00  34.053974  34.216365
  1.990000e+00  34.053974  34.216365
  1.995000e+00  34.053974  34.216365
  2.000000e+00  34.053974  34.216365
