  0.000000e+00  44.341807  44.341807
  1.250000e-03  43.551863  43.530295
  2.500000e-03  42.714015  43.096486
  3.750000e-03  42.084982  42.744011
  5.000000e-03  41.647227  42.363628
  6.250000e-03  41.291742  41.941914
  7.500000e-03  40.938112  41.502822
  8.750000e-03  40.567201  41.073969
  1.000000e-02  40.198330  40.673461
  1.125000e-02  39.856820  40.310142
  1.250000e-02  39.556658  39.986386
  1.375000e-02  39.298654  39.699793
  1.500000e-02  39.075465  39.444926
  1.625000e-02  38.877184  39.215393
  1.750000e-02  38.695156  39.005447
  1.875000e-02  38.523731  38.810730
  2.000000e-02  38.360345  38.628343
  2.125000e-02  38.204578  38.456547
  2.250000e-02  38.056921  38.294366
  2.375000e-02  37.917812  38.141263
  2.500000e-02  37.787216  37.996906
  2.625000e-02  37.664652  37.861007
  2.750000e-02  37.549425  37.733241
  2.875000e-02  37.440853  37.613198
  3.000000e-02  37.338366  37.500395
  3.125000e-02  37.241510  37.394304
  3.250000e-02  37.149898  37.294392
  3.375000e-02  37.063165  37.200145
  3.500000e-02  36.980944  37.111085
  3.625000e-02  36.902869  37.026773
  3.750000e-02  36.828595  36.946813
  3.875000e-02  36.757813  36.870853
  4.000000e-02  36.690258  36.798579
  4.125000e-02  36.625708  36.729717
  4.250000e-02  36.563977  36.664028
  4.375000e-02  36.504906  36.601300
  4.500000e-02  36.448356  36.541350
  4.625000e-02  36.394200  36.484010
  4.750000e-02  36.342316  36.429133
  4.875000e-02  36.292587  36.376579
  5.000000e-02  36.244899  36.326219
  5.125000e-02  36.199135  36.277926
  5.250000e-02  36.155178  36.231581
  5.375000e-02  36.112914  36.187068
  5.500000e-02  36.072231  36.144274
  5.625000e-02  36.033024  36.103094
  5.750000e-02  35.995195  36.063425
  5.875000e-02  35.958656  36.025173
  6.000000e-02  35.923326  35.988250
  6.125000e-02  35.889134  35.952575
  6.250000e-02  35.856015  35.918072
  6.375000e-02  35.823910  35.884673
  6.500000e-02  35.792764  35.852315
  6.625000e-02  35.762527  35.820939
  6.750000e-02  35.733152  35.790493
  6.875000e-02  35.704595  35.760927
  7.000000e-02  35.676814  35.732196
  7.125000e-02  35.649773  35.704257
  7.250000e-02  35.623435  35.677071
  7.375000e-02  35.597769  35.650602
  7.500000e-02  35.572743  35.624816
  7.625000e-02  35.548330  35.599681
  7.750000e-02  35.524503  35.575169
  7.875000e-02  35.501237  35.551251
  8.000000e-02  35.478510  35.527903
  8.125000e-02  35.456300  35.505100
  8.250000e-02  35.434586  35.482820
  8.375000e-02  35.413350  35.461043
  8.500000e-02  35.392575  35.439750
  8.625000e-02  35.372243  35.418920
  8.750000e-02  35.352339  35.398539
  8.875000e-02  35.332848  35.378589
  9.000000e-02  35.313756  35.359056
  9.125000e-02  35.295049  35.339925
  9.250000e-02  35.276717  35.321182
  9.375000e-02  35.258746  35.302815
  9.500000e-02  35.241125  35.284813
  9.625000e-02  35.223844  35.267163
  9.750000e-02  35.206893  35.249854
  9.875000e-02  35.190262  35.232878
  1.000000e-01  35.173943  35.216223
  1.012500e-01  35.157925  35.199880
  1.025000e-01  35.142202  35.183841
  1.037500e-01  35.126764  35.168097
  1.050000e-01  35.111605  35.152640
  1.062500e-01  35.096717  35.137462
  1.075000e-01  35.082093  35.122557
  1.087500e-01  35.067727  35.107916
  1.100000e-01  35.053611  35.093534
  1.112500e-01  35.039741  35.079403
  1.125000e-01  35.026109  35.065517
  1.137500e-01  35.012711  35.051872
  1.150000e-01  34.999540  35.038459
  1.162500e-01  34.986591  35.025275
  1.175000e-01  34.973860  35.012314
  1.187500e-01  34.961341  34.999570
  1.200000e-01  34.949029  34.987039
  1.212500e-01  34.936920  34.974715
  1.225000e-01  34.925010  34.962595
  1.237500e-01  34.913294  34.950674
  1.250000e-01  34.901768  34.938947
  1.262500e-01  34.890428  34.927411
  1.275000e-01  34.879270  34.916060
  1.287500e-01  34.868290  34.904892
  1.300000e-01  34.857485  34.893902
  1.312500e-01  34.846850  34.883087
  1.325000e-01  34.836384  34.872444
  1.337500e-01  34.826081  34.861968
  1.350000e-01  34.815940  34.851656
  1.362500e-01  34.805956  34.841506
  1.375000e-01  34.796127  34.831513
  1.387500e-01  34.786450  34.821676
  1.400000e-01  34.776921  34.811990
  1.412500e-01  34.767539  34.802453
  1.425000e-01  34.758300  34.793063
  1.437500e-01  34.749201  34.783815
  1.450000e-01  34.740240  34.774709
  1.462500e-01  34.731415  34.765740
  1.475000e-01  34.722722  34.756907
  1.487500e-01  34.714160  34.748206
  1.500000e-01  34.705726  34.739637
  1.512500e-01  34.697418  34.731195
  1.525000e-01  34.689233  34.722880
  1.537500e-01  34.681169  34.714688
  1.550000e-01  34.673225  34.706617
  1.562500e-01  34.665398  34.698665
  1.575000e-01  34.657685  34.690831
  1.587500e-01  34.650086  34.683112
  1.600000e-01  34.642597  34.675506
  1.612500e-01  34.635218  34.668010
  1.625000e-01  34.627946  34.660624
  1.637500e-01  34.620779  34.653346
  1.650000e-01  34.613716  34.646172
  1.662500e-01  34.606754  34.639102
  1.675000e-01  34.599892  34.632134
  1.687500e-01  34.593129  34.625267
  1.700000e-01  34.586463  34.618497
  1.712500e-01  34.579891  34.611824
  1.725000e-01  34.573413  34.605247
  1.737500e-01  34.567027  34.598763
  1.750000e-01  34.560731  34.592371
  1.762500e-01  34.554524  34.586069
  1.775000e-01  34.548404  34.579856
  1.787500e-01  34.542370  34.573731
  1.800000e-01  34.536421  34.567691
  1.812500e-01  34.530555  34.561737
  1.825000e-01  34.524771  34.555865
  1.837500e-01  34.519067  34.550075
  1.850000e-01  34.513442  34.544366
  1.862500e-01  34.507895  34.538735
  1.875000e-01  34.502424  34.533183
  1.887500e-01  34.497029  34.527707
  1.900000e-01  34.491707  34.522307
  1.912500e-01  34.486459  34.516980
  1.925000e-01  34.481282  34.511727
  1.937500e-01  34.476176  34.506545
  1.950000e-01  34.471139  34.501434
  1.962500e-01  34.466170  34.496392
  1.975000e-01  34.461269  34.491419
  1.987500e-01  34.456433  34.486513
  2.000000e-01  34.451663  34.481673
  2.012500e-01  34.446957  34.476898
  2.025000e-01  34.442313  34.472187
  2.037500e-01  34.437732  34.467539
  2.050000e-01  34.433211  34.462953
  2.062500e-01  34.428751  34.458428
  2.075000e-01  34.424350  34.453963
  2.087500e-01  34.420006  34.449558
  2.100000e-01  34.415720  34.445210
  2.112500e-01  34.411491  34.440920
  2.125000e-01  34.407316  34.436686
  2.137500e-01  34.403197  34.432508
  2.150000e-01  34.399131  34.428384
  2.162500e-01  34.395117  34.424314
  2.175000e-01  34.391156  34.420297
  2.187500e-01  34.387246  34.416332
  2.200000e-01  34.383387  34.412418
  2.212500e-01  34.379577  34.408555
  2.225000e-01  34.375816  34.404742
  2.237500e-01  34.372103  34.400977
  2.250000e-01  34.368438  34.397260
  2.262500e-01  34.364819  34.393591
  2.275000e-01  34.361246  34.389969
  2.287500e-01  34.357718  34.386393
  2.300000e-01  34.354235  34.382862
  2.312500e-01  34.350796  34.379375
  2.325000e-01  34.347400  34.375932
  2.337500e-01  34.344046  34.372533
  2.350000e-01  34.340735  34.369176
  2.362500e-01  34.337464  34.365861
  2.375000e-01  34.334234  34.362588
  2.387500e-01  34.331044  34.359355
  2.400000e-01  34.327894  34.356162
  2.412500e-01  34.324782  34.353008
  2.425000e-01  34.321709  34.349894
  2.437500e-01  34.318673  34.346817
  2.450000e-01  34.315675  34.343779
  2.462500e-01  34.312713  34.340777
  2.475000e-01  34.309787  34.337812
  2.487500e-01  34.306896  34.334884
  2.500000e-01  34.304041  34.331990
  2.512500e-01  34.301220  34.329132
  2.525000e-01  34.298433  34.326308
  2.537500e-01  34.295679  34.323518
  2.550000e-01  34.292958  34.320762
  2.562500e-01  34.290270  34.318039
  2.575000e-01  34.287614  34.315348
  2.587500e-01  34.284989  34.312689
  2.600000e-01  34.282395  34.310062
  2.612500e-01  34.279833  34.307466
  2.625000e-01  34.277300  34.304901
  2.637500e-01  34.274797  34.302366
  2.650000e-01  34.272323  34.299861
  2.662500e-01  34.269879  34.297385
  2.675000e-01  34.267463  34.294938
  2.687500e-01  34.265075  34.292520
  2.700000e-01  34.262715  34.290129
  2.712500e-01  34.260382  34.287767
  2.725000e-01  34.258076  34.285432
  2.737500e-01  34.255797  34.283124
  2.750000e-01  34.253544  34.280843
  2.762500e-01  34.251317  34.278588
  2.775000e-01  34.249115  34.276359
  2.787500e-01  34.246939  34.274155
  2.800000e-01  34.244788  34.271977
  2.812500e-01  34.242661  34.269823
  2.825000e-01  34.240558  34.267694
  2.837500e-01  34.238479  34.265589
  2.850000e-01  34.236423  34.263508
  2.862500e-01  34.234391  34.261451
  2.875000e-01  34.232381  34.259417
  2.887500e-01  34.230395  34.257406
  2.900000e-01  34.228430  34.255417
  2.912500e-01  34.226487  34.253451
  2.925000e-01  34.224567  34.251506
  2.937500e-01  34.222667  34.249584
  2.950000e-01  34.220789  34.247683
  2.962500e-01  34.218932  34.245803
  2.975000e-01  34.217095  34.243944
  2.987500e-01  34.215278  34.242105
  3.000000e-01  34.213482  34.240287
  3.012500e-01  34.211705  34.238489
  3.025000e-01  34.209949  34.236711
  3.037500e-01  34.208211  34.234953
  3.050000e-01  34.206492  34.233214
  3.062500e-01  34.204793  34.231494
  3.075000e-01  34.203111  34.229792
  3.087500e-01  34.201449  34.228110
  3.100000e-01  34.199804  34.226445
  3.112500e-01  34.198177  34.224799
  3.125000e-01  34.196568  34.223171
  3.137500e-01  34.194977  34.221561
  3.150000e-01  34.193403  34.219968
  3.162500e-01  34.191845  34.218392
  3.175000e-01  34.190305  34.216834
  3.187500e-01  34.188781  34.215292
  3.200000e-01  34.187274  34.213767
  3.212500e-01  34.185783  34.212258
  3.225000e-01  34.184308  34.210766
  3.237500e-01  34.182849  34.209290
  3.250000e-01  34.181405  34.207829
  3.262500e-01  34.179977  34.206385
  3.275000e-01  34.178564  34.204955
  3.287500e-01  34.177167  34.203541
  3.300000e-01  34.175784  34.202143
  3.312500e-01  34.174416  34.200759
  3.325000e-01  34.173063  34.199390
  3.337500e-01  34.171724  34.198035
  3.350000e-01  34.170399  34.196695
  3.362500e-01  34.169089  34.195369
  3.375000e-01  34.167792  34.194058
  3.387500e-01  34.166509  34.192760
  3.400000e-01  34.165240  34.191476
  3.412500e-01  34.163984  34.190206
  3.425000e-01  34.162742  34.188949
  3.437500e-01  34.161512  34.187705
  3.450000e-01  34.160296  34.186475
  3.462500e-01  34.159092  34.185258
  3.475000e-01  34.157902  34.184053
  3.487500e-01  34.156723  34.182861
  3.500000e-01  34.155557  34.181682
  3.512500e-01  34.154404  34.180515
  3.525000e-01  34.153263  34.179361
  3.537500e-01  34.152133  34.178219
  3.550000e-01  34.151016  34.177088
  3.562500e-01  34.149910  34.175970
  3.575000e-01  34.148816  34.174864
  3.587500e-01  34.147734  34.173769
  3.600000e-01  34.146662  34.172685
  3.612500e-01  34.145602  34.171613
  3.625000e-01  34.144554  34.170552
  3.637500e-01  34.143516  34.169503
  3.650000e-01  34.142489  34.168464
  3.662500e-01  34.141473  34.167436
  3.675000e-01  34.140467  34.166419
  3.687500e-01  34.139472  34.165413
  3.700000e-01  34.138488  34.164417
  3.712500e-01  34.137513  34.163432
  3.725000e-01  34.136549  34.162457
  3.737500e-01  34.135595  34.161492
  3.750000e-01  34.134651  34.160537
  3.762500e-01  34.133717  34.159593
  3.775000e-01  34.132793  34.158658
  3.787500e-01  34.131878  34.157733
  3.800000e-01  34.130973  34.156817
  3.812500e-01  34.130078  34.155912
  3.825000e-01  34.129191  34.155015
  3.837500e-01  34.128314  34.154128
  3.850000e-01  34.127446  34.153251
  3.862500e-01  34.126588  34.152382
  3.875000e-01  34.125738  34.151523
  3.887500e-01  34.124897  34.150672
  3.900000e-01  34.124065  34.149831
  3.912500e-01  34.123242  34.148998
  3.925000e-01  34.122427  34.148174
  3.937500e-01  34.121621  34.147359
  3.950000e-01  34.120823  34.146552
  3.962500e-01  34.120033  34.145753
  3.975000e-01  34.119252  34.144963
  3.987500e-01  34.118479  34.144181
  4.000000e-01  34.117714  34.143408
  4.012500e-01  34.116957  34.142642
  4.025000e-01  34.116208  34.141885
  4.037500e-01  34.115467  34.141135
  4.050000e-01  34.114733  34.140393
  4.062500e-01  34.114007  34.139659
  4.075000e-01  34.113289  34.138933
  4.087500e-01  34.112578  34.138214
  4.100000e-01  34.111875  34.137503
  4.112500e-01  34.111179  34.136799
  4.125000e-01  34.110491  34.136103
  4.137500e-01  34.109809  34.135413
  4.150000e-01  34.109135  34.134732
  4.162500e-01  34.108468  34.134057
  4.175000e-01  34.107808  34.133389
  4.187500e-01  34.107154  34.132728
  4.200000e-01  34.106508  34.132075
  4.212500e-01  34.105868  34.131428
  4.225000e-01  34.105235  34.130788
  4.237500e-01  34.104609  34.130154
  4.250000e-01  34.103989  34.129528
  4.262500e-01  34.103376  34.128907
  4.275000e-01  34.102769  34.128294
  4.287500e-01  34.102169  34.127687
  4.300000e-01  34.101575  34.127086
  4.312500e-01  34.100987  34.126491
  4.325000e-01  34.100405  34.125903
  4.337500e-01  34.099830  34.125321
  4.350000e-01  34.099260  34.124745
  4.362500e-01  34.098697  34.124175
  4.375000e-01  34.098139  34.123611
  4.387500e-01  34.097587  34.123053
  4.400000e-01  34.097042  34.122501
  4.412500e-01  34.096501  34.121955
  4.425000e-01  34.095967  34.121414
  4.437500e-01  34.095438  34.120879
  4.450000e-01  34.094915  34.120350
  4.462500e-01  34.094397  34.119826
  4.475000e-01  34.093885  34.119308
  4.487500e-01  34.093378  34.118796
  4.500000e-01  34.092876  34.118288
  4.512500e-01  34.092380  34.117786
  4.525000e-01  34.091889  34.117290
  4.537500e-01  34.091403  34.116798
  4.550000e-01  34.090923  34.116312
  4.562500e-01  34.090447  34.115831
  4.575000e-01  34.089977  34.115355
  4.587500e-01  34.089511  34.114885
  4.600000e-01  34.089050  34.114419
  4.612500e-01  34.088594  34.113958
  4.625000e-01  34.088144  34.113501
  4.637500e-01  34.087697  34.113050
  4.650000e-01  34.087256  34.112604
  4.662500e-01  34.086819  34.112162
  4.675000e-01  34.086387  34.111725
  4.687500e-01  34.085959  34.111292
  4.700000e-01  34.085536  34.110865
  4.712500e-01  34.085118  34.110441
  4.725000e-01  34.084704  34.110022
  4.737500e-01  34.084294  34.109608
  4.750000e-01  34.083889  34.109198
  4.762500e-01  34.083488  34.108792
  4.775000e-01  34.083091  34.108391
  4.787500e-01  34.082698  34.107994
  4.800000e-01  34.082310  34.107601
  4.812500e-01  34.081926  34.107212
  4.825000e-01  34.081545  34.106828
  4.837500e-01  34.081169  34.106448
  4.850000e-01  34.080797  34.106071
  4.862500e-01  34.080429  34.105699
  4.875000e-01  34.080065  34.105330
  4.887500e-01  34.079704  34.104966
  4.900000e-01  34.079348  34.104605
  4.912500e-01  34.078995  34.104248
  4.925000e-01  34.078646  34.103896
  4.937500e-01  34.078301  34.103546
  4.950000e-01  34.077959  34.103201
  4.962500e-01  34.077621  34.102859
  4.975000e-01  34.077287  34.102521
  4.987500e-01  34.076956  34.102186
  5.000000e-01  34.076629  34.101855
  5.012500e-01  34.076306  34.101528
  5.025000e-01  34.075985  34.101204
  5.037500e-01  34.075669  34.100884
  5.050000e-01  34.075355  34.100567
  5.062500e-01  34.075045  34.100253
  5.075000e-01  34.074738  34.099943
  5.087500e-01  34.074435  34.099636
  5.100000e-01  34.074135  34.099332
  5.112500e-01  34.073838  34.099032
  5.125000e-01  34.073544  34.098735
  5.137500e-01  34.073253  34.098441
  5.150000e-01  34.072966  34.098150
  5.162500e-01  34.072681  34.097862
  5.175000e-01  34.072400  34.097577
  5.187500e-01  34.072121  34.097296
  5.200000e-01  34.071846  34.097017
  5.212500e-01  34.071573  34.096741
  5.225000e-01  34.071304  34.096469
  5.237500e-01  34.071037  34.096199
  5.250000e-01  34.070773  34.095932
  5.262500e-01  34.070512  34.095668
  5.275000e-01  34.070254  34.095407
  5.287500e-01  34.069999  34.095149
  5.300000e-01  34.069746  34.094893
  5.312500e-01  34.069496  34.094641
  5.325000e-01  34.069249  34.094391
  5.337500e-01  34.069005  34.094143
  5.350000e-01  34.068763  34.093898
  5.362500e-01  34.068523  34.093656
  5.375000e-01  34.068287  34.093417
  5.387500e-01  34.068052  34.093180
  5.400000e-01  34.067821  34.092946
  5.412500e-01  34.067592  34.092714
  5.425000e-01  34.067365  34.092484
  5.437500e-01  34.067141  34.092258
  5.450000e-01  34.066919  34.092033
  5.462500e-01  34.066699  34.091811
  5.475000e-01  34.066482  34.091592
  5.487500e-01  34.066268  34.091374
  5.500000e-01  34.066055  34.091159
  5.512500e-01  34.065845  34.090947
  5.525000e-01  34.065637  34.090737
  5.537500e-01  34.065431  34.090529
  5.550000e-01  34.065228  34.090323
  5.562500e-01  34.065027  34.090119
  5.575000e-01  34.064828  34.089918
  5.587500e-01  34.064631  34.089719
  5.600000e-01  34.064436  34.089522
  5.612500e-01  34.064243  34.089327
  5.625000e-01  34.064053  34.089134
  5.637500e-01  34.063864  34.088943
  5.650000e-01  34.063678  34.088755
  5.662500e-01  34.063493  34.088568
  5.675000e-01  34.063311  34.088384
  5.687500e-01  34.063130  34.088201
  5.700000e-01  34.062952  34.088020
  5.712500e-01  34.062775  34.087842
  5.725000e-01  34.062601  34.087665
  5.737500e-01  34.062428  34.087490
  5.750000e-01  34.062257  34.087317
  5.762500e-01  34.062088  34.087146
  5.775000e-01  34.061920  34.086977
  5.787500e-01  34.061755  34.086810
  5.800000e-01  34.061591  34.086644
  5.812500e-01  34.061429  34.086480
  5.825000e-01  34.061269  34.086318
  5.837500e-01  34.061111  34.086158
  5.850000e-01  34.060954  34.086000
  5.862500e-01  34.060799  34.085843
  5.875000e-01  34.060646  34.085688
  5.887500e-01  34.060494  34.085534
  5.900000e-01  34.060344  34.085383
  5.912500e-01  34.060196  34.085232
  5.925000e-01  34.060049  34.085084
  5.937500e-01  34.059904  34.084937
  5.950000e-01  34.059760  34.084792
  5.962500e-01  34.059618  34.084648
  5.975000e-01  34.059478  34.084506
  5.987500e-01  34.059339  34.084365
  6.000000e-01  34.059201  34.084226
  6.012500e-01  34.059065  34.084089
  6.025000e-01  34.058931  34.083953
  6.037500e-01  34.058798  34.083818
  6.050000e-01  34.058666  34.083685
  6.062500e-01  34.058536  34.083553
  6.075000e-01  34.058407  34.083423
  6.087500e-01  34.058280  34.083294
  6.100000e-01  34.058154  34.083167
  6.112500e-01  34.058029  34.083041
  6.125000e-01  34.057906  34.082916
  6.137500e-01  34.057784  34.082793
  6.150000e-01  34.057664  34.082671
  6.162500e-01  34.057544  34.082550
  6.175000e-01  34.057426  34.082431
  6.187500e-01  34.057310  34.082313
  6.200000e-01  34.057194  34.082196
  6.212500e-01  34.057080  34.082080
  6.225000e-01  34.056967  34.081966
  6.237500e-01  34.056855  34.081853
  6.250000e-01  34.056745  34.081741
  6.262500e-01  34.056636  34.081631
  6.275000e-01  34.056527  34.081521
  6.287500e-01  34.056421  34.081413
  6.300000e-01  34.056315  34.081306
  6.312500e-01  34.056210  34.081200
  6.325000e-01  34.056107  34.081096
  6.337500e-01  34.056004  34.080992
  6.350000e-01  34.055903  34.080890
  6.362500e-01  34.055803  34.080788
  6.375000e-01  34.055704  34.080688
  6.387500e-01  34.055606  34.080589
  6.400000e-01  34.055509  34.080491
  6.412500e-01  34.055413  34.080394
  6.425000e-01  34.055318  34.080298
  6.437500e-01  34.055224  34.080203
  6.450000e-01  34.055132  34.080109
  6.462500e-01  34.055040  34.080017
  6.475000e-01  34.054949  34.079925
  6.487500e-01  34.054859  34.079834
  6.500000e-01  34.054771  34.079744
  6.512500e-01  34.054683  34.079655
  6.525000e-01  34.054596  34.079567
  6.537500e-01  34.054510  34.079481
  6.550000e-01  34.054425  34.079395
  6.562500e-01  34.054341  34.079310
  6.575000e-01  34.054258  34.079225
  6.587500e-01  34.054176  34.079142
  6.600000e-01  34.054094  34.079060
  6.612500e-01  34.054014  34.078978
  6.625000e-01  34.053934  34.078898
  6.637500e-01  34.053855  34.078818
  6.650000e-01  34.053778  34.078740
  6.662500e-01  34.053701  34.078662
  6.675000e-01  34.053624  34.078585
  6.687500e-01  34.053549  34.078508
  6.700000e-01  34.053475  34.078433
  6.712500e-01  34.053401  34.078358
  6.725000e-01  34.053328  34.078285
  6.737500e-01  34.053256  34.078212
  6.750000e-01  34.053184  34.078140
  6.762500e-01  34.053114  34.078068
  6.775000e-01  34.053044  34.077998
  6.787500e-01  34.052975  34.077928
  6.800000e-01  34.052907  34.077859
  6.812500e-01  34.052839  34.077790
  6.825000e-01  34.052772  34.077723
  6.837500e-01  34.052706  34.077656
  6.850000e-01  34.052641  34.077590
  6.862500e-01  34.052576  34.077524
  6.875000e-01  34.052512  34.077460
  6.887500e-01  34.052449  34.077396
  6.900000e-01  34.052387  34.077332
  6.912500e-01  34.052325  34.077270
  6.925000e-01  34.052264  34.077208
  6.937500e-01  34.052203  34.077147
  6.950000e-01  34.052143  34.077086
  6.962500e-01  34.052084  34.077026
  6.975000e-01  34.052025  34.076967
  6.987500e-01  34.051967  34.076908
  7.000000e-01  34.051910  34.076850
  7.012500e-01  34.051853  34.076793
  7.025000e-01  34.051797  34.076736
  7.037500e-01  34.051742  34.076680
  7.050000e-01  34.051687  34.076625
  7.062500e-01  34.051633  34.076570
  7.075000e-01  34.051579  34.076516
  7.087500e-01  34.051526  34.076462
  7.100000e-01  34.051474  34.076409
  7.112500e-01  34.051422  34.076356
  7.125000e-01  34.051370  34.076304
  7.137500e-01  34.051319  34.076253
  7.150000e-01  34.051269  34.076202
  7.162500e-01  34.051220  34.076152
  7.175000e-01  34.051170  34.076102
  7.187500e-01  34.051122  34.076053
  7.200000e-01  34.051074  34.076004
  7.212500e-01  34.051026  34.075956
  7.225000e-01  34.050979  34.075908
  7.237500e-01  34.050932  34.075861
  7.250000e-01  34.050886  34.075815
  7.262500e-01  34.050841  34.075769
  7.275000e-01  34.050796  34.075723
  7.287500e-01  34.050751  34.075678
  7.300000e-01  34.050707  34.075633
  7.312500e-01  34.050664  34.075589
  7.325000e-01  34.050621  34.075546
  7.337500e-01  34.050578  34.075503
  7.350000e-01  34.050536  34.075460
  7.362500e-01  34.050494  34.075418
  7.375000e-01  34.050453  34.075376
  7.387500e-01  34.050412  34.075335
  7.400000e-01  34.050372  34.075294
  7.412500e-01  34.050332  34.075254
  7.425000e-01  34.050292  34.075214
  7.437500e-01  34.050253  34.075174
  7.450000e-01  34.050215  34.075135
  7.462500e-01  34.050176  34.075096
  7.475000e-01  34.050138  34.075058
  7.487500e-01  34.050101  34.075020
  7.500000e-01  34.050064  34.074983
  7.512500e-01  34.050028  34.074946
  7.525000e-01  34.049991  34.074909
  7.537500e-01  34.049956  34.074873
  7.550000e-01  34.049920  34.074837
  7.562500e-01  34.049885  34.074802
  7.575000e-01  34.049851  34.074767
  7.587500e-01  34.049816  34.074732
  7.600000e-01  34.049782  34.074698
  7.612500e-01  34.049749  34.074664
  7.625000e-01  34.049716  34.074630
  7.637500e-01  34.049683  34.074597
  7.650000e-01  34.049651  34.074564
  7.662500e-01  34.049618  34.074532
  7.675000e-01  34.049587  34.074500
  7.687500e-01  34.049555  34.074468
  7.700000e-01  34.049524  34.074437
  7.712500e-01  34.049494  34.074406
  7.725000e-01  34.049463  34.074375
  7.737500e-01  34.049433  34.074345
  7.750000e-01  34.049403  34.074314
  7.762500e-01  34.049374  34.074285
  7.775000e-01  34.049345  34.074255
  7.787500e-01  34.049316  34.074226
  7.800000e-01  34.049288  34.074197
  7.812500e-01  34.049260  34.074169
  7.825000e-01  34.049232  34.074141
  7.837500e-01  34.049204  34.074113
  7.850000e-01  34.049177  34.074085
  7.862500e-01  34.049150  34.074058
  7.875000e-01  34.049124  34.074031
  7.887500e-01  34.049097  34.074005
  7.900000e-01  34.049071  34.073978
  7.912500e-01  34.049045  34.073952
  7.925000e-01  34.049020  34.073926
  7.937500e-01  34.048995  34.073901
  7.950000e-01  34.048970  34.073876
  7.962500e-01  34.048945  34.073851
  7.975000e-01  34.048921  34.073826
  7.987500e-01  34.048897  34.073802
  8.000000e-01  34.048873  34.073777
  8.012500e-01  34.048849  34.073754
  8.025000e-01  34.048826  34.073730
  8.037500e-01  34.048803  34.073707
  8.050000e-01  34.048780  34.073683
  8.062500e-01  34.048757  34.073661
  8.075000e-01  34.048735  34.073638
  8.087500e-01  34.048713  34.073616
  8.100000e-01  34.048691  34.073593
  8.112500e-01  34.048669  34.073572
  8.125000e-01  34.048648  34.073550
  8.137500e-01  34.048627  34.073528
  8.150000e-01  34.048606  34.073507
  8.162500e-01  34.048585  34.073486
  8.175000e-01  34.048564  34.073466
  8.187500e-01  34.048544  34.073445
  8.200000e-01  34.048524  34.073425
  8.212500e-01  34.048504  34.073405
  8.225000e-01  34.048485  34.073385
  8.237500e-01  34.048465  34.073365
  8.250000e-01  34.048446  34.073346
  8.262500e-01  34.048427  34.073327
  8.275000e-01  34.048408  34.073308
  8.287500e-01  34.048390  34.073289
  8.300000e-01  34.048371  34.073270
  8.312500e-01  34.048353  34.073252
  8.325000e-01  34.048335  34.073234
  8.337500e-01  34.048318  34.073216
  8.350000e-01  34.048300  34.073198
  8.362500e-01  34.048283  34.073180
  8.375000e-01  34.048265  34.073163
  8.387500e-01  34.048248  34.073146
  8.400000e-01  34.048232  34.073129
  8.412500e-01  34.048215  34.073112
  8.425000e-01  34.048198  34.073095
  8.437500e-01  34.048182  34.073079
  8.450000e-01  34.048166  34.073063
  8.462500e-01  34.048150  34.073046
  8.475000e-01  34.048134  34.073030
  8.487500e-01  34.048119  34.073015
  8.500000e-01  34.048103  34.072999
  8.512500e-01  34.048088  34.072984
  8.525000e-01  34.048073  34.072968
  8.537500e-01  34.048058  34.072953
  8.550000e-01  34.048043  34.072938
  8.562500e-01  34.048029  34.072924
  8.575000e-01  34.048014  34.072909
  8.587500e-01  34.048000  34.072895
  8.600000e-01  34.047986  34.072880
  8.612500e-01  34.047972  34.072866
  8.625000e-01  34.047958  34.072852
  8.637500e-01  34.047944  34.072838
  8.650000e-01  34.047931  34.072825
  8.662500e-01  34.047917  34.072811
  8.675000e-01  34.047904  34.072798
  8.687500e-01  34.047891  34.072784
  8.700000e-01  34.047878  34.072771
  8.712500e-01  34.047865  34.072758
  8.725000e-01  34.047853  34.072746
  8.737500e-01  34.047840  34.072733
  8.750000e-01  34.047828  34.072720
  8.762500e-01  34.047816  34.072708
  8.775000e-01  34.047803  34.072696
  8.787500e-01  34.047791  34.072684
  8.800000e-01  34.047780  34.072672
  8.812500e-01  34.047768  34.072660
  8.825000e-01  34.047756  34.072648
  8.837500e-01  34.047745  34.072636
  8.850000e-01  34.047733  34.072625
  8.862500e-01  34.047722  34.072613
  8.875000e-01  34.047711  34.072602
  8.887500e-01  34.047700  34.072591
  8.900000e-01  34.047689  34.072580
  8.912500e-01  34.047678  34.072569
  8.925000e-01  34.047668  34.072558
  8.937500e-01  34.047657  34.072548
  8.950000e-01  34.047647  34.072537
  8.962500e-01  34.047637  34.072527
  8.975000e-01  34.047626  34.072517
  8.987500e-01  34.047616  34.072506
  9.000000e-01  34.047606  34.072496
  9.012500e-01  34.047596  34.072486
  9.025000e-01  34.047587  34.072476
  9.037500e-01  34.047577  34.072467
  9.050000e-01  34.047567  34.072457
  9.062500e-01  34.047558  34.072447
  9.075000e-01  34.047549  34.072438
  9.087500e-01  34.047539  34.072429
  9.100000e-01  34.047530  34.072419
  9.112500e-01  34.047521  34.072410
  9.125000e-01  34.047512  34.072401
  9.137500e-01  34.047504  34.072392
  9.150000e-01  34.047495  34.072383
  9.162500e-01  34.047486  34.072375
  9.175000e-01  34.047478  34.072366
  9.187500e-01  34.047469  34.072357
  9.200000e-01  34.047461  34.072349
  9.212500e-01  34.047452  34.072341
  9.225000e-01  34.047444  34.072332
  9.237500e-01  34.047436  34.072324
  9.250000e-01  34.047428  34.072316
  9.262500e-01  34.047420  34.072308
  9.275000e-01  34.047412  34.072300
  9.287500e-01  34.047405  34.072292
  9.300000e-01  34.047397  34.072284
  9.312500e-01  34.047389  34.072277
  9.325000e-01  34.047382  34.072269
  9.337500e-01  34.047374  34.072262
  9.350000e-01  34.047367  34.072254
  9.362500e-01  34.047360  34.072247
  9.375000e-01  34.047353  34.072240
  9.387500e-01  34.047346  34.072232
  9.400000e-01  34.047339  34.072225
  9.412500e-01  34.047332  34.072218
  9.425000e-01  34.047325  34.072211
  9.437500e-01  34.047318  34.072204
  9.450000e-01  34.047311  34.072198
  9.462500e-01  34.047305  34.072191
  9.475000e-01  34.047298  34.072184
  9.487500e-01  34.047291  34.072178
  9.500000e-01  34.047285  34.072171
  9.512500e-01  34.047279  34.072165
  9.525000e-01  34.047272  34.072158
  9.537500e-01  34.047266  34.072152
  9.550000e-01  34.047260  34.072146
  9.562500e-01  34.047254  34.072140
  9.575000e-01  34.047248  34.072133
  9.587500e-01  34.047242  34.072127
  9.600000e-01  34.047236  34.072121
  9.612500e-01  34.047230  34.072115
  9.625000e-01  34.047224  34.072110
  9.637500e-01  34.047219  34.072104
  9.650000e-01  34.047213  34.072098
  9.662500e-01  34.047207  34.072092
  9.675000e-01  34.047202  34.072087
  9.687500e-01  34.047196  34.072081
  9.700000e-01  34.047191  34.072076
  9.712500e-01  34.047185  34.072070
  9.725000e-01  34.047180  34.072065
  9.737500e-01  34.047175  34.072060
  9.750000e-01  34.047170  34.072055
  9.762500e-01  34.047165  34.072049
  9.775000e-01  34.047160  34.072044
  9.787500e-01  34.047155  34.072039
  9.800000e-01  34.047150  34.072034
  9.812500e-01  34.047145  34.072029
  9.825000e-01  34.047140  34.072024
  9.837500e-01  34.047135  34.072019
  9.850000e-01  34.047130  34.072015
  9.862500e-01  34.047126  34.072010
  9.875000e-01  34.047121  34.072005
  9.887500e-01  34.047116  34.072000
  9.900000e-01  34.047112  34.071996
  9.912500e-01  34.047107  34.071991
  9.925000e-01  34.047103  34.071987
  9.937500e-01  34.047098  34.071982
  9.950000e-01  34.047094  34.071978
  9.962500e-01  34.047090  34.071974
  9.975000e-01  34.047085  34.071969
  9.987500e-01  34.047081  34.071965
  1.000000e+00  34.047077  34.071961
  1.001250e+00  34.047073  34.071957
  1.002500e+00  34.047069  34.071952
  1.003750e+00  34.047065  34.071948
  1.005000e+00  34.047061  34.071944
  1.006250e+00  34.047057  34.071940
  1.007500e+00  34.047053  34.071936
  1.008750e+00  34.047049  34.071932
  1.010000e+00  34.047045  34.071929
  1.011250e+00  34.047042  34.071925
  1.012500e+00  34.047038  34.071921
  1.013750e+00  34.047034  34.071917
  1.015000e+00  34.047030  34.071914
  1.016250e+00  34.047027  34.071910
  1.017500e+00  34.047023  34.071906
  1.018750e+00  34.047020  34.071903
  1.020000e+00  34.047016  34.071899
  1.021250e+00  34.047013  34.071896
  1.022500e+00  34.047009  34.071892
  1.023750e+00  34.047006  34.071889
  1.025000e+00  34.047003  34.071885
  1.026250e+00  34.046999  34.071882
  1.027500e+00  34.046996  34.071879
  1.028750e+00  34.046993  34.071875
  1.030000e+00  34.046989  34.071872
  1.031250e+00  34.046986  34.071869
  1.032500e+00  34.046983  34.071866
  1.033750e+00  34.046980  34.071863
  1.035000e+00  34.046977  34.071859
  1.036250e+00  34.046974  34.071856
  1.037500e+00  34.046971  34.071853
  1.038750e+00  34.046968  34.071850
  1.040000e+00  34.046965  34.071847
  1.041250e+00  34.046962  34.071844
  1.042500e+00  34.046959  34.071841
  1.043750e+00  34.046956  34.071839
  1.045000e+00  34.046954  34.071836
  1.046250e+00  34.046951  34.071833
  1.047500e+00  34.046948  34.071830
  1.048750e+00  34.046945  34.071827
  1.050000e+00  34.046943  34.071825
  1.051250e+00  34.046940  34.071822
  1.052500e+00  34.046937  34.071819
  1.053750e+00  34.046935  34.071817
  1.055000e+00  34.046932  34.071814
  1.056250e+00  34.046930  34.071811
  1.057500e+00  34.046927  34.071809
  1.058750e+00  34.046924  34.071806
  1.060000e+00  34.046922  34.071804
  1.061250e+00  34.046920  34.071801
  1.062500e+00  34.046917  34.071799
  1.063750e+00  34.046915  34.071796
  1.065000e+00  34.046912  34.071794
  1.066250e+00  34.046910  34.071792
  1.067500e+00  34.046908  34.071789
  1.068750e+00  34.046905  34.071787
  1.070000e+00  34.046903  34.071785
  1.071250e+00  34.046901  34.071782
  1.072500e+00  34.046899  34.071780
  1.073750e+00  34.046896  34.071778
  1.075000e+00  34.046894  34.071776
  1.076250e+00  34.046892  34.071774
  1.077500e+00  34.046890  34.071771
  1.078750e+00  34.046888  34.071769
  1.080000e+00  34.046886  34.071767
  1.081250e+00  34.046884  34.071765
  1.082500e+00  34.046882  34.071763
  1.083750e+00  34.046880  34.071761
  1.085000e+00  34.046878  34.071759
  1.086250e+00  34.046876  34.071757
  1.087500e+00  34.046874  34.071755
  1.088750e+00  34.046872  34.071753
  1.090000e+00  34.046870  34.071751
  1.091250e+00  34.046868  34.071749
  1.092500e+00  34.046866  34.071747
  1.093750e+00  34.046864  34.071745
  1.095000e+00  34.046863  34.071744
  1.096250e+00  34.046861  34.071742
  1.097500e+00  34.046859  34.071740
  1.098750e+00  34.046857  34.071738
  1.100000e+00  34.046855  34.071736
  1.101250e+00  34.046854  34.071735
  1.102500e+00  34.046852  34.071733
  1.103750e+00  34.046850  34.071731
  1.105000e+00  34.046849  34.071730
  1.106250e+00  34.046847  34.071728
  1.107500e+00  34.046845  34.071726
  1.108750e+00  34.046844  34.071725
  1.110000e+00  34.046842  34.071723
  1.111250e+00  34.046841  34.071721
  1.112500e+00  34.046839  34.071720
  1.113750e+00  34.046837  34.071718
  1.115000e+00  34.046836  34.071717
  1.116250e+00  34.046834  34.071715
  1.117500e+00  34.046833  34.071714
  1.118750e+00  34.046831  34.071712
  1.120000e+00  34.046830  34.071711
  1.121250e+00  34.046828  34.071709
  1.122500e+00  34.046827  34.071708
  1.123750e+00  34.046826  34.071706
  1.125000e+00  34.046824  34.071705
  1.126250e+00  34.046823  34.071703
  1.127500e+00  34.046821  34.071702
  1.128750e+00  34.046820  34.071701
  1.130000e+00  34.046819  34.071699
  1.131250e+00  34.046817  34.071698
  1.132500e+00  34.046816  34.071697
  1.133750e+00  34.046815  34.071695
  1.135000e+00  34.046813  34.071694
  1.136250e+00  34.046812  34.071693
  1.137500e+00  34.046811  34.071691
  1.138750e+00  34.046810  34.071690
  1.140000e+00  34.046808  34.071689
  1.141250e+00  34.046807  34.071688
  1.142500e+00  34.046806  34.071686
  1.143750e+00  34.046805  34.071685
  1.145000e+00  34.046804  34.071684
  1.146250e+00  34.046802  34.071683
  1.147500e+00  34.046801  34.071682
  1.148750e+00  34.046800  34.071680
  1.150000e+00  34.046799  34.071679
  1.151250e+00  34.046798  34.071678
  1.152500e+00  34.046797  34.071677
  1.153750e+00  34.046796  34.071676
  1.155000e+00  34.046795  34.071675
  1.156250e+00  34.046794  34.071674
  1.157500e+00  34.046792  34.071673
  1.158750e+00  34.046791  34.071672
  1.160000e+00  34.046790  34.071671
  1.161250e+00  34.046789  34.071669
  1.162500e+00  34.046788  34.071668
  1.163750e+00  34.046787  34.071667
  1.165000e+00  34.046786  34.071666
  1.166250e+00  34.046785  34.071665
  1.167500e+00  34.046784  34.071664
  1.168750e+00  34.046783  34.071663
  1.170000e+00  34.046782  34.071662
  1.171250e+00  34.046782  34.071662
  1.172500e+00  34.046781  34.071661
  1.173750e+00  34.046780  34.071660
  1.175000e+00  34.046779  34.071659
  1.176250e+00  34.046778  34.071658
  1.177500e+00  34.046777  34.071657
  1.178750e+00  34.046776  34.071656
  1.180000e+00  34.046775  34.071655
  1.181250e+00  34.046774  34.071654
  1.182500e+00  34.046773  34.071653
  1.183750e+00  34.046773  34.071653
  1.185000e+00  34.046772  34.071652
  1.186250e+00  34.046771  34.071651
  1.187500e+00  34.046770  34.071650
  1.188750e+00  34.046769  34.071649
  1.190000e+00  34.046769  34.071648
  1.191250e+00  34.046768  34.071648
  1.192500e+00  34.046767  34.071647
  1.193750e+00  34.046766  34.071646
  1.195000e+00  34.046765  34.071645
  1.196250e+00  34.046765  34.071644
  1.197500e+00  34.046764  34.071644
  1.198750e+00  34.046763  34.071643
  1.200000e+00  34.046762  34.071642
  1.201250e+00  34.046762  34.071641
  1.202500e+00  34.046761  34.071641
  1.203750e+00  34.046760  34.071640
  1.205000e+00  34.046760  34.071639
  1.206250e+00  34.046759  34.071639
  1.207500e+00  34.046758  34.071638
  1.208750e+00  34.046757  34.071637
  1.210000e+00  34.046757  34.071637
  1.211250e+00  34.046756  34.071636
  1.212500e+00  34.046755  34.071635
  1.213750e+00  34.046755  34.071635
  1.215000e+00  34.046754  34.071634
  1.216250e+00  34.046754  34.071633
  1.217500e+00  34.046753  34.071633
  1.218750e+00  34.046752  34.071632
  1.220000e+00  34.046752  34.071631
  1.221250e+00  34.046751  34.071631
  1.222500e+00  34.046750  34.071630
  1.223750e+00  34.046750  34.071629
  1.225000e+00  34.046749  34.071629
  1.226250e+00  34.046749  34.071628
  1.227500e+00  34.046748  34.071628
  1.228750e+00  34.046748  34.071627
  1.230000e+00  34.046747  34.071627
  1.231250e+00  34.046746  34.071626
  1.232500e+00  34.046746  34.071625
  1.233750e+00  34.046745  34.071625
  1.235000e+00  34.046745  34.071624
  1.236250e+00  34.046744  34.071624
  1.237500e+00  34.046744  34.071623
  1.238750e+00  34.046743  34.071623
  1.240000e+00  34.046743  34.071622
  1.241250e+00  34.046742  34.071622
  1.242500e+00  34.046742  34.071621
  1.243750e+00  34.046741  34.071621
  1.245000e+00  34.046741  34.071620
  1.246250e+00  34.046740  34.071620
  1.247500e+00  34.046740  34.071619
  1.248750e+00  34.046739  34.071619
  1.250000e+00  34.046739  34.071618
  1.251250e+00  34.046738  34.071618
  1.252500e+00  34.046738  34.071617
  1.253750e+00  34.046737  34.071617
  1.255000e+00  34.046737  34.071616
  1.256250e+00  34.046736  34.071616
  1.257500e+00  34.046736  34.071615
  1.258750e+00  34.046736  34.071615
  1.260000e+00  34.046735  34.071614
  1.261250e+00  34.046735  34.071614
  1.262500e+00  34.046734  34.071614
  1.263750e+00  34.046734  34.071613
  1.265000e+00  34.046733  34.071613
  1.266250e+00  34.046733  34.071612
  1.267500e+00  34.046733  34.071612
  1.268750e+00  34.046732  34.071612
  1.270000e+00  34.046732  34.071611
  1.271250e+00  34.046731  34.071611
  1.272500e+00  34.046731  34.071610
  1.273750e+00  34.046731  34.071610
  1.275000e+00  34.046730  34.071610
  1.276250e+00  34.046730  34.071609
  1.277500e+00  34.046729  34.071609
  1.278750e+00  34.046729  34.071608
  1.280000e+00  34.046729  34.071608
  1.281250e+00  34.046728  34.071608
  1.282500e+00  34.046728  34.071607
  1.283750e+00  34.046728  34.071607
  1.285000e+00  34.046727  34.071607
  1.286250e+00  34.046727  34.071606
  1.287500e+00  34.046727  34.071606
  1.288750e+00  34.046726  34.071606
  1.290000e+00  34.046726  34.071605
  1.291250e+00  34.046726  34.071605
  1.292500e+00  34.046725  34.071604
  1.293750e+00  34.046725  34.071604
  1.295000e+00  34.046725  34.071604
  1.296250e+00  34.046724  34.071604
  1.297500e+00  34.046724  34.071603
  1.298750e+00  34.046724  34.071603
  1.300000e+00  34.046723  34.071603
  1.301250e+00  34.046723  34.071602
  1.302500e+00  34.046723  34.071602
  1.303750e+00  34.046722  34.071602
  1.305000e+00  34.046722  34.071601
  1.306250e+00  34.046722  34.071601
  1.307500e+00  34.046722  34.071601
  1.308750e+00  34.046721  34.071600
  1.310000e+00  34.046721  34.071600
  1.311250e+00  34.046721  34.071600
  1.312500e+00  34.046720  34.071600
  1.313750e+00  34.046720  34.071599
  1.315000e+00  34.046720  34.071599
  1.316250e+00  34.046720  34.071599
  1.317500e+00  34.046719  34.071599
  1.318750e+00  34.046719  34.071598
  1.320000e+00  34.046719  34.071598
  1.321250e+00  34.046719  34.071598
  1.322500e+00  34.046718  34.071597
  1.323750e+00  34.046718  34.071597
  1.325000e+00  34.046718  34.071597
  1.326250e+00  34.046718  34.071597
  1.327500e+00  34.046717  34.071596
  1.328750e+00  34.046717  34.071596
  1.330000e+00  34.046717  34.071596
  1.331250e+00  34.046717  34.071596
  1.332500e+00  34.046716  34.071595
  1.333750e+00  34.046716  34.071595
  1.335000e+00  34.046716  34.071595
  1.336250e+00  34.046716  34.071595
  1.337500e+00  34.046715  34.071595
  1.338750e+00  34.046715  34.071594
  1.340000e+00  34.046715  34.071594
  1.341250e+00  34.046715  34.071594
  1.342500e+00  34.046715  34.071594
  1.343750e+00  34.046714  34.071593
  1.345000e+00  34.046714  34.071593
  1.346250e+00  34.046714  34.071593
  1.347500e+00  34.046714  34.071593
  1.348750e+00  34.046714  34.071593
  1.350000e+00  34.046713  34.071592
  1.351250e+00  34.046713  34.071592
  1.352500e+00  34.046713  34.071592
  1.353750e+00  34.046713  34.071592
  1.355000e+00  34.046713  34.071592
  1.356250e+00  34.046712  34.071591
  1.357500e+00  34.046712  34.071591
  1.358750e+00  34.046712  34.071591
  1.360000e+00  34.046712  34.071591
  1.361250e+00  34.046712  34.071591
  1.362500e+00  34.046711  34.071591
  1.363750e+00  34.046711  34.071590
  1.365000e+00  34.046711  34.071590
  1.366250e+00  34.046711  34.071590
  1.367500e+00  34.046711  34.071590
  1.368750e+00  34.046711  34.071590
  1.370000e+00  34.046710  34.071589
  1.371250e+00  34.046710  34.071589
  1.372500e+00  34.046710  34.071589
  1.373750e+00  34.046710  34.071589
  1.375000e+00  34.046710  34.071589
  1.376250e+00  34.046710  34.071589
  1.377500e+00  34.046709  34.071588
  1.378750e+00  34.046709  34.071588
  1.380000e+00  34.046709  34.071588
  1.381250e+00  34.046709  34.071588
  1.382500e+00  34.046709  34.071588
  1.383750e+00  34.046709  34.071588
  1.385000e+00  34.046709  34.071588
  1.386250e+00  34.046708  34.071587
  1.387500e+00  34.046708  34.071587
  1.388750e+00  34.046708  34.071587
  1.390000e+00  34.046708  34.071587
  1.391250e+00  34.046708  34.071587
  1.392500e+00  34.046708  34.071587
  1.393750e+00  34.046708  34.071587
  1.395000e+00  34.046707  34.071586
  1.396250e+00  34.046707  34.071586
  1.397500e+00  34.046707  34.071586
  1.398750e+00  34.046707  34.071586
  1.400000e+00  34.046707  34.071586
  1.401250e+00  34.046707  34.071586
  1.402500e+00  34.046707  34.071586
  1.403750e+00  34.046706  34.071585
  1.405000e+00  34.046706  34.071585
  1.406250e+00  34.046706  34.071585
  1.407500e+00  34.046706  34.071585
  1.408750e+00  34.046706  34.071585
  1.410000e+00  34.046706  34.071585
  1.411250e+00  34.046706  34.071585
  1.412500e+00  34.046706  34.071585
  1.413750e+00  34.046706  34.071585
  1.415000e+00  34.046705  34.071584
  1.416250e+00  34.046705  34.071584
  1.417500e+00  34.046705  34.071584
  1.418750e+00  34.046705  34.071584
  1.420000e+00  34.046705  34.071584
  1.421250e+00  34.046705  34.071584
  1.422500e+00  34.046705  34.071584
  1.423750e+00  34.046705  34.071584
  1.425000e+00  34.046705  34.071584
  1.426250e+00  34.046704  34.071583
  1.427500e+00  34.046704  34.071583
  1.428750e+00  34.046704  34.071583
  1.430000e+00  34.046704  34.071583
  1.431250e+00  34.046704  34.071583
  1.432500e+00  34.046704  34.071583
  1.433750e+00  34.046704  34.071583
  1.435000e+00  34.046704  34.071583
  1.436250e+00  34.046704  34.071583
  1.437500e+00  34.046704  34.071583
  1.438750e+00  34.046703  34.071582
  1.440000e+00  34.046703  34.071582
  1.441250e+00  34.046703  34.071582
  1.442500e+00  34.046703  34.071582
  1.443750e+00  34.046703  34.071582
  1.445000e+00  34.046703  34.071582
  1.446250e+00  34.046703  34.071582
  1.447500e+00  34.046703  34.071582
  1.448750e+00  34.046703  34.071582
  1.450000e+00  34.046703  34.071582
  1.451250e+00  34.046703  34.071582
  1.452500e+00  34.046702  34.071581
  1.453750e+00  34.046702  34.071581
  1.455000e+00  34.046702  34.071581
  1.456250e+00  34.046702  34.071581
  1.457500e+00  34.046702  34.071581
  1.458750e+00  34.046702  34.071581
  1.460000e+00  34.046702  34.071581
  1.461250e+00  34.046702  34.071581
  1.462500e+00  34.046702  34.071581
  1.463750e+00  34.046702  34.071581
  1.465000e+00  34.046702  34.071581
  1.466250e+00  34.046702  34.071581
  1.467500e+00  34.046702  34.071580
  1.468750e+00  34.046702  34.071580
  1.470000e+00  34.046701  34.071580
  1.471250e+00  34.046701  34.071580
  1.472500e+00  34.046701  34.071580
  1.473750e+00  34.046701  34.071580
  1.475000e+00  34.046701  34.071580
  1.476250e+00  34.046701  34.071580
  1.477500e+00  34.046701  34.071580
  1.478750e+00  34.046701  34.071580
  1.480000e+00  34.046701  34.071580
  1.481250e+00  34.046701  34.071580
  1.482500e+00  34.046701  34.071580
  1.483750e+00  34.046701  34.071580
  1.485000e+00  34.046701  34.071580
  1.486250e+00  34.046701  34.071579
  1.487500e+00  34.046701  34.071579
  1.488750e+00  34.046700  34.071579
  1.490000e+00  34.046700  34.071579
  1.491250e+00  34.046700  34.071579
  1.492500e+00  34.046700  34.071579
  1.493750e+00  34.046700  34.071579
  1.495000e+00  34.046700  34.071579
  1.496250e+00  34.046700  34.071579
  1.497500e+00  34.046700  34.071579
  1.498750e+00  34.046700  34.071579
  1.500000e+00  34.046700  34.071579
  1.501250e+00  34.046700  34.071579
  1.502500e+00  34.046700  34.071579
  1.503750e+00  34.046700  34.071579
  1.505000e+00  34.046700  34.071579
  1.506250e+00  34.046700  34.071579
  1.507500e+00  34.046700  34.071579
  1.508750e+00  34.046700  34.071578
  1.510000e+00  34.046700  34.071578
  1.511250e+00  34.046699  34.071578
  1.512500e+00  34.046699  34.071578
  1.513750e+00  34.046699  34.071578
  1.515000e+00  34.046699  34.071578
  1.516250e+00  34.046699  34.071578
  1.517500e+00  34.046699  34.071578
  1.518750e+00  34.046699  34.071578
  1.520000e+00  34.046699  34.071578
  1.521250e+00  34.046699  34.071578
  1.522500e+00  34.046699  34.071578
  1.523750e+00  34.046699  34.071578
  1.525000e+00  34.046699  34.071578
  1.526250e+00  34.046699  34.071578
  1.527500e+00  34.046699  34.071578
  1.528750e+00  34.046699  34.071578
  1.530000e+00  34.046699  34.071578
  1.531250e+00  34.046699  34.071578
  1.532500e+00  34.046699  34.071578
  1.533750e+00  34.046699  34.071578
  1.535000e+00  34.046699  34.071577
  1.536250e+00  34.046699  34.071577
  1.537500e+00  34.046699  34.071577
  1.538750e+00  34.046699  34.071577
  1.540000e+00  34.046698  34.071577
  1.541250e+00  34.046698  34.071577
  1.542500e+00  34.046698  34.071577
  1.543750e+00  34.046698  34.071577
  1.545000e+00  34.046698  34.071577
  1.546250e+00  34.046698  34.071577
  1.547500e+00  34.046698  34.071577
  1.548750e+00  34.046698  34.071577
  1.550000e+00  34.046698  34.071577
  1.551250e+00  34.046698  34.071577
  1.552500e+00  34.046698  34.071577
  1.553750e+00  34.046698  34.071577
  1.555000e+00  34.046698  34.071577
  1.556250e+00  34.046698  34.071577
  1.557500e+00  34.046698  34.071577
  1.558750e+00  34.046698  34.071577
  1.560000e+00  34.046698  34.071577
  1.561250e+00  34.046698  34.071577
  1.562500e+00  34.046698  34.071577
  1.563750e+00  34.046698  34.071577
  1.565000e+00  34.046698  34.071577
  1.566250e+00  34.046698  34.071577
  1.567500e+00  34.046698  34.071577
  1.568750e+00  34.046698  34.071577
  1.570000e+00  34.046698  34.071576
  1.571250e+00  34.046698  34.071576
  1.572500e+00  34.046698  34.071576
  1.573750e+00  34.046698  34.071576
  1.575000e+00  34.046698  34.071576
  1.576250e+00  34.046698  34.071576
  1.577500e+00  34.046697  34.071576
  1.578750e+00  34.046697  34.071576
  1.580000e+00  34.046697  34.071576
  1.581250e+00  34.046697  34.071576
  1.582500e+00  34.046697  34.071576
  1.583750e+00  34.046697  34.071576
  1.585000e+00  34.046697  34.071576
  1.586250e+00  34.046697  34.071576
  1.587500e+00  34.046697  34.071576
  1.588750e+00  34.046697  34.071576
  1.590000e+00  34.046697  34.071576
  1.591250e+00  34.046697  34.071576
  1.592500e+00  34.046697  34.071576
  1.593750e+00  34.046697  34.071576
  1.595000e+00  34.046697  34.071576
  1.596250e+00  34.046697  34.071576
  1.597500e+00  34.046697  34.071576
  1.598750e+00  34.046697  34.071576
  1.600000e+00  34.046697  34.071576
  1.601250e+00  34.046697  34.071576
  1.602500e+00  34.046697  34.071576
  1.603750e+00  34.046697  34.071576
  1.605000e+00  34.046697  34.071576
  1.606250e+00  34.046697  34.071576
  1.607500e+00  34.046697  34.071576
  1.608750e+00  34.046697  34.071576
  1.610000e+00  34.046697  34.071576
  1.611250e+00  34.046697  34.071576
  1.612500e+00  34.046697  34.071576
  1.613750e+00  34.046697  34.071576
  1.615000e+00  34.046697  34.071576
  1.616250e+00  34.046697  34.071576
  1.617500e+00  34.046697  34.071576
  1.618750e+00  34.046697  34.071576
  1.620000e+00  34.046697  34.071576
  1.621250e+00  34.046697  34.071575
  1.622500e+00  34.046697  34.071575
  1.623750e+00  34.046697  34.071575
  1.625000e+00  34.046697  34.071575
  1.626250e+00  34.046697  34.071575
  1.627500e+00  34.046697  34.071575
  1.628750e+00  34.046697  34.071575
  1.630000e+00  34.046697  34.071575
  1.631250e+00  34.046697  34.071575
  1.632500e+00  34.046697  34.071575
  1.633750e+00  34.046696  34.071575
  1.635000e+00  34.046696  34.071575
  1.636250e+00  34.046696  34.071575
  1.637500e+00  34.046696  34.071575
  1.638750e+00  34.046696  34.071575
  1.640000e+00  34.046696  34.071575
  1.641250e+00  34.046696  34.071575
  1.642500e+00  34.046696  34.071575
  1.643750e+00  34.046696  34.071575
  1.645000e+00  34.046696  34.071575
  1.646250e+00  34.046696  34.071575
  1.647500e+00  34.046696  34.071575
  1.648750e+00  34.046696  34.071575
  1.650000e+00  34.046696  34.071575
  1.651250e+00  34.046696  34.071575
  1.652500e+00  34.046696  34.071575
  1.653750e+00  34.046696  34.071575
  1.655000e+00  34.046696  34.071575
  1.656250e+00  34.046696  34.071575
  1.657500e+00  34.046696  34.071575
  1.658750e+00  34.046696  34.071575
  1.660000e+00  34.046696  34.071575
  1.661250e+00  34.046696  34.071575
  1.662500e+00  34.046696  34.071575
  1.663750e+00  34.046696  34.071575
  1.665000e+00  34.046696  34.071575
  1.666250e+00  34.046696  34.071575
  1.667500e+00  34.046696  34.071575
  1.668750e+00  34.046696  34.071575
  1.670000e+00  34.046696  34.071575
  1.671250e+00  34.046696  34.071575
  1.672500e+00  34.046696  34.071575
  1.673750e+00  34.046696  34.071575
  1.675000e+00  34.046696  34.071575
  1.676250e+00  34.046696  34.071575
  1.677500e+00  34.046696  34.071575
  1.678750e+00  34.046696  34.071575
  1.680000e+00  34.046696  34.071575
  1.681250e+00  34.046696  34.071575
  1.682500e+00  34.046696  34.071575
  1.683750e+00  34.046696  34.071575
  1.685000e+00  34.046696  34.071575
  1.686250e+00  34.046696  34.071575
  1.687500e+00  34.046696  34.071575
  1.688750e+00  34.046696  34.071575
  1.690000e+00  34.046696  34.071575
  1.691250e+00  34.046696  34.071575
  1.692500e+00  34.046696  34.071575
  1.693750e+00  34.046696  34.071575
  1.695000e+00  34.046696  34.071575
  1.696250e+00  34.046696  34.071575
  1.697500e+00  34.046696  34.071575
  1.698750e+00  34.046696  34.071575
  1.700000e+00  34.046696  34.071575
  1.701250e+00  34.046696  34.071575
  1.702500e+00  34.046696  34.071575
  1.703750e+00  34.046696  34.071575
  1.705000e+00  34.046696  34.071575
  1.706250e+00  34.046696  34.071575
  1.707500e+00  34.046696  34.071575
  1.708750e+00  34.046696  34.071575
  1.710000e+00  34.046696  34.071575
  1.711250e+00  34.046696  34.071575
  1.712500e+00  34.046696  34.071575
  1.713750e+00  34.046696  34.071574
  1.715000e+00  34.046696  34.071574
  1.716250e+00  34.046696  34.071574
  1.717500e+00  34.046696  34.071574
  1.718750e+00  34.046696  34.071574
  1.720000e+00  34.046696  34.071574
  1.721250e+00  34.046696  34.071574
  1.722500e+00  34.046696  34.071574
  1.723750e+00  34.046696  34.071574
  1.725000e+00  34.046696  34.071574
  1.726250e+00  34.046696  34.071574
  1.727500e+00  34.046696  34.071574
  1.728750e+00  34.046696  34.071574
  1.730000e+00  34.046696  34.071574
  1.731250e+00  34.046696  34.071574
  1.732500e+00  34.046696  34.071574
  1.733750e+00  34.046696  34.071574
  1.735000e+00  34.046696  34.071574
  1.736250e+00  34.046696  34.071574
  1.737500e+00  34.046696  34.071574
  1.738750e+00  34.046696  34.071574
  1.740000e+00  34.046696  34.071574
  1.741250e+00  34.046696  34.071574
  1.742500e+00  34.046696  34.071574
  1.743750e+00  34.046696  34.071574
  1.745000e+00  34.046696  34.071574
  1.746250e+00  34.046696  34.071574
  1.747500e+00  34.046695  34.071574
  1.748750e+00  34.046695  34.071574
  1.750000e+00  34.046695  34.071574
  1.751250e+00  34.046695  34.071574
  1.752500e+00  34.046695  34.071574
  1.753750e+00  34.046695  34.071574
  1.755000e+00  34.046695  34.071574
  1.756250e+00  34.046695  34.071574
  1.757500e+00  34.046695  34.071574
  1.758750e+00  34.046695  34.071574
  1.760000e+00  34.046695  34.071574
  1.761250e+00  34.046695  34.071574
  1.762500e+00  34.046695  34.071574
  1.763750e+00  34.046695  34.071574
  1.765000e+00  34.046695  34.071574
  1.766250e+00  34.046695  34.071574
  1.767500e+00  34.046695  34.071574
  1.768750e+00  34.046695  34.071574
  1.770000e+00  34.046695  34.071574
  1.771250e+00  34.046695  34.071574
  1.772500e+00  34.046695  34.071574
  1.773750e+00  34.046695  34.071574
  1.775000e+00  34.046695  34.071574
  1.776250e+00  34.046695  34.071574
  1.777500e+00  34.046695  34.071574
  1.778750e+00  34.046695  34.071574
  1.780000e+00  34.046695  34.071574
  1.781250e+00  34.046695  34.071574
  1.782500e+00  34.046695  34.071574
  1.783750e+00  34.046695  34.071574
  1.785000e+00  34.046695  34.071574
  1.786250e+00  34.046695  34.071574
  1.787500e+00  34.046695  34.071574
  1.788750e+00  34.046695  34.071574
  1.790000e+00  34.046695  34.071574
  1.791250e+00  34.046695  34.071574
  1.792500e+00  34.046695  34.071574
  1.793750e+00  34.046695  34.071574
  1.795000e+00  34.046695  34.071574
  1.796250e+00  34.046695  34.071574
  1.797500e+00  34.046695  34.071574
  1.798750e+00  34.046695  34.071574
  1.800000e+00  34.046695  34.071574
  1.801250e+00  34.046695  34.071574
  1.802500e+00  34.046695  34.071574
  1.803750e+00  34.046695  34.071574
  1.805000e+00  34.046695  34.071574
  1.806250e+00  34.046695  34.071574
  1.807500e+00  34.046695  34.071574
  1.808750e+00  34.046695  34.071574
  1.810000e+00  34.046695  34.071574
  1.811250e+00  34.046695  34.071574
  1.812500e+00  34.046695  34.071574
  1.813750e+00  34.046695  34.071574
  1.815000e+00  34.046695  34.071574
  1.816250e+00  34.046695  34.071574
  1.817500e+00  34.046695  34.071574
  1.818750e+00  34.046695  34.071574
  1.820000e+00  34.046695  34.071574
  1.821250e+00  34.046695  34.071574
  1.822500e+00  34.046695  34.071574
  1.823750e+00  34.046695  34.071574
  1.825000e+00  34.046695  34.071574
  1.826250e+00  34.046695  34.071574
  1.827500e+00  34.046695  34.071574
  1.828750e+00  34.046695  34.071574
  1.830000e+00  34.046695  34.071574
  1.831250e+00  34.046695  34.071574
  1.832500e+00  34.046695  34.071574
  1.833750e+00  34.046695  34.071574
  1.835000e+00  34.046695  34.071574
  1.836250e+00  34.046695  34.071574
  1.837500e+00  34.046695  34.071574
  1.838750e+00  34.046695  34.071574
  1.840000e+00  34.046695  34.071574
  1.841250e+00  34.046695  34.071574
  1.842500e+00  34.046695  34.071574
  1.843750e+00  34.046695  34.071574
  1.845000e+00  34.046695  34.071574
  1.846250e+00  34.046695  34.071574
  1.847500e+00  34.046695  34.071574
  1.848750e+00  34.046695  34.071574
  1.850000e+00  34.046695  34.071574
  1.851250e+00  34.046695  34.071574
  1.852500e+00  34.046695  34.071574
  1.853750e+00  34.046695  34.071574
  1.855000e+00  34.046695  34.071574
  1.856250e+00  34.046695  34.071574
  1.857500e+00  34.046695  34.071574
  1.858750e+00  34.046695  34.071574
  1.860000e+00  34.046695  34.071574
  1.861250e+00  34.046695  34.071574
  1.862500e+00  34.046695  34.071574
  1.863750e+00  34.046695  34.071574
  1.865000e+00  34.046695  34.071574
  1.866250e+00  34.046695  34.071574
  1.867500e+00  34.046695  34.071574
  1.868750e+00  34.046695  34.071574
  1.870000e+00  34.046695  34.071574
  1.871250e+00  34.046695  34.071574
  1.872500e+00  34.046695  34.071574
  1.873750e+00  34.046695  34.071574
  1.875000e+00  34.046695  34.071574
  1.876250e+00  34.046695  34.071574
  1.877500e+00  34.046695  34.071574
  1.878750e+00  34.046695  34.071574
  1.880000e+00  34.046695  34.071574
  1.881250e+00  34.046695  34.071574
  1.882500e+00  34.046695  34.071574
  1.883750e+00  34.046695  34.071574
  1.885000e+00  34.046695  34.071574
  1.886250e+00  34.046695  34.071574
  1.887500e+00  34.046695  34.071574
  1.888750e+00  34.046695  34.071574
  1.890000e+00  34.046695  34.071574
  1.891250e+00  34.046695  34.071574
  1.892500e+00  34.046695  34.071574
  1.893750e+00  34.046695  34.071574
  1.895000e+00  34.046695  34.071574
  1.896250e+00  34.046695  34.071574
  1.897500e+00  34.046695  34.071574
  1.898750e+00  34.046695  34.071574
  1.900000e+00  34.046695  34.071574
  1.901250e+00  34.046695  34.071574
  1.902500e+00  34.046695  34.071574
  1.903750e+00  34.046695  34.071574
  1.905000e+00  34.046695  34.071574
  1.906250e+00  34.046695  34.071574
  1.907500e+00  34.046695  34.071574
  1.908750e+00  34.046695  34.071574
  1.910000e+00  34.046695  34.071574
  1.911250e+00  34.046695  34.071574
  1.912500e+00  34.046695  34.071574
  1.913750e+00  34.046695  34.071574
  1.915000e+00  34.046695  34.071574
  1.916250e+00  34.046695  34.071574
  1.917500e+00  34.046695  34.071574
  1.918750e+00  34.046695  34.071574
  1.920000e+00  34.046695  34.071574
  1.921250e+00  34.046695  34.071574
  1.922500e+00  34.046695  34.071574
  1.923750e+00  34.046695  34.071574
  1.925000e+00  34.046695  34.071574
  1.926250e+00  34.046695  34.071574
  1.927500e+00  34.046695  34.071574
  1.928750e+00  34.046695  34.071574
  1.930000e+00  34.046695  34.071574
  1.931250e+00  34.046695  34.071574
  1.932500e+00  34.046695  34.071574
  1.933750e+00  34.046695  34.071574
  1.935000e+00  34.046695  34.071574
  1.936250e+00  34.046695  34.071574
  1.937500e+00  34.046695  34.071574
  1.938750e+00  34.046695  34.071574
  1.940000e+00  34.046695  34.071574
  1.941250e+00  34.046695  34.071574
  1.942500e+00  34.046695  34.071574
  1.943750e+00  34.046695  34.071574
  1.945000e+00  34.046695  34.071574
  1.946250e+00  34.046695  34.071574
  1.947500e+00  34.046695  34.071574
  1.948750e+00  34.046695  34.071574
  1.950000e+00  34.046695  34.071574
  1.951250e+00  34.046695  34.071574
  1.952500e+00  34.046695  34.071574
  1.953750e+00  34.046695  34.071574
  1.955000e+00  34.046695  34.071574
  1.956250e+00  34.046695  34.071574
  1.957500e+00  34.046695  34.071574
  1.958750e+00  34.046695  34.071574
  1.960000e+00  34.046695  34.071574
  1.961250e+00  34.046695  34.071574
  1.962500e+00  34.046695  34.071574
  1.963750e+00  34.046695  34.071574
  1.965000e+00  34.046695  34.071574
  1.966250e+00  34.046695  34.071574
  1.967500e+00  34.046695  34.071574
  1.968750e+00  34.046695  34.071574
  1.970000e+00  34.046695  34.071574
  1.971250e+00  34.046695  34.071574
  1.972500e+00  34.046695  34.071574
  1.973750e+00  34.046695  34.071574
  1.975000e+00  34.046695  34.071574
  1.976250e+00  34.046695  34.071574
  1.977500e+00  34.046695  34.071574
  1.978750e+00  34.046695  34.071574
  1.980000e+00  34.046695  34.071574
  1.981250e+00  34.046695  34.071574
  1.982500e+00  34.046695  34.071574
  1.983750e+00  34.046695  34.071574
  1.985000e+00  34.046695  34.071574
  1.986250e+00  34.046695  34.071574
  1.987500e+00  34.046695  34.071574
  1.988750e+00  34.046695  34.071574
  1.990000e+00  34.046695  34.071574
  1.991250e+00  34.046695  34.071574
  1.992500e+00  34.046695  34.071574
  1.993750e+00  34.046695  34.071574
  1.995000e+00  34.046695  34.071574
  1.996250e+00  34.046695  34.071574
  1.997500e+00  34.046695  34.071574
  1.998750e+00  34.046695  34.071574
  2.000000e+00  34.046695  34.071574
