  0.000000e+00  188.906566  44.342173
  2.500000e-03  186.992835  43.124379
  5.000000e-03  184.719692  42.644370
  7.500000e-03  182.829233  42.250572
  1.000000e-02  181.511690  41.785964
  1.250000e-02  180.774885  41.287743
  1.500000e-02  180.590941  40.798080
  1.750000e-02  180.899890  40.340884
  2.000000e-02  181.586003  39.923059
  2.250000e-02  182.475980  39.543529
  2.500000e-02  183.369274  39.197916
  2.750000e-02  184.088065  38.879569
  3.000000e-02  184.520761  38.583623
  3.250000e-02  184.638440  38.308209
  3.500000e-02  184.482310  38.052123
  3.750000e-02  184.135355  37.813332
  4.000000e-02  183.693328  37.589433
  4.250000e-02  183.243307  37.378609
  4.500000e-02  182.851183  37.179955
  4.750000e-02  182.556354  36.993183
  5.000000e-02  182.371793  36.818159
  5.250000e-02  182.288170  36.654600
  5.500000e-02  182.280774  36.501994
  5.750000e-02  182.317697  36.359667
  6.000000e-02  182.367611  36.226898
  6.250000e-02  182.405651  36.103004
  6.500000e-02  182.416594  35.987366
  6.750000e-02  182.395271  35.879428
  7.000000e-02  182.344838  35.778681
  7.250000e-02  182.273823  35.684659
  7.500000e-02  182.192921  35.596928
  7.750000e-02  182.112256  35.515078
  8.000000e-02  182.039513  35.438711
  8.250000e-02  181.979083  35.367420
  8.500000e-02  181.932089  35.300786
  8.750000e-02  181.897060  35.238382
  9.000000e-02  181.870928  35.179782
  9.250000e-02  181.850073  35.124579
  9.500000e-02  181.831185  35.072394
  9.750000e-02  181.811814  35.022887
  1.000000e-01  181.790588  34.975761
  1.025000e-01  181.767144  34.930765
  1.050000e-01  181.741880  34.887689
  1.075000e-01  181.715625  34.846363
  1.100000e-01  181.689328  34.806651
  1.125000e-01  181.663814  34.768447
  1.150000e-01  181.639649  34.731668
  1.175000e-01  181.617096  34.696246
  1.200000e-01  181.596147  34.662128
  1.225000e-01  181.576599  34.629264
  1.250000e-01  181.558153  34.597610
  1.275000e-01  181.540494  34.567121
  1.300000e-01  181.523358  34.537756
  1.325000e-01  181.506563  34.509472
  1.350000e-01  181.490022  34.482225
  1.375000e-01  181.473729  34.455973
  1.400000e-01  181.457731  34.430676
  1.425000e-01  181.442106  34.406293
  1.450000e-01  181.426932  34.382784
  1.475000e-01  181.412271  34.360114
  1.500000e-01  181.398161  34.338246
  1.525000e-01  181.384609  34.317146
  1.550000e-01  181.371600  34.296782
  1.575000e-01  181.359100  34.277123
  1.600000e-01  181.347069  34.258139
  1.625000e-01  181.335464  34.239803
  1.650000e-01  181.324249  34.222087
  1.675000e-01  181.313394  34.204965
  1.700000e-01  181.302879  34.188412
  1.725000e-01  181.292692  34.172406
  1.750000e-01  181.282826  34.156921
  1.775000e-01  181.273277  34.141937
  1.800000e-01  181.264043  34.127433
  1.825000e-01  181.255120  34.113388
  1.850000e-01  181.246503  34.099783
  1.875000e-01  181.238183  34.086601
  1.900000e-01  181.230151  34.073823
  1.925000e-01  181.222395  34.061435
  1.950000e-01  181.214901  34.049420
  1.975000e-01  181.207657  34.037764
  2.000000e-01  181.200651  34.026453
  2.025000e-01  181.193870  34.015475
  2.050000e-01  181.187304  34.004816
  2.075000e-01  181.180945  33.994466
  2.100000e-01  181.174784  33.984413
  2.125000e-01  181.168815  33.974646
  2.150000e-01  181.163032  33.965156
  2.175000e-01  181.157428  33.955931
  2.200000e-01  181.151998  33.946964
  2.225000e-01  181.146737  33.938246
  2.250000e-01  181.141640  33.929767
  2.275000e-01  181.136701  33.921519
  2.300000e-01  181.131915  33.913496
  2.325000e-01  181.127277  33.905688
  2.350000e-01  181.122782  33.898090
  2.375000e-01  181.118426  33.890694
  2.400000e-01  181.114203  33.883493
  2.425000e-01  181.110109  33.876482
  2.450000e-01  181.106141  33.869654
  2.475000e-01  181.102293  33.863003
  2.500000e-01  181.098564  33.856524
  2.525000e-01  181.094948  33.850211
  2.550000e-01  181.091442  33.844060
  2.575000e-01  181.088044  33.838064
  2.600000e-01  181.084749  33.832221
  2.625000e-01  181.081554  33.826523
  2.650000e-01  181.078456  33.820969
  2.675000e-01  181.075453  33.815552
  2.700000e-01  181.072542  33.810270
  2.725000e-01  181.069719  33.805118
  2.750000e-01  181.066981  33.800092
  2.775000e-01  181.064327  33.795189
  2.800000e-01  181.061754  33.790405
  2.825000e-01  181.059258  33.785736
  2.850000e-01  181.056839  33.781181
  2.875000e-01  181.054493  33.776734
  2.900000e-01  181.052219  33.772394
  2.925000e-01  181.050014  33.768157
  2.950000e-01  181.047876  33.764021
  2.975000e-01  181.045804  33.759982
  3.000000e-01  181.043795  33.756039
  3.025000e-01  181.041847  33.752188
  3.050000e-01  181.039959  33.748427
  3.075000e-01  181.038129  33.744754
  3.100000e-01  181.036355  33.741166
  3.125000e-01  181.034636  33.737661
  3.150000e-01  181.032970  33.734237
  3.175000e-01  181.031355  33.730892
  3.200000e-01  181.029790  33.727624
  3.225000e-01  181.028274  33.724431
  3.250000e-01  181.026805  33.721310
  3.275000e-01  181.025382  33.718261
  3.300000e-01  181.024004  33.715281
  3.325000e-01  181.022669  33.712368
  3.350000e-01  181.021375  33.709522
  3.375000e-01  181.020123  33.706739
  3.400000e-01  181.018910  33.704019
  3.425000e-01  181.017736  33.701360
  3.450000e-01  181.016600  33.698761
  3.475000e-01  181.015500  33.696219
  3.500000e-01  181.014435  33.693735
  3.525000e-01  181.013405  33.691305
  3.550000e-01  181.012408  33.688930
  3.575000e-01  181.011444  33.686608
  3.600000e-01  181.010511  33.684336
  3.625000e-01  181.009609  33.682115
  3.650000e-01  181.008737  33.679943
  3.675000e-01  181.007894  33.677819
  3.700000e-01  181.007079  33.675742
  3.725000e-01  181.006292  33.673710
  3.750000e-01  181.005531  33.671722
  3.775000e-01  181.004796  33.669778
  3.800000e-01  181.004086  33.667877
  3.825000e-01  181.003401  33.666017
  3.850000e-01  181.002740  33.664198
  3.875000e-01  181.002101  33.662418
  3.900000e-01  181.001486  33.660677
  3.925000e-01  181.000892  33.658974
  3.950000e-01  181.000319  33.657308
  3.975000e-01  180.999767  33.655677
  4.000000e-01  180.999235  33.654083
  4.025000e-01  180.998723  33.652522
  4.050000e-01  180.998229  33.650995
  4.075000e-01  180.997754  33.649502
  4.100000e-01  180.997297  33.648040
  4.125000e-01  180.996857  33.646610
  4.150000e-01  180.996434  33.645211
  4.175000e-01  180.996027  33.643841
  4.200000e-01  180.995637  33.642502
  4.225000e-01  180.995262  33.641190
  4.250000e-01  180.994902  33.639907
  4.275000e-01  180.994557  33.638652
  4.300000e-01  180.994226  33.637423
  4.325000e-01  180.993909  33.636221
  4.350000e-01  180.993605  33.635045
  4.375000e-01  180.993314  33.633893
  4.400000e-01  180.993036  33.632766
  4.425000e-01  180.992770  33.631663
  4.450000e-01  180.992516  33.630584
  4.475000e-01  180.992274  33.629528
  4.500000e-01  180.992043  33.628494
  4.525000e-01  180.991823  33.627482
  4.550000e-01  180.991614  33.626492
  4.575000e-01  180.991415  33.625523
  4.600000e-01  180.991226  33.624575
  4.625000e-01  180.991046  33.623646
  4.650000e-01  180.990876  33.622738
  4.675000e-01  180.990716  33.621849
  4.700000e-01  180.990564  33.620978
  4.725000e-01  180.990420  33.620126
  4.750000e-01  180.990285  33.619292
  4.775000e-01  180.990159  33.618476
  4.800000e-01  180.990040  33.617677
  4.825000e-01  180.989928  33.616896
  4.850000e-01  180.989824  33.616130
  4.875000e-01  180.989728  33.615381
  4.900000e-01  180.989638  33.614648
  4.925000e-01  180.989555  33.613930
  4.950000e-01  180.989478  33.613228
  4.975000e-01  180.989408  33.612540
  5.000000e-01  180.989344  33.611867
  5.025000e-01  180.989286  33.611208
  5.050000e-01  180.989233  33.610564
  5.075000e-01  180.989186  33.609932
  5.100000e-01  180.989145  33.609314
  5.125000e-01  180.989108  33.608710
  5.150000e-01  180.989077  33.608118
  5.175000e-01  180.989051  33.607538
  5.200000e-01  180.989029  33.606971
  5.225000e-01  180.989012  33.606416
  5.250000e-01  180.988999  33.605872
  5.275000e-01  180.988991  33.605340
  5.300000e-01  180.988987  33.604820
  5.325000e-01  180.988987  33.604310
  5.350000e-01  180.988990  33.603811
  5.375000e-01  180.988998  33.603323
  5.400000e-01  180.989008  33.602845
  5.425000e-01  180.989023  33.602377
  5.450000e-01  180.989041  33.601919
  5.475000e-01  180.989062  33.601470
  5.500000e-01  180.989086  33.601031
  5.525000e-01  180.989113  33.600602
  5.550000e-01  180.989143  33.600181
  5.575000e-01  180.989175  33.599769
  5.600000e-01  180.989211  33.599366
  5.625000e-01  180.989249  33.598972
  5.650000e-01  180.989290  33.598586
  5.675000e-01  180.989333  33.598208
  5.700000e-01  180.989378  33.597838
  5.725000e-01  180.989425  33.597476
  5.750000e-01  180.989475  33.597121
  5.775000e-01  180.989526  33.596774
  5.800000e-01  180.989580  33.596435
  5.825000e-01  180.989636  33.596102
  5.850000e-01  180.989693  33.595777
  5.875000e-01  180.989752  33.595458
  5.900000e-01  180.989813  33.595147
  5.925000e-01  180.989875  33.594841
  5.950000e-01  180.989939  33.594543
  5.975000e-01  180.990004  33.594250
  6.000000e-01  180.990070  33.593964
  6.025000e-01  180.990138  33.593684
  6.050000e-01  180.990208  33.593409
  6.075000e-01  180.990278  33.593141
  6.100000e-01  180.990350  33.592878
  6.125000e-01  180.990422  33.592621
  6.150000e-01  180.990496  33.592369
  6.175000e-01  180.990570  33.592123
  6.200000e-01  180.990646  33.591881
  6.225000e-01  180.990722  33.591645
  6.250000e-01  180.990800  33.591414
  6.275000e-01  180.990878  33.591188
  6.300000e-01  180.990957  33.590967
  6.325000e-01  180.991036  33.590750
  6.350000e-01  180.991116  33.590538
  6.375000e-01  180.991197  33.590330
  6.400000e-01  180.991278  33.590127
  6.425000e-01  180.991360  33.589928
  6.450000e-01  180.991442  33.589733
  6.475000e-01  180.991525  33.589542
  6.500000e-01  180.991608  33.589356
  6.525000e-01  180.991692  33.589173
  6.550000e-01  180.991775  33.588994
  6.575000e-01  180.991860  33.588819
  6.600000e-01  180.991944  33.588648
  6.625000e-01  180.992029  33.588481
  6.650000e-01  180.992114  33.588316
  6.675000e-01  180.992199  33.588156
  6.700000e-01  180.992284  33.587999
  6.725000e-01  180.992370  33.587845
  6.750000e-01  180.992455  33.587694
  6.775000e-01  180.992541  33.587547
  6.800000e-01  180.992627  33.587403
  6.825000e-01  180.992712  33.587261
  6.850000e-01  180.992798  33.587123
  6.875000e-01  180.992884  33.586988
  6.900000e-01  180.992970  33.586855
  6.925000e-01  180.993055  33.586726
  6.950000e-01  180.993141  33.586599
  6.975000e-01  180.993226  33.586475
  7.000000e-01  180.993312  33.586353
  7.025000e-01  180.993397  33.586234
  7.050000e-01  180.993482  33.586118
  7.075000e-01  180.993567  33.586004
  7.100000e-01  180.993652  33.585893
  7.125000e-01  180.993737  33.585783
  7.150000e-01  180.993821  33.585677
  7.175000e-01  180.993906  33.585572
  7.200000e-01  180.993990  33.585470
  7.225000e-01  180.994073  33.585370
  7.250000e-01  180.994157  33.585272
  7.275000e-01  180.994240  33.585176
  7.300000e-01  180.994323  33.585082
  7.325000e-01  180.994406  33.584990
  7.350000e-01  180.994488  33.584900
  7.375000e-01  180.994570  33.584812
  7.400000e-01  180.994652  33.584726
  7.425000e-01  180.994734  33.584641
  7.450000e-01  180.994815  33.584559
  7.475000e-01  180.994895  33.584478
  7.500000e-01  180.994976  33.584399
  7.525000e-01  180.995056  33.584322
  7.550000e-01  180.995136  33.584246
  7.575000e-01  180.995215  33.584172
  7.600000e-01  180.995294  33.584099
  7.625000e-01  180.995372  33.584028
  7.650000e-01  180.995450  33.583959
  7.675000e-01  180.995528  33.583891
  7.700000e-01  180.995605  33.583824
  7.725000e-01  180.995682  33.583759
  7.750000e-01  180.995759  33.583695
  7.775000e-01  180.995835  33.583633
  7.800000e-01  180.995910  33.583572
  7.825000e-01  180.995985  33.583512
  7.850000e-01  180.996060  33.583453
  7.875000e-01  180.996134  33.583396
  7.900000e-01  180.996208  33.583340
  7.925000e-01  180.996282  33.583285
  7.950000e-01  180.996355  33.583232
  7.975000e-01  180.996427  33.583179
  8.000000e-01  180.996499  33.583128
  8.025000e-01  180.996571  33.583077
  8.050000e-01  180.996642  33.583028
  8.075000e-01  180.996713  33.582980
  8.100000e-01  180.996783  33.582933
  8.125000e-01  180.996852  33.582887
  8.150000e-01  180.996922  33.582842
  8.175000e-01  180.996990  33.582797
  8.200000e-01  180.997059  33.582754
  8.225000e-01  180.997127  33.582712
  8.250000e-01  180.997194  33.582670
  8.275000e-01  180.997261  33.582630
  8.300000e-01  180.997327  33.582590
  8.325000e-01  180.997393  33.582551
  8.350000e-01  180.997459  33.582513
  8.375000e-01  180.997524  33.582476
  8.400000e-01  180.997588  33.582440
  8.425000e-01  180.997652  33.582404
  8.450000e-01  180.997716  33.582369
  8.475000e-01  180.997779  33.582335
  8.500000e-01  180.997841  33.582302
  8.525000e-01  180.997904  33.582269
  8.550000e-01  180.997965  33.582237
  8.575000e-01  180.998026  33.582206
  8.600000e-01  180.998087  33.582175
  8.625000e-01  180.998147  33.582145
  8.650000e-01  180.998207  33.582116
  8.675000e-01  180.998266  33.582087
  8.700000e-01  180.998325  33.582059
  8.725000e-01  180.998384  33.582032
  8.750000e-01  180.998442  33.582005
  8.775000e-01  180.998499  33.581978
  8.800000e-01  180.998556  33.581952
  8.825000e-01  180.998612  33.581927
  8.850000e-01  180.998669  33.581903
  8.875000e-01  180.998724  33.581878
  8.900000e-01  180.998779  33.581855
  8.925000e-01  180.998834  33.581832
  8.950000e-01  180.998888  33.581809
  8.975000e-01  180.998942  33.581787
  9.000000e-01  180.998995  33.581765
  9.025000e-01  180.999048  33.581744
  9.050000e-01  180.999101  33.581723
  9.075000e-01  180.999153  33.581703
  9.100000e-01  180.999204  33.581683
  9.125000e-01  180.999255  33.581664
  9.150000e-01  180.999306  33.581645
  9.175000e-01  180.999356  33.581626
  9.200000e-01  180.999406  33.581608
  9.225000e-01  180.999455  33.581590
  9.250000e-01  180.999504  33.581572
  9.275000e-01  180.999553  33.581555
  9.300000e-01  180.999601  33.581539
  9.325000e-01  180.999649  33.581522
  9.350000e-01  180.999696  33.581506
  9.375000e-01  180.999743  33.581490
  9.400000e-01  180.999789  33.581475
  9.425000e-01  180.999835  33.581460
  9.450000e-01  180.999881  33.581445
  9.475000e-01  180.999926  33.581431
  9.500000e-01  180.999971  33.581417
  9.525000e-01  181.000015  33.581403
  9.550000e-01  181.000059  33.581390
  9.575000e-01  181.000103  33.581377
  9.600000e-01  181.000146  33.581364
  9.625000e-01  181.000189  33.581351
  9.650000e-01  181.000231  33.581339
  9.675000e-01  181.000273  33.581327
  9.700000e-01  181.000315  33.581315
  9.725000e-01  181.000356  33.581303
  9.750000e-01  181.000397  33.581292
  9.775000e-01  181.000438  33.581281
  9.800000e-01  181.000478  33.581270
  9.825000e-01  181.000517  33.581259
  9.850000e-01  181.000557  33.581249
  9.875000e-01  181.000596  33.581239
  9.900000e-01  181.000635  33.581229
  9.925000e-01  181.000673  33.581219
  9.950000e-01  181.000711  33.581209
  9.975000e-01  181.000748  33.581200
  1.000000e+00  181.000786  33.581191
  1.002500e+00  181.000823  33.581182
  1.005000e+00  181.000859  33.581173
  1.007500e+00  181.000895  33.581165
  1.010000e+00  181.000931  33.581156
  1.012500e+00  181.000967  33.581148
  1.015000e+00  181.001002  33.581140
  1.017500e+00  181.001037  33.581132
  1.020000e+00  181.001071  33.581125
  1.022500e+00  181.001105  33.581117
  1.025000e+00  181.001139  33.581110
  1.027500e+00  181.001173  33.581103
  1.030000e+00  181.001206  33.581096
  1.032500e+00  181.001239  33.581089
  1.035000e+00  181.001272  33.581082
  1.037500e+00  181.001304  33.581075
  1.040000e+00  181.001336  33.581069
  1.042500e+00  181.001367  33.581063
  1.045000e+00  181.001399  33.581056
  1.047500e+00  181.001430  33.581050
  1.050000e+00  181.001461  33.581044
  1.052500e+00  181.001491  33.581039
  1.055000e+00  181.001521  33.581033
  1.057500e+00  181.001551  33.581027
  1.060000e+00  181.001581  33.581022
  1.062500e+00  181.001610  33.581017
  1.065000e+00  181.001639  33.581011
  1.067500e+00  181.001668  33.581006
  1.070000e+00  181.001696  33.581001
  1.072500e+00  181.001724  33.580997
  1.075000e+00  181.001752  33.580992
  1.077500e+00  181.001780  33.580987
  1.080000e+00  181.001807  33.580983
  1.082500e+00  181.001834  33.580978
  1.085000e+00  181.001861  33.580974
  1.087500e+00  181.001887  33.580969
  1.090000e+00  181.001914  33.580965
  1.092500e+00  181.001940  33.580961
  1.095000e+00  181.001965  33.580957
  1.097500e+00  181.001991  33.580953
  1.100000e+00  181.002016  33.580949
  1.102500e+00  181.002041  33.580946
  1.105000e+00  181.002066  33.580942
  1.107500e+00  181.002090  33.580938
  1.110000e+00  181.002115  33.580935
  1.112500e+00  181.002139  33.580931
  1.115000e+00  181.002162  33.580928
  1.117500e+00  181.002186  33.580925
  1.120000e+00  181.002209  33.580922
  1.122500e+00  181.002232  33.580918
  1.125000e+00  181.002255  33.580915
  1.127500e+00  181.002278  33.580912
  1.130000e+00  181.002300  33.580909
  1.132500e+00  181.002322  33.580906
  1.135000e+00  181.002344  33.580904
  1.137500e+00  181.002366  33.580901
  1.140000e+00  181.002387  33.580898
  1.142500e+00  181.002409  33.580895
  1.145000e+00  181.002430  33.580893
  1.147500e+00  181.002451  33.580890
  1.150000e+00  181.002471  33.580888
  1.152500e+00  181.002492  33.580885
  1.155000e+00  181.002512  33.580883
  1.157500e+00  181.002532  33.580881
  1.160000e+00  181.002552  33.580878
  1.162500e+00  181.002571  33.580876
  1.165000e+00  181.002591  33.580874
  1.167500e+00  181.002610  33.580872
  1.170000e+00  181.002629  33.580870
  1.172500e+00  181.002648  33.580868
  1.175000e+00  181.002666  33.580866
  1.177500e+00  181.002685  33.580864
  1.180000e+00  181.002703  33.580862
  1.182500e+00  181.002721  33.580860
  1.185000e+00  181.002739  33.580858
  1.187500e+00  181.002757  33.580856
  1.190000e+00  181.002774  33.580854
  1.192500e+00  181.002792  33.580853
  1.195000e+00  181.002809  33.580851
  1.197500e+00  181.002826  33.580849
  1.200000e+00  181.002843  33.580848
  1.202500e+00  181.002859  33.580846
  1.205000e+00  181.002876  33.580845
  1.207500e+00  181.002892  33.580843
  1.210000e+00  181.002908  33.580842
  1.212500e+00  181.002924  33.580840
  1.215000e+00  181.002940  33.580839
  1.217500e+00  181.002956  33.580837
  1.220000e+00  181.002971  33.580836
  1.222500e+00  181.002986  33.580835
  1.225000e+00  181.003002  33.580833
  1.227500e+00  181.003017  33.580832
  1.230000e+00  181.003031  33.580831
  1.232500e+00  181.003046  33.580830
  1.235000e+00  181.003061  33.580829
  1.237500e+00  181.003075  33.580827
  1.240000e+00  181.003089  33.580826
  1.242500e+00  181.003103  33.580825
  1.245000e+00  181.003117  33.580824
  1.247500e+00  181.003131  33.580823
  1.250000e+00  181.003145  33.580822
  1.252500e+00  181.003158  33.580821
  1.255000e+00  181.003172  33.580820
  1.257500e+00  181.003185  33.580819
  1.260000e+00  181.003198  33.580818
  1.262500e+00  181.003211  33.580817
  1.265000e+00  181.003224  33.580816
  1.267500e+00  181.003237  33.580815
  1.270000e+00  181.003249  33.580814
  1.272500e+00  181.003262  33.580813
  1.275000e+00  181.003274  33.580813
  1.277500e+00  181.003286  33.580812
  1.280000e+00  181.003298  33.580811
  1.282500e+00  181.003310  33.580810
  1.285000e+00  181.003322  33.580809
  1.287500e+00  181.003334  33.580809
  1.290000e+00  181.003345  33.580808
  1.292500e+00  181.003357  33.580807
  1.295000e+00  181.003368  33.580807
  1.297500e+00  181.003379  33.580806
  1.300000e+00  181.003390  33.580805
  1.302500e+00  181.003401  33.580804
  1.305000e+00  181.003412  33.580804
  1.307500e+00  181.003423  33.580803
  1.310000e+00  181.003434  33.580803
  1.312500e+00  181.003444  33.580802
  1.315000e+00  181.003454  33.580801
  1.317500e+00  181.003465  33.580801
  1.320000e+00  181.003475  33.580800
  1.322500e+00  181.003485  33.580800
  1.325000e+00  181.003495  33.580799
  1.327500e+00  181.003505  33.580799
  1.330000e+00  181.003515  33.580798
  1.332500e+00  181.003524  33.580798
  1.335000e+00  181.003534  33.580797
  1.337500e+00  181.003543  33.580797
  1.340000e+00  181.003553  33.580796
  1.342500e+00  181.003562  33.580796
  1.345000e+00  181.003571  33.580795
  1.347500e+00  181.003580  33.580795
  1.350000e+00  181.003589  33.580794
  1.352500e+00  181.003598  33.580794
  1.355000e+00  181.003607  33.580793
  1.357500e+00  181.003616  33.580793
  1.360000e+00  181.003624  33.580793
  1.362500e+00  181.003633  33.580792
  1.365000e+00  181.003641  33.580792
  1.367500e+00  181.003650  33.580791
  1.370000e+00  181.003658  33.580791
  1.372500e+00  181.003666  33.580791
  1.375000e+00  181.003674  33.580790
  1.377500e+00  181.003682  33.580790
  1.380000e+00  181.003690  33.580790
  1.382500e+00  181.003698  33.580789
  1.385000e+00  181.003706  33.580789
  1.387500e+00  181.003713  33.580789
  1.390000e+00  181.003721  33.580788
  1.392500e+00  181.003728  33.580788
  1.395000e+00  181.003736  33.580788
  1.397500e+00  181.003743  33.580788
  1.400000e+00  181.003751  33.580787
  1.402500e+00  181.003758  33.580787
  1.405000e+00  181.003765  33.580787
  1.407500e+00  181.003772  33.580786
  1.410000e+00  181.003779  33.580786
  1.412500e+00  181.003786  33.580786
  1.415000e+00  181.003793  33.580786
  1.417500e+00  181.003799  33.580785
  1.420000e+00  181.003806  33.580785
  1.422500e+00  181.003813  33.580785
  1.425000e+00  181.003819  33.580785
  1.427500e+00  181.003826  33.580784
  1.430000e+00  181.003832  33.580784
  1.432500e+00  181.003838  33.580784
  1.435000e+00  181.003845  33.580784
  1.437500e+00  181.003851  33.580784
  1.440000e+00  181.003857  33.580783
  1.442500e+00  181.003863  33.580783
  1.445000e+00  181.003869  33.580783
  1.447500e+00  181.003875  33.580783
  1.450000e+00  181.003881  33.580783
  1.452500e+00  181.003887  33.580782
  1.455000e+00  181.003892  33.580782
  1.457500e+00  181.003898  33.580782
  1.460000e+00  181.003904  33.580782
  1.462500e+00  181.003909  33.580782
  1.465000e+00  181.003915  33.580782
  1.467500e+00  181.003920  33.580781
  1.470000e+00  181.003926  33.580781
  1.472500e+00  181.003931  33.580781
  1.475000e+00  181.003936  33.580781
  1.477500e+00  181.003942  33.580781
  1.480000e+00  181.003947  33.580781
  1.482500e+00  181.003952  33.580781
  1.485000e+00  181.003957  33.580780
  1.487500e+00  181.003962  33.580780
  1.490000e+00  181.003967  33.580780
  1.492500e+00  181.003972  33.580780
  1.495000e+00  181.003977  33.580780
  1.497500e+00  181.003981  33.580780
  1.500000e+00  181.003986  33.580780
  1.502500e+00  181.003991  33.580780
  1.505000e+00  181.003996  33.580779
  1.507500e+00  181.004000  33.580779
  1.510000e+00  181.004005  33.580779
  1.512500e+00  181.004009  33.580779
  1.515000e+00  181.004014  33.580779
  1.517500e+00  181.004018  33.580779
  1.520000e+00  181.004022  33.580779
  1.522500e+00  181.004027  33.580779
  1.525000e+00  181.004031  33.580779
  1.527500e+00  181.004035  33.580779
  1.530000e+00  181.004039  33.580778
  1.532500e+00  181.004044  33.580778
  1.535000e+00  181.004048  33.580778
  1.537500e+00  181.004052  33.580778
  1.540000e+00  181.004056  33.580778
  1.542500e+00  181.004060  33.580778
  1.545000e+00  181.004064  33.580778
  1.547500e+00  181.004067  33.580778
  1.550000e+00  181.004071  33.580778
  1.552500e+00  181.004075  33.580778
  1.555000e+00  181.004079  33.580778
  1.557500e+00  181.004083  33.580778
  1.560000e+00  181.004086  33.580777
  1.562500e+00  181.004090  33.580777
  1.565000e+00  181.004094  33.580777
  1.567500e+00  181.004097  33.580777
  1.570000e+00  181.004101  33.580777
  1.572500e+00  181.004104  33.580777
  1.575000e+00  181.004108  33.580777
  1.577500e+00  181.004111  33.580777
  1.580000e+00  181.004114  33.580777
  1.582500e+00  181.004118  33.580777
  1.585000e+00  181.004121  33.580777
  1.587500e+00  181.004124  33.580777
  1.590000e+00  181.004127  33.580777
  1.592500e+00  181.004131  33.580777
  1.595000e+00  181.004134  33.580777
  1.597500e+00  181.004137  33.580777
  1.600000e+00  181.004140  33.580777
  1.602500e+00  181.004143  33.580776
  1.605000e+00  181.004146  33.580776
  1.607500e+00  181.004149  33.580776
  1.610000e+00  181.004152  33.580776
  1.612500e+00  181.004155  33.580776
  1.615000e+00  181.004158  33.580776
  1.617500e+00  181.004161  33.580776
  1.620000e+00  181.004164  33.580776
  1.622500e+00  181.004166  33.580776
  1.625000e+00  181.004169  33.580776
  1.627500e+00  181.004172  33.580776
  1.630000e+00  181.004175  33.580776
  1.632500e+00  181.004177  33.580776
  1.635000e+00  181.004180  33.580776
  1.637500e+00  181.004183  33.580776
  1.640000e+00  181.004185  33.580776
  1.642500e+00  181.004188  33.580776
  1.645000e+00  181.004190  33.580776
  1.647500e+00  181.004193  33.580776
  1.650000e+00  181.004195  33.580776
  1.652500e+00  181.004198  33.580776
  1.655000e+00  181.004200  33.580776
  1.657500e+00  181.004203  33.580776
  1.660000e+00  181.004205  33.580776
  1.662500e+00  181.004208  33.580776
  1.665000e+00  181.004210  33.580776
  1.667500e+00  181.004212  33.580776
  1.670000e+00  181.004215  33.580775
  1.672500e+00  181.004217  33.580775
  1.675000e+00  181.004219  33.580775
  1.677500e+00  181.004221  33.580775
  1.680000e+00  181.004223  33.580775
  1.682500e+00  181.004226  33.580775
  1.685000e+00  181.004228  33.580775
  1.687500e+00  181.004230  33.580775
  1.690000e+00  181.004232  33.580775
  1.692500e+00  181.004234  33.580775
  1.695000e+00  181.004236  33.580775
  1.697500e+00  181.004238  33.580775
  1.700000e+00  181.004240  33.580775
  1.702500e+00  181.004242  33.580775
  1.705000e+00  181.004244  33.580775
  1.707500e+00  181.004246  33.580775
  1.710000e+00  181.004248  33.580775
  1.712500e+00  181.004250  33.580775
  1.715000e+00  181.004252  33.580775
  1.717500e+00  181.004254  33.580775
  1.720000e+00  181.004256  33.580775
  1.722500e+00  181.004257  33.580775
  1.725000e+00  181.004259  33.580775
  1.727500e+00  181.004261  33.580775
  1.730000e+00  181.004263  33.580775
  1.732500e+00  181.004264  33.580775
  1.735000e+00  181.004266  33.580775
  1.737500e+00  181.004268  33.580775
  1.740000e+00  181.004270  33.580775
  1.742500e+00  181.004271  33.580775
  1.745000e+00  181.004273  33.580775
  1.747500e+00  181.004275  33.580775
  1.750000e+00  181.004276  33.580775
  1.752500e+00  181.004278  33.580775
  1.755000e+00  181.004279  33.580775
  1.757500e+00  181.004281  33.580775
  1.760000e+00  181.004283  33.580775
  1.762500e+00  181.004284  33.580775
  1.765000e+00  181.004286  33.580775
  1.767500e+00  181.004287  33.580775
  1.770000e+00  181.004289  33.580775
  1.772500e+00  181.004290  33.580775
  1.775000e+00  181.004292  33.580775
  1.777500e+00  181.004293  33.580775
  1.780000e+00  181.004294  33.580775
  1.782500e+00  181.004296  33.580775
  1.785000e+00  181.004297  33.580775
  1.787500e+00  181.004299  33.580775
  1.790000e+00  181.004300  33.580775
  1.792500e+00  181.004301  33.580775
  1.795000e+00  181.004303  33.580775
  1.797500e+00  181.004304  33.580775
  1.800000e+00  181.004305  33.580775
  1.802500e+00  181.004307  33.580775
  1.805000e+00  181.004308  33.580775
  1.807500e+00  181.004309  33.580775
  1.810000e+00  181.004310  33.580775
  1.812500e+00  181.004312  33.580775
  1.815000e+00  181.004313  33.580775
  1.817500e+00  181.004314  33.580775
  1.820000e+00  181.004315  33.580775
  1.822500e+00  181.004316  33.580775
  1.825000e+00  181.004318  33.580775
  1.827500e+00  181.004319  33.580775
  1.830000e+00  181.004320  33.580775
  1.832500e+00  181.004321  33.580775
  1.835000e+00  181.004322  33.580775
  1.837500e+00  181.004323  33.580775
  1.840000e+00  181.004324  33.580775
  1.842500e+00  181.004326  33.580775
  1.845000e+00  181.004327  33.580775
  1.847500e+00  181.004328  33.580774
  1.850000e+00  181.004329  33.580774
  1.852500e+00  181.004330  33.580774
  1.855000e+00  181.004331  33.580774
  1.857500e+00  181.004332  33.580774
  1.860000e+00  181.004333  33.580774
  1.862500e+00  181.004334  33.580774
  1.865000e+00  181.004335  33.580774
  1.867500e+00  181.004336  33.580774
  1.870000e+00  181.004337  33.580774
  1.872500e+00  181.004338  33.580774
  1.875000e+00  181.004339  33.580774
  1.877500e+00  181.004340  33.580774
  1.880000e+00  181.004341  33.580774
  1.882500e+00  181.004341  33.580774
  1.885000e+00  181.004342  33.580774
  1.887500e+00  181.004343  33.580774
  1.890000e+00  181.004344  33.580774
  1.892500e+00  181.004345  33.580774
  1.895000e+00  181.004346  33.580774
  1.897500e+00  181.004347  33.580774
  1.900000e+00  181.004348  33.580774
  1.902500e+00  181.004348  33.580774
  1.905000e+00  181.004349  33.580774
  1.907500e+00  181.004350  33.580774
  1.910000e+00  181.004351  33.580774
  1.912500e+00  181.004352  33.580774
  1.915000e+00  181.004353  33.580774
  1.917500e+00  181.004353  33.580774
  1.920000e+00  181.004354  33.580774
  1.922500e+00  181.004355  33.580774
  1.925000e+00  181.004356  33.580774
  1.927500e+00  181.004356  33.580774
  1.930000e+00  181.004357  33.580774
  1.932500e+00  181.004358  33.580774
  1.935000e+00  181.004359  33.580774
  1.937500e+00  181.004359  33.580774
  1.940000e+00  181.004360  33.580774
  1.942500e+00  181.004361  33.580774
  1.945000e+00  181.004361  33.580774
  1.947500e+00  181.004362  33.580774
  1.950000e+00  181.004363  33.580774
  1.952500e+00  181.004364  33.580774
  1.955000e+00  181.004364  33.580774
  1.957500e+00  181.004365  33.580774
  1.960000e+00  181.004366  33.580774
  1.962500e+00  181.004366  33.580774
  1.965000e+00  181.004367  33.580774
  1.967500e+00  181.004367  33.580774
  1.970000e+00  181.004368  33.580774
  1.972500e+00  181.004369  33.580774
  1.975000e+00  181.004369  33.580774
  1.977500e+00  181.004370  33.580774
  1.980000e+00  181.004371  33.580774
  1.982500e+00  181.004371  33.580774
  1.985000e+00  181.004372  33.580774
  1.987500e+00  181.004372  33.580774
  1.990000e+00  181.004373  33.580774
  1.992500e+00  181.004373  33.580774
  1.995000e+00  181.004374  33.580774
  1.997500e+00  181.004375  33.580774
  2.000000e+00  181.004375  33.580774
