  0.000000e+00  -235.0685149422 17.9826472514 
  2.500000e-03  -235.0685149422 17.9811917232 
  5.000000e-03  -235.0685149422 17.9820710053 
  7.500000e-03  -235.0685149422 17.9831474884 
  1.000000e-02  -235.0685149422 17.9837111225 
  1.250000e-02  -235.0685149422 17.9840168620 
  1.500000e-02  -235.0685149422 17.9842858527 
  1.750000e-02  -235.0685149422 17.9845343309 
  2.000000e-02  -235.0685149422 17.9846983603 
  2.250000e-02  -235.0685149422 17.9847434864 
  2.500000e-02  -235.0685149422 17.9846954058 
  2.750000e-02  -235.0685149422 17.9846089475 
  3.000000e-02  -235.0685149422 17.9845308203 
  3.250000e-02  -235.0685149422 17.9844841918 
  3.500000e-02  -235.0685149422 17.9844688430 
  3.750000e-02  -235.0685149422 17.9844697011 
  4.000000e-02  -235.0685149422 17.9844686254 
  4.250000e-02  -235.0685149422 17.9844534178 
  4.500000e-02  -235.0685149422 17.9844207045 
  4.750000e-02  -235.0685149422 17.9843737093 
  5.000000e-02  -235.0685149422 17.9843181629 
  5.250000e-02  -235.0685149422 17.9842591043 
  5.500000e-02  -235.0685149422 17.9841996099 
  5.750000e-02  -235.0685149422 17.9841410369 
  6.000000e-02  -235.0685149422 17.9840838329 
  6.250000e-02  -235.0685149422 17.9840281864 
  6.500000e-02  -235.0685149422 17.9839742876 
  6.750000e-02  -235.0685149422 17.9839223072 
  7.000000e-02  -235.0685149422 17.9838722913 
  7.250000e-02  -235.0685149422 17.9838240987 
  7.500000e-02  -235.0685149422 17.9837774148 
  7.750000e-02  -235.0685149422 17.9837318261 
  8.000000e-02  -235.0685149422 17.9836869242 
  8.250000e-02  -235.0685149422 17.9836424091 
  8.500000e-02  -235.0685149422 17.9835981646 
  8.750000e-02  -235.0685149422 17.9835542837 
  9.000000e-02  -235.0685149422 17.9835110368 
  9.250000e-02  -235.0685149422 17.9834687930 
  9.500000e-02  -235.0685149422 17.9834279200 
  9.750000e-02  -235.0685149422 17.9833886957 
  1.000000e-01  -235.0685149422 17.9833512570 
  1.025000e-01  -235.0685149422 17.9833155937 
  1.050000e-01  -235.0685149422 17.9832815812 
  1.075000e-01  -235.0685149422 17.9832490334 
  1.100000e-01  -235.0685149422 17.9832177561 
  1.125000e-01  -235.0685149422 17.9831875854 
  1.150000e-01  -235.0685149422 17.9831584063 
  1.175000e-01  -235.0685149422 17.9831301524 
  1.200000e-01  -235.0685149422 17.9831027948 
  1.225000e-01  -235.0685149422 17.9830763263 
  1.250000e-01  -235.0685149422 17.9830507473 
  1.275000e-01  -235.0685149422 17.9830260573 
  1.300000e-01  -235.0685149422 17.9830022499 
  1.325000e-01  -235.0685149422 17.9829793129 
  1.350000e-01  -235.0685149422 17.9829572291 
  1.375000e-01  -235.0685149422 17.9829359786 
  1.400000e-01  -235.0685149422 17.9829155404 
  1.425000e-01  -235.0685149422 17.9828958933 
  1.450000e-01  -235.0685149422 17.9828770162 
  1.475000e-01  -235.0685149422 17.9828588885 
  1.500000e-01  -235.0685149422 17.9828414895 
  1.525000e-01  -235.0685149422 17.9828247986 
  1.550000e-01  -235.0685149422 17.9828087952 
  1.575000e-01  -235.0685149422 17.9827934588 
  1.600000e-01  -235.0685149422 17.9827787691 
  1.625000e-01  -235.0685149422 17.9827647057 
  1.650000e-01  -235.0685149422 17.9827512489 
  1.675000e-01  -235.0685149422 17.9827383795 
  1.700000e-01  -235.0685149422 17.9827260785 
  1.725000e-01  -235.0685149422 17.9827143277 
  1.750000e-01  -235.0685149422 17.9827031093 
  1.775000e-01  -235.0685149422 17.9826924061 
  1.800000e-01  -235.0685149422 17.9826822012 
  1.825000e-01  -235.0685149422 17.9826724779 
  1.850000e-01  -235.0685149422 17.9826632198 
  1.875000e-01  -235.0685149422 17.9826544108 
  1.900000e-01  -235.0685149422 17.9826460348 
  1.925000e-01  -235.0685149422 17.9826380764 
  1.950000e-01  -235.0685149422 17.9826305201 
  1.975000e-01  -235.0685149422 17.9826233512 
  2.000000e-01  -235.0685149422 17.9826165554 
  2.025000e-01  -235.0685149422 17.9826101190 
  2.050000e-01  -235.0685149422 17.9826040289 
  2.075000e-01  -235.0685149422 17.9825982726 
  2.100000e-01  -235.0685149422 17.9825928382 
  2.125000e-01  -235.0685149422 17.9825877141 
  2.150000e-01  -235.0685149422 17.9825828896 
  2.175000e-01  -235.0685149422 17.9825783540 
  2.200000e-01  -235.0685149422 17.9825740974 
  2.225000e-01  -235.0685149422 17.9825701099 
  2.250000e-01  -235.0685149422 17.9825663825 
  2.275000e-01  -235.0685149422 17.9825629060 
  2.300000e-01  -235.0685149422 17.9825596719 
  2.325000e-01  -235.0685149422 17.9825566720 
  2.350000e-01  -235.0685149422 17.9825538983 
  2.375000e-01  -235.0685149422 17.9825513430 
  2.400000e-01  -235.0685149422 17.9825489989 
  2.425000e-01  -235.0685149422 17.9825468587 
  2.450000e-01  -235.0685149422 17.9825449154 
  2.475000e-01  -235.0685149422 17.9825431626 
  2.500000e-01  -235.0685149422 17.9825415936 
  2.525000e-01  -235.0685149422 17.9825402023 
  2.550000e-01  -235.0685149422 17.9825389826 
  2.575000e-01  -235.0685149422 17.9825379286 
  2.600000e-01  -235.0685149422 17.9825370347 
  2.625000e-01  -235.0685149422 17.9825362954 
  2.650000e-01  -235.0685149422 17.9825357055 
  2.675000e-01  -235.0685149422 17.9825352597 
  2.700000e-01  -235.0685149422 17.9825349530 
  2.725000e-01  -235.0685149422 17.9825347807 
  2.750000e-01  -235.0685149422 17.9825347381 
  2.775000e-01  -235.0685149422 17.9825348205 
  2.800000e-01  -235.0685149422 17.9825350237 
  2.825000e-01  -235.0685149422 17.9825353433 
  2.850000e-01  -235.0685149422 17.9825357752 
  2.875000e-01  -235.0685149422 17.9825363153 
  2.900000e-01  -235.0685149422 17.9825369598 
  2.925000e-01  -235.0685149422 17.9825377049 
  2.950000e-01  -235.0685149422 17.9825385469 
  2.975000e-01  -235.0685149422 17.9825394823 
  3.000000e-01  -235.0685149422 17.9825405077 
  3.025000e-01  -235.0685149422 17.9825416195 
  3.050000e-01  -235.0685149422 17.9825428148 
  3.075000e-01  -235.0685149422 17.9825440902 
  3.100000e-01  -235.0685149422 17.9825454428 
  3.125000e-01  -235.0685149422 17.9825468696 
  3.150000e-01  -235.0685149422 17.9825483676 
  3.175000e-01  -235.0685149422 17.9825499343 
  3.200000e-01  -235.0685149422 17.9825515667 
  3.225000e-01  -235.0685149422 17.9825532624 
  3.250000e-01  -235.0685149422 17.9825550187 
  3.275000e-01  -235.0685149422 17.9825568333 
  3.300000e-01  -235.0685149422 17.9825587036 
  3.325000e-01  -235.0685149422 17.9825606274 
  3.350000e-01  -235.0685149422 17.9825626025 
  3.375000e-01  -235.0685149422 17.9825646266 
  3.400000e-01  -235.0685149422 17.9825666976 
  3.425000e-01  -235.0685149422 17.9825688135 
  3.450000e-01  -235.0685149422 17.9825709722 
  3.475000e-01  -235.0685149422 17.9825731719 
  3.500000e-01  -235.0685149422 17.9825754105 
  3.525000e-01  -235.0685149422 17.9825776864 
  3.550000e-01  -235.0685149422 17.9825799977 
  3.575000e-01  -235.0685149422 17.9825823427 
  3.600000e-01  -235.0685149422 17.9825847197 
  3.625000e-01  -235.0685149422 17.9825871272 
  3.650000e-01  -235.0685149422 17.9825895635 
  3.675000e-01  -235.0685149422 17.9825920271 
  3.700000e-01  -235.0685149422 17.9825945165 
  3.725000e-01  -235.0685149422 17.9825970303 
  3.750000e-01  -235.0685149422 17.9825995672 
  3.775000e-01  -235.0685149422 17.9826021257 
  3.800000e-01  -235.0685149422 17.9826047046 
  3.825000e-01  -235.0685149422 17.9826073025 
  3.850000e-01  -235.0685149422 17.9826099183 
  3.875000e-01  -235.0685149422 17.9826125508 
  3.900000e-01  -235.0685149422 17.9826151987 
  3.925000e-01  -235.0685149422 17.9826178611 
  3.950000e-01  -235.0685149422 17.9826205367 
  3.975000e-01  -235.0685149422 17.9826232246 
  4.000000e-01  -235.0685149422 17.9826259237 
  4.025000e-01  -235.0685149422 17.9826286331 
  4.050000e-01  -235.0685149422 17.9826313517 
  4.075000e-01  -235.0685149422 17.9826340787 
  4.100000e-01  -235.0685149422 17.9826368132 
  4.125000e-01  -235.0685149422 17.9826395543 
  4.150000e-01  -235.0685149422 17.9826423011 
  4.175000e-01  -235.0685149422 17.9826450528 
  4.200000e-01  -235.0685149422 17.9826478088 
  4.225000e-01  -235.0685149422 17.9826505680 
  4.250000e-01  -235.0685149422 17.9826533300 
  4.275000e-01  -235.0685149422 17.9826560939 
  4.300000e-01  -235.0685149422 17.9826588590 
  4.325000e-01  -235.0685149422 17.9826616247 
  4.350000e-01  -235.0685149422 17.9826643903 
  4.375000e-01  -235.0685149422 17.9826671552 
  4.400000e-01  -235.0685149422 17.9826699189 
  4.425000e-01  -235.0685149422 17.9826726806 
  4.450000e-01  -235.0685149422 17.9826754399 
  4.475000e-01  -235.0685149422 17.9826781963 
  4.500000e-01  -235.0685149422 17.9826809491 
  4.525000e-01  -235.0685149422 17.9826836979 
  4.550000e-01  -235.0685149422 17.9826864421 
  4.575000e-01  -235.0685149422 17.9826891814 
  4.600000e-01  -235.0685149422 17.9826919153 
  4.625000e-01  -235.0685149422 17.9826946432 
  4.650000e-01  -235.0685149422 17.9826973649 
  4.675000e-01  -235.0685149422 17.9827000798 
  4.700000e-01  -235.0685149422 17.9827027877 
  4.725000e-01  -235.0685149422 17.9827054880 
  4.750000e-01  -235.0685149422 17.9827081805 
  4.775000e-01  -235.0685149422 17.9827108648 
  4.800000e-01  -235.0685149422 17.9827135406 
  4.825000e-01  -235.0685149422 17.9827162074 
  4.850000e-01  -235.0685149422 17.9827188651 
  4.875000e-01  -235.0685149422 17.9827215133 
  4.900000e-01  -235.0685149422 17.9827241518 
  4.925000e-01  -235.0685149422 17.9827267801 
  4.950000e-01  -235.0685149422 17.9827293982 
  4.975000e-01  -235.0685149422 17.9827320057 
  5.000000e-01  -235.0685149422 17.9827346024 
  5.025000e-01  -235.0685149422 17.9827371880 
  5.050000e-01  -235.0685149422 17.9827397624 
  5.075000e-01  -235.0685149422 17.9827423253 
  5.100000e-01  -235.0685149422 17.9827448764 
  5.125000e-01  -235.0685149422 17.9827474157 
  5.150000e-01  -235.0685149422 17.9827499430 
  5.175000e-01  -235.0685149422 17.9827524579 
  5.200000e-01  -235.0685149422 17.9827549605 
  5.225000e-01  -235.0685149422 17.9827574505 
  5.250000e-01  -235.0685149422 17.9827599277 
  5.275000e-01  -235.0685149422 17.9827623920 
  5.300000e-01  -235.0685149422 17.9827648434 
  5.325000e-01  -235.0685149422 17.9827672816 
  5.350000e-01  -235.0685149422 17.9827697065 
  5.375000e-01  -235.0685149422 17.9827721180 
  5.400000e-01  -235.0685149422 17.9827745160 
  5.425000e-01  -235.0685149422 17.9827769005 
  5.450000e-01  -235.0685149422 17.9827792712 
  5.475000e-01  -235.0685149422 17.9827816282 
  5.500000e-01  -235.0685149422 17.9827839712 
  5.525000e-01  -235.0685149422 17.9827863003 
  5.550000e-01  -235.0685149422 17.9827886154 
  5.575000e-01  -235.0685149422 17.9827909164 
  5.600000e-01  -235.0685149422 17.9827932033 
  5.625000e-01  -235.0685149422 17.9827954759 
  5.650000e-01  -235.0685149422 17.9827977343 
  5.675000e-01  -235.0685149422 17.9827999783 
  5.700000e-01  -235.0685149422 17.9828022080 
  5.725000e-01  -235.0685149422 17.9828044233 
  5.750000e-01  -235.0685149422 17.9828066242 
  5.775000e-01  -235.0685149422 17.9828088106 
  5.800000e-01  -235.0685149422 17.9828109825 
  5.825000e-01  -235.0685149422 17.9828131400 
  5.850000e-01  -235.0685149422 17.9828152829 
  5.875000e-01  -235.0685149422 17.9828174112 
  5.900000e-01  -235.0685149422 17.9828195250 
  5.925000e-01  -235.0685149422 17.9828216243 
  5.950000e-01  -235.0685149422 17.9828237090 
  5.975000e-01  -235.0685149422 17.9828257792 
  6.000000e-01  -235.0685149422 17.9828278348 
  6.025000e-01  -235.0685149422 17.9828298758 
  6.050000e-01  -235.0685149422 17.9828319023 
  6.075000e-01  -235.0685149422 17.9828339143 
  6.100000e-01  -235.0685149422 17.9828359118 
  6.125000e-01  -235.0685149422 17.9828378947 
  6.150000e-01  -235.0685149422 17.9828398633 
  6.175000e-01  -235.0685149422 17.9828418173 
  6.200000e-01  -235.0685149422 17.9828437569 
  6.225000e-01  -235.0685149422 17.9828456822 
  6.250000e-01  -235.0685149422 17.9828475930 
  6.275000e-01  -235.0685149422 17.9828494896 
  6.300000e-01  -235.0685149422 17.9828513718 
  6.325000e-01  -235.0685149422 17.9828532398 
  6.350000e-01  -235.0685149422 17.9828550935 
  6.375000e-01  -235.0685149422 17.9828569331 
  6.400000e-01  -235.0685149422 17.9828587585 
  6.425000e-01  -235.0685149422 17.9828605698 
  6.450000e-01  -235.0685149422 17.9828623671 
  6.475000e-01  -235.0685149422 17.9828641504 
  6.500000e-01  -235.0685149422 17.9828659197 
  6.525000e-01  -235.0685149422 17.9828676751 
  6.550000e-01  -235.0685149422 17.9828694166 
  6.575000e-01  -235.0685149422 17.9828711444 
  6.600000e-01  -235.0685149422 17.9828728584 
  6.625000e-01  -235.0685149422 17.9828745587 
  6.650000e-01  -235.0685149422 17.9828762454 
  6.675000e-01  -235.0685149422 17.9828779184 
  6.700000e-01  -235.0685149422 17.9828795780 
  6.725000e-01  -235.0685149422 17.9828812242 
  6.750000e-01  -235.0685149422 17.9828828569 
  6.775000e-01  -235.0685149422 17.9828844763 
  6.800000e-01  -235.0685149422 17.9828860824 
  6.825000e-01  -235.0685149422 17.9828876753 
  6.850000e-01  -235.0685149422 17.9828892551 
  6.875000e-01  -235.0685149422 17.9828908218 
  6.900000e-01  -235.0685149422 17.9828923755 
  6.925000e-01  -235.0685149422 17.9828939163 
  6.950000e-01  -235.0685149422 17.9828954442 
  6.975000e-01  -235.0685149422 17.9828969593 
  7.000000e-01  -235.0685149422 17.9828984617 
  7.025000e-01  -235.0685149422 17.9828999514 
  7.050000e-01  -235.0685149422 17.9829014285 
  7.075000e-01  -235.0685149422 17.9829028931 
  7.100000e-01  -235.0685149422 17.9829043453 
  7.125000e-01  -235.0685149422 17.9829057850 
  7.150000e-01  -235.0685149422 17.9829072125 
  7.175000e-01  -235.0685149422 17.9829086277 
  7.200000e-01  -235.0685149422 17.9829100308 
  7.225000e-01  -235.0685149422 17.9829114218 
  7.250000e-01  -235.0685149422 17.9829128008 
  7.275000e-01  -235.0685149422 17.9829141679 
  7.300000e-01  -235.0685149422 17.9829155231 
  7.325000e-01  -235.0685149422 17.9829168665 
  7.350000e-01  -235.0685149422 17.9829181982 
  7.375000e-01  -235.0685149422 17.9829195183 
  7.400000e-01  -235.0685149422 17.9829208268 
  7.425000e-01  -235.0685149422 17.9829221238 
  7.450000e-01  -235.0685149422 17.9829234094 
  7.475000e-01  -235.0685149422 17.9829246837 
  7.500000e-01  -235.0685149422 17.9829259467 
  7.525000e-01  -235.0685149422 17.9829271986 
  7.550000e-01  -235.0685149422 17.9829284393 
  7.575000e-01  -235.0685149422 17.9829296690 
  7.600000e-01  -235.0685149422 17.9829308878 
  7.625000e-01  -235.0685149422 17.9829320957 
  7.650000e-01  -235.0685149422 17.9829332928 
  7.675000e-01  -235.0685149422 17.9829344791 
  7.700000e-01  -235.0685149422 17.9829356548 
  7.725000e-01  -235.0685149422 17.9829368200 
  7.750000e-01  -235.0685149422 17.9829379746 
  7.775000e-01  -235.0685149422 17.9829391189 
  7.800000e-01  -235.0685149422 17.9829402528 
  7.825000e-01  -235.0685149422 17.9829413764 
  7.850000e-01  -235.0685149422 17.9829424898 
  7.875000e-01  -235.0685149422 17.9829435931 
  7.900000e-01  -235.0685149422 17.9829446864 
  7.925000e-01  -235.0685149422 17.9829457697 
  7.950000e-01  -235.0685149422 17.9829468431 
  7.975000e-01  -235.0685149422 17.9829479066 
  8.000000e-01  -235.0685149422 17.9829489605 
  8.025000e-01  -235.0685149422 17.9829500046 
  8.050000e-01  -235.0685149422 17.9829510392 
  8.075000e-01  -235.0685149422 17.9829520642 
  8.100000e-01  -235.0685149422 17.9829530798 
  8.125000e-01  -235.0685149422 17.9829540861 
  8.150000e-01  -235.0685149422 17.9829550830 
  8.175000e-01  -235.0685149422 17.9829560707 
  8.200000e-01  -235.0685149422 17.9829570492 
  8.225000e-01  -235.0685149422 17.9829580186 
  8.250000e-01  -235.0685149422 17.9829589791 
  8.275000e-01  -235.0685149422 17.9829599306 
  8.300000e-01  -235.0685149422 17.9829608732 
  8.325000e-01  -235.0685149422 17.9829618070 
  8.350000e-01  -235.0685149422 17.9829627321 
  8.375000e-01  -235.0685149422 17.9829636485 
  8.400000e-01  -235.0685149422 17.9829645564 
  8.425000e-01  -235.0685149422 17.9829654557 
  8.450000e-01  -235.0685149422 17.9829663466 
  8.475000e-01  -235.0685149422 17.9829672291 
  8.500000e-01  -235.0685149422 17.9829681033 
  8.525000e-01  -235.0685149422 17.9829689692 
  8.550000e-01  -235.0685149422 17.9829698270 
  8.575000e-01  -235.0685149422 17.9829706766 
  8.600000e-01  -235.0685149422 17.9829715182 
  8.625000e-01  -235.0685149422 17.9829723519 
  8.650000e-01  -235.0685149422 17.9829731776 
  8.675000e-01  -235.0685149422 17.9829739955 
  8.700000e-01  -235.0685149422 17.9829748057 
  8.725000e-01  -235.0685149422 17.9829756081 
  8.750000e-01  -235.0685149422 17.9829764029 
  8.775000e-01  -235.0685149422 17.9829771901 
  8.800000e-01  -235.0685149422 17.9829779697 
  8.825000e-01  -235.0685149422 17.9829787420 
  8.850000e-01  -235.0685149422 17.9829795068 
  8.875000e-01  -235.0685149422 17.9829802643 
  8.900000e-01  -235.0685149422 17.9829810146 
  8.925000e-01  -235.0685149422 17.9829817577 
  8.950000e-01  -235.0685149422 17.9829824936 
  8.975000e-01  -235.0685149422 17.9829832225 
  9.000000e-01  -235.0685149422 17.9829839443 
  9.025000e-01  -235.0685149422 17.9829846592 
  9.050000e-01  -235.0685149422 17.9829853672 
  9.075000e-01  -235.0685149422 17.9829860684 
  9.100000e-01  -235.0685149422 17.9829867628 
  9.125000e-01  -235.0685149422 17.9829874505 
  9.150000e-01  -235.0685149422 17.9829881315 
  9.175000e-01  -235.0685149422 17.9829888060 
  9.200000e-01  -235.0685149422 17.9829894739 
  9.225000e-01  -235.0685149422 17.9829901353 
  9.250000e-01  -235.0685149422 17.9829907903 
  9.275000e-01  -235.0685149422 17.9829914390 
  9.300000e-01  -235.0685149422 17.9829920813 
  9.325000e-01  -235.0685149422 17.9829927174 
  9.350000e-01  -235.0685149422 17.9829933473 
  9.375000e-01  -235.0685149422 17.9829939711 
  9.400000e-01  -235.0685149422 17.9829945888 
  9.425000e-01  -235.0685149422 17.9829952004 
  9.450000e-01  -235.0685149422 17.9829958061 
  9.475000e-01  -235.0685149422 17.9829964058 
  9.500000e-01  -235.0685149422 17.9829969997 
  9.525000e-01  -235.0685149422 17.9829975878 
  9.550000e-01  -235.0685149422 17.9829981701 
  9.575000e-01  -235.0685149422 17.9829987467 
  9.600000e-01  -235.0685149422 17.9829993176 
  9.625000e-01  -235.0685149422 17.9829998829 
  9.650000e-01  -235.0685149422 17.9830004427 
  9.675000e-01  -235.0685149422 17.9830009970 
  9.700000e-01  -235.0685149422 17.9830015458 
  9.725000e-01  -235.0685149422 17.9830020892 
  9.750000e-01  -235.0685149422 17.9830026273 
  9.775000e-01  -235.0685149422 17.9830031601 
  9.800000e-01  -235.0685149422 17.9830036876 
  9.825000e-01  -235.0685149422 17.9830042098 
  9.850000e-01  -235.0685149422 17.9830047270 
  9.875000e-01  -235.0685149422 17.9830052390 
  9.900000e-01  -235.0685149422 17.9830057460 
  9.925000e-01  -235.0685149422 17.9830062479 
  9.950000e-01  -235.0685149422 17.9830067449 
  9.975000e-01  -235.0685149422 17.9830072369 
  1.000000e+00  -235.0685149422 17.9830077241 
  1.002500e+00  -235.0685149422 17.9830082064 
  1.005000e+00  -235.0685149422 17.9830086839 
  1.007500e+00  -235.0685149422 17.9830091567 
  1.010000e+00  -235.0685149422 17.9830096248 
  1.012500e+00  -235.0685149422 17.9830100883 
  1.015000e+00  -235.0685149422 17.9830105471 
  1.017500e+00  -235.0685149422 17.9830110013 
  1.020000e+00  -235.0685149422 17.9830114511 
  1.022500e+00  -235.0685149422 17.9830118963 
  1.025000e+00  -235.0685149422 17.9830123371 
  1.027500e+00  -235.0685149422 17.9830127736 
  1.030000e+00  -235.0685149422 17.9830132056 
  1.032500e+00  -235.0685149422 17.9830136334 
  1.035000e+00  -235.0685149422 17.9830140568 
  1.037500e+00  -235.0685149422 17.9830144761 
  1.040000e+00  -235.0685149422 17.9830148911 
  1.042500e+00  -235.0685149422 17.9830153020 
  1.045000e+00  -235.0685149422 17.9830157087 
  1.047500e+00  -235.0685149422 17.9830161114 
  1.050000e+00  -235.0685149422 17.9830165101 
  1.052500e+00  -235.0685149422 17.9830169047 
  1.055000e+00  -235.0685149422 17.9830172954 
  1.057500e+00  -235.0685149422 17.9830176822 
  1.060000e+00  -235.0685149422 17.9830180651 
  1.062500e+00  -235.0685149422 17.9830184441 
  1.065000e+00  -235.0685149422 17.9830188194 
  1.067500e+00  -235.0685149422 17.9830191908 
  1.070000e+00  -235.0685149422 17.9830195585 
  1.072500e+00  -235.0685149422 17.9830199225 
  1.075000e+00  -235.0685149422 17.9830202829 
  1.077500e+00  -235.0685149422 17.9830206396 
  1.080000e+00  -235.0685149422 17.9830209927 
  1.082500e+00  -235.0685149422 17.9830213423 
  1.085000e+00  -235.0685149422 17.9830216883 
  1.087500e+00  -235.0685149422 17.9830220308 
  1.090000e+00  -235.0685149422 17.9830223699 
  1.092500e+00  -235.0685149422 17.9830227056 
  1.095000e+00  -235.0685149422 17.9830230378 
  1.097500e+00  -235.0685149422 17.9830233667 
  1.100000e+00  -235.0685149422 17.9830236923 
  1.102500e+00  -235.0685149422 17.9830240146 
  1.105000e+00  -235.0685149422 17.9830243336 
  1.107500e+00  -235.0685149422 17.9830246494 
  1.110000e+00  -235.0685149422 17.9830249620 
  1.112500e+00  -235.0685149422 17.9830252714 
  1.115000e+00  -235.0685149422 17.9830255776 
  1.117500e+00  -235.0685149422 17.9830258808 
  1.120000e+00  -235.0685149422 17.9830261809 
  1.122500e+00  -235.0685149422 17.9830264780 
  1.125000e+00  -235.0685149422 17.9830267720 
  1.127500e+00  -235.0685149422 17.9830270630 
  1.130000e+00  -235.0685149422 17.9830273511 
  1.132500e+00  -235.0685149422 17.9830276363 
  1.135000e+00  -235.0685149422 17.9830279185 
  1.137500e+00  -235.0685149422 17.9830281979 
  1.140000e+00  -235.0685149422 17.9830284745 
  1.142500e+00  -235.0685149422 17.9830287482 
  1.145000e+00  -235.0685149422 17.9830290191 
  1.147500e+00  -235.0685149422 17.9830292873 
  1.150000e+00  -235.0685149422 17.9830295527 
  1.152500e+00  -235.0685149422 17.9830298155 
  1.155000e+00  -235.0685149422 17.9830300755 
  1.157500e+00  -235.0685149422 17.9830303329 
  1.160000e+00  -235.0685149422 17.9830305877 
  1.162500e+00  -235.0685149422 17.9830308399 
  1.165000e+00  -235.0685149422 17.9830310895 
  1.167500e+00  -235.0685149422 17.9830313365 
  1.170000e+00  -235.0685149422 17.9830315811 
  1.172500e+00  -235.0685149422 17.9830318231 
  1.175000e+00  -235.0685149422 17.9830320626 
  1.177500e+00  -235.0685149422 17.9830322997 
  1.180000e+00  -235.0685149422 17.9830325344 
  1.182500e+00  -235.0685149422 17.9830327667 
  1.185000e+00  -235.0685149422 17.9830329966 
  1.187500e+00  -235.0685149422 17.9830332241 
  1.190000e+00  -235.0685149422 17.9830334493 
  1.192500e+00  -235.0685149422 17.9830336722 
  1.195000e+00  -235.0685149422 17.9830338928 
  1.197500e+00  -235.0685149422 17.9830341112 
  1.200000e+00  -235.0685149422 17.9830343273 
  1.202500e+00  -235.0685149422 17.9830345412 
  1.205000e+00  -235.0685149422 17.9830347529 
  1.207500e+00  -235.0685149422 17.9830349624 
  1.210000e+00  -235.0685149422 17.9830351698 
  1.212500e+00  -235.0685149422 17.9830353750 
  1.215000e+00  -235.0685149422 17.9830355782 
  1.217500e+00  -235.0685149422 17.9830357792 
  1.220000e+00  -235.0685149422 17.9830359782 
  1.222500e+00  -235.0685149422 17.9830361751 
  1.225000e+00  -235.0685149422 17.9830363700 
  1.227500e+00  -235.0685149422 17.9830365629 
  1.230000e+00  -235.0685149422 17.9830367539 
  1.232500e+00  -235.0685149422 17.9830369428 
  1.235000e+00  -235.0685149422 17.9830371298 
  1.237500e+00  -235.0685149422 17.9830373149 
  1.240000e+00  -235.0685149422 17.9830374981 
  1.242500e+00  -235.0685149422 17.9830376794 
  1.245000e+00  -235.0685149422 17.9830378588 
  1.247500e+00  -235.0685149422 17.9830380364 
  1.250000e+00  -235.0685149422 17.9830382121 
  1.252500e+00  -235.0685149422 17.9830383860 
  1.255000e+00  -235.0685149422 17.9830385582 
  1.257500e+00  -235.0685149422 17.9830387285 
  1.260000e+00  -235.0685149422 17.9830388971 
  1.262500e+00  -235.0685149422 17.9830390640 
  1.265000e+00  -235.0685149422 17.9830392291 
  1.267500e+00  -235.0685149422 17.9830393925 
  1.270000e+00  -235.0685149422 17.9830395543 
  1.272500e+00  -235.0685149422 17.9830397143 
  1.275000e+00  -235.0685149422 17.9830398727 
  1.277500e+00  -235.0685149422 17.9830400295 
  1.280000e+00  -235.0685149422 17.9830401847 
  1.282500e+00  -235.0685149422 17.9830403382 
  1.285000e+00  -235.0685149422 17.9830404902 
  1.287500e+00  -235.0685149422 17.9830406405 
  1.290000e+00  -235.0685149422 17.9830407894 
  1.292500e+00  -235.0685149422 17.9830409367 
  1.295000e+00  -235.0685149422 17.9830410824 
  1.297500e+00  -235.0685149422 17.9830412267 
  1.300000e+00  -235.0685149422 17.9830413694 
  1.302500e+00  -235.0685149422 17.9830415107 
  1.305000e+00  -235.0685149422 17.9830416505 
  1.307500e+00  -235.0685149422 17.9830417889 
  1.310000e+00  -235.0685149422 17.9830419258 
  1.312500e+00  -235.0685149422 17.9830420613 
  1.315000e+00  -235.0685149422 17.9830421954 
  1.317500e+00  -235.0685149422 17.9830423282 
  1.320000e+00  -235.0685149422 17.9830424595 
  1.322500e+00  -235.0685149422 17.9830425895 
  1.325000e+00  -235.0685149422 17.9830427181 
  1.327500e+00  -235.0685149422 17.9830428454 
  1.330000e+00  -235.0685149422 17.9830429713 
  1.332500e+00  -235.0685149422 17.9830430960 
  1.335000e+00  -235.0685149422 17.9830432194 
  1.337500e+00  -235.0685149422 17.9830433414 
  1.340000e+00  -235.0685149422 17.9830434622 
  1.342500e+00  -235.0685149422 17.9830435818 
  1.345000e+00  -235.0685149422 17.9830437001 
  1.347500e+00  -235.0685149422 17.9830438172 
  1.350000e+00  -235.0685149422 17.9830439331 
  1.352500e+00  -235.0685149422 17.9830440477 
  1.355000e+00  -235.0685149422 17.9830441612 
  1.357500e+00  -235.0685149422 17.9830442735 
  1.360000e+00  -235.0685149422 17.9830443846 
  1.362500e+00  -235.0685149422 17.9830444945 
  1.365000e+00  -235.0685149422 17.9830446034 
  1.367500e+00  -235.0685149422 17.9830447110 
  1.370000e+00  -235.0685149422 17.9830448176 
  1.372500e+00  -235.0685149422 17.9830449230 
  1.375000e+00  -235.0685149422 17.9830450274 
  1.377500e+00  -235.0685149422 17.9830451307 
  1.380000e+00  -235.0685149422 17.9830452328 
  1.382500e+00  -235.0685149422 17.9830453340 
  1.385000e+00  -235.0685149422 17.9830454340 
  1.387500e+00  -235.0685149422 17.9830455331 
  1.390000e+00  -235.0685149422 17.9830456310 
  1.392500e+00  -235.0685149422 17.9830457280 
  1.395000e+00  -235.0685149422 17.9830458240 
  1.397500e+00  -235.0685149422 17.9830459189 
  1.400000e+00  -235.0685149422 17.9830460129 
  1.402500e+00  -235.0685149422 17.9830461059 
  1.405000e+00  -235.0685149422 17.9830461979 
  1.407500e+00  -235.0685149422 17.9830462889 
  1.410000e+00  -235.0685149422 17.9830463790 
  1.412500e+00  -235.0685149422 17.9830464682 
  1.415000e+00  -235.0685149422 17.9830465564 
  1.417500e+00  -235.0685149422 17.9830466437 
  1.420000e+00  -235.0685149422 17.9830467301 
  1.422500e+00  -235.0685149422 17.9830468156 
  1.425000e+00  -235.0685149422 17.9830469002 
  1.427500e+00  -235.0685149422 17.9830469839 
  1.430000e+00  -235.0685149422 17.9830470667 
  1.432500e+00  -235.0685149422 17.9830471487 
  1.435000e+00  -235.0685149422 17.9830472298 
  1.437500e+00  -235.0685149422 17.9830473101 
  1.440000e+00  -235.0685149422 17.9830473895 
  1.442500e+00  -235.0685149422 17.9830474681 
  1.445000e+00  -235.0685149422 17.9830475459 
  1.447500e+00  -235.0685149422 17.9830476228 
  1.450000e+00  -235.0685149422 17.9830476990 
  1.452500e+00  -235.0685149422 17.9830477743 
  1.455000e+00  -235.0685149422 17.9830478489 
  1.457500e+00  -235.0685149422 17.9830479227 
  1.460000e+00  -235.0685149422 17.9830479957 
  1.462500e+00  -235.0685149422 17.9830480679 
  1.465000e+00  -235.0685149422 17.9830481394 
  1.467500e+00  -235.0685149422 17.9830482101 
  1.470000e+00  -235.0685149422 17.9830482801 
  1.472500e+00  -235.0685149422 17.9830483494 
  1.475000e+00  -235.0685149422 17.9830484179 
  1.477500e+00  -235.0685149422 17.9830484857 
  1.480000e+00  -235.0685149422 17.9830485529 
  1.482500e+00  -235.0685149422 17.9830486193 
  1.485000e+00  -235.0685149422 17.9830486850 
  1.487500e+00  -235.0685149422 17.9830487500 
  1.490000e+00  -235.0685149422 17.9830488143 
  1.492500e+00  -235.0685149422 17.9830488780 
  1.495000e+00  -235.0685149422 17.9830489410 
  1.497500e+00  -235.0685149422 17.9830490033 
  1.500000e+00  -235.0685149422 17.9830490650 
  1.502500e+00  -235.0685149422 17.9830491260 
  1.505000e+00  -235.0685149422 17.9830491864 
  1.507500e+00  -235.0685149422 17.9830492461 
  1.510000e+00  -235.0685149422 17.9830493053 
  1.512500e+00  -235.0685149422 17.9830493638 
  1.515000e+00  -235.0685149422 17.9830494217 
  1.517500e+00  -235.0685149422 17.9830494789 
  1.520000e+00  -235.0685149422 17.9830495356 
  1.522500e+00  -235.0685149422 17.9830495917 
  1.525000e+00  -235.0685149422 17.9830496472 
  1.527500e+00  -235.0685149422 17.9830497021 
  1.530000e+00  -235.0685149422 17.9830497564 
  1.532500e+00  -235.0685149422 17.9830498102 
  1.535000e+00  -235.0685149422 17.9830498634 
  1.537500e+00  -235.0685149422 17.9830499160 
  1.540000e+00  -235.0685149422 17.9830499681 
  1.542500e+00  -235.0685149422 17.9830500197 
  1.545000e+00  -235.0685149422 17.9830500707 
  1.547500e+00  -235.0685149422 17.9830501211 
  1.550000e+00  -235.0685149422 17.9830501710 
  1.552500e+00  -235.0685149422 17.9830502204 
  1.555000e+00  -235.0685149422 17.9830502693 
  1.557500e+00  -235.0685149422 17.9830503177 
  1.560000e+00  -235.0685149422 17.9830503655 
  1.562500e+00  -235.0685149422 17.9830504129 
  1.565000e+00  -235.0685149422 17.9830504598 
  1.567500e+00  -235.0685149422 17.9830505061 
  1.570000e+00  -235.0685149422 17.9830505520 
  1.572500e+00  -235.0685149422 17.9830505974 
  1.575000e+00  -235.0685149422 17.9830506423 
  1.577500e+00  -235.0685149422 17.9830506867 
  1.580000e+00  -235.0685149422 17.9830507307 
  1.582500e+00  -235.0685149422 17.9830507742 
  1.585000e+00  -235.0685149422 17.9830508173 
  1.587500e+00  -235.0685149422 17.9830508599 
  1.590000e+00  -235.0685149422 17.9830509020 
  1.592500e+00  -235.0685149422 17.9830509437 
  1.595000e+00  -235.0685149422 17.9830509850 
  1.597500e+00  -235.0685149422 17.9830510258 
  1.600000e+00  -235.0685149422 17.9830510662 
  1.602500e+00  -235.0685149422 17.9830511062 
  1.605000e+00  -235.0685149422 17.9830511457 
  1.607500e+00  -235.0685149422 17.9830511848 
  1.610000e+00  -235.0685149422 17.9830512236 
  1.612500e+00  -235.0685149422 17.9830512619 
  1.615000e+00  -235.0685149422 17.9830512998 
  1.617500e+00  -235.0685149422 17.9830513373 
  1.620000e+00  -235.0685149422 17.9830513744 
  1.622500e+00  -235.0685149422 17.9830514111 
  1.625000e+00  -235.0685149422 17.9830514474 
  1.627500e+00  -235.0685149422 17.9830514834 
  1.630000e+00  -235.0685149422 17.9830515190 
  1.632500e+00  -235.0685149422 17.9830515541 
  1.635000e+00  -235.0685149422 17.9830515890 
  1.637500e+00  -235.0685149422 17.9830516234 
  1.640000e+00  -235.0685149422 17.9830516575 
  1.642500e+00  -235.0685149422 17.9830516912 
  1.645000e+00  -235.0685149422 17.9830517246 
  1.647500e+00  -235.0685149422 17.9830517576 
  1.650000e+00  -235.0685149422 17.9830517903 
  1.652500e+00  -235.0685149422 17.9830518226 
  1.655000e+00  -235.0685149422 17.9830518546 
  1.657500e+00  -235.0685149422 17.9830518863 
  1.660000e+00  -235.0685149422 17.9830519176 
  1.662500e+00  -235.0685149422 17.9830519485 
  1.665000e+00  -235.0685149422 17.9830519792 
  1.667500e+00  -235.0685149422 17.9830520095 
  1.670000e+00  -235.0685149422 17.9830520395 
  1.672500e+00  -235.0685149422 17.9830520692 
  1.675000e+00  -235.0685149422 17.9830520986 
  1.677500e+00  -235.0685149422 17.9830521277 
  1.680000e+00  -235.0685149422 17.9830521564 
  1.682500e+00  -235.0685149422 17.9830521849 
  1.685000e+00  -235.0685149422 17.9830522130 
  1.687500e+00  -235.0685149422 17.9830522409 
  1.690000e+00  -235.0685149422 17.9830522685 
  1.692500e+00  -235.0685149422 17.9830522957 
  1.695000e+00  -235.0685149422 17.9830523227 
  1.697500e+00  -235.0685149422 17.9830523494 
  1.700000e+00  -235.0685149422 17.9830523758 
  1.702500e+00  -235.0685149422 17.9830524020 
  1.705000e+00  -235.0685149422 17.9830524278 
  1.707500e+00  -235.0685149422 17.9830524534 
  1.710000e+00  -235.0685149422 17.9830524787 
  1.712500e+00  -235.0685149422 17.9830525038 
  1.715000e+00  -235.0685149422 17.9830525285 
  1.717500e+00  -235.0685149422 17.9830525531 
  1.720000e+00  -235.0685149422 17.9830525773 
  1.722500e+00  -235.0685149422 17.9830526013 
  1.725000e+00  -235.0685149422 17.9830526251 
  1.727500e+00  -235.0685149422 17.9830526486 
  1.730000e+00  -235.0685149422 17.9830526718 
  1.732500e+00  -235.0685149422 17.9830526948 
  1.735000e+00  -235.0685149422 17.9830527176 
  1.737500e+00  -235.0685149422 17.9830527401 
  1.740000e+00  -235.0685149422 17.9830527624 
  1.742500e+00  -235.0685149422 17.9830527844 
  1.745000e+00  -235.0685149422 17.9830528062 
  1.747500e+00  -235.0685149422 17.9830528278 
  1.750000e+00  -235.0685149422 17.9830528491 
  1.752500e+00  -235.0685149422 17.9830528702 
  1.755000e+00  -235.0685149422 17.9830528911 
  1.757500e+00  -235.0685149422 17.9830529118 
  1.760000e+00  -235.0685149422 17.9830529323 
  1.762500e+00  -235.0685149422 17.9830529525 
  1.765000e+00  -235.0685149422 17.9830529725 
  1.767500e+00  -235.0685149422 17.9830529923 
  1.770000e+00  -235.0685149422 17.9830530119 
  1.772500e+00  -235.0685149422 17.9830530313 
  1.775000e+00  -235.0685149422 17.9830530505 
  1.777500e+00  -235.0685149422 17.9830530695 
  1.780000e+00  -235.0685149422 17.9830530883 
  1.782500e+00  -235.0685149422 17.9830531069 
  1.785000e+00  -235.0685149422 17.9830531253 
  1.787500e+00  -235.0685149422 17.9830531435 
  1.790000e+00  -235.0685149422 17.9830531615 
  1.792500e+00  -235.0685149422 17.9830531793 
  1.795000e+00  -235.0685149422 17.9830531969 
  1.797500e+00  -235.0685149422 17.9830532143 
  1.800000e+00  -235.0685149422 17.9830532316 
  1.802500e+00  -235.0685149422 17.9830532486 
  1.805000e+00  -235.0685149422 17.9830532655 
  1.807500e+00  -235.0685149422 17.9830532822 
  1.810000e+00  -235.0685149422 17.9830532987 
  1.812500e+00  -235.0685149422 17.9830533151 
  1.815000e+00  -235.0685149422 17.9830533313 
  1.817500e+00  -235.0685149422 17.9830533473 
  1.820000e+00  -235.0685149422 17.9830533631 
  1.822500e+00  -235.0685149422 17.9830533788 
  1.825000e+00  -235.0685149422 17.9830533943 
  1.827500e+00  -235.0685149422 17.9830534096 
  1.830000e+00  -235.0685149422 17.9830534248 
  1.832500e+00  -235.0685149422 17.9830534398 
  1.835000e+00  -235.0685149422 17.9830534547 
  1.837500e+00  -235.0685149422 17.9830534694 
  1.840000e+00  -235.0685149422 17.9830534839 
  1.842500e+00  -235.0685149422 17.9830534983 
  1.845000e+00  -235.0685149422 17.9830535125 
  1.847500e+00  -235.0685149422 17.9830535266 
  1.850000e+00  -235.0685149422 17.9830535405 
  1.852500e+00  -235.0685149422 17.9830535543 
  1.855000e+00  -235.0685149422 17.9830535679 
  1.857500e+00  -235.0685149422 17.9830535814 
  1.860000e+00  -235.0685149422 17.9830535948 
  1.862500e+00  -235.0685149422 17.9830536080 
  1.865000e+00  -235.0685149422 17.9830536210 
  1.867500e+00  -235.0685149422 17.9830536340 
  1.870000e+00  -235.0685149422 17.9830536468 
  1.872500e+00  -235.0685149422 17.9830536594 
  1.875000e+00  -235.0685149422 17.9830536719 
  1.877500e+00  -235.0685149422 17.9830536843 
  1.880000e+00  -235.0685149422 17.9830536966 
  1.882500e+00  -235.0685149422 17.9830537087 
  1.885000e+00  -235.0685149422 17.9830537207 
  1.887500e+00  -235.0685149422 17.9830537326 
  1.890000e+00  -235.0685149422 17.9830537443 
  1.892500e+00  -235.0685149422 17.9830537559 
  1.895000e+00  -235.0685149422 17.9830537674 
  1.897500e+00  -235.0685149422 17.9830537788 
  1.900000e+00  -235.0685149422 17.9830537900 
  1.902500e+00  -235.0685149422 17.9830538012 
  1.905000e+00  -235.0685149422 17.9830538122 
  1.907500e+00  -235.0685149422 17.9830538231 
  1.910000e+00  -235.0685149422 17.9830538338 
  1.912500e+00  -235.0685149422 17.9830538445 
  1.915000e+00  -235.0685149422 17.9830538551 
  1.917500e+00  -235.0685149422 17.9830538655 
  1.920000e+00  -235.0685149422 17.9830538758 
  1.922500e+00  -235.0685149422 17.9830538860 
  1.925000e+00  -235.0685149422 17.9830538961 
  1.927500e+00  -235.0685149422 17.9830539061 
  1.930000e+00  -235.0685149422 17.9830539160 
  1.932500e+00  -235.0685149422 17.9830539258 
  1.935000e+00  -235.0685149422 17.9830539355 
  1.937500e+00  -235.0685149422 17.9830539451 
  1.940000e+00  -235.0685149422 17.9830539546 
  1.942500e+00  -235.0685149422 17.9830539639 
  1.945000e+00  -235.0685149422 17.9830539732 
  1.947500e+00  -235.0685149422 17.9830539824 
  1.950000e+00  -235.0685149422 17.9830539915 
  1.952500e+00  -235.0685149422 17.9830540005 
  1.955000e+00  -235.0685149422 17.9830540094 
  1.957500e+00  -235.0685149422 17.9830540182 
  1.960000e+00  -235.0685149422 17.9830540269 
  1.962500e+00  -235.0685149422 17.9830540355 
  1.965000e+00  -235.0685149422 17.9830540440 
  1.967500e+00  -235.0685149422 17.9830540524 
  1.970000e+00  -235.0685149422 17.9830540607 
  1.972500e+00  -235.0685149422 17.9830540690 
  1.975000e+00  -235.0685149422 17.9830540771 
  1.977500e+00  -235.0685149422 17.9830540852 
  1.980000e+00  -235.0685149422 17.9830540932 
  1.982500e+00  -235.0685149422 17.9830541011 
  1.985000e+00  -235.0685149422 17.9830541089 
  1.987500e+00  -235.0685149422 17.9830541167 
  1.990000e+00  -235.0685149422 17.9830541243 
  1.992500e+00  -235.0685149422 17.9830541319 
  1.995000e+00  -235.0685149422 17.9830541394 
  1.997500e+00  -235.0685149422 17.9830541468 
  2.000000e+00  -235.0685149422 17.9830541541 
