  0.000000e+00  -235.0685149422 17.9826472514 
  1.250000e-03  -235.0685149422 17.9808320997 
  2.500000e-03  -235.0685149422 17.9813317221 
  3.750000e-03  -235.0685149422 17.9823260254 
  5.000000e-03  -235.0685149422 17.9828838104 
  6.250000e-03  -235.0685149422 17.9831196040 
  7.500000e-03  -235.0685149422 17.9832668629 
  8.750000e-03  -235.0685149422 17.9834046510 
  1.000000e-02  -235.0685149422 17.9835219570 
  1.125000e-02  -235.0685149422 17.9835962135 
  1.250000e-02  -235.0685149422 17.9836218056 
  1.375000e-02  -235.0685149422 17.9836091893 
  1.500000e-02  -235.0685149422 17.9835752192 
  1.625000e-02  -235.0685149422 17.9835350673 
  1.750000e-02  -235.0685149422 17.9834983876 
  1.875000e-02  -235.0685149422 17.9834687907 
  2.000000e-02  -235.0685149422 17.9834453553 
  2.125000e-02  -235.0685149422 17.9834250301 
  2.250000e-02  -235.0685149422 17.9834047808 
  2.375000e-02  -235.0685149422 17.9833827503 
  2.500000e-02  -235.0685149422 17.9833583917 
  2.625000e-02  -235.0685149422 17.9833320087 
  2.750000e-02  -235.0685149422 17.9833041961 
  2.875000e-02  -235.0685149422 17.9832754725 
  3.000000e-02  -235.0685149422 17.9832461642 
  3.125000e-02  -235.0685149422 17.9832164531 
  3.250000e-02  -235.0685149422 17.9831864734 
  3.375000e-02  -235.0685149422 17.9831563795 
  3.500000e-02  -235.0685149422 17.9831263602 
  3.625000e-02  -235.0685149422 17.9830966141 
  3.750000e-02  -235.0685149422 17.9830673108 
  3.875000e-02  -235.0685149422 17.9830385620 
  4.000000e-02  -235.0685149422 17.9830104100 
  4.125000e-02  -235.0685149422 17.9829828355 
  4.250000e-02  -235.0685149422 17.9829557778 
  4.375000e-02  -235.0685149422 17.9829291590 
  4.500000e-02  -235.0685149422 17.9829029057 
  4.625000e-02  -235.0685149422 17.9828769635 
  4.750000e-02  -235.0685149422 17.9828513022 
  4.875000e-02  -235.0685149422 17.9828259146 
  5.000000e-02  -235.0685149422 17.9828008098 
  5.125000e-02  -235.0685149422 17.9827760056 
  5.250000e-02  -235.0685149422 17.9827515214 
  5.375000e-02  -235.0685149422 17.9827273734 
  5.500000e-02  -235.0685149422 17.9827035726 
  5.625000e-02  -235.0685149422 17.9826801238 
  5.750000e-02  -235.0685149422 17.9826570273 
  5.875000e-02  -235.0685149422 17.9826342797 
  6.000000e-02  -235.0685149422 17.9826118757 
  6.125000e-02  -235.0685149422 17.9825898092 
  6.250000e-02  -235.0685149422 17.9825680742 
  6.375000e-02  -235.0685149422 17.9825466651 
  6.500000e-02  -235.0685149422 17.9825255770 
  6.625000e-02  -235.0685149422 17.9825048054 
  6.750000e-02  -235.0685149422 17.9824843467 
  6.875000e-02  -235.0685149422 17.9824641975 
  7.000000e-02  -235.0685149422 17.9824443545 
  7.125000e-02  -235.0685149422 17.9824248148 
  7.250000e-02  -235.0685149422 17.9824055751 
  7.375000e-02  -235.0685149422 17.9823866326 
  7.500000e-02  -235.0685149422 17.9823679839 
  7.625000e-02  -235.0685149422 17.9823496258 
  7.750000e-02  -235.0685149422 17.9823315551 
  7.875000e-02  -235.0685149422 17.9823137685 
  8.000000e-02  -235.0685149422 17.9822962626 
  8.125000e-02  -235.0685149422 17.9822790342 
  8.250000e-02  -235.0685149422 17.9822620801 
  8.375000e-02  -235.0685149422 17.9822453972 
  8.500000e-02  -235.0685149422 17.9822289822 
  8.625000e-02  -235.0685149422 17.9822128322 
  8.750000e-02  -235.0685149422 17.9821969440 
  8.875000e-02  -235.0685149422 17.9821813145 
  9.000000e-02  -235.0685149422 17.9821659408 
  9.125000e-02  -235.0685149422 17.9821508198 
  9.250000e-02  -235.0685149422 17.9821359483 
  9.375000e-02  -235.0685149422 17.9821213233 
  9.500000e-02  -235.0685149422 17.9821069417 
  9.625000e-02  -235.0685149422 17.9820928002 
  9.750000e-02  -235.0685149422 17.9820788960 
  9.875000e-02  -235.0685149422 17.9820652257 
  1.000000e-01  -235.0685149422 17.9820517863 
  1.012500e-01  -235.0685149422 17.9820385747 
  1.025000e-01  -235.0685149422 17.9820255878 
  1.037500e-01  -235.0685149422 17.9820128226 
  1.050000e-01  -235.0685149422 17.9820002759 
  1.062500e-01  -235.0685149422 17.9819879448 
  1.075000e-01  -235.0685149422 17.9819758263 
  1.087500e-01  -235.0685149422 17.9819639173 
  1.100000e-01  -235.0685149422 17.9819522149 
  1.112500e-01  -235.0685149422 17.9819407162 
  1.125000e-01  -235.0685149422 17.9819294182 
  1.137500e-01  -235.0685149422 17.9819183182 
  1.150000e-01  -235.0685149422 17.9819074131 
  1.162500e-01  -235.0685149422 17.9818967003 
  1.175000e-01  -235.0685149422 17.9818861768 
  1.187500e-01  -235.0685149422 17.9818758400 
  1.200000e-01  -235.0685149422 17.9818656871 
  1.212500e-01  -235.0685149422 17.9818557155 
  1.225000e-01  -235.0685149422 17.9818459224 
  1.237500e-01  -235.0685149422 17.9818363053 
  1.250000e-01  -235.0685149422 17.9818268614 
  1.262500e-01  -235.0685149422 17.9818175884 
  1.275000e-01  -235.0685149422 17.9818084835 
  1.287500e-01  -235.0685149422 17.9817995444 
  1.300000e-01  -235.0685149422 17.9817907686 
  1.312500e-01  -235.0685149422 17.9817821535 
  1.325000e-01  -235.0685149422 17.9817736969 
  1.337500e-01  -235.0685149422 17.9817653964 
  1.350000e-01  -235.0685149422 17.9817572496 
  1.362500e-01  -235.0685149422 17.9817492542 
  1.375000e-01  -235.0685149422 17.9817414079 
  1.387500e-01  -235.0685149422 17.9817337085 
  1.400000e-01  -235.0685149422 17.9817261538 
  1.412500e-01  -235.0685149422 17.9817187417 
  1.425000e-01  -235.0685149422 17.9817114699 
  1.437500e-01  -235.0685149422 17.9817043363 
  1.450000e-01  -235.0685149422 17.9816973390 
  1.462500e-01  -235.0685149422 17.9816904757 
  1.475000e-01  -235.0685149422 17.9816837445 
  1.487500e-01  -235.0685149422 17.9816771434 
  1.500000e-01  -235.0685149422 17.9816706704 
  1.512500e-01  -235.0685149422 17.9816643237 
  1.525000e-01  -235.0685149422 17.9816581011 
  1.537500e-01  -235.0685149422 17.9816520010 
  1.550000e-01  -235.0685149422 17.9816460214 
  1.562500e-01  -235.0685149422 17.9816401606 
  1.575000e-01  -235.0685149422 17.9816344166 
  1.587500e-01  -235.0685149422 17.9816287878 
  1.600000e-01  -235.0685149422 17.9816232724 
  1.612500e-01  -235.0685149422 17.9816178686 
  1.625000e-01  -235.0685149422 17.9816125748 
  1.637500e-01  -235.0685149422 17.9816073894 
  1.650000e-01  -235.0685149422 17.9816023106 
  1.662500e-01  -235.0685149422 17.9815973369 
  1.675000e-01  -235.0685149422 17.9815924666 
  1.687500e-01  -235.0685149422 17.9815876982 
  1.700000e-01  -235.0685149422 17.9815830301 
  1.712500e-01  -235.0685149422 17.9815784609 
  1.725000e-01  -235.0685149422 17.9815739889 
  1.737500e-01  -235.0685149422 17.9815696128 
  1.750000e-01  -235.0685149422 17.9815653311 
  1.762500e-01  -235.0685149422 17.9815611423 
  1.775000e-01  -235.0685149422 17.9815570451 
  1.787500e-01  -235.0685149422 17.9815530380 
  1.800000e-01  -235.0685149422 17.9815491196 
  1.812500e-01  -235.0685149422 17.9815452887 
  1.825000e-01  -235.0685149422 17.9815415439 
  1.837500e-01  -235.0685149422 17.9815378838 
  1.850000e-01  -235.0685149422 17.9815343072 
  1.862500e-01  -235.0685149422 17.9815308129 
  1.875000e-01  -235.0685149422 17.9815273995 
  1.887500e-01  -235.0685149422 17.9815240658 
  1.900000e-01  -235.0685149422 17.9815208107 
  1.912500e-01  -235.0685149422 17.9815176329 
  1.925000e-01  -235.0685149422 17.9815145312 
  1.937500e-01  -235.0685149422 17.9815115046 
  1.950000e-01  -235.0685149422 17.9815085517 
  1.962500e-01  -235.0685149422 17.9815056716 
  1.975000e-01  -235.0685149422 17.9815028631 
  1.987500e-01  -235.0685149422 17.9815001251 
  2.000000e-01  -235.0685149422 17.9814974565 
  2.012500e-01  -235.0685149422 17.9814948563 
  2.025000e-01  -235.0685149422 17.9814923235 
  2.037500e-01  -235.0685149422 17.9814898569 
  2.050000e-01  -235.0685149422 17.9814874557 
  2.062500e-01  -235.0685149422 17.9814851187 
  2.075000e-01  -235.0685149422 17.9814828451 
  2.087500e-01  -235.0685149422 17.9814806337 
  2.100000e-01  -235.0685149422 17.9814784838 
  2.112500e-01  -235.0685149422 17.9814763943 
  2.125000e-01  -235.0685149422 17.9814743643 
  2.137500e-01  -235.0685149422 17.9814723929 
  2.150000e-01  -235.0685149422 17.9814704792 
  2.162500e-01  -235.0685149422 17.9814686224 
  2.175000e-01  -235.0685149422 17.9814668214 
  2.187500e-01  -235.0685149422 17.9814650756 
  2.200000e-01  -235.0685149422 17.9814633839 
  2.212500e-01  -235.0685149422 17.9814617457 
  2.225000e-01  -235.0685149422 17.9814601600 
  2.237500e-01  -235.0685149422 17.9814586261 
  2.250000e-01  -235.0685149422 17.9814571432 
  2.262500e-01  -235.0685149422 17.9814557104 
  2.275000e-01  -235.0685149422 17.9814543270 
  2.287500e-01  -235.0685149422 17.9814529923 
  2.300000e-01  -235.0685149422 17.9814517054 
  2.312500e-01  -235.0685149422 17.9814504656 
  2.325000e-01  -235.0685149422 17.9814492722 
  2.337500e-01  -235.0685149422 17.9814481246 
  2.350000e-01  -235.0685149422 17.9814470218 
  2.362500e-01  -235.0685149422 17.9814459634 
  2.375000e-01  -235.0685149422 17.9814449485 
  2.387500e-01  -235.0685149422 17.9814439765 
  2.400000e-01  -235.0685149422 17.9814430467 
  2.412500e-01  -235.0685149422 17.9814421585 
  2.425000e-01  -235.0685149422 17.9814413112 
  2.437500e-01  -235.0685149422 17.9814405041 
  2.450000e-01  -235.0685149422 17.9814397366 
  2.462500e-01  -235.0685149422 17.9814390082 
  2.475000e-01  -235.0685149422 17.9814383182 
  2.487500e-01  -235.0685149422 17.9814376659 
  2.500000e-01  -235.0685149422 17.9814370508 
  2.512500e-01  -235.0685149422 17.9814364723 
  2.525000e-01  -235.0685149422 17.9814359298 
  2.537500e-01  -235.0685149422 17.9814354227 
  2.550000e-01  -235.0685149422 17.9814349505 
  2.562500e-01  -235.0685149422 17.9814345127 
  2.575000e-01  -235.0685149422 17.9814341086 
  2.587500e-01  -235.0685149422 17.9814337377 
  2.600000e-01  -235.0685149422 17.9814333995 
  2.612500e-01  -235.0685149422 17.9814330934 
  2.625000e-01  -235.0685149422 17.9814328190 
  2.637500e-01  -235.0685149422 17.9814325758 
  2.650000e-01  -235.0685149422 17.9814323632 
  2.662500e-01  -235.0685149422 17.9814321807 
  2.675000e-01  -235.0685149422 17.9814320278 
  2.687500e-01  -235.0685149422 17.9814319041 
  2.700000e-01  -235.0685149422 17.9814318091 
  2.712500e-01  -235.0685149422 17.9814317423 
  2.725000e-01  -235.0685149422 17.9814317033 
  2.737500e-01  -235.0685149422 17.9814316915 
  2.750000e-01  -235.0685149422 17.9814317066 
  2.762500e-01  -235.0685149422 17.9814317481 
  2.775000e-01  -235.0685149422 17.9814318156 
  2.787500e-01  -235.0685149422 17.9814319086 
  2.800000e-01  -235.0685149422 17.9814320267 
  2.812500e-01  -235.0685149422 17.9814321694 
  2.825000e-01  -235.0685149422 17.9814323365 
  2.837500e-01  -235.0685149422 17.9814325274 
  2.850000e-01  -235.0685149422 17.9814327418 
  2.862500e-01  -235.0685149422 17.9814329792 
  2.875000e-01  -235.0685149422 17.9814332394 
  2.887500e-01  -235.0685149422 17.9814335218 
  2.900000e-01  -235.0685149422 17.9814338261 
  2.912500e-01  -235.0685149422 17.9814341520 
  2.925000e-01  -235.0685149422 17.9814344990 
  2.937500e-01  -235.0685149422 17.9814348668 
  2.950000e-01  -235.0685149422 17.9814352551 
  2.962500e-01  -235.0685149422 17.9814356635 
  2.975000e-01  -235.0685149422 17.9814360915 
  2.987500e-01  -235.0685149422 17.9814365390 
  3.000000e-01  -235.0685149422 17.9814370056 
  3.012500e-01  -235.0685149422 17.9814374908 
  3.025000e-01  -235.0685149422 17.9814379945 
  3.037500e-01  -235.0685149422 17.9814385162 
  3.050000e-01  -235.0685149422 17.9814390557 
  3.062500e-01  -235.0685149422 17.9814396125 
  3.075000e-01  -235.0685149422 17.9814401865 
  3.087500e-01  -235.0685149422 17.9814407773 
  3.100000e-01  -235.0685149422 17.9814413846 
  3.112500e-01  -235.0685149422 17.9814420081 
  3.125000e-01  -235.0685149422 17.9814426475 
  3.137500e-01  -235.0685149422 17.9814433025 
  3.150000e-01  -235.0685149422 17.9814439728 
  3.162500e-01  -235.0685149422 17.9814446582 
  3.175000e-01  -235.0685149422 17.9814453584 
  3.187500e-01  -235.0685149422 17.9814460730 
  3.200000e-01  -235.0685149422 17.9814468019 
  3.212500e-01  -235.0685149422 17.9814475447 
  3.225000e-01  -235.0685149422 17.9814483011 
  3.237500e-01  -235.0685149422 17.9814490710 
  3.250000e-01  -235.0685149422 17.9814498541 
  3.262500e-01  -235.0685149422 17.9814506501 
  3.275000e-01  -235.0685149422 17.9814514588 
  3.287500e-01  -235.0685149422 17.9814522798 
  3.300000e-01  -235.0685149422 17.9814531131 
  3.312500e-01  -235.0685149422 17.9814539582 
  3.325000e-01  -235.0685149422 17.9814548151 
  3.337500e-01  -235.0685149422 17.9814556835 
  3.350000e-01  -235.0685149422 17.9814565630 
  3.362500e-01  -235.0685149422 17.9814574536 
  3.375000e-01  -235.0685149422 17.9814583550 
  3.387500e-01  -235.0685149422 17.9814592669 
  3.400000e-01  -235.0685149422 17.9814601892 
  3.412500e-01  -235.0685149422 17.9814611217 
  3.425000e-01  -235.0685149422 17.9814620640 
  3.437500e-01  -235.0685149422 17.9814630161 
  3.450000e-01  -235.0685149422 17.9814639776 
  3.462500e-01  -235.0685149422 17.9814649485 
  3.475000e-01  -235.0685149422 17.9814659285 
  3.487500e-01  -235.0685149422 17.9814669174 
  3.500000e-01  -235.0685149422 17.9814679150 
  3.512500e-01  -235.0685149422 17.9814689212 
  3.525000e-01  -235.0685149422 17.9814699357 
  3.537500e-01  -235.0685149422 17.9814709583 
  3.550000e-01  -235.0685149422 17.9814719889 
  3.562500e-01  -235.0685149422 17.9814730273 
  3.575000e-01  -235.0685149422 17.9814740733 
  3.587500e-01  -235.0685149422 17.9814751267 
  3.600000e-01  -235.0685149422 17.9814761874 
  3.612500e-01  -235.0685149422 17.9814772551 
  3.625000e-01  -235.0685149422 17.9814783298 
  3.637500e-01  -235.0685149422 17.9814794113 
  3.650000e-01  -235.0685149422 17.9814804993 
  3.662500e-01  -235.0685149422 17.9814815938 
  3.675000e-01  -235.0685149422 17.9814826945 
  3.687500e-01  -235.0685149422 17.9814838014 
  3.700000e-01  -235.0685149422 17.9814849142 
  3.712500e-01  -235.0685149422 17.9814860328 
  3.725000e-01  -235.0685149422 17.9814871571 
  3.737500e-01  -235.0685149422 17.9814882868 
  3.750000e-01  -235.0685149422 17.9814894220 
  3.762500e-01  -235.0685149422 17.9814905623 
  3.775000e-01  -235.0685149422 17.9814917078 
  3.787500e-01  -235.0685149422 17.9814928581 
  3.800000e-01  -235.0685149422 17.9814940133 
  3.812500e-01  -235.0685149422 17.9814951731 
  3.825000e-01  -235.0685149422 17.9814963374 
  3.837500e-01  -235.0685149422 17.9814975062 
  3.850000e-01  -235.0685149422 17.9814986792 
  3.862500e-01  -235.0685149422 17.9814998563 
  3.875000e-01  -235.0685149422 17.9815010375 
  3.887500e-01  -235.0685149422 17.9815022225 
  3.900000e-01  -235.0685149422 17.9815034113 
  3.912500e-01  -235.0685149422 17.9815046038 
  3.925000e-01  -235.0685149422 17.9815057997 
  3.937500e-01  -235.0685149422 17.9815069991 
  3.950000e-01  -235.0685149422 17.9815082017 
  3.962500e-01  -235.0685149422 17.9815094076 
  3.975000e-01  -235.0685149422 17.9815106165 
  3.987500e-01  -235.0685149422 17.9815118283 
  4.000000e-01  -235.0685149422 17.9815130430 
  4.012500e-01  -235.0685149422 17.9815142604 
  4.025000e-01  -235.0685149422 17.9815154804 
  4.037500e-01  -235.0685149422 17.9815167030 
  4.050000e-01  -235.0685149422 17.9815179280 
  4.062500e-01  -235.0685149422 17.9815191553 
  4.075000e-01  -235.0685149422 17.9815203848 
  4.087500e-01  -235.0685149422 17.9815216165 
  4.100000e-01  -235.0685149422 17.9815228501 
  4.112500e-01  -235.0685149422 17.9815240857 
  4.125000e-01  -235.0685149422 17.9815253232 
  4.137500e-01  -235.0685149422 17.9815265623 
  4.150000e-01  -235.0685149422 17.9815278031 
  4.162500e-01  -235.0685149422 17.9815290455 
  4.175000e-01  -235.0685149422 17.9815302894 
  4.187500e-01  -235.0685149422 17.9815315346 
  4.200000e-01  -235.0685149422 17.9815327811 
  4.212500e-01  -235.0685149422 17.9815340289 
  4.225000e-01  -235.0685149422 17.9815352777 
  4.237500e-01  -235.0685149422 17.9815365276 
  4.250000e-01  -235.0685149422 17.9815377785 
  4.262500e-01  -235.0685149422 17.9815390303 
  4.275000e-01  -235.0685149422 17.9815402829 
  4.287500e-01  -235.0685149422 17.9815415362 
  4.300000e-01  -235.0685149422 17.9815427901 
  4.312500e-01  -235.0685149422 17.9815440446 
  4.325000e-01  -235.0685149422 17.9815452997 
  4.337500e-01  -235.0685149422 17.9815465552 
  4.350000e-01  -235.0685149422 17.9815478110 
  4.362500e-01  -235.0685149422 17.9815490671 
  4.375000e-01  -235.0685149422 17.9815503235 
  4.387500e-01  -235.0685149422 17.9815515799 
  4.400000e-01  -235.0685149422 17.9815528365 
  4.412500e-01  -235.0685149422 17.9815540931 
  4.425000e-01  -235.0685149422 17.9815553497 
  4.437500e-01  -235.0685149422 17.9815566061 
  4.450000e-01  -235.0685149422 17.9815578624 
  4.462500e-01  -235.0685149422 17.9815591185 
  4.475000e-01  -235.0685149422 17.9815603742 
  4.487500e-01  -235.0685149422 17.9815616296 
  4.500000e-01  -235.0685149422 17.9815628846 
  4.512500e-01  -235.0685149422 17.9815641391 
  4.525000e-01  -235.0685149422 17.9815653930 
  4.537500e-01  -235.0685149422 17.9815666464 
  4.550000e-01  -235.0685149422 17.9815678992 
  4.562500e-01  -235.0685149422 17.9815691512 
  4.575000e-01  -235.0685149422 17.9815704025 
  4.587500e-01  -235.0685149422 17.9815716530 
  4.600000e-01  -235.0685149422 17.9815729026 
  4.612500e-01  -235.0685149422 17.9815741514 
  4.625000e-01  -235.0685149422 17.9815753992 
  4.637500e-01  -235.0685149422 17.9815766459 
  4.650000e-01  -235.0685149422 17.9815778917 
  4.662500e-01  -235.0685149422 17.9815791363 
  4.675000e-01  -235.0685149422 17.9815803797 
  4.687500e-01  -235.0685149422 17.9815816220 
  4.700000e-01  -235.0685149422 17.9815828631 
  4.712500e-01  -235.0685149422 17.9815841028 
  4.725000e-01  -235.0685149422 17.9815853412 
  4.737500e-01  -235.0685149422 17.9815865783 
  4.750000e-01  -235.0685149422 17.9815878140 
  4.762500e-01  -235.0685149422 17.9815890481 
  4.775000e-01  -235.0685149422 17.9815902808 
  4.787500e-01  -235.0685149422 17.9815915120 
  4.800000e-01  -235.0685149422 17.9815927416 
  4.812500e-01  -235.0685149422 17.9815939696 
  4.825000e-01  -235.0685149422 17.9815951959 
  4.837500e-01  -235.0685149422 17.9815964205 
  4.850000e-01  -235.0685149422 17.9815976434 
  4.862500e-01  -235.0685149422 17.9815988646 
  4.875000e-01  -235.0685149422 17.9816000839 
  4.887500e-01  -235.0685149422 17.9816013015 
  4.900000e-01  -235.0685149422 17.9816025171 
  4.912500e-01  -235.0685149422 17.9816037309 
  4.925000e-01  -235.0685149422 17.9816049427 
  4.937500e-01  -235.0685149422 17.9816061526 
  4.950000e-01  -235.0685149422 17.9816073604 
  4.962500e-01  -235.0685149422 17.9816085663 
  4.975000e-01  -235.0685149422 17.9816097700 
  4.987500e-01  -235.0685149422 17.9816109717 
  5.000000e-01  -235.0685149422 17.9816121713 
  5.012500e-01  -235.0685149422 17.9816133688 
  5.025000e-01  -235.0685149422 17.9816145640 
  5.037500e-01  -235.0685149422 17.9816157571 
  5.050000e-01  -235.0685149422 17.9816169479 
  5.062500e-01  -235.0685149422 17.9816181365 
  5.075000e-01  -235.0685149422 17.9816193228 
  5.087500e-01  -235.0685149422 17.9816205068 
  5.100000e-01  -235.0685149422 17.9816216885 
  5.112500e-01  -235.0685149422 17.9816228678 
  5.125000e-01  -235.0685149422 17.9816240447 
  5.137500e-01  -235.0685149422 17.9816252192 
  5.150000e-01  -235.0685149422 17.9816263913 
  5.162500e-01  -235.0685149422 17.9816275610 
  5.175000e-01  -235.0685149422 17.9816287282 
  5.187500e-01  -235.0685149422 17.9816298928 
  5.200000e-01  -235.0685149422 17.9816310550 
  5.212500e-01  -235.0685149422 17.9816322147 
  5.225000e-01  -235.0685149422 17.9816333718 
  5.237500e-01  -235.0685149422 17.9816345263 
  5.250000e-01  -235.0685149422 17.9816356782 
  5.262500e-01  -235.0685149422 17.9816368275 
  5.275000e-01  -235.0685149422 17.9816379742 
  5.287500e-01  -235.0685149422 17.9816391182 
  5.300000e-01  -235.0685149422 17.9816402596 
  5.312500e-01  -235.0685149422 17.9816413983 
  5.325000e-01  -235.0685149422 17.9816425343 
  5.337500e-01  -235.0685149422 17.9816436675 
  5.350000e-01  -235.0685149422 17.9816447981 
  5.362500e-01  -235.0685149422 17.9816459259 
  5.375000e-01  -235.0685149422 17.9816470509 
  5.387500e-01  -235.0685149422 17.9816481731 
  5.400000e-01  -235.0685149422 17.9816492926 
  5.412500e-01  -235.0685149422 17.9816504092 
  5.425000e-01  -235.0685149422 17.9816515230 
  5.437500e-01  -235.0685149422 17.9816526340 
  5.450000e-01  -235.0685149422 17.9816537422 
  5.462500e-01  -235.0685149422 17.9816548475 
  5.475000e-01  -235.0685149422 17.9816559499 
  5.487500e-01  -235.0685149422 17.9816570494 
  5.500000e-01  -235.0685149422 17.9816581460 
  5.512500e-01  -235.0685149422 17.9816592397 
  5.525000e-01  -235.0685149422 17.9816603305 
  5.537500e-01  -235.0685149422 17.9816614184 
  5.550000e-01  -235.0685149422 17.9816625033 
  5.562500e-01  -235.0685149422 17.9816635853 
  5.575000e-01  -235.0685149422 17.9816646643 
  5.587500e-01  -235.0685149422 17.9816657404 
  5.600000e-01  -235.0685149422 17.9816668135 
  5.612500e-01  -235.0685149422 17.9816678835 
  5.625000e-01  -235.0685149422 17.9816689506 
  5.637500e-01  -235.0685149422 17.9816700147 
  5.650000e-01  -235.0685149422 17.9816710758 
  5.662500e-01  -235.0685149422 17.9816721338 
  5.675000e-01  -235.0685149422 17.9816731888 
  5.687500e-01  -235.0685149422 17.9816742408 
  5.700000e-01  -235.0685149422 17.9816752898 
  5.712500e-01  -235.0685149422 17.9816763356 
  5.725000e-01  -235.0685149422 17.9816773785 
  5.737500e-01  -235.0685149422 17.9816784182 
  5.750000e-01  -235.0685149422 17.9816794549 
  5.762500e-01  -235.0685149422 17.9816804886 
  5.775000e-01  -235.0685149422 17.9816815191 
  5.787500e-01  -235.0685149422 17.9816825466 
  5.800000e-01  -235.0685149422 17.9816835710 
  5.812500e-01  -235.0685149422 17.9816845922 
  5.825000e-01  -235.0685149422 17.9816856104 
  5.837500e-01  -235.0685149422 17.9816866255 
  5.850000e-01  -235.0685149422 17.9816876375 
  5.862500e-01  -235.0685149422 17.9816886463 
  5.875000e-01  -235.0685149422 17.9816896521 
  5.887500e-01  -235.0685149422 17.9816906547 
  5.900000e-01  -235.0685149422 17.9816916542 
  5.912500e-01  -235.0685149422 17.9816926506 
  5.925000e-01  -235.0685149422 17.9816936438 
  5.937500e-01  -235.0685149422 17.9816946339 
  5.950000e-01  -235.0685149422 17.9816956209 
  5.962500e-01  -235.0685149422 17.9816966048 
  5.975000e-01  -235.0685149422 17.9816975855 
  5.987500e-01  -235.0685149422 17.9816985630 
  6.000000e-01  -235.0685149422 17.9816995375 
  6.012500e-01  -235.0685149422 17.9817005088 
  6.025000e-01  -235.0685149422 17.9817014769 
  6.037500e-01  -235.0685149422 17.9817024419 
  6.050000e-01  -235.0685149422 17.9817034038 
  6.062500e-01  -235.0685149422 17.9817043625 
  6.075000e-01  -235.0685149422 17.9817053180 
  6.087500e-01  -235.0685149422 17.9817062704 
  6.100000e-01  -235.0685149422 17.9817072197 
  6.112500e-01  -235.0685149422 17.9817081658 
  6.125000e-01  -235.0685149422 17.9817091088 
  6.137500e-01  -235.0685149422 17.9817100486 
  6.150000e-01  -235.0685149422 17.9817109853 
  6.162500e-01  -235.0685149422 17.9817119188 
  6.175000e-01  -235.0685149422 17.9817128492 
  6.187500e-01  -235.0685149422 17.9817137764 
  6.200000e-01  -235.0685149422 17.9817147005 
  6.212500e-01  -235.0685149422 17.9817156215 
  6.225000e-01  -235.0685149422 17.9817165393 
  6.237500e-01  -235.0685149422 17.9817174539 
  6.250000e-01  -235.0685149422 17.9817183655 
  6.262500e-01  -235.0685149422 17.9817192738 
  6.275000e-01  -235.0685149422 17.9817201791 
  6.287500e-01  -235.0685149422 17.9817210812 
  6.300000e-01  -235.0685149422 17.9817219802 
  6.312500e-01  -235.0685149422 17.9817228761 
  6.325000e-01  -235.0685149422 17.9817237688 
  6.337500e-01  -235.0685149422 17.9817246584 
  6.350000e-01  -235.0685149422 17.9817255449 
  6.362500e-01  -235.0685149422 17.9817264282 
  6.375000e-01  -235.0685149422 17.9817273085 
  6.387500e-01  -235.0685149422 17.9817281856 
  6.400000e-01  -235.0685149422 17.9817290596 
  6.412500e-01  -235.0685149422 17.9817299305 
  6.425000e-01  -235.0685149422 17.9817307984 
  6.437500e-01  -235.0685149422 17.9817316631 
  6.450000e-01  -235.0685149422 17.9817325247 
  6.462500e-01  -235.0685149422 17.9817333832 
  6.475000e-01  -235.0685149422 17.9817342386 
  6.487500e-01  -235.0685149422 17.9817350909 
  6.500000e-01  -235.0685149422 17.9817359402 
  6.512500e-01  -235.0685149422 17.9817367864 
  6.525000e-01  -235.0685149422 17.9817376295 
  6.537500e-01  -235.0685149422 17.9817384695 
  6.550000e-01  -235.0685149422 17.9817393064 
  6.562500e-01  -235.0685149422 17.9817401403 
  6.575000e-01  -235.0685149422 17.9817409712 
  6.587500e-01  -235.0685149422 17.9817417990 
  6.600000e-01  -235.0685149422 17.9817426237 
  6.612500e-01  -235.0685149422 17.9817434454 
  6.625000e-01  -235.0685149422 17.9817442640 
  6.637500e-01  -235.0685149422 17.9817450797 
  6.650000e-01  -235.0685149422 17.9817458922 
  6.662500e-01  -235.0685149422 17.9817467018 
  6.675000e-01  -235.0685149422 17.9817475083 
  6.687500e-01  -235.0685149422 17.9817483119 
  6.700000e-01  -235.0685149422 17.9817491124 
  6.712500e-01  -235.0685149422 17.9817499099 
  6.725000e-01  -235.0685149422 17.9817507044 
  6.737500e-01  -235.0685149422 17.9817514959 
  6.750000e-01  -235.0685149422 17.9817522844 
  6.762500e-01  -235.0685149422 17.9817530700 
  6.775000e-01  -235.0685149422 17.9817538526 
  6.787500e-01  -235.0685149422 17.9817546321 
  6.800000e-01  -235.0685149422 17.9817554088 
  6.812500e-01  -235.0685149422 17.9817561824 
  6.825000e-01  -235.0685149422 17.9817569532 
  6.837500e-01  -235.0685149422 17.9817577209 
  6.850000e-01  -235.0685149422 17.9817584858 
  6.862500e-01  -235.0685149422 17.9817592476 
  6.875000e-01  -235.0685149422 17.9817600066 
  6.887500e-01  -235.0685149422 17.9817607626 
  6.900000e-01  -235.0685149422 17.9817615157 
  6.912500e-01  -235.0685149422 17.9817622659 
  6.925000e-01  -235.0685149422 17.9817630132 
  6.937500e-01  -235.0685149422 17.9817637576 
  6.950000e-01  -235.0685149422 17.9817644992 
  6.962500e-01  -235.0685149422 17.9817652378 
  6.975000e-01  -235.0685149422 17.9817659735 
  6.987500e-01  -235.0685149422 17.9817667064 
  7.000000e-01  -235.0685149422 17.9817674364 
  7.012500e-01  -235.0685149422 17.9817681635 
  7.025000e-01  -235.0685149422 17.9817688878 
  7.037500e-01  -235.0685149422 17.9817696092 
  7.050000e-01  -235.0685149422 17.9817703278 
  7.062500e-01  -235.0685149422 17.9817710436 
  7.075000e-01  -235.0685149422 17.9817717565 
  7.087500e-01  -235.0685149422 17.9817724667 
  7.100000e-01  -235.0685149422 17.9817731740 
  7.112500e-01  -235.0685149422 17.9817738785 
  7.125000e-01  -235.0685149422 17.9817745802 
  7.137500e-01  -235.0685149422 17.9817752791 
  7.150000e-01  -235.0685149422 17.9817759752 
  7.162500e-01  -235.0685149422 17.9817766686 
  7.175000e-01  -235.0685149422 17.9817773591 
  7.187500e-01  -235.0685149422 17.9817780469 
  7.200000e-01  -235.0685149422 17.9817787320 
  7.212500e-01  -235.0685149422 17.9817794143 
  7.225000e-01  -235.0685149422 17.9817800939 
  7.237500e-01  -235.0685149422 17.9817807707 
  7.250000e-01  -235.0685149422 17.9817814448 
  7.262500e-01  -235.0685149422 17.9817821162 
  7.275000e-01  -235.0685149422 17.9817827849 
  7.287500e-01  -235.0685149422 17.9817834508 
  7.300000e-01  -235.0685149422 17.9817841141 
  7.312500e-01  -235.0685149422 17.9817847747 
  7.325000e-01  -235.0685149422 17.9817854326 
  7.337500e-01  -235.0685149422 17.9817860878 
  7.350000e-01  -235.0685149422 17.9817867404 
  7.362500e-01  -235.0685149422 17.9817873903 
  7.375000e-01  -235.0685149422 17.9817880375 
  7.387500e-01  -235.0685149422 17.9817886821 
  7.400000e-01  -235.0685149422 17.9817893240 
  7.412500e-01  -235.0685149422 17.9817899634 
  7.425000e-01  -235.0685149422 17.9817906001 
  7.437500e-01  -235.0685149422 17.9817912342 
  7.450000e-01  -235.0685149422 17.9817918656 
  7.462500e-01  -235.0685149422 17.9817924945 
  7.475000e-01  -235.0685149422 17.9817931208 
  7.487500e-01  -235.0685149422 17.9817937445 
  7.500000e-01  -235.0685149422 17.9817943656 
  7.512500e-01  -235.0685149422 17.9817949842 
  7.525000e-01  -235.0685149422 17.9817956002 
  7.537500e-01  -235.0685149422 17.9817962136 
  7.550000e-01  -235.0685149422 17.9817968245 
  7.562500e-01  -235.0685149422 17.9817974328 
  7.575000e-01  -235.0685149422 17.9817980387 
  7.587500e-01  -235.0685149422 17.9817986420 
  7.600000e-01  -235.0685149422 17.9817992427 
  7.612500e-01  -235.0685149422 17.9817998410 
  7.625000e-01  -235.0685149422 17.9818004368 
  7.637500e-01  -235.0685149422 17.9818010301 
  7.650000e-01  -235.0685149422 17.9818016209 
  7.662500e-01  -235.0685149422 17.9818022092 
  7.675000e-01  -235.0685149422 17.9818027950 
  7.687500e-01  -235.0685149422 17.9818033784 
  7.700000e-01  -235.0685149422 17.9818039594 
  7.712500e-01  -235.0685149422 17.9818045379 
  7.725000e-01  -235.0685149422 17.9818051139 
  7.737500e-01  -235.0685149422 17.9818056876 
  7.750000e-01  -235.0685149422 17.9818062588 
  7.762500e-01  -235.0685149422 17.9818068276 
  7.775000e-01  -235.0685149422 17.9818073939 
  7.787500e-01  -235.0685149422 17.9818079579 
  7.800000e-01  -235.0685149422 17.9818085195 
  7.812500e-01  -235.0685149422 17.9818090787 
  7.825000e-01  -235.0685149422 17.9818096356 
  7.837500e-01  -235.0685149422 17.9818101900 
  7.850000e-01  -235.0685149422 17.9818107422 
  7.862500e-01  -235.0685149422 17.9818112919 
  7.875000e-01  -235.0685149422 17.9818118393 
  7.887500e-01  -235.0685149422 17.9818123844 
  7.900000e-01  -235.0685149422 17.9818129272 
  7.912500e-01  -235.0685149422 17.9818134676 
  7.925000e-01  -235.0685149422 17.9818140057 
  7.937500e-01  -235.0685149422 17.9818145415 
  7.950000e-01  -235.0685149422 17.9818150751 
  7.962500e-01  -235.0685149422 17.9818156063 
  7.975000e-01  -235.0685149422 17.9818161352 
  7.987500e-01  -235.0685149422 17.9818166619 
  8.000000e-01  -235.0685149422 17.9818171863 
  8.012500e-01  -235.0685149422 17.9818177085 
  8.025000e-01  -235.0685149422 17.9818182284 
  8.037500e-01  -235.0685149422 17.9818187461 
  8.050000e-01  -235.0685149422 17.9818192615 
  8.062500e-01  -235.0685149422 17.9818197747 
  8.075000e-01  -235.0685149422 17.9818202857 
  8.087500e-01  -235.0685149422 17.9818207945 
  8.100000e-01  -235.0685149422 17.9818213010 
  8.112500e-01  -235.0685149422 17.9818218054 
  8.125000e-01  -235.0685149422 17.9818223076 
  8.137500e-01  -235.0685149422 17.9818228076 
  8.150000e-01  -235.0685149422 17.9818233054 
  8.162500e-01  -235.0685149422 17.9818238011 
  8.175000e-01  -235.0685149422 17.9818242946 
  8.187500e-01  -235.0685149422 17.9818247860 
  8.200000e-01  -235.0685149422 17.9818252752 
  8.212500e-01  -235.0685149422 17.9818257623 
  8.225000e-01  -235.0685149422 17.9818262473 
  8.237500e-01  -235.0685149422 17.9818267301 
  8.250000e-01  -235.0685149422 17.9818272108 
  8.262500e-01  -235.0685149422 17.9818276895 
  8.275000e-01  -235.0685149422 17.9818281660 
  8.287500e-01  -235.0685149422 17.9818286405 
  8.300000e-01  -235.0685149422 17.9818291128 
  8.312500e-01  -235.0685149422 17.9818295831 
  8.325000e-01  -235.0685149422 17.9818300514 
  8.337500e-01  -235.0685149422 17.9818305175 
  8.350000e-01  -235.0685149422 17.9818309817 
  8.362500e-01  -235.0685149422 17.9818314438 
  8.375000e-01  -235.0685149422 17.9818319038 
  8.387500e-01  -235.0685149422 17.9818323618 
  8.400000e-01  -235.0685149422 17.9818328178 
  8.412500e-01  -235.0685149422 17.9818332718 
  8.425000e-01  -235.0685149422 17.9818337238 
  8.437500e-01  -235.0685149422 17.9818341738 
  8.450000e-01  -235.0685149422 17.9818346218 
  8.462500e-01  -235.0685149422 17.9818350678 
  8.475000e-01  -235.0685149422 17.9818355119 
  8.487500e-01  -235.0685149422 17.9818359539 
  8.500000e-01  -235.0685149422 17.9818363940 
  8.512500e-01  -235.0685149422 17.9818368322 
  8.525000e-01  -235.0685149422 17.9818372684 
  8.537500e-01  -235.0685149422 17.9818377027 
  8.550000e-01  -235.0685149422 17.9818381351 
  8.562500e-01  -235.0685149422 17.9818385655 
  8.575000e-01  -235.0685149422 17.9818389940 
  8.587500e-01  -235.0685149422 17.9818394206 
  8.600000e-01  -235.0685149422 17.9818398453 
  8.612500e-01  -235.0685149422 17.9818402681 
  8.625000e-01  -235.0685149422 17.9818406890 
  8.637500e-01  -235.0685149422 17.9818411081 
  8.650000e-01  -235.0685149422 17.9818415253 
  8.662500e-01  -235.0685149422 17.9818419406 
  8.675000e-01  -235.0685149422 17.9818423540 
  8.687500e-01  -235.0685149422 17.9818427656 
  8.700000e-01  -235.0685149422 17.9818431754 
  8.712500e-01  -235.0685149422 17.9818435833 
  8.725000e-01  -235.0685149422 17.9818439894 
  8.737500e-01  -235.0685149422 17.9818443936 
  8.750000e-01  -235.0685149422 17.9818447961 
  8.762500e-01  -235.0685149422 17.9818451967 
  8.775000e-01  -235.0685149422 17.9818455956 
  8.787500e-01  -235.0685149422 17.9818459926 
  8.800000e-01  -235.0685149422 17.9818463879 
  8.812500e-01  -235.0685149422 17.9818467814 
  8.825000e-01  -235.0685149422 17.9818471731 
  8.837500e-01  -235.0685149422 17.9818475631 
  8.850000e-01  -235.0685149422 17.9818479512 
  8.862500e-01  -235.0685149422 17.9818483377 
  8.875000e-01  -235.0685149422 17.9818487224 
  8.887500e-01  -235.0685149422 17.9818491053 
  8.900000e-01  -235.0685149422 17.9818494866 
  8.912500e-01  -235.0685149422 17.9818498661 
  8.925000e-01  -235.0685149422 17.9818502439 
  8.937500e-01  -235.0685149422 17.9818506199 
  8.950000e-01  -235.0685149422 17.9818509943 
  8.962500e-01  -235.0685149422 17.9818513670 
  8.975000e-01  -235.0685149422 17.9818517380 
  8.987500e-01  -235.0685149422 17.9818521073 
  9.000000e-01  -235.0685149422 17.9818524749 
  9.012500e-01  -235.0685149422 17.9818528409 
  9.025000e-01  -235.0685149422 17.9818532052 
  9.037500e-01  -235.0685149422 17.9818535678 
  9.050000e-01  -235.0685149422 17.9818539288 
  9.062500e-01  -235.0685149422 17.9818542881 
  9.075000e-01  -235.0685149422 17.9818546459 
  9.087500e-01  -235.0685149422 17.9818550019 
  9.100000e-01  -235.0685149422 17.9818553564 
  9.112500e-01  -235.0685149422 17.9818557093 
  9.125000e-01  -235.0685149422 17.9818560605 
  9.137500e-01  -235.0685149422 17.9818564101 
  9.150000e-01  -235.0685149422 17.9818567582 
  9.162500e-01  -235.0685149422 17.9818571046 
  9.175000e-01  -235.0685149422 17.9818574495 
  9.187500e-01  -235.0685149422 17.9818577928 
  9.200000e-01  -235.0685149422 17.9818581345 
  9.212500e-01  -235.0685149422 17.9818584746 
  9.225000e-01  -235.0685149422 17.9818588132 
  9.237500e-01  -235.0685149422 17.9818591503 
  9.250000e-01  -235.0685149422 17.9818594858 
  9.262500e-01  -235.0685149422 17.9818598197 
  9.275000e-01  -235.0685149422 17.9818601522 
  9.287500e-01  -235.0685149422 17.9818604831 
  9.300000e-01  -235.0685149422 17.9818608125 
  9.312500e-01  -235.0685149422 17.9818611403 
  9.325000e-01  -235.0685149422 17.9818614667 
  9.337500e-01  -235.0685149422 17.9818617916 
  9.350000e-01  -235.0685149422 17.9818621149 
  9.362500e-01  -235.0685149422 17.9818624368 
  9.375000e-01  -235.0685149422 17.9818627572 
  9.387500e-01  -235.0685149422 17.9818630762 
  9.400000e-01  -235.0685149422 17.9818633936 
  9.412500e-01  -235.0685149422 17.9818637096 
  9.425000e-01  -235.0685149422 17.9818640241 
  9.437500e-01  -235.0685149422 17.9818643372 
  9.450000e-01  -235.0685149422 17.9818646489 
  9.462500e-01  -235.0685149422 17.9818649591 
  9.475000e-01  -235.0685149422 17.9818652678 
  9.487500e-01  -235.0685149422 17.9818655752 
  9.500000e-01  -235.0685149422 17.9818658811 
  9.512500e-01  -235.0685149422 17.9818661856 
  9.525000e-01  -235.0685149422 17.9818664887 
  9.537500e-01  -235.0685149422 17.9818667904 
  9.550000e-01  -235.0685149422 17.9818670907 
  9.562500e-01  -235.0685149422 17.9818673896 
  9.575000e-01  -235.0685149422 17.9818676871 
  9.587500e-01  -235.0685149422 17.9818679833 
  9.600000e-01  -235.0685149422 17.9818682780 
  9.612500e-01  -235.0685149422 17.9818685714 
  9.625000e-01  -235.0685149422 17.9818688635 
  9.637500e-01  -235.0685149422 17.9818691542 
  9.650000e-01  -235.0685149422 17.9818694435 
  9.662500e-01  -235.0685149422 17.9818697315 
  9.675000e-01  -235.0685149422 17.9818700181 
  9.687500e-01  -235.0685149422 17.9818703035 
  9.700000e-01  -235.0685149422 17.9818705875 
  9.712500e-01  -235.0685149422 17.9818708701 
  9.725000e-01  -235.0685149422 17.9818711515 
  9.737500e-01  -235.0685149422 17.9818714315 
  9.750000e-01  -235.0685149422 17.9818717103 
  9.762500e-01  -235.0685149422 17.9818719877 
  9.775000e-01  -235.0685149422 17.9818722638 
  9.787500e-01  -235.0685149422 17.9818725387 
  9.800000e-01  -235.0685149422 17.9818728123 
  9.812500e-01  -235.0685149422 17.9818730846 
  9.825000e-01  -235.0685149422 17.9818733556 
  9.837500e-01  -235.0685149422 17.9818736253 
  9.850000e-01  -235.0685149422 17.9818738938 
  9.862500e-01  -235.0685149422 17.9818741611 
  9.875000e-01  -235.0685149422 17.9818744271 
  9.887500e-01  -235.0685149422 17.9818746918 
  9.900000e-01  -235.0685149422 17.9818749553 
  9.912500e-01  -235.0685149422 17.9818752176 
  9.925000e-01  -235.0685149422 17.9818754787 
  9.937500e-01  -235.0685149422 17.9818757385 
  9.950000e-01  -235.0685149422 17.9818759971 
  9.962500e-01  -235.0685149422 17.9818762545 
  9.975000e-01  -235.0685149422 17.9818765107 
  9.987500e-01  -235.0685149422 17.9818767657 
  1.000000e+00  -235.0685149422 17.9818770195 
  1.001250e+00  -235.0685149422 17.9818772721 
  1.002500e+00  -235.0685149422 17.9818775235 
  1.003750e+00  -235.0685149422 17.9818777737 
  1.005000e+00  -235.0685149422 17.9818780228 
  1.006250e+00  -235.0685149422 17.9818782707 
  1.007500e+00  -235.0685149422 17.9818785174 
  1.008750e+00  -235.0685149422 17.9818787630 
  1.010000e+00  -235.0685149422 17.9818790074 
  1.011250e+00  -235.0685149422 17.9818792506 
  1.012500e+00  -235.0685149422 17.9818794927 
  1.013750e+00  -235.0685149422 17.9818797337 
  1.015000e+00  -235.0685149422 17.9818799736 
  1.016250e+00  -235.0685149422 17.9818802123 
  1.017500e+00  -235.0685149422 17.9818804498 
  1.018750e+00  -235.0685149422 17.9818806863 
  1.020000e+00  -235.0685149422 17.9818809217 
  1.021250e+00  -235.0685149422 17.9818811559 
  1.022500e+00  -235.0685149422 17.9818813890 
  1.023750e+00  -235.0685149422 17.9818816211 
  1.025000e+00  -235.0685149422 17.9818818520 
  1.026250e+00  -235.0685149422 17.9818820818 
  1.027500e+00  -235.0685149422 17.9818823106 
  1.028750e+00  -235.0685149422 17.9818825383 
  1.030000e+00  -235.0685149422 17.9818827649 
  1.031250e+00  -235.0685149422 17.9818829904 
  1.032500e+00  -235.0685149422 17.9818832149 
  1.033750e+00  -235.0685149422 17.9818834383 
  1.035000e+00  -235.0685149422 17.9818836606 
  1.036250e+00  -235.0685149422 17.9818838819 
  1.037500e+00  -235.0685149422 17.9818841021 
  1.038750e+00  -235.0685149422 17.9818843213 
  1.040000e+00  -235.0685149422 17.9818845395 
  1.041250e+00  -235.0685149422 17.9818847566 
  1.042500e+00  -235.0685149422 17.9818849727 
  1.043750e+00  -235.0685149422 17.9818851878 
  1.045000e+00  -235.0685149422 17.9818854018 
  1.046250e+00  -235.0685149422 17.9818856149 
  1.047500e+00  -235.0685149422 17.9818858269 
  1.048750e+00  -235.0685149422 17.9818860379 
  1.050000e+00  -235.0685149422 17.9818862479 
  1.051250e+00  -235.0685149422 17.9818864570 
  1.052500e+00  -235.0685149422 17.9818866650 
  1.053750e+00  -235.0685149422 17.9818868720 
  1.055000e+00  -235.0685149422 17.9818870781 
  1.056250e+00  -235.0685149422 17.9818872832 
  1.057500e+00  -235.0685149422 17.9818874872 
  1.058750e+00  -235.0685149422 17.9818876904 
  1.060000e+00  -235.0685149422 17.9818878925 
  1.061250e+00  -235.0685149422 17.9818880937 
  1.062500e+00  -235.0685149422 17.9818882940 
  1.063750e+00  -235.0685149422 17.9818884933 
  1.065000e+00  -235.0685149422 17.9818886916 
  1.066250e+00  -235.0685149422 17.9818888890 
  1.067500e+00  -235.0685149422 17.9818890854 
  1.068750e+00  -235.0685149422 17.9818892809 
  1.070000e+00  -235.0685149422 17.9818894755 
  1.071250e+00  -235.0685149422 17.9818896692 
  1.072500e+00  -235.0685149422 17.9818898619 
  1.073750e+00  -235.0685149422 17.9818900537 
  1.075000e+00  -235.0685149422 17.9818902446 
  1.076250e+00  -235.0685149422 17.9818904346 
  1.077500e+00  -235.0685149422 17.9818906237 
  1.078750e+00  -235.0685149422 17.9818908118 
  1.080000e+00  -235.0685149422 17.9818909991 
  1.081250e+00  -235.0685149422 17.9818911855 
  1.082500e+00  -235.0685149422 17.9818913710 
  1.083750e+00  -235.0685149422 17.9818915556 
  1.085000e+00  -235.0685149422 17.9818917393 
  1.086250e+00  -235.0685149422 17.9818919221 
  1.087500e+00  -235.0685149422 17.9818921041 
  1.088750e+00  -235.0685149422 17.9818922852 
  1.090000e+00  -235.0685149422 17.9818924654 
  1.091250e+00  -235.0685149422 17.9818926448 
  1.092500e+00  -235.0685149422 17.9818928233 
  1.093750e+00  -235.0685149422 17.9818930009 
  1.095000e+00  -235.0685149422 17.9818931777 
  1.096250e+00  -235.0685149422 17.9818933536 
  1.097500e+00  -235.0685149422 17.9818935287 
  1.098750e+00  -235.0685149422 17.9818937030 
  1.100000e+00  -235.0685149422 17.9818938764 
  1.101250e+00  -235.0685149422 17.9818940490 
  1.102500e+00  -235.0685149422 17.9818942208 
  1.103750e+00  -235.0685149422 17.9818943917 
  1.105000e+00  -235.0685149422 17.9818945619 
  1.106250e+00  -235.0685149422 17.9818947312 
  1.107500e+00  -235.0685149422 17.9818948997 
  1.108750e+00  -235.0685149422 17.9818950673 
  1.110000e+00  -235.0685149422 17.9818952342 
  1.111250e+00  -235.0685149422 17.9818954003 
  1.112500e+00  -235.0685149422 17.9818955656 
  1.113750e+00  -235.0685149422 17.9818957301 
  1.115000e+00  -235.0685149422 17.9818958937 
  1.116250e+00  -235.0685149422 17.9818960567 
  1.117500e+00  -235.0685149422 17.9818962188 
  1.118750e+00  -235.0685149422 17.9818963801 
  1.120000e+00  -235.0685149422 17.9818965407 
  1.121250e+00  -235.0685149422 17.9818967005 
  1.122500e+00  -235.0685149422 17.9818968595 
  1.123750e+00  -235.0685149422 17.9818970177 
  1.125000e+00  -235.0685149422 17.9818971752 
  1.126250e+00  -235.0685149422 17.9818973320 
  1.127500e+00  -235.0685149422 17.9818974879 
  1.128750e+00  -235.0685149422 17.9818976432 
  1.130000e+00  -235.0685149422 17.9818977976 
  1.131250e+00  -235.0685149422 17.9818979514 
  1.132500e+00  -235.0685149422 17.9818981044 
  1.133750e+00  -235.0685149422 17.9818982566 
  1.135000e+00  -235.0685149422 17.9818984081 
  1.136250e+00  -235.0685149422 17.9818985589 
  1.137500e+00  -235.0685149422 17.9818987090 
  1.138750e+00  -235.0685149422 17.9818988583 
  1.140000e+00  -235.0685149422 17.9818990069 
  1.141250e+00  -235.0685149422 17.9818991548 
  1.142500e+00  -235.0685149422 17.9818993020 
  1.143750e+00  -235.0685149422 17.9818994485 
  1.145000e+00  -235.0685149422 17.9818995942 
  1.146250e+00  -235.0685149422 17.9818997393 
  1.147500e+00  -235.0685149422 17.9818998836 
  1.148750e+00  -235.0685149422 17.9819000273 
  1.150000e+00  -235.0685149422 17.9819001703 
  1.151250e+00  -235.0685149422 17.9819003125 
  1.152500e+00  -235.0685149422 17.9819004541 
  1.153750e+00  -235.0685149422 17.9819005950 
  1.155000e+00  -235.0685149422 17.9819007352 
  1.156250e+00  -235.0685149422 17.9819008748 
  1.157500e+00  -235.0685149422 17.9819010136 
  1.158750e+00  -235.0685149422 17.9819011518 
  1.160000e+00  -235.0685149422 17.9819012893 
  1.161250e+00  -235.0685149422 17.9819014262 
  1.162500e+00  -235.0685149422 17.9819015624 
  1.163750e+00  -235.0685149422 17.9819016979 
  1.165000e+00  -235.0685149422 17.9819018328 
  1.166250e+00  -235.0685149422 17.9819019670 
  1.167500e+00  -235.0685149422 17.9819021006 
  1.168750e+00  -235.0685149422 17.9819022335 
  1.170000e+00  -235.0685149422 17.9819023658 
  1.171250e+00  -235.0685149422 17.9819024974 
  1.172500e+00  -235.0685149422 17.9819026284 
  1.173750e+00  -235.0685149422 17.9819027587 
  1.175000e+00  -235.0685149422 17.9819028885 
  1.176250e+00  -235.0685149422 17.9819030176 
  1.177500e+00  -235.0685149422 17.9819031460 
  1.178750e+00  -235.0685149422 17.9819032739 
  1.180000e+00  -235.0685149422 17.9819034011 
  1.181250e+00  -235.0685149422 17.9819035277 
  1.182500e+00  -235.0685149422 17.9819036537 
  1.183750e+00  -235.0685149422 17.9819037791 
  1.185000e+00  -235.0685149422 17.9819039038 
  1.186250e+00  -235.0685149422 17.9819040280 
  1.187500e+00  -235.0685149422 17.9819041516 
  1.188750e+00  -235.0685149422 17.9819042745 
  1.190000e+00  -235.0685149422 17.9819043969 
  1.191250e+00  -235.0685149422 17.9819045186 
  1.192500e+00  -235.0685149422 17.9819046398 
  1.193750e+00  -235.0685149422 17.9819047604 
  1.195000e+00  -235.0685149422 17.9819048804 
  1.196250e+00  -235.0685149422 17.9819049998 
  1.197500e+00  -235.0685149422 17.9819051186 
  1.198750e+00  -235.0685149422 17.9819052369 
  1.200000e+00  -235.0685149422 17.9819053546 
  1.201250e+00  -235.0685149422 17.9819054717 
  1.202500e+00  -235.0685149422 17.9819055882 
  1.203750e+00  -235.0685149422 17.9819057041 
  1.205000e+00  -235.0685149422 17.9819058195 
  1.206250e+00  -235.0685149422 17.9819059344 
  1.207500e+00  -235.0685149422 17.9819060486 
  1.208750e+00  -235.0685149422 17.9819061624 
  1.210000e+00  -235.0685149422 17.9819062755 
  1.211250e+00  -235.0685149422 17.9819063881 
  1.212500e+00  -235.0685149422 17.9819065002 
  1.213750e+00  -235.0685149422 17.9819066117 
  1.215000e+00  -235.0685149422 17.9819067227 
  1.216250e+00  -235.0685149422 17.9819068331 
  1.217500e+00  -235.0685149422 17.9819069430 
  1.218750e+00  -235.0685149422 17.9819070524 
  1.220000e+00  -235.0685149422 17.9819071612 
  1.221250e+00  -235.0685149422 17.9819072695 
  1.222500e+00  -235.0685149422 17.9819073772 
  1.223750e+00  -235.0685149422 17.9819074844 
  1.225000e+00  -235.0685149422 17.9819075912 
  1.226250e+00  -235.0685149422 17.9819076973 
  1.227500e+00  -235.0685149422 17.9819078030 
  1.228750e+00  -235.0685149422 17.9819079082 
  1.230000e+00  -235.0685149422 17.9819080128 
  1.231250e+00  -235.0685149422 17.9819081169 
  1.232500e+00  -235.0685149422 17.9819082205 
  1.233750e+00  -235.0685149422 17.9819083236 
  1.235000e+00  -235.0685149422 17.9819084263 
  1.236250e+00  -235.0685149422 17.9819085284 
  1.237500e+00  -235.0685149422 17.9819086300 
  1.238750e+00  -235.0685149422 17.9819087311 
  1.240000e+00  -235.0685149422 17.9819088317 
  1.241250e+00  -235.0685149422 17.9819089318 
  1.242500e+00  -235.0685149422 17.9819090314 
  1.243750e+00  -235.0685149422 17.9819091306 
  1.245000e+00  -235.0685149422 17.9819092292 
  1.246250e+00  -235.0685149422 17.9819093274 
  1.247500e+00  -235.0685149422 17.9819094251 
  1.248750e+00  -235.0685149422 17.9819095223 
  1.250000e+00  -235.0685149422 17.9819096190 
  1.251250e+00  -235.0685149422 17.9819097153 
  1.252500e+00  -235.0685149422 17.9819098111 
  1.253750e+00  -235.0685149422 17.9819099064 
  1.255000e+00  -235.0685149422 17.9819100012 
  1.256250e+00  -235.0685149422 17.9819100956 
  1.257500e+00  -235.0685149422 17.9819101896 
  1.258750e+00  -235.0685149422 17.9819102830 
  1.260000e+00  -235.0685149422 17.9819103760 
  1.261250e+00  -235.0685149422 17.9819104686 
  1.262500e+00  -235.0685149422 17.9819105607 
  1.263750e+00  -235.0685149422 17.9819106523 
  1.265000e+00  -235.0685149422 17.9819107435 
  1.266250e+00  -235.0685149422 17.9819108343 
  1.267500e+00  -235.0685149422 17.9819109246 
  1.268750e+00  -235.0685149422 17.9819110144 
  1.270000e+00  -235.0685149422 17.9819111038 
  1.271250e+00  -235.0685149422 17.9819111928 
  1.272500e+00  -235.0685149422 17.9819112813 
  1.273750e+00  -235.0685149422 17.9819113694 
  1.275000e+00  -235.0685149422 17.9819114571 
  1.276250e+00  -235.0685149422 17.9819115444 
  1.277500e+00  -235.0685149422 17.9819116312 
  1.278750e+00  -235.0685149422 17.9819117175 
  1.280000e+00  -235.0685149422 17.9819118035 
  1.281250e+00  -235.0685149422 17.9819118890 
  1.282500e+00  -235.0685149422 17.9819119742 
  1.283750e+00  -235.0685149422 17.9819120589 
  1.285000e+00  -235.0685149422 17.9819121431 
  1.286250e+00  -235.0685149422 17.9819122270 
  1.287500e+00  -235.0685149422 17.9819123105 
  1.288750e+00  -235.0685149422 17.9819123935 
  1.290000e+00  -235.0685149422 17.9819124761 
  1.291250e+00  -235.0685149422 17.9819125584 
  1.292500e+00  -235.0685149422 17.9819126402 
  1.293750e+00  -235.0685149422 17.9819127216 
  1.295000e+00  -235.0685149422 17.9819128026 
  1.296250e+00  -235.0685149422 17.9819128833 
  1.297500e+00  -235.0685149422 17.9819129635 
  1.298750e+00  -235.0685149422 17.9819130433 
  1.300000e+00  -235.0685149422 17.9819131227 
  1.301250e+00  -235.0685149422 17.9819132018 
  1.302500e+00  -235.0685149422 17.9819132804 
  1.303750e+00  -235.0685149422 17.9819133587 
  1.305000e+00  -235.0685149422 17.9819134366 
  1.306250e+00  -235.0685149422 17.9819135141 
  1.307500e+00  -235.0685149422 17.9819135912 
  1.308750e+00  -235.0685149422 17.9819136679 
  1.310000e+00  -235.0685149422 17.9819137443 
  1.311250e+00  -235.0685149422 17.9819138203 
  1.312500e+00  -235.0685149422 17.9819138959 
  1.313750e+00  -235.0685149422 17.9819139711 
  1.315000e+00  -235.0685149422 17.9819140460 
  1.316250e+00  -235.0685149422 17.9819141205 
  1.317500e+00  -235.0685149422 17.9819141946 
  1.318750e+00  -235.0685149422 17.9819142684 
  1.320000e+00  -235.0685149422 17.9819143417 
  1.321250e+00  -235.0685149422 17.9819144148 
  1.322500e+00  -235.0685149422 17.9819144875 
  1.323750e+00  -235.0685149422 17.9819145598 
  1.325000e+00  -235.0685149422 17.9819146317 
  1.326250e+00  -235.0685149422 17.9819147033 
  1.327500e+00  -235.0685149422 17.9819147746 
  1.328750e+00  -235.0685149422 17.9819148455 
  1.330000e+00  -235.0685149422 17.9819149160 
  1.331250e+00  -235.0685149422 17.9819149862 
  1.332500e+00  -235.0685149422 17.9819150561 
  1.333750e+00  -235.0685149422 17.9819151256 
  1.335000e+00  -235.0685149422 17.9819151947 
  1.336250e+00  -235.0685149422 17.9819152636 
  1.337500e+00  -235.0685149422 17.9819153320 
  1.338750e+00  -235.0685149422 17.9819154002 
  1.340000e+00  -235.0685149422 17.9819154680 
  1.341250e+00  -235.0685149422 17.9819155354 
  1.342500e+00  -235.0685149422 17.9819156026 
  1.343750e+00  -235.0685149422 17.9819156694 
  1.345000e+00  -235.0685149422 17.9819157359 
  1.346250e+00  -235.0685149422 17.9819158020 
  1.347500e+00  -235.0685149422 17.9819158678 
  1.348750e+00  -235.0685149422 17.9819159333 
  1.350000e+00  -235.0685149422 17.9819159985 
  1.351250e+00  -235.0685149422 17.9819160633 
  1.352500e+00  -235.0685149422 17.9819161279 
  1.353750e+00  -235.0685149422 17.9819161921 
  1.355000e+00  -235.0685149422 17.9819162559 
  1.356250e+00  -235.0685149422 17.9819163195 
  1.357500e+00  -235.0685149422 17.9819163828 
  1.358750e+00  -235.0685149422 17.9819164457 
  1.360000e+00  -235.0685149422 17.9819165083 
  1.361250e+00  -235.0685149422 17.9819165707 
  1.362500e+00  -235.0685149422 17.9819166327 
  1.363750e+00  -235.0685149422 17.9819166944 
  1.365000e+00  -235.0685149422 17.9819167558 
  1.366250e+00  -235.0685149422 17.9819168169 
  1.367500e+00  -235.0685149422 17.9819168777 
  1.368750e+00  -235.0685149422 17.9819169382 
  1.370000e+00  -235.0685149422 17.9819169984 
  1.371250e+00  -235.0685149422 17.9819170582 
  1.372500e+00  -235.0685149422 17.9819171178 
  1.373750e+00  -235.0685149422 17.9819171771 
  1.375000e+00  -235.0685149422 17.9819172362 
  1.376250e+00  -235.0685149422 17.9819172949 
  1.377500e+00  -235.0685149422 17.9819173533 
  1.378750e+00  -235.0685149422 17.9819174114 
  1.380000e+00  -235.0685149422 17.9819174693 
  1.381250e+00  -235.0685149422 17.9819175268 
  1.382500e+00  -235.0685149422 17.9819175841 
  1.383750e+00  -235.0685149422 17.9819176411 
  1.385000e+00  -235.0685149422 17.9819176978 
  1.386250e+00  -235.0685149422 17.9819177542 
  1.387500e+00  -235.0685149422 17.9819178104 
  1.388750e+00  -235.0685149422 17.9819178662 
  1.390000e+00  -235.0685149422 17.9819179218 
  1.391250e+00  -235.0685149422 17.9819179771 
  1.392500e+00  -235.0685149422 17.9819180322 
  1.393750e+00  -235.0685149422 17.9819180869 
  1.395000e+00  -235.0685149422 17.9819181414 
  1.396250e+00  -235.0685149422 17.9819181956 
  1.397500e+00  -235.0685149422 17.9819182496 
  1.398750e+00  -235.0685149422 17.9819183033 
  1.400000e+00  -235.0685149422 17.9819183567 
  1.401250e+00  -235.0685149422 17.9819184099 
  1.402500e+00  -235.0685149422 17.9819184627 
  1.403750e+00  -235.0685149422 17.9819185154 
  1.405000e+00  -235.0685149422 17.9819185677 
  1.406250e+00  -235.0685149422 17.9819186198 
  1.407500e+00  -235.0685149422 17.9819186717 
  1.408750e+00  -235.0685149422 17.9819187233 
  1.410000e+00  -235.0685149422 17.9819187746 
  1.411250e+00  -235.0685149422 17.9819188257 
  1.412500e+00  -235.0685149422 17.9819188765 
  1.413750e+00  -235.0685149422 17.9819189271 
  1.415000e+00  -235.0685149422 17.9819189774 
  1.416250e+00  -235.0685149422 17.9819190275 
  1.417500e+00  -235.0685149422 17.9819190773 
  1.418750e+00  -235.0685149422 17.9819191268 
  1.420000e+00  -235.0685149422 17.9819191762 
  1.421250e+00  -235.0685149422 17.9819192252 
  1.422500e+00  -235.0685149422 17.9819192741 
  1.423750e+00  -235.0685149422 17.9819193227 
  1.425000e+00  -235.0685149422 17.9819193710 
  1.426250e+00  -235.0685149422 17.9819194191 
  1.427500e+00  -235.0685149422 17.9819194670 
  1.428750e+00  -235.0685149422 17.9819195146 
  1.430000e+00  -235.0685149422 17.9819195620 
  1.431250e+00  -235.0685149422 17.9819196092 
  1.432500e+00  -235.0685149422 17.9819196561 
  1.433750e+00  -235.0685149422 17.9819197028 
  1.435000e+00  -235.0685149422 17.9819197493 
  1.436250e+00  -235.0685149422 17.9819197955 
  1.437500e+00  -235.0685149422 17.9819198415 
  1.438750e+00  -235.0685149422 17.9819198872 
  1.440000e+00  -235.0685149422 17.9819199328 
  1.441250e+00  -235.0685149422 17.9819199781 
  1.442500e+00  -235.0685149422 17.9819200232 
  1.443750e+00  -235.0685149422 17.9819200680 
  1.445000e+00  -235.0685149422 17.9819201127 
  1.446250e+00  -235.0685149422 17.9819201571 
  1.447500e+00  -235.0685149422 17.9819202013 
  1.448750e+00  -235.0685149422 17.9819202453 
  1.450000e+00  -235.0685149422 17.9819202890 
  1.451250e+00  -235.0685149422 17.9819203326 
  1.452500e+00  -235.0685149422 17.9819203759 
  1.453750e+00  -235.0685149422 17.9819204190 
  1.455000e+00  -235.0685149422 17.9819204619 
  1.456250e+00  -235.0685149422 17.9819205046 
  1.457500e+00  -235.0685149422 17.9819205470 
  1.458750e+00  -235.0685149422 17.9819205893 
  1.460000e+00  -235.0685149422 17.9819206313 
  1.461250e+00  -235.0685149422 17.9819206731 
  1.462500e+00  -235.0685149422 17.9819207148 
  1.463750e+00  -235.0685149422 17.9819207562 
  1.465000e+00  -235.0685149422 17.9819207974 
  1.466250e+00  -235.0685149422 17.9819208384 
  1.467500e+00  -235.0685149422 17.9819208792 
  1.468750e+00  -235.0685149422 17.9819209198 
  1.470000e+00  -235.0685149422 17.9819209602 
  1.471250e+00  -235.0685149422 17.9819210004 
  1.472500e+00  -235.0685149422 17.9819210403 
  1.473750e+00  -235.0685149422 17.9819210801 
  1.475000e+00  -235.0685149422 17.9819211197 
  1.476250e+00  -235.0685149422 17.9819211591 
  1.477500e+00  -235.0685149422 17.9819211983 
  1.478750e+00  -235.0685149422 17.9819212373 
  1.480000e+00  -235.0685149422 17.9819212761 
  1.481250e+00  -235.0685149422 17.9819213147 
  1.482500e+00  -235.0685149422 17.9819213531 
  1.483750e+00  -235.0685149422 17.9819213914 
  1.485000e+00  -235.0685149422 17.9819214294 
  1.486250e+00  -235.0685149422 17.9819214673 
  1.487500e+00  -235.0685149422 17.9819215049 
  1.488750e+00  -235.0685149422 17.9819215424 
  1.490000e+00  -235.0685149422 17.9819215797 
  1.491250e+00  -235.0685149422 17.9819216168 
  1.492500e+00  -235.0685149422 17.9819216537 
  1.493750e+00  -235.0685149422 17.9819216904 
  1.495000e+00  -235.0685149422 17.9819217269 
  1.496250e+00  -235.0685149422 17.9819217633 
  1.497500e+00  -235.0685149422 17.9819217995 
  1.498750e+00  -235.0685149422 17.9819218355 
  1.500000e+00  -235.0685149422 17.9819218713 
  1.501250e+00  -235.0685149422 17.9819219069 
  1.502500e+00  -235.0685149422 17.9819219424 
  1.503750e+00  -235.0685149422 17.9819219777 
  1.505000e+00  -235.0685149422 17.9819220128 
  1.506250e+00  -235.0685149422 17.9819220477 
  1.507500e+00  -235.0685149422 17.9819220825 
  1.508750e+00  -235.0685149422 17.9819221170 
  1.510000e+00  -235.0685149422 17.9819221514 
  1.511250e+00  -235.0685149422 17.9819221857 
  1.512500e+00  -235.0685149422 17.9819222197 
  1.513750e+00  -235.0685149422 17.9819222536 
  1.515000e+00  -235.0685149422 17.9819222874 
  1.516250e+00  -235.0685149422 17.9819223209 
  1.517500e+00  -235.0685149422 17.9819223543 
  1.518750e+00  -235.0685149422 17.9819223875 
  1.520000e+00  -235.0685149422 17.9819224206 
  1.521250e+00  -235.0685149422 17.9819224535 
  1.522500e+00  -235.0685149422 17.9819224862 
  1.523750e+00  -235.0685149422 17.9819225188 
  1.525000e+00  -235.0685149422 17.9819225512 
  1.526250e+00  -235.0685149422 17.9819225834 
  1.527500e+00  -235.0685149422 17.9819226155 
  1.528750e+00  -235.0685149422 17.9819226474 
  1.530000e+00  -235.0685149422 17.9819226791 
  1.531250e+00  -235.0685149422 17.9819227107 
  1.532500e+00  -235.0685149422 17.9819227422 
  1.533750e+00  -235.0685149422 17.9819227735 
  1.535000e+00  -235.0685149422 17.9819228046 
  1.536250e+00  -235.0685149422 17.9819228355 
  1.537500e+00  -235.0685149422 17.9819228664 
  1.538750e+00  -235.0685149422 17.9819228970 
  1.540000e+00  -235.0685149422 17.9819229275 
  1.541250e+00  -235.0685149422 17.9819229579 
  1.542500e+00  -235.0685149422 17.9819229881 
  1.543750e+00  -235.0685149422 17.9819230181 
  1.545000e+00  -235.0685149422 17.9819230480 
  1.546250e+00  -235.0685149422 17.9819230778 
  1.547500e+00  -235.0685149422 17.9819231074 
  1.548750e+00  -235.0685149422 17.9819231368 
  1.550000e+00  -235.0685149422 17.9819231661 
  1.551250e+00  -235.0685149422 17.9819231953 
  1.552500e+00  -235.0685149422 17.9819232243 
  1.553750e+00  -235.0685149422 17.9819232531 
  1.555000e+00  -235.0685149422 17.9819232819 
  1.556250e+00  -235.0685149422 17.9819233104 
  1.557500e+00  -235.0685149422 17.9819233389 
  1.558750e+00  -235.0685149422 17.9819233671 
  1.560000e+00  -235.0685149422 17.9819233953 
  1.561250e+00  -235.0685149422 17.9819234233 
  1.562500e+00  -235.0685149422 17.9819234512 
  1.563750e+00  -235.0685149422 17.9819234789 
  1.565000e+00  -235.0685149422 17.9819235065 
  1.566250e+00  -235.0685149422 17.9819235339 
  1.567500e+00  -235.0685149422 17.9819235612 
  1.568750e+00  -235.0685149422 17.9819235884 
  1.570000e+00  -235.0685149422 17.9819236154 
  1.571250e+00  -235.0685149422 17.9819236423 
  1.572500e+00  -235.0685149422 17.9819236691 
  1.573750e+00  -235.0685149422 17.9819236957 
  1.575000e+00  -235.0685149422 17.9819237222 
  1.576250e+00  -235.0685149422 17.9819237486 
  1.577500e+00  -235.0685149422 17.9819237748 
  1.578750e+00  -235.0685149422 17.9819238009 
  1.580000e+00  -235.0685149422 17.9819238269 
  1.581250e+00  -235.0685149422 17.9819238528 
  1.582500e+00  -235.0685149422 17.9819238785 
  1.583750e+00  -235.0685149422 17.9819239040 
  1.585000e+00  -235.0685149422 17.9819239295 
  1.586250e+00  -235.0685149422 17.9819239548 
  1.587500e+00  -235.0685149422 17.9819239800 
  1.588750e+00  -235.0685149422 17.9819240051 
  1.590000e+00  -235.0685149422 17.9819240300 
  1.591250e+00  -235.0685149422 17.9819240549 
  1.592500e+00  -235.0685149422 17.9819240795 
  1.593750e+00  -235.0685149422 17.9819241041 
  1.595000e+00  -235.0685149422 17.9819241286 
  1.596250e+00  -235.0685149422 17.9819241529 
  1.597500e+00  -235.0685149422 17.9819241771 
  1.598750e+00  -235.0685149422 17.9819242012 
  1.600000e+00  -235.0685149422 17.9819242251 
  1.601250e+00  -235.0685149422 17.9819242490 
  1.602500e+00  -235.0685149422 17.9819242727 
  1.603750e+00  -235.0685149422 17.9819242963 
  1.605000e+00  -235.0685149422 17.9819243198 
  1.606250e+00  -235.0685149422 17.9819243431 
  1.607500e+00  -235.0685149422 17.9819243664 
  1.608750e+00  -235.0685149422 17.9819243895 
  1.610000e+00  -235.0685149422 17.9819244125 
  1.611250e+00  -235.0685149422 17.9819244354 
  1.612500e+00  -235.0685149422 17.9819244582 
  1.613750e+00  -235.0685149422 17.9819244809 
  1.615000e+00  -235.0685149422 17.9819245034 
  1.616250e+00  -235.0685149422 17.9819245259 
  1.617500e+00  -235.0685149422 17.9819245482 
  1.618750e+00  -235.0685149422 17.9819245704 
  1.620000e+00  -235.0685149422 17.9819245925 
  1.621250e+00  -235.0685149422 17.9819246145 
  1.622500e+00  -235.0685149422 17.9819246364 
  1.623750e+00  -235.0685149422 17.9819246582 
  1.625000e+00  -235.0685149422 17.9819246798 
  1.626250e+00  -235.0685149422 17.9819247014 
  1.627500e+00  -235.0685149422 17.9819247228 
  1.628750e+00  -235.0685149422 17.9819247442 
  1.630000e+00  -235.0685149422 17.9819247654 
  1.631250e+00  -235.0685149422 17.9819247865 
  1.632500e+00  -235.0685149422 17.9819248075 
  1.633750e+00  -235.0685149422 17.9819248284 
  1.635000e+00  -235.0685149422 17.9819248492 
  1.636250e+00  -235.0685149422 17.9819248699 
  1.637500e+00  -235.0685149422 17.9819248905 
  1.638750e+00  -235.0685149422 17.9819249110 
  1.640000e+00  -235.0685149422 17.9819249314 
  1.641250e+00  -235.0685149422 17.9819249517 
  1.642500e+00  -235.0685149422 17.9819249719 
  1.643750e+00  -235.0685149422 17.9819249920 
  1.645000e+00  -235.0685149422 17.9819250120 
  1.646250e+00  -235.0685149422 17.9819250318 
  1.647500e+00  -235.0685149422 17.9819250516 
  1.648750e+00  -235.0685149422 17.9819250713 
  1.650000e+00  -235.0685149422 17.9819250909 
  1.651250e+00  -235.0685149422 17.9819251104 
  1.652500e+00  -235.0685149422 17.9819251297 
  1.653750e+00  -235.0685149422 17.9819251490 
  1.655000e+00  -235.0685149422 17.9819251682 
  1.656250e+00  -235.0685149422 17.9819251873 
  1.657500e+00  -235.0685149422 17.9819252063 
  1.658750e+00  -235.0685149422 17.9819252252 
  1.660000e+00  -235.0685149422 17.9819252440 
  1.661250e+00  -235.0685149422 17.9819252627 
  1.662500e+00  -235.0685149422 17.9819252814 
  1.663750e+00  -235.0685149422 17.9819252999 
  1.665000e+00  -235.0685149422 17.9819253183 
  1.666250e+00  -235.0685149422 17.9819253367 
  1.667500e+00  -235.0685149422 17.9819253549 
  1.668750e+00  -235.0685149422 17.9819253730 
  1.670000e+00  -235.0685149422 17.9819253911 
  1.671250e+00  -235.0685149422 17.9819254091 
  1.672500e+00  -235.0685149422 17.9819254270 
  1.673750e+00  -235.0685149422 17.9819254448 
  1.675000e+00  -235.0685149422 17.9819254625 
  1.676250e+00  -235.0685149422 17.9819254801 
  1.677500e+00  -235.0685149422 17.9819254976 
  1.678750e+00  -235.0685149422 17.9819255150 
  1.680000e+00  -235.0685149422 17.9819255324 
  1.681250e+00  -235.0685149422 17.9819255496 
  1.682500e+00  -235.0685149422 17.9819255668 
  1.683750e+00  -235.0685149422 17.9819255839 
  1.685000e+00  -235.0685149422 17.9819256009 
  1.686250e+00  -235.0685149422 17.9819256178 
  1.687500e+00  -235.0685149422 17.9819256346 
  1.688750e+00  -235.0685149422 17.9819256514 
  1.690000e+00  -235.0685149422 17.9819256680 
  1.691250e+00  -235.0685149422 17.9819256846 
  1.692500e+00  -235.0685149422 17.9819257011 
  1.693750e+00  -235.0685149422 17.9819257175 
  1.695000e+00  -235.0685149422 17.9819257338 
  1.696250e+00  -235.0685149422 17.9819257501 
  1.697500e+00  -235.0685149422 17.9819257662 
  1.698750e+00  -235.0685149422 17.9819257823 
  1.700000e+00  -235.0685149422 17.9819257983 
  1.701250e+00  -235.0685149422 17.9819258142 
  1.702500e+00  -235.0685149422 17.9819258301 
  1.703750e+00  -235.0685149422 17.9819258458 
  1.705000e+00  -235.0685149422 17.9819258615 
  1.706250e+00  -235.0685149422 17.9819258771 
  1.707500e+00  -235.0685149422 17.9819258926 
  1.708750e+00  -235.0685149422 17.9819259081 
  1.710000e+00  -235.0685149422 17.9819259234 
  1.711250e+00  -235.0685149422 17.9819259387 
  1.712500e+00  -235.0685149422 17.9819259539 
  1.713750e+00  -235.0685149422 17.9819259690 
  1.715000e+00  -235.0685149422 17.9819259841 
  1.716250e+00  -235.0685149422 17.9819259991 
  1.717500e+00  -235.0685149422 17.9819260140 
  1.718750e+00  -235.0685149422 17.9819260288 
  1.720000e+00  -235.0685149422 17.9819260436 
  1.721250e+00  -235.0685149422 17.9819260582 
  1.722500e+00  -235.0685149422 17.9819260729 
  1.723750e+00  -235.0685149422 17.9819260874 
  1.725000e+00  -235.0685149422 17.9819261018 
  1.726250e+00  -235.0685149422 17.9819261162 
  1.727500e+00  -235.0685149422 17.9819261305 
  1.728750e+00  -235.0685149422 17.9819261448 
  1.730000e+00  -235.0685149422 17.9819261589 
  1.731250e+00  -235.0685149422 17.9819261730 
  1.732500e+00  -235.0685149422 17.9819261871 
  1.733750e+00  -235.0685149422 17.9819262010 
  1.735000e+00  -235.0685149422 17.9819262149 
  1.736250e+00  -235.0685149422 17.9819262287 
  1.737500e+00  -235.0685149422 17.9819262425 
  1.738750e+00  -235.0685149422 17.9819262561 
  1.740000e+00  -235.0685149422 17.9819262697 
  1.741250e+00  -235.0685149422 17.9819262833 
  1.742500e+00  -235.0685149422 17.9819262968 
  1.743750e+00  -235.0685149422 17.9819263102 
  1.745000e+00  -235.0685149422 17.9819263235 
  1.746250e+00  -235.0685149422 17.9819263368 
  1.747500e+00  -235.0685149422 17.9819263500 
  1.748750e+00  -235.0685149422 17.9819263631 
  1.750000e+00  -235.0685149422 17.9819263761 
  1.751250e+00  -235.0685149422 17.9819263891 
  1.752500e+00  -235.0685149422 17.9819264021 
  1.753750e+00  -235.0685149422 17.9819264149 
  1.755000e+00  -235.0685149422 17.9819264277 
  1.756250e+00  -235.0685149422 17.9819264405 
  1.757500e+00  -235.0685149422 17.9819264532 
  1.758750e+00  -235.0685149422 17.9819264658 
  1.760000e+00  -235.0685149422 17.9819264783 
  1.761250e+00  -235.0685149422 17.9819264908 
  1.762500e+00  -235.0685149422 17.9819265032 
  1.763750e+00  -235.0685149422 17.9819265156 
  1.765000e+00  -235.0685149422 17.9819265279 
  1.766250e+00  -235.0685149422 17.9819265401 
  1.767500e+00  -235.0685149422 17.9819265523 
  1.768750e+00  -235.0685149422 17.9819265644 
  1.770000e+00  -235.0685149422 17.9819265764 
  1.771250e+00  -235.0685149422 17.9819265884 
  1.772500e+00  -235.0685149422 17.9819266003 
  1.773750e+00  -235.0685149422 17.9819266122 
  1.775000e+00  -235.0685149422 17.9819266240 
  1.776250e+00  -235.0685149422 17.9819266358 
  1.777500e+00  -235.0685149422 17.9819266474 
  1.778750e+00  -235.0685149422 17.9819266591 
  1.780000e+00  -235.0685149422 17.9819266706 
  1.781250e+00  -235.0685149422 17.9819266821 
  1.782500e+00  -235.0685149422 17.9819266936 
  1.783750e+00  -235.0685149422 17.9819267050 
  1.785000e+00  -235.0685149422 17.9819267163 
  1.786250e+00  -235.0685149422 17.9819267276 
  1.787500e+00  -235.0685149422 17.9819267388 
  1.788750e+00  -235.0685149422 17.9819267500 
  1.790000e+00  -235.0685149422 17.9819267611 
  1.791250e+00  -235.0685149422 17.9819267722 
  1.792500e+00  -235.0685149422 17.9819267831 
  1.793750e+00  -235.0685149422 17.9819267941 
  1.795000e+00  -235.0685149422 17.9819268050 
  1.796250e+00  -235.0685149422 17.9819268158 
  1.797500e+00  -235.0685149422 17.9819268266 
  1.798750e+00  -235.0685149422 17.9819268373 
  1.800000e+00  -235.0685149422 17.9819268480 
  1.801250e+00  -235.0685149422 17.9819268586 
  1.802500e+00  -235.0685149422 17.9819268691 
  1.803750e+00  -235.0685149422 17.9819268796 
  1.805000e+00  -235.0685149422 17.9819268901 
  1.806250e+00  -235.0685149422 17.9819269005 
  1.807500e+00  -235.0685149422 17.9819269108 
  1.808750e+00  -235.0685149422 17.9819269211 
  1.810000e+00  -235.0685149422 17.9819269314 
  1.811250e+00  -235.0685149422 17.9819269416 
  1.812500e+00  -235.0685149422 17.9819269517 
  1.813750e+00  -235.0685149422 17.9819269618 
  1.815000e+00  -235.0685149422 17.9819269718 
  1.816250e+00  -235.0685149422 17.9819269818 
  1.817500e+00  -235.0685149422 17.9819269917 
  1.818750e+00  -235.0685149422 17.9819270016 
  1.820000e+00  -235.0685149422 17.9819270115 
  1.821250e+00  -235.0685149422 17.9819270212 
  1.822500e+00  -235.0685149422 17.9819270310 
  1.823750e+00  -235.0685149422 17.9819270407 
  1.825000e+00  -235.0685149422 17.9819270503 
  1.826250e+00  -235.0685149422 17.9819270599 
  1.827500e+00  -235.0685149422 17.9819270694 
  1.828750e+00  -235.0685149422 17.9819270789 
  1.830000e+00  -235.0685149422 17.9819270884 
  1.831250e+00  -235.0685149422 17.9819270977 
  1.832500e+00  -235.0685149422 17.9819271071 
  1.833750e+00  -235.0685149422 17.9819271164 
  1.835000e+00  -235.0685149422 17.9819271256 
  1.836250e+00  -235.0685149422 17.9819271349 
  1.837500e+00  -235.0685149422 17.9819271440 
  1.838750e+00  -235.0685149422 17.9819271531 
  1.840000e+00  -235.0685149422 17.9819271622 
  1.841250e+00  -235.0685149422 17.9819271712 
  1.842500e+00  -235.0685149422 17.9819271802 
  1.843750e+00  -235.0685149422 17.9819271891 
  1.845000e+00  -235.0685149422 17.9819271980 
  1.846250e+00  -235.0685149422 17.9819272068 
  1.847500e+00  -235.0685149422 17.9819272156 
  1.848750e+00  -235.0685149422 17.9819272244 
  1.850000e+00  -235.0685149422 17.9819272331 
  1.851250e+00  -235.0685149422 17.9819272417 
  1.852500e+00  -235.0685149422 17.9819272504 
  1.853750e+00  -235.0685149422 17.9819272589 
  1.855000e+00  -235.0685149422 17.9819272675 
  1.856250e+00  -235.0685149422 17.9819272760 
  1.857500e+00  -235.0685149422 17.9819272844 
  1.858750e+00  -235.0685149422 17.9819272928 
  1.860000e+00  -235.0685149422 17.9819273012 
  1.861250e+00  -235.0685149422 17.9819273095 
  1.862500e+00  -235.0685149422 17.9819273177 
  1.863750e+00  -235.0685149422 17.9819273260 
  1.865000e+00  -235.0685149422 17.9819273342 
  1.866250e+00  -235.0685149422 17.9819273423 
  1.867500e+00  -235.0685149422 17.9819273504 
  1.868750e+00  -235.0685149422 17.9819273585 
  1.870000e+00  -235.0685149422 17.9819273665 
  1.871250e+00  -235.0685149422 17.9819273745 
  1.872500e+00  -235.0685149422 17.9819273824 
  1.873750e+00  -235.0685149422 17.9819273903 
  1.875000e+00  -235.0685149422 17.9819273982 
  1.876250e+00  -235.0685149422 17.9819274060 
  1.877500e+00  -235.0685149422 17.9819274138 
  1.878750e+00  -235.0685149422 17.9819274216 
  1.880000e+00  -235.0685149422 17.9819274293 
  1.881250e+00  -235.0685149422 17.9819274369 
  1.882500e+00  -235.0685149422 17.9819274445 
  1.883750e+00  -235.0685149422 17.9819274521 
  1.885000e+00  -235.0685149422 17.9819274597 
  1.886250e+00  -235.0685149422 17.9819274672 
  1.887500e+00  -235.0685149422 17.9819274747 
  1.888750e+00  -235.0685149422 17.9819274821 
  1.890000e+00  -235.0685149422 17.9819274895 
  1.891250e+00  -235.0685149422 17.9819274969 
  1.892500e+00  -235.0685149422 17.9819275042 
  1.893750e+00  -235.0685149422 17.9819275115 
  1.895000e+00  -235.0685149422 17.9819275187 
  1.896250e+00  -235.0685149422 17.9819275259 
  1.897500e+00  -235.0685149422 17.9819275331 
  1.898750e+00  -235.0685149422 17.9819275402 
  1.900000e+00  -235.0685149422 17.9819275473 
  1.901250e+00  -235.0685149422 17.9819275544 
  1.902500e+00  -235.0685149422 17.9819275614 
  1.903750e+00  -235.0685149422 17.9819275684 
  1.905000e+00  -235.0685149422 17.9819275754 
  1.906250e+00  -235.0685149422 17.9819275823 
  1.907500e+00  -235.0685149422 17.9819275892 
  1.908750e+00  -235.0685149422 17.9819275961 
  1.910000e+00  -235.0685149422 17.9819276029 
  1.911250e+00  -235.0685149422 17.9819276097 
  1.912500e+00  -235.0685149422 17.9819276164 
  1.913750e+00  -235.0685149422 17.9819276231 
  1.915000e+00  -235.0685149422 17.9819276298 
  1.916250e+00  -235.0685149422 17.9819276365 
  1.917500e+00  -235.0685149422 17.9819276431 
  1.918750e+00  -235.0685149422 17.9819276497 
  1.920000e+00  -235.0685149422 17.9819276562 
  1.921250e+00  -235.0685149422 17.9819276627 
  1.922500e+00  -235.0685149422 17.9819276692 
  1.923750e+00  -235.0685149422 17.9819276756 
  1.925000e+00  -235.0685149422 17.9819276821 
  1.926250e+00  -235.0685149422 17.9819276884 
  1.927500e+00  -235.0685149422 17.9819276948 
  1.928750e+00  -235.0685149422 17.9819277011 
  1.930000e+00  -235.0685149422 17.9819277074 
  1.931250e+00  -235.0685149422 17.9819277136 
  1.932500e+00  -235.0685149422 17.9819277199 
  1.933750e+00  -235.0685149422 17.9819277261 
  1.935000e+00  -235.0685149422 17.9819277322 
  1.936250e+00  -235.0685149422 17.9819277383 
  1.937500e+00  -235.0685149422 17.9819277444 
  1.938750e+00  -235.0685149422 17.9819277505 
  1.940000e+00  -235.0685149422 17.9819277565 
  1.941250e+00  -235.0685149422 17.9819277625 
  1.942500e+00  -235.0685149422 17.9819277685 
  1.943750e+00  -235.0685149422 17.9819277745 
  1.945000e+00  -235.0685149422 17.9819277804 
  1.946250e+00  -235.0685149422 17.9819277863 
  1.947500e+00  -235.0685149422 17.9819277921 
  1.948750e+00  -235.0685149422 17.9819277979 
  1.950000e+00  -235.0685149422 17.9819278037 
  1.951250e+00  -235.0685149422 17.9819278095 
  1.952500e+00  -235.0685149422 17.9819278152 
  1.953750e+00  -235.0685149422 17.9819278209 
  1.955000e+00  -235.0685149422 17.9819278266 
  1.956250e+00  -235.0685149422 17.9819278322 
  1.957500e+00  -235.0685149422 17.9819278379 
  1.958750e+00  -235.0685149422 17.9819278435 
  1.960000e+00  -235.0685149422 17.9819278490 
  1.961250e+00  -235.0685149422 17.9819278546 
  1.962500e+00  -235.0685149422 17.9819278601 
  1.963750e+00  -235.0685149422 17.9819278655 
  1.965000e+00  -235.0685149422 17.9819278710 
  1.966250e+00  -235.0685149422 17.9819278764 
  1.967500e+00  -235.0685149422 17.9819278818 
  1.968750e+00  -235.0685149422 17.9819278872 
  1.970000e+00  -235.0685149422 17.9819278925 
  1.971250e+00  -235.0685149422 17.9819278978 
  1.972500e+00  -235.0685149422 17.9819279031 
  1.973750e+00  -235.0685149422 17.9819279084 
  1.975000e+00  -235.0685149422 17.9819279136 
  1.976250e+00  -235.0685149422 17.9819279188 
  1.977500e+00  -235.0685149422 17.9819279240 
  1.978750e+00  -235.0685149422 17.9819279291 
  1.980000e+00  -235.0685149422 17.9819279343 
  1.981250e+00  -235.0685149422 17.9819279394 
  1.982500e+00  -235.0685149422 17.9819279444 
  1.983750e+00  -235.0685149422 17.9819279495 
  1.985000e+00  -235.0685149422 17.9819279545 
  1.986250e+00  -235.0685149422 17.9819279595 
  1.987500e+00  -235.0685149422 17.9819279645 
  1.988750e+00  -235.0685149422 17.9819279694 
  1.990000e+00  -235.0685149422 17.9819279743 
  1.991250e+00  -235.0685149422 17.9819279792 
  1.992500e+00  -235.0685149422 17.9819279841 
  1.993750e+00  -235.0685149422 17.9819279890 
  1.995000e+00  -235.0685149422 17.9819279938 
  1.996250e+00  -235.0685149422 17.9819279986 
  1.997500e+00  -235.0685149422 17.9819280033 
  1.998750e+00  -235.0685149422 17.9819280081 
  2.000000e+00  -235.0685149422 17.9819280128 
