  0.000000e+00  188.906566  44.342173
  5.000000e-03  186.920851  43.076702
  1.000000e-02  184.509860  42.655141
  1.500000e-02  182.494672  42.300001
  2.000000e-02  181.126965  41.860138
  2.500000e-02  180.458211  41.385841
  3.000000e-02  180.481143  40.934120
  3.500000e-02  181.118308  40.518440
  4.000000e-02  182.189041  40.123673
  4.500000e-02  183.420335  39.747217
  5.000000e-02  184.516890  39.389177
  5.500000e-02  185.252506  39.048195
  6.000000e-02  185.528068  38.728224
  6.500000e-02  185.372217  38.433694
  7.000000e-02  184.899875  38.163497
  7.500000e-02  184.260196  37.911928
  8.000000e-02  183.595947  37.673183
  8.500000e-02  183.019399  37.444184
  9.000000e-02  182.600875  37.224473
  9.500000e-02  182.365968  37.014732
  1.000000e-01  182.299846  36.815501
  1.050000e-01  182.357779  36.626719
  1.100000e-01  182.479948  36.447935
  1.150000e-01  182.607113  36.278702
  1.200000e-01  182.693361  36.118801
  1.250000e-01  182.713227  35.968188
  1.300000e-01  182.662498  35.826818
  1.350000e-01  182.553922  35.694513
  1.400000e-01  182.410136  35.570932
  1.450000e-01  182.256205  35.455618
  1.500000e-01  182.113544  35.348028
  1.550000e-01  181.996187  35.247546
  1.600000e-01  181.909590  35.153487
  1.650000e-01  181.851608  35.065111
  1.700000e-01  181.814906  34.981677
  1.750000e-01  181.789945  34.902505
  1.800000e-01  181.767729  34.827021
  1.850000e-01  181.741725  34.754782
  1.900000e-01  181.708700  34.685470
  1.950000e-01  181.668541  34.618862
  2.000000e-01  181.623361  34.554811
  2.050000e-01  181.576315  34.493219
  2.100000e-01  181.530494  34.434037
  2.150000e-01  181.488158  34.377258
  2.200000e-01  181.450402  34.322917
  2.250000e-01  181.417212  34.271072
  2.300000e-01  181.387778  34.221796
  2.350000e-01  181.360921  34.175155
  2.400000e-01  181.335488  34.131190
  2.450000e-01  181.310637  34.089915
  2.500000e-01  181.285967  34.051302
  2.550000e-01  181.261509  34.015294
  2.600000e-01  181.237612  33.981799
  2.650000e-01  181.214781  33.950703
  2.700000e-01  181.193517  33.921875
  2.750000e-01  181.174194  33.895172
  2.800000e-01  181.156996  33.870446
  2.850000e-01  181.141906  33.847551
  2.900000e-01  181.128743  33.826344
  2.950000e-01  181.117221  33.806688
  3.000000e-01  181.107016  33.788452
  3.050000e-01  181.097820  33.771516
  3.100000e-01  181.089382  33.755766
  3.150000e-01  181.081525  33.741095
  3.200000e-01  181.074147  33.727405
  3.250000e-01  181.067206  33.714608
  3.300000e-01  181.060706  33.702621
  3.350000e-01  181.054672  33.691371
  3.400000e-01  181.049135  33.680792
  3.450000e-01  181.044117  33.670828
  3.500000e-01  181.039623  33.661430
  3.550000e-01  181.035641  33.652556
  3.600000e-01  181.032137  33.644172
  3.650000e-01  181.029061  33.636248
  3.700000e-01  181.026354  33.628760
  3.750000e-01  181.023953  33.621688
  3.800000e-01  181.021794  33.615013
  3.850000e-01  181.019822  33.608721
  3.900000e-01  181.017993  33.602795
  3.950000e-01  181.016275  33.597224
  4.000000e-01  181.014652  33.591991
  4.050000e-01  181.013119  33.587083
  4.100000e-01  181.011681  33.582484
  4.150000e-01  181.010350  33.578179
  4.200000e-01  181.009139  33.574151
  4.250000e-01  181.008061  33.570383
  4.300000e-01  181.007122  33.566859
  4.350000e-01  181.006326  33.563561
  4.400000e-01  181.005667  33.560474
  4.450000e-01  181.005138  33.557580
  4.500000e-01  181.004723  33.554865
  4.550000e-01  181.004407  33.552314
  4.600000e-01  181.004173  33.549915
  4.650000e-01  181.004006  33.547655
  4.700000e-01  181.003894  33.545523
  4.750000e-01  181.003824  33.543511
  4.800000e-01  181.003791  33.541608
  4.850000e-01  181.003789  33.539807
  4.900000e-01  181.003813  33.538102
  4.950000e-01  181.003863  33.536485
  5.000000e-01  181.003936  33.534952
  5.050000e-01  181.004033  33.533498
  5.100000e-01  181.004150  33.532118
  5.150000e-01  181.004288  33.530807
  5.200000e-01  181.004443  33.529564
  5.250000e-01  181.004616  33.528383
  5.300000e-01  181.004804  33.527263
  5.350000e-01  181.005004  33.526201
  5.400000e-01  181.005217  33.525194
  5.450000e-01  181.005439  33.524240
  5.500000e-01  181.005670  33.523336
  5.550000e-01  181.005909  33.522480
  5.600000e-01  181.006153  33.521671
  5.650000e-01  181.006403  33.520907
  5.700000e-01  181.006657  33.520184
  5.750000e-01  181.006915  33.519502
  5.800000e-01  181.007176  33.518858
  5.850000e-01  181.007438  33.518251
  5.900000e-01  181.007703  33.517677
  5.950000e-01  181.007968  33.517136
  6.000000e-01  181.008235  33.516626
  6.050000e-01  181.008502  33.516144
  6.100000e-01  181.008769  33.515689
  6.150000e-01  181.009035  33.515260
  6.200000e-01  181.009301  33.514854
  6.250000e-01  181.009565  33.514471
  6.300000e-01  181.009826  33.514109
  6.350000e-01  181.010085  33.513767
  6.400000e-01  181.010341  33.513443
  6.450000e-01  181.010594  33.513136
  6.500000e-01  181.010843  33.512847
  6.550000e-01  181.011088  33.512572
  6.600000e-01  181.011328  33.512313
  6.650000e-01  181.011565  33.512067
  6.700000e-01  181.011797  33.511835
  6.750000e-01  181.012024  33.511616
  6.800000e-01  181.012248  33.511408
  6.850000e-01  181.012467  33.511212
  6.900000e-01  181.012682  33.511026
  6.950000e-01  181.012893  33.510851
  7.000000e-01  181.013099  33.510686
  7.050000e-01  181.013302  33.510530
  7.100000e-01  181.013500  33.510382
  7.150000e-01  181.013695  33.510243
  7.200000e-01  181.013885  33.510112
  7.250000e-01  181.014071  33.509989
  7.300000e-01  181.014253  33.509872
  7.350000e-01  181.014431  33.509762
  7.400000e-01  181.014606  33.509659
  7.450000e-01  181.014776  33.509561
  7.500000e-01  181.014942  33.509470
  7.550000e-01  181.015105  33.509383
  7.600000e-01  181.015263  33.509302
  7.650000e-01  181.015418  33.509225
  7.700000e-01  181.015569  33.509152
  7.750000e-01  181.015717  33.509084
  7.800000e-01  181.015861  33.509020
  7.850000e-01  181.016001  33.508959
  7.900000e-01  181.016138  33.508902
  7.950000e-01  181.016271  33.508848
  8.000000e-01  181.016402  33.508798
  8.050000e-01  181.016528  33.508750
  8.100000e-01  181.016652  33.508704
  8.150000e-01  181.016772  33.508662
  8.200000e-01  181.016890  33.508622
  8.250000e-01  181.017004  33.508584
  8.300000e-01  181.017115  33.508548
  8.350000e-01  181.017224  33.508514
  8.400000e-01  181.017329  33.508482
  8.450000e-01  181.017432  33.508452
  8.500000e-01  181.017532  33.508424
  8.550000e-01  181.017629  33.508398
  8.600000e-01  181.017724  33.508372
  8.650000e-01  181.017816  33.508349
  8.700000e-01  181.017906  33.508326
  8.750000e-01  181.017993  33.508305
  8.800000e-01  181.018078  33.508286
  8.850000e-01  181.018161  33.508267
  8.900000e-01  181.018242  33.508249
  8.950000e-01  181.018320  33.508233
  9.000000e-01  181.018396  33.508217
  9.050000e-01  181.018470  33.508203
  9.100000e-01  181.018542  33.508189
  9.150000e-01  181.018612  33.508176
  9.200000e-01  181.018680  33.508164
  9.250000e-01  181.018746  33.508152
  9.300000e-01  181.018811  33.508141
  9.350000e-01  181.018873  33.508131
  9.400000e-01  181.018934  33.508121
  9.450000e-01  181.018993  33.508112
  9.500000e-01  181.019050  33.508104
  9.550000e-01  181.019106  33.508096
  9.600000e-01  181.019160  33.508088
  9.650000e-01  181.019213  33.508081
  9.700000e-01  181.019264  33.508074
  9.750000e-01  181.019313  33.508068
  9.800000e-01  181.019362  33.508062
  9.850000e-01  181.019408  33.508057
  9.900000e-01  181.019454  33.508051
  9.950000e-01  181.019498  33.508046
  1.000000e+00  181.019541  33.508042
  1.005000e+00  181.019582  33.508037
  1.010000e+00  181.019623  33.508033
  1.015000e+00  181.019662  33.508029
  1.020000e+00  181.019700  33.508026
  1.025000e+00  181.019737  33.508022
  1.030000e+00  181.019773  33.508019
  1.035000e+00  181.019808  33.508016
  1.040000e+00  181.019842  33.508013
  1.045000e+00  181.019875  33.508010
  1.050000e+00  181.019907  33.508008
  1.055000e+00  181.019938  33.508005
  1.060000e+00  181.019968  33.508003
  1.065000e+00  181.019997  33.508001
  1.070000e+00  181.020025  33.507999
  1.075000e+00  181.020053  33.507997
  1.080000e+00  181.020080  33.507995
  1.085000e+00  181.020106  33.507993
  1.090000e+00  181.020131  33.507992
  1.095000e+00  181.020155  33.507990
  1.100000e+00  181.020179  33.507989
  1.105000e+00  181.020202  33.507988
  1.110000e+00  181.020225  33.507987
  1.115000e+00  181.020247  33.507985
  1.120000e+00  181.020268  33.507984
  1.125000e+00  181.020288  33.507983
  1.130000e+00  181.020308  33.507982
  1.135000e+00  181.020327  33.507981
  1.140000e+00  181.020346  33.507981
  1.145000e+00  181.020364  33.507980
  1.150000e+00  181.020382  33.507979
  1.155000e+00  181.020399  33.507978
  1.160000e+00  181.020416  33.507978
  1.165000e+00  181.020432  33.507977
  1.170000e+00  181.020447  33.507976
  1.175000e+00  181.020463  33.507976
  1.180000e+00  181.020477  33.507975
  1.185000e+00  181.020492  33.507975
  1.190000e+00  181.020505  33.507974
  1.195000e+00  181.020519  33.507974
  1.200000e+00  181.020532  33.507973
  1.205000e+00  181.020545  33.507973
  1.210000e+00  181.020557  33.507973
  1.215000e+00  181.020569  33.507972
  1.220000e+00  181.020580  33.507972
  1.225000e+00  181.020592  33.507972
  1.230000e+00  181.020603  33.507971
  1.235000e+00  181.020613  33.507971
  1.240000e+00  181.020623  33.507971
  1.245000e+00  181.020633  33.507971
  1.250000e+00  181.020643  33.507970
  1.255000e+00  181.020652  33.507970
  1.260000e+00  181.020661  33.507970
  1.265000e+00  181.020670  33.507970
  1.270000e+00  181.020679  33.507970
  1.275000e+00  181.020687  33.507970
  1.280000e+00  181.020695  33.507969
  1.285000e+00  181.020703  33.507969
  1.290000e+00  181.020711  33.507969
  1.295000e+00  181.020718  33.507969
  1.300000e+00  181.020725  33.507969
  1.305000e+00  181.020732  33.507969
  1.310000e+00  181.020739  33.507969
  1.315000e+00  181.020745  33.507969
  1.320000e+00  181.020751  33.507968
  1.325000e+00  181.020758  33.507968
  1.330000e+00  181.020764  33.507968
  1.335000e+00  181.020769  33.507968
  1.340000e+00  181.020775  33.507968
  1.345000e+00  181.020780  33.507968
  1.350000e+00  181.020786  33.507968
  1.355000e+00  181.020791  33.507968
  1.360000e+00  181.020796  33.507968
  1.365000e+00  181.020800  33.507968
  1.370000e+00  181.020805  33.507968
  1.375000e+00  181.020810  33.507968
  1.380000e+00  181.020814  33.507968
  1.385000e+00  181.020818  33.507968
  1.390000e+00  181.020822  33.507968
  1.395000e+00  181.020826  33.507967
  1.400000e+00  181.020830  33.507967
  1.405000e+00  181.020834  33.507967
  1.410000e+00  181.020838  33.507967
  1.415000e+00  181.020841  33.507967
  1.420000e+00  181.020845  33.507967
  1.425000e+00  181.020848  33.507967
  1.430000e+00  181.020851  33.507967
  1.435000e+00  181.020854  33.507967
  1.440000e+00  181.020857  33.507967
  1.445000e+00  181.020860  33.507967
  1.450000e+00  181.020863  33.507967
  1.455000e+00  181.020866  33.507967
  1.460000e+00  181.020869  33.507967
  1.465000e+00  181.020871  33.507967
  1.470000e+00  181.020874  33.507967
  1.475000e+00  181.020876  33.507967
  1.480000e+00  181.020879  33.507967
  1.485000e+00  181.020881  33.507967
  1.490000e+00  181.020883  33.507967
  1.495000e+00  181.020885  33.507967
  1.500000e+00  181.020887  33.507967
  1.505000e+00  181.020889  33.507967
  1.510000e+00  181.020891  33.507967
  1.515000e+00  181.020893  33.507967
  1.520000e+00  181.020895  33.507967
  1.525000e+00  181.020897  33.507967
  1.530000e+00  181.020899  33.507967
  1.535000e+00  181.020900  33.507967
  1.540000e+00  181.020902  33.507967
  1.545000e+00  181.020904  33.507967
  1.550000e+00  181.020905  33.507967
  1.555000e+00  181.020907  33.507967
  1.560000e+00  181.020908  33.507967
  1.565000e+00  181.020910  33.507967
  1.570000e+00  181.020911  33.507967
  1.575000e+00  181.020912  33.507967
  1.580000e+00  181.020914  33.507967
  1.585000e+00  181.020915  33.507967
  1.590000e+00  181.020916  33.507967
  1.595000e+00  181.020917  33.507967
  1.600000e+00  181.020918  33.507967
  1.605000e+00  181.020919  33.507967
  1.610000e+00  181.020921  33.507967
  1.615000e+00  181.020922  33.507967
  1.620000e+00  181.020923  33.507967
  1.625000e+00  181.020924  33.507967
  1.630000e+00  181.020925  33.507967
  1.635000e+00  181.020925  33.507967
  1.640000e+00  181.020926  33.507967
  1.645000e+00  181.020927  33.507967
  1.650000e+00  181.020928  33.507967
  1.655000e+00  181.020929  33.507967
  1.660000e+00  181.020930  33.507967
  1.665000e+00  181.020930  33.507967
  1.670000e+00  181.020931  33.507967
  1.675000e+00  181.020932  33.507967
  1.680000e+00  181.020933  33.507967
  1.685000e+00  181.020933  33.507967
  1.690000e+00  181.020934  33.507967
  1.695000e+00  181.020935  33.507967
  1.700000e+00  181.020935  33.507967
  1.705000e+00  181.020936  33.507967
  1.710000e+00  181.020936  33.507967
  1.715000e+00  181.020937  33.507967
  1.720000e+00  181.020938  33.507967
  1.725000e+00  181.020938  33.507967
  1.730000e+00  181.020939  33.507967
  1.735000e+00  181.020939  33.507967
  1.740000e+00  181.020940  33.507967
  1.745000e+00  181.020940  33.507967
  1.750000e+00  181.020940  33.507967
  1.755000e+00  181.020941  33.507967
  1.760000e+00  181.020941  33.507967
  1.765000e+00  181.020942  33.507967
  1.770000e+00  181.020942  33.507967
  1.775000e+00  181.020943  33.507967
  1.780000e+00  181.020943  33.507967
  1.785000e+00  181.020943  33.507967
  1.790000e+00  181.020944  33.507967
  1.795000e+00  181.020944  33.507967
  1.800000e+00  181.020944  33.507967
  1.805000e+00  181.020945  33.507967
  1.810000e+00  181.020945  33.507967
  1.815000e+00  181.020945  33.507967
  1.820000e+00  181.020946  33.507967
  1.825000e+00  181.020946  33.507967
  1.830000e+00  181.020946  33.507967
  1.835000e+00  181.020946  33.507967
  1.840000e+00  181.020947  33.507967
  1.845000e+00  181.020947  33.507967
  1.850000e+00  181.020947  33.507967
  1.855000e+00  181.020947  33.507967
  1.860000e+00  181.020948  33.507967
  1.865000e+00  181.020948  33.507967
  1.870000e+00  181.020948  33.507967
  1.875000e+00  181.020948  33.507967
  1.880000e+00  181.020949  33.507967
  1.885000e+00  181.020949  33.507967
  1.890000e+00  181.020949  33.507967
  1.895000e+00  181.020949  33.507967
  1.900000e+00  181.020949  33.507967
  1.905000e+00  181.020949  33.507967
  1.910000e+00  181.020950  33.507967
  1.915000e+00  181.020950  33.507967
  1.920000e+00  181.020950  33.507967
  1.925000e+00  181.020950  33.507967
  1.930000e+00  181.020950  33.507967
  1.935000e+00  181.020950  33.507967
  1.940000e+00  181.020951  33.507967
  1.945000e+00  181.020951  33.507967
  1.950000e+00  181.020951  33.507967
  1.955000e+00  181.020951  33.507967
  1.960000e+00  181.020951  33.507967
  1.965000e+00  181.020951  33.507967
  1.970000e+00  181.020951  33.507967
  1.975000e+00  181.020951  33.507967
  1.980000e+00  181.020952  33.507967
  1.985000e+00  181.020952  33.507967
  1.990000e+00  181.020952  33.507967
  1.995000e+00  181.020952  33.507967
  2.000000e+00  181.020952  33.507967
