  0.000000e+00  -235.0685149422 17.9826472514 
  5.000000e-03  -235.0685149422 17.9814222523 
  1.000000e-02  -235.0685149422 17.9825379995 
  1.500000e-02  -235.0685149422 17.9836762674 
  2.000000e-02  -235.0685149422 17.9842860609 
  2.500000e-02  -235.0685149422 17.9846956499 
  3.000000e-02  -235.0685149422 17.9850922851 
  3.500000e-02  -235.0685149422 17.9854266218 
  4.000000e-02  -235.0685149422 17.9856015677 
  4.500000e-02  -235.0685149422 17.9856061598 
  5.000000e-02  -235.0685149422 17.9855193693 
  5.500000e-02  -235.0685149422 17.9854310179 
  6.000000e-02  -235.0685149422 17.9853950113 
  6.500000e-02  -235.0685149422 17.9854207321 
  7.000000e-02  -235.0685149422 17.9854827744 
  7.500000e-02  -235.0685149422 17.9855427739 
  8.000000e-02  -235.0685149422 17.9855710347 
  8.500000e-02  -235.0685149422 17.9855566653 
  9.000000e-02  -235.0685149422 17.9855051197 
  9.500000e-02  -235.0685149422 17.9854295349 
  1.000000e-01  -235.0685149422 17.9853428668 
  1.050000e-01  -235.0685149422 17.9852541414 
  1.100000e-01  -235.0685149422 17.9851682988 
  1.150000e-01  -235.0685149422 17.9850874974 
  1.200000e-01  -235.0685149422 17.9850122755 
  1.250000e-01  -235.0685149422 17.9849421527 
  1.300000e-01  -235.0685149422 17.9848759426 
  1.350000e-01  -235.0685149422 17.9848120650 
  1.400000e-01  -235.0685149422 17.9847489026 
  1.450000e-01  -235.0685149422 17.9846851120 
  1.500000e-01  -235.0685149422 17.9846198280 
  1.550000e-01  -235.0685149422 17.9845527727 
  1.600000e-01  -235.0685149422 17.9844843029 
  1.650000e-01  -235.0685149422 17.9844153953 
  1.700000e-01  -235.0685149422 17.9843475305 
  1.750000e-01  -235.0685149422 17.9842824479 
  1.800000e-01  -235.0685149422 17.9842218010 
  1.850000e-01  -235.0685149422 17.9841668041 
  1.900000e-01  -235.0685149422 17.9841179886 
  1.950000e-01  -235.0685149422 17.9840751493 
  2.000000e-01  -235.0685149422 17.9840374903 
  2.050000e-01  -235.0685149422 17.9840039027 
  2.100000e-01  -235.0685149422 17.9839732694 
  2.150000e-01  -235.0685149422 17.9839446958 
  2.200000e-01  -235.0685149422 17.9839176155 
  2.250000e-01  -235.0685149422 17.9838917754 
  2.300000e-01  -235.0685149422 17.9838671470 
  2.350000e-01  -235.0685149422 17.9838438202 
  2.400000e-01  -235.0685149422 17.9838219198 
  2.450000e-01  -235.0685149422 17.9838015605 
  2.500000e-01  -235.0685149422 17.9837828319 
  2.550000e-01  -235.0685149422 17.9837657999 
  2.600000e-01  -235.0685149422 17.9837505099 
  2.650000e-01  -235.0685149422 17.9837369876 
  2.700000e-01  -235.0685149422 17.9837252356 
  2.750000e-01  -235.0685149422 17.9837152311 
  2.800000e-01  -235.0685149422 17.9837069241 
  2.850000e-01  -235.0685149422 17.9837002403 
  2.900000e-01  -235.0685149422 17.9836950860 
  2.950000e-01  -235.0685149422 17.9836913551 
  3.000000e-01  -235.0685149422 17.9836889357 
  3.050000e-01  -235.0685149422 17.9836877175 
  3.100000e-01  -235.0685149422 17.9836875971 
  3.150000e-01  -235.0685149422 17.9836884818 
  3.200000e-01  -235.0685149422 17.9836902924 
  3.250000e-01  -235.0685149422 17.9836929633 
  3.300000e-01  -235.0685149422 17.9836964407 
  3.350000e-01  -235.0685149422 17.9837006791 
  3.400000e-01  -235.0685149422 17.9837056374 
  3.450000e-01  -235.0685149422 17.9837112735 
  3.500000e-01  -235.0685149422 17.9837175408 
  3.550000e-01  -235.0685149422 17.9837243859 
  3.600000e-01  -235.0685149422 17.9837317477 
  3.650000e-01  -235.0685149422 17.9837395599 
  3.700000e-01  -235.0685149422 17.9837477532 
  3.750000e-01  -235.0685149422 17.9837562599 
  3.800000e-01  -235.0685149422 17.9837650175 
  3.850000e-01  -235.0685149422 17.9837739717 
  3.900000e-01  -235.0685149422 17.9837830784 
  3.950000e-01  -235.0685149422 17.9837923035 
  4.000000e-01  -235.0685149422 17.9838016224 
  4.050000e-01  -235.0685149422 17.9838110175 
  4.100000e-01  -235.0685149422 17.9838204767 
  4.150000e-01  -235.0685149422 17.9838299901 
  4.200000e-01  -235.0685149422 17.9838395490 
  4.250000e-01  -235.0685149422 17.9838491439 
  4.300000e-01  -235.0685149422 17.9838587641 
  4.350000e-01  -235.0685149422 17.9838683976 
  4.400000e-01  -235.0685149422 17.9838780309 
  4.450000e-01  -235.0685149422 17.9838876498 
  4.500000e-01  -235.0685149422 17.9838972400 
  4.550000e-01  -235.0685149422 17.9839067873 
  4.600000e-01  -235.0685149422 17.9839162784 
  4.650000e-01  -235.0685149422 17.9839257010 
  4.700000e-01  -235.0685149422 17.9839350441 
  4.750000e-01  -235.0685149422 17.9839442979 
  4.800000e-01  -235.0685149422 17.9839534542 
  4.850000e-01  -235.0685149422 17.9839625058 
  4.900000e-01  -235.0685149422 17.9839714468 
  4.950000e-01  -235.0685149422 17.9839802726 
  5.000000e-01  -235.0685149422 17.9839889792 
  5.050000e-01  -235.0685149422 17.9839975635 
  5.100000e-01  -235.0685149422 17.9840060228 
  5.150000e-01  -235.0685149422 17.9840143551 
  5.200000e-01  -235.0685149422 17.9840225585 
  5.250000e-01  -235.0685149422 17.9840306313 
  5.300000e-01  -235.0685149422 17.9840385721 
  5.350000e-01  -235.0685149422 17.9840463795 
  5.400000e-01  -235.0685149422 17.9840540522 
  5.450000e-01  -235.0685149422 17.9840615893 
  5.500000e-01  -235.0685149422 17.9840689898 
  5.550000e-01  -235.0685149422 17.9840762532 
  5.600000e-01  -235.0685149422 17.9840833793 
  5.650000e-01  -235.0685149422 17.9840903681 
  5.700000e-01  -235.0685149422 17.9840972199 
  5.750000e-01  -235.0685149422 17.9841039354 
  5.800000e-01  -235.0685149422 17.9841105154 
  5.850000e-01  -235.0685149422 17.9841169609 
  5.900000e-01  -235.0685149422 17.9841232729 
  5.950000e-01  -235.0685149422 17.9841294528 
  6.000000e-01  -235.0685149422 17.9841355016 
  6.050000e-01  -235.0685149422 17.9841414206 
  6.100000e-01  -235.0685149422 17.9841472111 
  6.150000e-01  -235.0685149422 17.9841528742 
  6.200000e-01  -235.0685149422 17.9841584112 
  6.250000e-01  -235.0685149422 17.9841638234 
  6.300000e-01  -235.0685149422 17.9841691119 
  6.350000e-01  -235.0685149422 17.9841742782 
  6.400000e-01  -235.0685149422 17.9841793236 
  6.450000e-01  -235.0685149422 17.9841842495 
  6.500000e-01  -235.0685149422 17.9841890576 
  6.550000e-01  -235.0685149422 17.9841937494 
  6.600000e-01  -235.0685149422 17.9841983265 
  6.650000e-01  -235.0685149422 17.9842027908 
  6.700000e-01  -235.0685149422 17.9842071438 
  6.750000e-01  -235.0685149422 17.9842113875 
  6.800000e-01  -235.0685149422 17.9842155237 
  6.850000e-01  -235.0685149422 17.9842195543 
  6.900000e-01  -235.0685149422 17.9842234811 
  6.950000e-01  -235.0685149422 17.9842273061 
  7.000000e-01  -235.0685149422 17.9842310311 
  7.050000e-01  -235.0685149422 17.9842346581 
  7.100000e-01  -235.0685149422 17.9842381890 
  7.150000e-01  -235.0685149422 17.9842416257 
  7.200000e-01  -235.0685149422 17.9842449701 
  7.250000e-01  -235.0685149422 17.9842482242 
  7.300000e-01  -235.0685149422 17.9842513899 
  7.350000e-01  -235.0685149422 17.9842544691 
  7.400000e-01  -235.0685149422 17.9842574638 
  7.450000e-01  -235.0685149422 17.9842603758 
  7.500000e-01  -235.0685149422 17.9842632071 
  7.550000e-01  -235.0685149422 17.9842659596 
  7.600000e-01  -235.0685149422 17.9842686352 
  7.650000e-01  -235.0685149422 17.9842712357 
  7.700000e-01  -235.0685149422 17.9842737630 
  7.750000e-01  -235.0685149422 17.9842762190 
  7.800000e-01  -235.0685149422 17.9842786054 
  7.850000e-01  -235.0685149422 17.9842809240 
  7.900000e-01  -235.0685149422 17.9842831766 
  7.950000e-01  -235.0685149422 17.9842853648 
  8.000000e-01  -235.0685149422 17.9842874904 
  8.050000e-01  -235.0685149422 17.9842895550 
  8.100000e-01  -235.0685149422 17.9842915602 
  8.150000e-01  -235.0685149422 17.9842935077 
  8.200000e-01  -235.0685149422 17.9842953990 
  8.250000e-01  -235.0685149422 17.9842972356 
  8.300000e-01  -235.0685149422 17.9842990191 
  8.350000e-01  -235.0685149422 17.9843007509 
  8.400000e-01  -235.0685149422 17.9843024323 
  8.450000e-01  -235.0685149422 17.9843040650 
  8.500000e-01  -235.0685149422 17.9843056501 
  8.550000e-01  -235.0685149422 17.9843071890 
  8.600000e-01  -235.0685149422 17.9843086831 
  8.650000e-01  -235.0685149422 17.9843101336 
  8.700000e-01  -235.0685149422 17.9843115417 
  8.750000e-01  -235.0685149422 17.9843129086 
  8.800000e-01  -235.0685149422 17.9843142355 
  8.850000e-01  -235.0685149422 17.9843155236 
  8.900000e-01  -235.0685149422 17.9843167738 
  8.950000e-01  -235.0685149422 17.9843179873 
  9.000000e-01  -235.0685149422 17.9843191652 
  9.050000e-01  -235.0685149422 17.9843203083 
  9.100000e-01  -235.0685149422 17.9843214178 
  9.150000e-01  -235.0685149422 17.9843224946 
  9.200000e-01  -235.0685149422 17.9843235395 
  9.250000e-01  -235.0685149422 17.9843245536 
  9.300000e-01  -235.0685149422 17.9843255376 
  9.350000e-01  -235.0685149422 17.9843264925 
  9.400000e-01  -235.0685149422 17.9843274190 
  9.450000e-01  -235.0685149422 17.9843283179 
  9.500000e-01  -235.0685149422 17.9843291901 
  9.550000e-01  -235.0685149422 17.9843300363 
  9.600000e-01  -235.0685149422 17.9843308572 
  9.650000e-01  -235.0685149422 17.9843316536 
  9.700000e-01  -235.0685149422 17.9843324262 
  9.750000e-01  -235.0685149422 17.9843331756 
  9.800000e-01  -235.0685149422 17.9843339024 
  9.850000e-01  -235.0685149422 17.9843346075 
  9.900000e-01  -235.0685149422 17.9843352913 
  9.950000e-01  -235.0685149422 17.9843359545 
  1.000000e+00  -235.0685149422 17.9843365977 
  1.005000e+00  -235.0685149422 17.9843372214 
  1.010000e+00  -235.0685149422 17.9843378263 
  1.015000e+00  -235.0685149422 17.9843384128 
  1.020000e+00  -235.0685149422 17.9843389816 
  1.025000e+00  -235.0685149422 17.9843395331 
  1.030000e+00  -235.0685149422 17.9843400678 
  1.035000e+00  -235.0685149422 17.9843405863 
  1.040000e+00  -235.0685149422 17.9843410889 
  1.045000e+00  -235.0685149422 17.9843415763 
  1.050000e+00  -235.0685149422 17.9843420488 
  1.055000e+00  -235.0685149422 17.9843425069 
  1.060000e+00  -235.0685149422 17.9843429509 
  1.065000e+00  -235.0685149422 17.9843433814 
  1.070000e+00  -235.0685149422 17.9843437988 
  1.075000e+00  -235.0685149422 17.9843442034 
  1.080000e+00  -235.0685149422 17.9843445956 
  1.085000e+00  -235.0685149422 17.9843449758 
  1.090000e+00  -235.0685149422 17.9843453443 
  1.095000e+00  -235.0685149422 17.9843457016 
  1.100000e+00  -235.0685149422 17.9843460479 
  1.105000e+00  -235.0685149422 17.9843463837 
  1.110000e+00  -235.0685149422 17.9843467091 
  1.115000e+00  -235.0685149422 17.9843470246 
  1.120000e+00  -235.0685149422 17.9843473304 
  1.125000e+00  -235.0685149422 17.9843476269 
  1.130000e+00  -235.0685149422 17.9843479143 
  1.135000e+00  -235.0685149422 17.9843481929 
  1.140000e+00  -235.0685149422 17.9843484629 
  1.145000e+00  -235.0685149422 17.9843487248 
  1.150000e+00  -235.0685149422 17.9843489786 
  1.155000e+00  -235.0685149422 17.9843492247 
  1.160000e+00  -235.0685149422 17.9843494632 
  1.165000e+00  -235.0685149422 17.9843496945 
  1.170000e+00  -235.0685149422 17.9843499187 
  1.175000e+00  -235.0685149422 17.9843501361 
  1.180000e+00  -235.0685149422 17.9843503468 
  1.185000e+00  -235.0685149422 17.9843505511 
  1.190000e+00  -235.0685149422 17.9843507493 
  1.195000e+00  -235.0685149422 17.9843509413 
  1.200000e+00  -235.0685149422 17.9843511275 
  1.205000e+00  -235.0685149422 17.9843513081 
  1.210000e+00  -235.0685149422 17.9843514832 
  1.215000e+00  -235.0685149422 17.9843516529 
  1.220000e+00  -235.0685149422 17.9843518175 
  1.225000e+00  -235.0685149422 17.9843519770 
  1.230000e+00  -235.0685149422 17.9843521318 
  1.235000e+00  -235.0685149421 17.9843522818 
  1.240000e+00  -235.0685149421 17.9843524272 
  1.245000e+00  -235.0685149421 17.9843525683 
  1.250000e+00  -235.0685149421 17.9843527050 
  1.255000e+00  -235.0685149421 17.9843528376 
  1.260000e+00  -235.0685149421 17.9843529662 
  1.265000e+00  -235.0685149421 17.9843530909 
  1.270000e+00  -235.0685149421 17.9843532118 
  1.275000e+00  -235.0685149421 17.9843533290 
  1.280000e+00  -235.0685149421 17.9843534426 
  1.285000e+00  -235.0685149421 17.9843535528 
  1.290000e+00  -235.0685149421 17.9843536596 
  1.295000e+00  -235.0685149421 17.9843537632 
  1.300000e+00  -235.0685149421 17.9843538637 
  1.305000e+00  -235.0685149421 17.9843539610 
  1.310000e+00  -235.0685149421 17.9843540555 
  1.315000e+00  -235.0685149421 17.9843541470 
  1.320000e+00  -235.0685149421 17.9843542358 
  1.325000e+00  -235.0685149421 17.9843543218 
  1.330000e+00  -235.0685149421 17.9843544053 
  1.335000e+00  -235.0685149421 17.9843544862 
  1.340000e+00  -235.0685149421 17.9843545646 
  1.345000e+00  -235.0685149421 17.9843546407 
  1.350000e+00  -235.0685149421 17.9843547144 
  1.355000e+00  -235.0685149421 17.9843547859 
  1.360000e+00  -235.0685149421 17.9843548552 
  1.365000e+00  -235.0685149421 17.9843549224 
  1.370000e+00  -235.0685149421 17.9843549876 
  1.375000e+00  -235.0685149421 17.9843550508 
  1.380000e+00  -235.0685149421 17.9843551120 
  1.385000e+00  -235.0685149421 17.9843551714 
  1.390000e+00  -235.0685149421 17.9843552290 
  1.395000e+00  -235.0685149421 17.9843552848 
  1.400000e+00  -235.0685149421 17.9843553390 
  1.405000e+00  -235.0685149421 17.9843553915 
  1.410000e+00  -235.0685149421 17.9843554424 
  1.415000e+00  -235.0685149421 17.9843554917 
  1.420000e+00  -235.0685149421 17.9843555396 
  1.425000e+00  -235.0685149421 17.9843555859 
  1.430000e+00  -235.0685149421 17.9843556309 
  1.435000e+00  -235.0685149421 17.9843556745 
  1.440000e+00  -235.0685149421 17.9843557168 
  1.445000e+00  -235.0685149421 17.9843557578 
  1.450000e+00  -235.0685149421 17.9843557976 
  1.455000e+00  -235.0685149421 17.9843558362 
  1.460000e+00  -235.0685149421 17.9843558736 
  1.465000e+00  -235.0685149421 17.9843559098 
  1.470000e+00  -235.0685149421 17.9843559450 
  1.475000e+00  -235.0685149421 17.9843559791 
  1.480000e+00  -235.0685149421 17.9843560121 
  1.485000e+00  -235.0685149421 17.9843560442 
  1.490000e+00  -235.0685149421 17.9843560753 
  1.495000e+00  -235.0685149421 17.9843561054 
  1.500000e+00  -235.0685149421 17.9843561347 
  1.505000e+00  -235.0685149421 17.9843561630 
  1.510000e+00  -235.0685149421 17.9843561905 
  1.515000e+00  -235.0685149421 17.9843562172 
  1.520000e+00  -235.0685149421 17.9843562431 
  1.525000e+00  -235.0685149421 17.9843562682 
  1.530000e+00  -235.0685149421 17.9843562925 
  1.535000e+00  -235.0685149421 17.9843563161 
  1.540000e+00  -235.0685149421 17.9843563390 
  1.545000e+00  -235.0685149421 17.9843563612 
  1.550000e+00  -235.0685149421 17.9843563827 
  1.555000e+00  -235.0685149421 17.9843564036 
  1.560000e+00  -235.0685149421 17.9843564238 
  1.565000e+00  -235.0685149421 17.9843564434 
  1.570000e+00  -235.0685149421 17.9843564625 
  1.575000e+00  -235.0685149421 17.9843564809 
  1.580000e+00  -235.0685149421 17.9843564988 
  1.585000e+00  -235.0685149421 17.9843565162 
  1.590000e+00  -235.0685149421 17.9843565331 
  1.595000e+00  -235.0685149421 17.9843565494 
  1.600000e+00  -235.0685149421 17.9843565652 
  1.605000e+00  -235.0685149421 17.9843565806 
  1.610000e+00  -235.0685149421 17.9843565955 
  1.615000e+00  -235.0685149421 17.9843566100 
  1.620000e+00  -235.0685149421 17.9843566240 
  1.625000e+00  -235.0685149421 17.9843566376 
  1.630000e+00  -235.0685149421 17.9843566508 
  1.635000e+00  -235.0685149421 17.9843566636 
  1.640000e+00  -235.0685149421 17.9843566760 
  1.645000e+00  -235.0685149421 17.9843566880 
  1.650000e+00  -235.0685149421 17.9843566997 
  1.655000e+00  -235.0685149421 17.9843567110 
  1.660000e+00  -235.0685149421 17.9843567219 
  1.665000e+00  -235.0685149421 17.9843567326 
  1.670000e+00  -235.0685149421 17.9843567429 
  1.675000e+00  -235.0685149421 17.9843567529 
  1.680000e+00  -235.0685149421 17.9843567626 
  1.685000e+00  -235.0685149421 17.9843567720 
  1.690000e+00  -235.0685149421 17.9843567812 
  1.695000e+00  -235.0685149421 17.9843567900 
  1.700000e+00  -235.0685149421 17.9843567986 
  1.705000e+00  -235.0685149421 17.9843568069 
  1.710000e+00  -235.0685149421 17.9843568150 
  1.715000e+00  -235.0685149421 17.9843568228 
  1.720000e+00  -235.0685149421 17.9843568304 
  1.725000e+00  -235.0685149421 17.9843568378 
  1.730000e+00  -235.0685149421 17.9843568449 
  1.735000e+00  -235.0685149421 17.9843568519 
  1.740000e+00  -235.0685149421 17.9843568586 
  1.745000e+00  -235.0685149421 17.9843568651 
  1.750000e+00  -235.0685149421 17.9843568714 
  1.755000e+00  -235.0685149421 17.9843568775 
  1.760000e+00  -235.0685149421 17.9843568835 
  1.765000e+00  -235.0685149421 17.9843568893 
  1.770000e+00  -235.0685149421 17.9843568949 
  1.775000e+00  -235.0685149421 17.9843569003 
  1.780000e+00  -235.0685149421 17.9843569055 
  1.785000e+00  -235.0685149421 17.9843569106 
  1.790000e+00  -235.0685149421 17.9843569156 
  1.795000e+00  -235.0685149421 17.9843569204 
  1.800000e+00  -235.0685149421 17.9843569250 
  1.805000e+00  -235.0685149421 17.9843569295 
  1.810000e+00  -235.0685149421 17.9843569339 
  1.815000e+00  -235.0685149421 17.9843569382 
  1.820000e+00  -235.0685149421 17.9843569423 
  1.825000e+00  -235.0685149421 17.9843569463 
  1.830000e+00  -235.0685149421 17.9843569501 
  1.835000e+00  -235.0685149421 17.9843569539 
  1.840000e+00  -235.0685149421 17.9843569575 
  1.845000e+00  -235.0685149421 17.9843569611 
  1.850000e+00  -235.0685149421 17.9843569645 
  1.855000e+00  -235.0685149421 17.9843569678 
  1.860000e+00  -235.0685149421 17.9843569711 
  1.865000e+00  -235.0685149421 17.9843569742 
  1.870000e+00  -235.0685149421 17.9843569772 
  1.875000e+00  -235.0685149421 17.9843569802 
  1.880000e+00  -235.0685149421 17.9843569830 
  1.885000e+00  -235.0685149421 17.9843569858 
  1.890000e+00  -235.0685149421 17.9843569885 
  1.895000e+00  -235.0685149421 17.9843569911 
  1.900000e+00  -235.0685149421 17.9843569936 
  1.905000e+00  -235.0685149421 17.9843569960 
  1.910000e+00  -235.0685149421 17.9843569984 
  1.915000e+00  -235.0685149421 17.9843570007 
  1.920000e+00  -235.0685149421 17.9843570029 
  1.925000e+00  -235.0685149421 17.9843570051 
  1.930000e+00  -235.0685149421 17.9843570072 
  1.935000e+00  -235.0685149421 17.9843570092 
  1.940000e+00  -235.0685149421 17.9843570112 
  1.945000e+00  -235.0685149421 17.9843570131 
  1.950000e+00  -235.0685149421 17.9843570150 
  1.955000e+00  -235.0685149421 17.9843570168 
  1.960000e+00  -235.0685149421 17.9843570185 
  1.965000e+00  -235.0685149421 17.9843570202 
  1.970000e+00  -235.0685149421 17.9843570219 
  1.975000e+00  -235.0685149421 17.9843570235 
  1.980000e+00  -235.0685149421 17.9843570250 
  1.985000e+00  -235.0685149421 17.9843570265 
  1.990000e+00  -235.0685149421 17.9843570280 
  1.995000e+00  -235.0685149421 17.9843570294 
  2.000000e+00  -235.0685149421 17.9843570308 
