  2.500000e-03  6.49084925 17.98219900 
  3.750000e-03  6.49084925 17.98289163 
  5.000000e-03  6.49084925 17.98263144 
  6.250000e-03  6.49084925 17.98246339 
  7.500000e-03  6.49084925 17.98281572 
  8.750000e-03  6.49084925 17.98297284 
  1.000000e-02  6.49084925 17.98296234 
  1.125000e-02  6.49084925 17.98293737 
  1.250000e-02  6.49084925 17.98290790 
  1.375000e-02  6.49084925 17.98311285 
  1.500000e-02  6.49084925 17.98291327 
  1.625000e-02  6.49084925 17.98305517 
  1.750000e-02  6.49084925 17.98295091 
  1.875000e-02  6.49084925 17.98293899 
  2.000000e-02  6.49084925 17.98240273 
  2.125000e-02  6.49084925 17.98274376 
  2.250000e-02  6.49084925 17.98281057 
  2.375000e-02  6.49084925 17.98279652 
  2.500000e-02  6.49084925 17.98274438 
  2.625000e-02  6.49084925 17.98278929 
  2.750000e-02  6.49084925 17.98284089 
  2.875000e-02  6.49084925 17.98288561 
  3.000000e-02  6.49084925 17.98292414 
  3.125000e-02  6.49084925 17.98275791 
  3.250000e-02  6.49084925 17.98272320 
  3.375000e-02  6.49084925 17.98273434 
  3.500000e-02  6.49084925 17.98276124 
  3.625000e-02  6.49084925 17.98279289 
  3.750000e-02  6.49084925 17.98282461 
  3.875000e-02  6.49084925 17.98285386 
  4.000000e-02  6.49084925 17.98287914 
  4.125000e-02  6.49084925 17.98289983 
  4.250000e-02  6.49084925 17.98291613 
  4.375000e-02  6.49084925 17.98292878 
  4.500000e-02  6.49084925 17.98278323 
  4.625000e-02  6.49084925 17.98273765 
  4.750000e-02  6.49084925 17.98272818 
  4.875000e-02  6.49084925 17.98273031 
  5.000000e-02  6.49084925 17.98273550 
  5.125000e-02  6.49084925 17.98274104 
  5.250000e-02  6.49084925 17.98274623 
  5.375000e-02  6.49084925 17.98275096 
  5.500000e-02  6.49084925 17.98275527 
  5.625000e-02  6.49084925 17.98275920 
  5.750000e-02  6.49084925 17.98276279 
  5.875000e-02  6.49084925 17.98276606 
  6.000000e-02  6.49084925 17.98276904 
  6.125000e-02  6.49084925 17.98277175 
  6.250000e-02  6.49084925 17.98277422 
  6.375000e-02  6.49084925 17.98277646 
  6.500000e-02  6.49084925 17.98277849 
  6.625000e-02  6.49084925 17.98278032 
  6.750000e-02  6.49084925 17.98278199 
  6.875000e-02  6.49084925 17.98278351 
  7.000000e-02  6.49084925 17.98278489 
  7.125000e-02  6.49084925 17.98278615 
  7.250000e-02  6.49084925 17.98278729 
  7.375000e-02  6.49084925 17.98278833 
  7.500000e-02  6.49084925 17.98278929 
  7.625000e-02  6.49084925 17.98279016 
  7.750000e-02  6.49084925 17.98279096 
  7.875000e-02  6.49084925 17.98279170 
  8.000000e-02  6.49084925 17.98279238 
  8.125000e-02  6.49084925 17.98279301 
  8.250000e-02  6.49084925 17.98279359 
  8.375000e-02  6.49084925 17.98279413 
  8.500000e-02  6.49084925 17.98279462 
  8.625000e-02  6.49084925 17.98279509 
  8.750000e-02  6.49084925 17.98279552 
  8.875000e-02  6.49084925 17.98279592 
  9.000000e-02  6.49084925 17.98279629 
  9.125000e-02  6.49084925 17.98279641 
  9.250000e-02  6.49084925 17.98279646 
  9.375000e-02  6.49084925 17.98279647 
  9.500000e-02  6.49084925 17.98279648 
  9.625000e-02  6.49084925 17.98279648 
  9.750000e-02  6.49084925 17.98279649 
  9.875000e-02  6.49084925 17.98279649 
  1.000000e-01  6.49084925 17.98279649 
  1.012500e-01  6.49084925 17.98279650 
  1.025000e-01  6.49084925 17.98279650 
  1.037500e-01  6.49084925 17.98279651 
  1.050000e-01  6.49084925 17.98279651 
  1.062500e-01  6.49084925 17.98279651 
  1.075000e-01  6.49084925 17.98279652 
  1.087500e-01  6.49084925 17.98279652 
  1.100000e-01  6.49084925 17.98279653 
  1.112500e-01  6.49084925 17.98279653 
  1.125000e-01  6.49084925 17.98279654 
  1.137500e-01  6.49084925 17.98279654 
  1.150000e-01  6.49084925 17.98279655 
  1.162500e-01  6.49084925 17.98279656 
  1.175000e-01  6.49084925 17.98279656 
  1.187500e-01  6.49084925 17.98279657 
  1.200000e-01  6.49084925 17.98279657 
  1.212500e-01  6.49084925 17.98279658 
  1.225000e-01  6.49084925 17.98279658 
  1.237500e-01  6.49084925 17.98279659 
  1.250000e-01  6.49084925 17.98279660 
  1.262500e-01  6.49084925 17.98279660 
  1.275000e-01  6.49084925 17.98279661 
  1.287500e-01  6.49084925 17.98279662 
  1.300000e-01  6.49084925 17.98279662 
  1.312500e-01  6.49084925 17.98279663 
  1.325000e-01  6.49084925 17.98279663 
  1.337500e-01  6.49084925 17.98279664 
  1.350000e-01  6.49084925 17.98279665 
  1.362500e-01  6.49084925 17.98279665 
  1.375000e-01  6.49084925 17.98279666 
  1.387500e-01  6.49084925 17.98279667 
  1.400000e-01  6.49084925 17.98279667 
  1.412500e-01  6.49084925 17.98279668 
  1.425000e-01  6.49084925 17.98279669 
  1.437500e-01  6.49084925 17.98279669 
  1.450000e-01  6.49084925 17.98279670 
  1.462500e-01  6.49084925 17.98279671 
  1.475000e-01  6.49084925 17.98279671 
  1.487500e-01  6.49084925 17.98279672 
  1.500000e-01  6.49084925 17.98279673 
  1.512500e-01  6.49084925 17.98279673 
  1.525000e-01  6.49084925 17.98279674 
  1.537500e-01  6.49084925 17.98279674 
  1.550000e-01  6.49084925 17.98279675 
  1.562500e-01  6.49084925 17.98279676 
  1.575000e-01  6.49084925 17.98279676 
  1.587500e-01  6.49084925 17.98279677 
  1.600000e-01  6.49084925 17.98279677 
  1.612500e-01  6.49084925 17.98279678 
  1.625000e-01  6.49084925 17.98279679 
  1.637500e-01  6.49084925 17.98279679 
  1.650000e-01  6.49084925 17.98279680 
  1.662500e-01  6.49084925 17.98279680 
  1.675000e-01  6.49084925 17.98279681 
  1.687500e-01  6.49084925 17.98279682 
  1.700000e-01  6.49084925 17.98279682 
  1.712500e-01  6.49084925 17.98279683 
  1.725000e-01  6.49084925 17.98279683 
  1.737500e-01  6.49084925 17.98279684 
  1.750000e-01  6.49084925 17.98279684 
  1.762500e-01  6.49084925 17.98279685 
  1.775000e-01  6.49084925 17.98279685 
  1.787500e-01  6.49084925 17.98279686 
  1.800000e-01  6.49084925 17.98279686 
  1.812500e-01  6.49084925 17.98279687 
  1.825000e-01  6.49084925 17.98279687 
  1.837500e-01  6.49084925 17.98279688 
  1.850000e-01  6.49084925 17.98279688 
  1.862500e-01  6.49084925 17.98279689 
  1.875000e-01  6.49084925 17.98279689 
  1.887500e-01  6.49084925 17.98279690 
  1.900000e-01  6.49084925 17.98279690 
  1.912500e-01  6.49084925 17.98279691 
  1.925000e-01  6.49084925 17.98279691 
  1.937500e-01  6.49084925 17.98279692 
  1.950000e-01  6.49084925 17.98279692 
  1.962500e-01  6.49084925 17.98279692 
  1.975000e-01  6.49084925 17.98279693 
  1.987500e-01  6.49084925 17.98279693 
  2.000000e-01  6.49084925 17.98279694 
  2.012500e-01  6.49084925 17.98279694 
  2.025000e-01  6.49084925 17.98279694 
  2.037500e-01  6.49084925 17.98279695 
  2.050000e-01  6.49084925 17.98279695 
  2.062500e-01  6.49084925 17.98279696 
  2.075000e-01  6.49084925 17.98279696 
  2.087500e-01  6.49084925 17.98279696 
  2.100000e-01  6.49084925 17.98279697 
  2.112500e-01  6.49084925 17.98279697 
  2.125000e-01  6.49084925 17.98279697 
  2.137500e-01  6.49084925 17.98279698 
  2.150000e-01  6.49084925 17.98279698 
  2.162500e-01  6.49084925 17.98279698 
  2.175000e-01  6.49084925 17.98279699 
  2.187500e-01  6.49084925 17.98279699 
  2.200000e-01  6.49084925 17.98279699 
  2.212500e-01  6.49084925 17.98279700 
  2.225000e-01  6.49084925 17.98279700 
  2.237500e-01  6.49084925 17.98279700 
  2.250000e-01  6.49084925 17.98279701 
  2.262500e-01  6.49084925 17.98279701 
  2.275000e-01  6.49084925 17.98279701 
  2.287500e-01  6.49084925 17.98279701 
  2.300000e-01  6.49084925 17.98279702 
  2.312500e-01  6.49084925 17.98279702 
  2.325000e-01  6.49084925 17.98279702 
  2.337500e-01  6.49084925 17.98279702 
  2.350000e-01  6.49084925 17.98279703 
  2.362500e-01  6.49084925 17.98279703 
  2.375000e-01  6.49084925 17.98279703 
  2.387500e-01  6.49084925 17.98279703 
  2.400000e-01  6.49084925 17.98279704 
  2.412500e-01  6.49084925 17.98279704 
  2.425000e-01  6.49084925 17.98279704 
  2.437500e-01  6.49084925 17.98279704 
  2.450000e-01  6.49084925 17.98279704 
  2.462500e-01  6.49084925 17.98279705 
  2.475000e-01  6.49084925 17.98279705 
  2.487500e-01  6.49084925 17.98279705 
  2.500000e-01  6.49084925 17.98279705 
  2.512500e-01  6.49084925 17.98279705 
  2.525000e-01  6.49084925 17.98279706 
  2.537500e-01  6.49084925 17.98279706 
  2.550000e-01  6.49084925 17.98279706 
  2.562500e-01  6.49084925 17.98279706 
  2.575000e-01  6.49084925 17.98279706 
  2.587500e-01  6.49084925 17.98279706 
  2.600000e-01  6.49084925 17.98279707 
  2.612500e-01  6.49084925 17.98279707 
  2.625000e-01  6.49084925 17.98279707 
  2.637500e-01  6.49084925 17.98279707 
  2.650000e-01  6.49084925 17.98279707 
  2.662500e-01  6.49084925 17.98279707 
  2.675000e-01  6.49084925 17.98279708 
  2.687500e-01  6.49084925 17.98279708 
  2.700000e-01  6.49084925 17.98279708 
  2.712500e-01  6.49084925 17.98279708 
  2.725000e-01  6.49084925 17.98279708 
  2.737500e-01  6.49084925 17.98279708 
  2.750000e-01  6.49084925 17.98279708 
  2.762500e-01  6.49084925 17.98279709 
  2.775000e-01  6.49084925 17.98279709 
  2.787500e-01  6.49084925 17.98279709 
  2.800000e-01  6.49084925 17.98279709 
  2.812500e-01  6.49084925 17.98279709 
  2.825000e-01  6.49084925 17.98279709 
  2.837500e-01  6.49084925 17.98279709 
  2.850000e-01  6.49084925 17.98279709 
  2.862500e-01  6.49084925 17.98279709 
  2.875000e-01  6.49084925 17.98279710 
  2.887500e-01  6.49084925 17.98279710 
  2.900000e-01  6.49084925 17.98279710 
  2.912500e-01  6.49084925 17.98279710 
  2.925000e-01  6.49084925 17.98279710 
  2.937500e-01  6.49084925 17.98279710 
  2.950000e-01  6.49084925 17.98279710 
  2.962500e-01  6.49084925 17.98279710 
  2.975000e-01  6.49084925 17.98279710 
  2.987500e-01  6.49084925 17.98279711 
  3.000000e-01  6.49084925 17.98279711 
  3.012500e-01  6.49084925 17.98279711 
  3.025000e-01  6.49084925 17.98279711 
  3.037500e-01  6.49084925 17.98279711 
  3.050000e-01  6.49084925 17.98279711 
  3.062500e-01  6.49084925 17.98279711 
  3.075000e-01  6.49084925 17.98279711 
  3.087500e-01  6.49084925 17.98279711 
  3.100000e-01  6.49084925 17.98279711 
  3.112500e-01  6.49084925 17.98279711 
  3.125000e-01  6.49084925 17.98279711 
  3.137500e-01  6.49084925 17.98279711 
  3.150000e-01  6.49084925 17.98279712 
  3.162500e-01  6.49084925 17.98279712 
  3.175000e-01  6.49084925 17.98279712 
  3.187500e-01  6.49084925 17.98279712 
  3.200000e-01  6.49084925 17.98279712 
  3.212500e-01  6.49084925 17.98279712 
  3.225000e-01  6.49084925 17.98279712 
  3.237500e-01  6.49084925 17.98279712 
  3.250000e-01  6.49084925 17.98279712 
  3.262500e-01  6.49084925 17.98279712 
  3.275000e-01  6.49084925 17.98279712 
  3.287500e-01  6.49084925 17.98279712 
  3.300000e-01  6.49084925 17.98279712 
  3.312500e-01  6.49084925 17.98279712 
  3.325000e-01  6.49084925 17.98279712 
  3.337500e-01  6.49084925 17.98279713 
  3.350000e-01  6.49084925 17.98279713 
  3.362500e-01  6.49084925 17.98279713 
  3.375000e-01  6.49084925 17.98279713 
  3.387500e-01  6.49084925 17.98279713 
  3.400000e-01  6.49084925 17.98279713 
  3.412500e-01  6.49084925 17.98279713 
  3.425000e-01  6.49084925 17.98279713 
  3.437500e-01  6.49084925 17.98279713 
  3.450000e-01  6.49084925 17.98279713 
  3.462500e-01  6.49084925 17.98279713 
  3.475000e-01  6.49084925 17.98279713 
  3.487500e-01  6.49084925 17.98279713 
  3.500000e-01  6.49084925 17.98279713 
  3.512500e-01  6.49084925 17.98279713 
  3.525000e-01  6.49084925 17.98279713 
  3.537500e-01  6.49084925 17.98279713 
  3.550000e-01  6.49084925 17.98279713 
  3.562500e-01  6.49084925 17.98279713 
  3.575000e-01  6.49084925 17.98279713 
  3.587500e-01  6.49084925 17.98279713 
  3.600000e-01  6.49084925 17.98279714 
  3.612500e-01  6.49084925 17.98279714 
  3.625000e-01  6.49084925 17.98279714 
  3.637500e-01  6.49084925 17.98279714 
  3.650000e-01  6.49084925 17.98279714 
  3.662500e-01  6.49084925 17.98279714 
  3.675000e-01  6.49084925 17.98279714 
  3.687500e-01  6.49084925 17.98279714 
  3.700000e-01  6.49084925 17.98279714 
  3.712500e-01  6.49084925 17.98279714 
  3.725000e-01  6.49084925 17.98279714 
  3.737500e-01  6.49084925 17.98279714 
  3.750000e-01  6.49084925 17.98279714 
  3.762500e-01  6.49084925 17.98279714 
  3.775000e-01  6.49084925 17.98279714 
  3.787500e-01  6.49084925 17.98279714 
  3.800000e-01  6.49084925 17.98279714 
  3.812500e-01  6.49084925 17.98279714 
  3.825000e-01  6.49084925 17.98279714 
  3.837500e-01  6.49084925 17.98279714 
  3.850000e-01  6.49084925 17.98279714 
  3.862500e-01  6.49084925 17.98279714 
  3.875000e-01  6.49084925 17.98279714 
  3.887500e-01  6.49084925 17.98279714 
  3.900000e-01  6.49084925 17.98279714 
  3.912500e-01  6.49084925 17.98279714 
  3.925000e-01  6.49084925 17.98279714 
  3.937500e-01  6.49084925 17.98279714 
  3.950000e-01  6.49084925 17.98279714 
  3.962500e-01  6.49084925 17.98279714 
  3.975000e-01  6.49084925 17.98279714 
  3.987500e-01  6.49084925 17.98279714 
  4.000000e-01  6.49084925 17.98279715 
  4.012500e-01  6.49084925 17.98279715 
  4.025000e-01  6.49084925 17.98279715 
  4.037500e-01  6.49084925 17.98279715 
  4.050000e-01  6.49084925 17.98279715 
  4.062500e-01  6.49084925 17.98279715 
  4.075000e-01  6.49084925 17.98279715 
  4.087500e-01  6.49084925 17.98279715 
  4.100000e-01  6.49084925 17.98279715 
  4.112500e-01  6.49084925 17.98279715 
  4.125000e-01  6.49084925 17.98279715 
  4.137500e-01  6.49084925 17.98279715 
  4.150000e-01  6.49084925 17.98279715 
  4.162500e-01  6.49084925 17.98279715 
  4.175000e-01  6.49084925 17.98279715 
  4.187500e-01  6.49084925 17.98279715 
  4.200000e-01  6.49084925 17.98279715 
  4.212500e-01  6.49084925 17.98279715 
  4.225000e-01  6.49084925 17.98279715 
  4.237500e-01  6.49084925 17.98279715 
  4.250000e-01  6.49084925 17.98279715 
  4.262500e-01  6.49084925 17.98279715 
  4.275000e-01  6.49084925 17.98279715 
  4.287500e-01  6.49084925 17.98279715 
  4.300000e-01  6.49084925 17.98279715 
  4.312500e-01  6.49084925 17.98279715 
  4.325000e-01  6.49084925 17.98279715 
  4.337500e-01  6.49084925 17.98279715 
  4.350000e-01  6.49084925 17.98279715 
  4.362500e-01  6.49084925 17.98279715 
  4.375000e-01  6.49084925 17.98279715 
  4.387500e-01  6.49084925 17.98279715 
  4.400000e-01  6.49084925 17.98279715 
  4.412500e-01  6.49084925 17.98279715 
  4.425000e-01  6.49084925 17.98279715 
  4.437500e-01  6.49084925 17.98279715 
  4.450000e-01  6.49084925 17.98279715 
  4.462500e-01  6.49084925 17.98279715 
  4.475000e-01  6.49084925 17.98279715 
  4.487500e-01  6.49084925 17.98279715 
  4.500000e-01  6.49084925 17.98279715 
  4.512500e-01  6.49084925 17.98279715 
  4.525000e-01  6.49084925 17.98279715 
  4.537500e-01  6.49084925 17.98279715 
  4.550000e-01  6.49084925 17.98279715 
  4.562500e-01  6.49084925 17.98279715 
  4.575000e-01  6.49084925 17.98279715 
  4.587500e-01  6.49084925 17.98279715 
  4.600000e-01  6.49084925 17.98279715 
  4.612500e-01  6.49084925 17.98279715 
  4.625000e-01  6.49084925 17.98279715 
  4.637500e-01  6.49084925 17.98279715 
  4.650000e-01  6.49084925 17.98279715 
  4.662500e-01  6.49084925 17.98279715 
  4.675000e-01  6.49084925 17.98279715 
  4.687500e-01  6.49084925 17.98279715 
  4.700000e-01  6.49084925 17.98279715 
  4.712500e-01  6.49084925 17.98279715 
  4.725000e-01  6.49084925 17.98279715 
  4.737500e-01  6.49084925 17.98279715 
  4.750000e-01  6.49084925 17.98279715 
  4.762500e-01  6.49084925 17.98279715 
  4.775000e-01  6.49084925 17.98279715 
  4.787500e-01  6.49084925 17.98279715 
  4.800000e-01  6.49084925 17.98279715 
  4.812500e-01  6.49084925 17.98279715 
  4.825000e-01  6.49084925 17.98279715 
  4.837500e-01  6.49084925 17.98279715 
  4.850000e-01  6.49084925 17.98279715 
  4.862500e-01  6.49084925 17.98279715 
  4.875000e-01  6.49084925 17.98279715 
  4.887500e-01  6.49084925 17.98279715 
  4.900000e-01  6.49084925 17.98279715 
  4.912500e-01  6.49084925 17.98279715 
  4.925000e-01  6.49084925 17.98279715 
  4.937500e-01  6.49084925 17.98279715 
  4.950000e-01  6.49084925 17.98279715 
  4.962500e-01  6.49084925 17.98279715 
  4.975000e-01  6.49084925 17.98279715 
  4.987500e-01  6.49084925 17.98279715 
  5.000000e-01  6.49084925 17.98279715 
  5.012500e-01  6.49084925 17.98279715 
  5.025000e-01  6.49084925 17.98279715 
  5.037500e-01  6.49084925 17.98279715 
  5.050000e-01  6.49084925 17.98279715 
  5.062500e-01  6.49084925 17.98279715 
  5.075000e-01  6.49084925 17.98279715 
  5.087500e-01  6.49084925 17.98279715 
  5.100000e-01  6.49084925 17.98279715 
  5.112500e-01  6.49084925 17.98279715 
  5.125000e-01  6.49084925 17.98279715 
  5.137500e-01  6.49084925 17.98279715 
  5.150000e-01  6.49084925 17.98279715 
  5.162500e-01  6.49084925 17.98279715 
  5.175000e-01  6.49084925 17.98279715 
  5.187500e-01  6.49084925 17.98279715 
  5.200000e-01  6.49084925 17.98279715 
  5.212500e-01  6.49084925 17.98279715 
  5.225000e-01  6.49084925 17.98279715 
  5.237500e-01  6.49084925 17.98279715 
  5.250000e-01  6.49084925 17.98279715 
  5.262500e-01  6.49084925 17.98279715 
  5.275000e-01  6.49084925 17.98279715 
  5.287500e-01  6.49084925 17.98279715 
  5.300000e-01  6.49084925 17.98279715 
  5.312500e-01  6.49084925 17.98279715 
  5.325000e-01  6.49084925 17.98279715 
  5.337500e-01  6.49084925 17.98279715 
  5.350000e-01  6.49084925 17.98279715 
  5.362500e-01  6.49084925 17.98279715 
  5.375000e-01  6.49084925 17.98279715 
  5.387500e-01  6.49084925 17.98279715 
  5.400000e-01  6.49084925 17.98279715 
  5.412500e-01  6.49084925 17.98279715 
  5.425000e-01  6.49084925 17.98279715 
  5.437500e-01  6.49084925 17.98279715 
  5.450000e-01  6.49084925 17.98279715 
  5.462500e-01  6.49084925 17.98279715 
  5.475000e-01  6.49084925 17.98279715 
  5.487500e-01  6.49084925 17.98279715 
  5.500000e-01  6.49084925 17.98279715 
  5.512500e-01  6.49084925 17.98279715 
  5.525000e-01  6.49084925 17.98279715 
  5.537500e-01  6.49084925 17.98279715 
  5.550000e-01  6.49084925 17.98279715 
  5.562500e-01  6.49084925 17.98279715 
  5.575000e-01  6.49084925 17.98279715 
  5.587500e-01  6.49084925 17.98279715 
  5.600000e-01  6.49084925 17.98279715 
  5.612500e-01  6.49084925 17.98279715 
  5.625000e-01  6.49084925 17.98279715 
  5.637500e-01  6.49084925 17.98279715 
  5.650000e-01  6.49084925 17.98279715 
  5.662500e-01  6.49084925 17.98279715 
  5.675000e-01  6.49084925 17.98279715 
  5.687500e-01  6.49084925 17.98279715 
  5.700000e-01  6.49084925 17.98279715 
  5.712500e-01  6.49084925 17.98279715 
  5.725000e-01  6.49084925 17.98279715 
  5.737500e-01  6.49084925 17.98279715 
  5.750000e-01  6.49084925 17.98279715 
  5.762500e-01  6.49084925 17.98279715 
  5.775000e-01  6.49084925 17.98279715 
  5.787500e-01  6.49084925 17.98279715 
  5.800000e-01  6.49084925 17.98279715 
  5.812500e-01  6.49084925 17.98279715 
  5.825000e-01  6.49084925 17.98279715 
  5.837500e-01  6.49084925 17.98279715 
  5.850000e-01  6.49084925 17.98279715 
  5.862500e-01  6.49084925 17.98279715 
  5.875000e-01  6.49084925 17.98279715 
  5.887500e-01  6.49084925 17.98279715 
  5.900000e-01  6.49084925 17.98279715 
  5.912500e-01  6.49084925 17.98279715 
  5.925000e-01  6.49084925 17.98279715 
  5.937500e-01  6.49084925 17.98279715 
  5.950000e-01  6.49084925 17.98279715 
  5.962500e-01  6.49084925 17.98279715 
  5.975000e-01  6.49084925 17.98279715 
  5.987500e-01  6.49084925 17.98279715 
  6.000000e-01  6.49084925 17.98279715 
  6.012500e-01  6.49084925 17.98279715 
  6.025000e-01  6.49084925 17.98279715 
  6.037500e-01  6.49084925 17.98279715 
  6.050000e-01  6.49084925 17.98279715 
  6.062500e-01  6.49084925 17.98279715 
  6.075000e-01  6.49084925 17.98279715 
  6.087500e-01  6.49084925 17.98279715 
  6.100000e-01  6.49084925 17.98279715 
  6.112500e-01  6.49084925 17.98279715 
  6.125000e-01  6.49084925 17.98279715 
  6.137500e-01  6.49084925 17.98279715 
  6.150000e-01  6.49084925 17.98279715 
  6.162500e-01  6.49084925 17.98279715 
  6.175000e-01  6.49084925 17.98279715 
  6.187500e-01  6.49084925 17.98279715 
  6.200000e-01  6.49084925 17.98279715 
  6.212500e-01  6.49084925 17.98279714 
  6.225000e-01  6.49084925 17.98279714 
  6.237500e-01  6.49084925 17.98279714 
  6.250000e-01  6.49084925 17.98279714 
  6.262500e-01  6.49084925 17.98279714 
  6.275000e-01  6.49084925 17.98279714 
  6.287500e-01  6.49084925 17.98279714 
  6.300000e-01  6.49084925 17.98279714 
  6.312500e-01  6.49084925 17.98279714 
  6.325000e-01  6.49084925 17.98279714 
  6.337500e-01  6.49084925 17.98279714 
  6.350000e-01  6.49084925 17.98279714 
  6.362500e-01  6.49084925 17.98279714 
  6.375000e-01  6.49084925 17.98279714 
  6.387500e-01  6.49084925 17.98279714 
  6.400000e-01  6.49084925 17.98279714 
  6.412500e-01  6.49084925 17.98279714 
  6.425000e-01  6.49084925 17.98279714 
  6.437500e-01  6.49084925 17.98279714 
  6.450000e-01  6.49084925 17.98279714 
  6.462500e-01  6.49084925 17.98279714 
  6.475000e-01  6.49084925 17.98279714 
  6.487500e-01  6.49084925 17.98279714 
  6.500000e-01  6.49084925 17.98279714 
  6.512500e-01  6.49084925 17.98279714 
  6.525000e-01  6.49084925 17.98279714 
  6.537500e-01  6.49084925 17.98279714 
  6.550000e-01  6.49084925 17.98279714 
  6.562500e-01  6.49084925 17.98279714 
  6.575000e-01  6.49084925 17.98279714 
  6.587500e-01  6.49084925 17.98279714 
  6.600000e-01  6.49084925 17.98279714 
  6.612500e-01  6.49084925 17.98279714 
  6.625000e-01  6.49084925 17.98279714 
  6.637500e-01  6.49084925 17.98279714 
  6.650000e-01  6.49084925 17.98279714 
  6.662500e-01  6.49084925 17.98279714 
  6.675000e-01  6.49084925 17.98279714 
  6.687500e-01  6.49084925 17.98279714 
  6.700000e-01  6.49084925 17.98279714 
  6.712500e-01  6.49084925 17.98279714 
  6.725000e-01  6.49084925 17.98279714 
  6.737500e-01  6.49084925 17.98279714 
  6.750000e-01  6.49084925 17.98279714 
  6.762500e-01  6.49084925 17.98279714 
  6.775000e-01  6.49084925 17.98279714 
  6.787500e-01  6.49084925 17.98279714 
  6.800000e-01  6.49084925 17.98279714 
  6.812500e-01  6.49084925 17.98279714 
  6.825000e-01  6.49084925 17.98279714 
  6.837500e-01  6.49084925 17.98279714 
  6.850000e-01  6.49084925 17.98279714 
  6.862500e-01  6.49084925 17.98279714 
  6.875000e-01  6.49084925 17.98279714 
  6.887500e-01  6.49084925 17.98279714 
  6.900000e-01  6.49084925 17.98279714 
  6.912500e-01  6.49084925 17.98279714 
  6.925000e-01  6.49084925 17.98279714 
  6.937500e-01  6.49084925 17.98279714 
  6.950000e-01  6.49084925 17.98279714 
  6.962500e-01  6.49084925 17.98279714 
  6.975000e-01  6.49084925 17.98279714 
  6.987500e-01  6.49084925 17.98279714 
  7.000000e-01  6.49084925 17.98279714 
  7.012500e-01  6.49084925 17.98279714 
  7.025000e-01  6.49084925 17.98279714 
  7.037500e-01  6.49084925 17.98279714 
  7.050000e-01  6.49084925 17.98279714 
  7.062500e-01  6.49084925 17.98279714 
  7.075000e-01  6.49084925 17.98279714 
  7.087500e-01  6.49084925 17.98279714 
  7.100000e-01  6.49084925 17.98279714 
  7.112500e-01  6.49084925 17.98279714 
  7.125000e-01  6.49084925 17.98279714 
  7.137500e-01  6.49084925 17.98279714 
  7.150000e-01  6.49084925 17.98279714 
  7.162500e-01  6.49084925 17.98279714 
  7.175000e-01  6.49084925 17.98279714 
  7.187500e-01  6.49084925 17.98279714 
  7.200000e-01  6.49084925 17.98279714 
  7.212500e-01  6.49084925 17.98279714 
  7.225000e-01  6.49084925 17.98279714 
  7.237500e-01  6.49084925 17.98279714 
  7.250000e-01  6.49084925 17.98279714 
  7.262500e-01  6.49084925 17.98279714 
  7.275000e-01  6.49084925 17.98279714 
  7.287500e-01  6.49084925 17.98279714 
  7.300000e-01  6.49084925 17.98279714 
  7.312500e-01  6.49084925 17.98279714 
  7.325000e-01  6.49084925 17.98279714 
  7.337500e-01  6.49084925 17.98279714 
  7.350000e-01  6.49084925 17.98279714 
  7.362500e-01  6.49084925 17.98279714 
  7.375000e-01  6.49084925 17.98279714 
  7.387500e-01  6.49084925 17.98279714 
  7.400000e-01  6.49084925 17.98279714 
  7.412500e-01  6.49084925 17.98279713 
  7.425000e-01  6.49084925 17.98279713 
  7.437500e-01  6.49084925 17.98279713 
  7.450000e-01  6.49084925 17.98279713 
  7.462500e-01  6.49084925 17.98279713 
  7.475000e-01  6.49084925 17.98279713 
  7.487500e-01  6.49084925 17.98279713 
  7.500000e-01  6.49084925 17.98279713 
  7.512500e-01  6.49084925 17.98279713 
  7.525000e-01  6.49084925 17.98279713 
  7.537500e-01  6.49084925 17.98279713 
  7.550000e-01  6.49084925 17.98279713 
  7.562500e-01  6.49084925 17.98279713 
  7.575000e-01  6.49084925 17.98279713 
  7.587500e-01  6.49084925 17.98279713 
  7.600000e-01  6.49084925 17.98279713 
  7.612500e-01  6.49084925 17.98279713 
  7.625000e-01  6.49084925 17.98279713 
  7.637500e-01  6.49084925 17.98279713 
  7.650000e-01  6.49084925 17.98279713 
  7.662500e-01  6.49084925 17.98279713 
  7.675000e-01  6.49084925 17.98279713 
  7.687500e-01  6.49084925 17.98279713 
  7.700000e-01  6.49084925 17.98279713 
  7.712500e-01  6.49084925 17.98279713 
  7.725000e-01  6.49084925 17.98279713 
  7.737500e-01  6.49084925 17.98279713 
  7.750000e-01  6.49084925 17.98279713 
  7.762500e-01  6.49084925 17.98279713 
  7.775000e-01  6.49084925 17.98279713 
  7.787500e-01  6.49084925 17.98279713 
  7.800000e-01  6.49084925 17.98279713 
  7.812500e-01  6.49084925 17.98279713 
  7.825000e-01  6.49084925 17.98279713 
  7.837500e-01  6.49084925 17.98279713 
  7.850000e-01  6.49084925 17.98279713 
  7.862500e-01  6.49084925 17.98279713 
  7.875000e-01  6.49084925 17.98279713 
  7.887500e-01  6.49084925 17.98279713 
  7.900000e-01  6.49084925 17.98279713 
  7.912500e-01  6.49084925 17.98279713 
  7.925000e-01  6.49084925 17.98279713 
  7.937500e-01  6.49084925 17.98279713 
  7.950000e-01  6.49084925 17.98279713 
  7.962500e-01  6.49084925 17.98279713 
  7.975000e-01  6.49084925 17.98279713 
  7.987500e-01  6.49084925 17.98279713 
  8.000000e-01  6.49084925 17.98279713 
  8.012500e-01  6.49084925 17.98279713 
  8.025000e-01  6.49084925 17.98279713 
  8.037500e-01  6.49084925 17.98279713 
  8.050000e-01  6.49084925 17.98279713 
  8.062500e-01  6.49084925 17.98279713 
  8.075000e-01  6.49084925 17.98279713 
  8.087500e-01  6.49084925 17.98279713 
  8.100000e-01  6.49084925 17.98279713 
  8.112500e-01  6.49084925 17.98279713 
  8.125000e-01  6.49084925 17.98279713 
  8.137500e-01  6.49084925 17.98279713 
  8.150000e-01  6.49084925 17.98279713 
  8.162500e-01  6.49084925 17.98279713 
  8.175000e-01  6.49084925 17.98279713 
  8.187500e-01  6.49084925 17.98279713 
  8.200000e-01  6.49084925 17.98279713 
  8.212500e-01  6.49084925 17.98279713 
  8.225000e-01  6.49084925 17.98279713 
  8.237500e-01  6.49084925 17.98279713 
  8.250000e-01  6.49084925 17.98279713 
  8.262500e-01  6.49084925 17.98279713 
  8.275000e-01  6.49084925 17.98279713 
  8.287500e-01  6.49084925 17.98279713 
  8.300000e-01  6.49084925 17.98279713 
  8.312500e-01  6.49084925 17.98279713 
  8.325000e-01  6.49084925 17.98279713 
  8.337500e-01  6.49084925 17.98279713 
  8.350000e-01  6.49084925 17.98279713 
  8.362500e-01  6.49084925 17.98279713 
  8.375000e-01  6.49084925 17.98279713 
  8.387500e-01  6.49084925 17.98279713 
  8.400000e-01  6.49084925 17.98279713 
  8.412500e-01  6.49084925 17.98279713 
  8.425000e-01  6.49084925 17.98279713 
  8.437500e-01  6.49084925 17.98279713 
  8.450000e-01  6.49084925 17.98279713 
  8.462500e-01  6.49084925 17.98279713 
  8.475000e-01  6.49084925 17.98279713 
  8.487500e-01  6.49084925 17.98279713 
  8.500000e-01  6.49084925 17.98279713 
  8.512500e-01  6.49084925 17.98279713 
  8.525000e-01  6.49084925 17.98279713 
  8.537500e-01  6.49084925 17.98279713 
  8.550000e-01  6.49084925 17.98279713 
  8.562500e-01  6.49084925 17.98279713 
  8.575000e-01  6.49084925 17.98279713 
  8.587500e-01  6.49084925 17.98279713 
  8.600000e-01  6.49084925 17.98279713 
  8.612500e-01  6.49084925 17.98279713 
  8.625000e-01  6.49084925 17.98279713 
  8.637500e-01  6.49084925 17.98279713 
  8.650000e-01  6.49084925 17.98279713 
  8.662500e-01  6.49084925 17.98279713 
  8.675000e-01  6.49084925 17.98279713 
  8.687500e-01  6.49084925 17.98279713 
  8.700000e-01  6.49084925 17.98279713 
  8.712500e-01  6.49084925 17.98279713 
  8.725000e-01  6.49084925 17.98279713 
  8.737500e-01  6.49084925 17.98279713 
  8.750000e-01  6.49084925 17.98279713 
  8.762500e-01  6.49084925 17.98279713 
  8.775000e-01  6.49084925 17.98279713 
  8.787500e-01  6.49084925 17.98279713 
  8.800000e-01  6.49084925 17.98279713 
  8.812500e-01  6.49084925 17.98279713 
  8.825000e-01  6.49084925 17.98279713 
  8.837500e-01  6.49084925 17.98279713 
  8.850000e-01  6.49084925 17.98279713 
  8.862500e-01  6.49084925 17.98279713 
  8.875000e-01  6.49084925 17.98279713 
  8.887500e-01  6.49084925 17.98279713 
  8.900000e-01  6.49084925 17.98279713 
  8.912500e-01  6.49084925 17.98279713 
  8.925000e-01  6.49084925 17.98279713 
  8.937500e-01  6.49084925 17.98279713 
  8.950000e-01  6.49084925 17.98279713 
  8.962500e-01  6.49084925 17.98279713 
  8.975000e-01  6.49084925 17.98279713 
  8.987500e-01  6.49084925 17.98279713 
  9.000000e-01  6.49084925 17.98279713 
  9.012500e-01  6.49084925 17.98279713 
  9.025000e-01  6.49084925 17.98279713 
  9.037500e-01  6.49084925 17.98279713 
  9.050000e-01  6.49084925 17.98279713 
  9.062500e-01  6.49084925 17.98279713 
  9.075000e-01  6.49084925 17.98279713 
  9.087500e-01  6.49084925 17.98279713 
  9.100000e-01  6.49084925 17.98279713 
  9.112500e-01  6.49084925 17.98279713 
  9.125000e-01  6.49084925 17.98279713 
  9.137500e-01  6.49084925 17.98279712 
  9.150000e-01  6.49084925 17.98279712 
  9.162500e-01  6.49084925 17.98279712 
  9.175000e-01  6.49084925 17.98279712 
  9.187500e-01  6.49084925 17.98279712 
  9.200000e-01  6.49084925 17.98279712 
  9.212500e-01  6.49084925 17.98279712 
  9.225000e-01  6.49084925 17.98279712 
  9.237500e-01  6.49084925 17.98279712 
  9.250000e-01  6.49084925 17.98279712 
  9.262500e-01  6.49084925 17.98279712 
  9.275000e-01  6.49084925 17.98279712 
  9.287500e-01  6.49084925 17.98279712 
  9.300000e-01  6.49084925 17.98279712 
  9.312500e-01  6.49084925 17.98279712 
  9.325000e-01  6.49084925 17.98279712 
  9.337500e-01  6.49084925 17.98279712 
  9.350000e-01  6.49084925 17.98279712 
  9.362500e-01  6.49084925 17.98279712 
  9.375000e-01  6.49084925 17.98279712 
  9.387500e-01  6.49084925 17.98279712 
  9.400000e-01  6.49084925 17.98279712 
  9.412500e-01  6.49084925 17.98279712 
  9.425000e-01  6.49084925 17.98279712 
  9.437500e-01  6.49084925 17.98279712 
  9.450000e-01  6.49084925 17.98279712 
  9.462500e-01  6.49084925 17.98279712 
  9.475000e-01  6.49084925 17.98279712 
  9.487500e-01  6.49084925 17.98279712 
  9.500000e-01  6.49084925 17.98279712 
  9.512500e-01  6.49084925 17.98279712 
  9.525000e-01  6.49084925 17.98279712 
  9.537500e-01  6.49084925 17.98279712 
  9.550000e-01  6.49084925 17.98279712 
  9.562500e-01  6.49084925 17.98279712 
  9.575000e-01  6.49084925 17.98279712 
  9.587500e-01  6.49084925 17.98279712 
  9.600000e-01  6.49084925 17.98279712 
  9.612500e-01  6.49084925 17.98279712 
  9.625000e-01  6.49084925 17.98279712 
  9.637500e-01  6.49084925 17.98279712 
  9.650000e-01  6.49084925 17.98279712 
  9.662500e-01  6.49084925 17.98279712 
  9.675000e-01  6.49084925 17.98279712 
  9.687500e-01  6.49084925 17.98279712 
  9.700000e-01  6.49084925 17.98279712 
  9.712500e-01  6.49084925 17.98279712 
  9.725000e-01  6.49084925 17.98279712 
  9.737500e-01  6.49084925 17.98279712 
  9.750000e-01  6.49084925 17.98279712 
  9.762500e-01  6.49084925 17.98279712 
  9.775000e-01  6.49084925 17.98279712 
  9.787500e-01  6.49084925 17.98279712 
  9.800000e-01  6.49084925 17.98279712 
  9.812500e-01  6.49084925 17.98279712 
  9.825000e-01  6.49084925 17.98279712 
  9.837500e-01  6.49084925 17.98279712 
  9.850000e-01  6.49084925 17.98279712 
  9.862500e-01  6.49084925 17.98279712 
  9.875000e-01  6.49084925 17.98279712 
  9.887500e-01  6.49084925 17.98279712 
  9.900000e-01  6.49084925 17.98279712 
  9.912500e-01  6.49084925 17.98279712 
  9.925000e-01  6.49084925 17.98279712 
  9.937500e-01  6.49084925 17.98279712 
  9.950000e-01  6.49084925 17.98279712 
  9.962500e-01  6.49084925 17.98279712 
  9.975000e-01  6.49084925 17.98279712 
  9.987500e-01  6.49084925 17.98279712 
  1.000000e+00  6.49084925 17.98279712 
  1.001250e+00  6.49084925 17.98279712 
  1.002500e+00  6.49084925 17.98279712 
  1.003750e+00  6.49084925 17.98279712 
  1.005000e+00  6.49084925 17.98279712 
  1.006250e+00  6.49084925 17.98279712 
  1.007500e+00  6.49084925 17.98279712 
  1.008750e+00  6.49084925 17.98279712 
  1.010000e+00  6.49084925 17.98279712 
  1.011250e+00  6.49084925 17.98279712 
  1.012500e+00  6.49084925 17.98279712 
  1.013750e+00  6.49084925 17.98279712 
  1.015000e+00  6.49084925 17.98279712 
  1.016250e+00  6.49084925 17.98279712 
  1.017500e+00  6.49084925 17.98279712 
  1.018750e+00  6.49084925 17.98279712 
  1.020000e+00  6.49084925 17.98279712 
  1.021250e+00  6.49084925 17.98279712 
  1.022500e+00  6.49084925 17.98279712 
  1.023750e+00  6.49084925 17.98279712 
  1.025000e+00  6.49084925 17.98279712 
  1.026250e+00  6.49084925 17.98279712 
  1.027500e+00  6.49084925 17.98279712 
  1.028750e+00  6.49084925 17.98279712 
  1.030000e+00  6.49084925 17.98279712 
  1.031250e+00  6.49084925 17.98279712 
  1.032500e+00  6.49084925 17.98279712 
  1.033750e+00  6.49084925 17.98279712 
  1.035000e+00  6.49084925 17.98279712 
  1.036250e+00  6.49084925 17.98279712 
  1.037500e+00  6.49084925 17.98279712 
  1.038750e+00  6.49084925 17.98279712 
  1.040000e+00  6.49084925 17.98279712 
  1.041250e+00  6.49084925 17.98279712 
  1.042500e+00  6.49084925 17.98279712 
  1.043750e+00  6.49084925 17.98279712 
  1.045000e+00  6.49084925 17.98279712 
  1.046250e+00  6.49084925 17.98279712 
  1.047500e+00  6.49084925 17.98279712 
  1.048750e+00  6.49084925 17.98279712 
  1.050000e+00  6.49084925 17.98279712 
  1.051250e+00  6.49084925 17.98279712 
  1.052500e+00  6.49084925 17.98279712 
  1.053750e+00  6.49084925 17.98279712 
  1.055000e+00  6.49084925 17.98279712 
  1.056250e+00  6.49084925 17.98279712 
  1.057500e+00  6.49084925 17.98279712 
  1.058750e+00  6.49084925 17.98279712 
  1.060000e+00  6.49084925 17.98279712 
  1.061250e+00  6.49084925 17.98279712 
  1.062500e+00  6.49084925 17.98279712 
  1.063750e+00  6.49084925 17.98279712 
  1.065000e+00  6.49084925 17.98279712 
  1.066250e+00  6.49084925 17.98279712 
  1.067500e+00  6.49084925 17.98279712 
  1.068750e+00  6.49084925 17.98279712 
  1.070000e+00  6.49084925 17.98279712 
  1.071250e+00  6.49084925 17.98279712 
  1.072500e+00  6.49084925 17.98279712 
  1.073750e+00  6.49084925 17.98279712 
  1.075000e+00  6.49084925 17.98279712 
  1.076250e+00  6.49084925 17.98279712 
  1.077500e+00  6.49084925 17.98279712 
  1.078750e+00  6.49084925 17.98279712 
  1.080000e+00  6.49084925 17.98279712 
  1.081250e+00  6.49084925 17.98279712 
  1.082500e+00  6.49084925 17.98279712 
  1.083750e+00  6.49084925 17.98279712 
  1.085000e+00  6.49084925 17.98279712 
  1.086250e+00  6.49084925 17.98279712 
  1.087500e+00  6.49084925 17.98279712 
  1.088750e+00  6.49084925 17.98279712 
  1.090000e+00  6.49084925 17.98279712 
  1.091250e+00  6.49084925 17.98279712 
  1.092500e+00  6.49084925 17.98279712 
  1.093750e+00  6.49084925 17.98279712 
  1.095000e+00  6.49084925 17.98279712 
  1.096250e+00  6.49084925 17.98279712 
  1.097500e+00  6.49084925 17.98279712 
  1.098750e+00  6.49084925 17.98279712 
  1.100000e+00  6.49084925 17.98279712 
  1.101250e+00  6.49084925 17.98279712 
  1.102500e+00  6.49084925 17.98279712 
  1.103750e+00  6.49084925 17.98279712 
  1.105000e+00  6.49084925 17.98279712 
  1.106250e+00  6.49084925 17.98279712 
  1.107500e+00  6.49084925 17.98279712 
  1.108750e+00  6.49084925 17.98279712 
  1.110000e+00  6.49084925 17.98279712 
  1.111250e+00  6.49084925 17.98279712 
  1.112500e+00  6.49084925 17.98279712 
  1.113750e+00  6.49084925 17.98279712 
  1.115000e+00  6.49084925 17.98279712 
  1.116250e+00  6.49084925 17.98279712 
  1.117500e+00  6.49084925 17.98279712 
  1.118750e+00  6.49084925 17.98279712 
  1.120000e+00  6.49084925 17.98279712 
  1.121250e+00  6.49084925 17.98279712 
  1.122500e+00  6.49084925 17.98279712 
  1.123750e+00  6.49084925 17.98279712 
  1.125000e+00  6.49084925 17.98279712 
  1.126250e+00  6.49084925 17.98279712 
  1.127500e+00  6.49084925 17.98279712 
  1.128750e+00  6.49084925 17.98279712 
  1.130000e+00  6.49084925 17.98279712 
  1.131250e+00  6.49084925 17.98279712 
  1.132500e+00  6.49084925 17.98279712 
  1.133750e+00  6.49084925 17.98279712 
  1.135000e+00  6.49084925 17.98279712 
  1.136250e+00  6.49084925 17.98279712 
  1.137500e+00  6.49084925 17.98279712 
  1.138750e+00  6.49084925 17.98279712 
  1.140000e+00  6.49084925 17.98279712 
  1.141250e+00  6.49084925 17.98279712 
  1.142500e+00  6.49084925 17.98279712 
  1.143750e+00  6.49084925 17.98279712 
  1.145000e+00  6.49084925 17.98279712 
  1.146250e+00  6.49084925 17.98279712 
  1.147500e+00  6.49084925 17.98279712 
  1.148750e+00  6.49084925 17.98279712 
  1.150000e+00  6.49084925 17.98279712 
  1.151250e+00  6.49084925 17.98279712 
  1.152500e+00  6.49084925 17.98279712 
  1.153750e+00  6.49084925 17.98279712 
  1.155000e+00  6.49084925 17.98279712 
  1.156250e+00  6.49084925 17.98279712 
  1.157500e+00  6.49084925 17.98279712 
  1.158750e+00  6.49084925 17.98279712 
  1.160000e+00  6.49084925 17.98279712 
  1.161250e+00  6.49084925 17.98279712 
  1.162500e+00  6.49084925 17.98279712 
  1.163750e+00  6.49084925 17.98279712 
  1.165000e+00  6.49084925 17.98279712 
  1.166250e+00  6.49084925 17.98279712 
  1.167500e+00  6.49084925 17.98279712 
  1.168750e+00  6.49084925 17.98279712 
  1.170000e+00  6.49084925 17.98279712 
  1.171250e+00  6.49084925 17.98279712 
  1.172500e+00  6.49084925 17.98279712 
  1.173750e+00  6.49084925 17.98279712 
  1.175000e+00  6.49084925 17.98279712 
  1.176250e+00  6.49084925 17.98279712 
  1.177500e+00  6.49084925 17.98279712 
  1.178750e+00  6.49084925 17.98279712 
  1.180000e+00  6.49084925 17.98279712 
  1.181250e+00  6.49084925 17.98279712 
  1.182500e+00  6.49084925 17.98279712 
  1.183750e+00  6.49084925 17.98279712 
  1.185000e+00  6.49084925 17.98279712 
  1.186250e+00  6.49084925 17.98279712 
  1.187500e+00  6.49084925 17.98279712 
  1.188750e+00  6.49084925 17.98279712 
  1.190000e+00  6.49084925 17.98279712 
  1.191250e+00  6.49084925 17.98279712 
  1.192500e+00  6.49084925 17.98279712 
  1.193750e+00  6.49084925 17.98279712 
  1.195000e+00  6.49084925 17.98279712 
  1.196250e+00  6.49084925 17.98279712 
  1.197500e+00  6.49084925 17.98279712 
  1.198750e+00  6.49084925 17.98279712 
  1.200000e+00  6.49084925 17.98279712 
  1.201250e+00  6.49084925 17.98279712 
  1.202500e+00  6.49084925 17.98279712 
  1.203750e+00  6.49084925 17.98279712 
  1.205000e+00  6.49084925 17.98279712 
  1.206250e+00  6.49084925 17.98279712 
  1.207500e+00  6.49084925 17.98279712 
  1.208750e+00  6.49084925 17.98279712 
  1.210000e+00  6.49084925 17.98279712 
  1.211250e+00  6.49084925 17.98279712 
  1.212500e+00  6.49084925 17.98279712 
  1.213750e+00  6.49084925 17.98279712 
  1.215000e+00  6.49084925 17.98279712 
  1.216250e+00  6.49084925 17.98279712 
  1.217500e+00  6.49084925 17.98279712 
  1.218750e+00  6.49084925 17.98279712 
  1.220000e+00  6.49084925 17.98279712 
  1.221250e+00  6.49084925 17.98279712 
  1.222500e+00  6.49084925 17.98279712 
  1.223750e+00  6.49084925 17.98279712 
  1.225000e+00  6.49084925 17.98279712 
  1.226250e+00  6.49084925 17.98279712 
  1.227500e+00  6.49084925 17.98279712 
  1.228750e+00  6.49084925 17.98279712 
  1.230000e+00  6.49084925 17.98279712 
  1.231250e+00  6.49084925 17.98279712 
  1.232500e+00  6.49084925 17.98279712 
  1.233750e+00  6.49084925 17.98279712 
  1.235000e+00  6.49084925 17.98279712 
  1.236250e+00  6.49084925 17.98279712 
  1.237500e+00  6.49084925 17.98279712 
  1.238750e+00  6.49084925 17.98279712 
  1.240000e+00  6.49084925 17.98279712 
  1.241250e+00  6.49084925 17.98279712 
  1.242500e+00  6.49084925 17.98279712 
  1.243750e+00  6.49084925 17.98279712 
  1.245000e+00  6.49084925 17.98279712 
  1.246250e+00  6.49084925 17.98279712 
  1.247500e+00  6.49084925 17.98279712 
  1.248750e+00  6.49084925 17.98279712 
  1.250000e+00  6.49084925 17.98279712 
  1.251250e+00  6.49084925 17.98279712 
  1.252500e+00  6.49084925 17.98279712 
  1.253750e+00  6.49084925 17.98279712 
  1.255000e+00  6.49084925 17.98279712 
  1.256250e+00  6.49084925 17.98279712 
  1.257500e+00  6.49084925 17.98279712 
  1.258750e+00  6.49084925 17.98279712 
  1.260000e+00  6.49084925 17.98279712 
  1.261250e+00  6.49084925 17.98279712 
  1.262500e+00  6.49084925 17.98279712 
  1.263750e+00  6.49084925 17.98279712 
  1.265000e+00  6.49084925 17.98279712 
  1.266250e+00  6.49084925 17.98279712 
  1.267500e+00  6.49084925 17.98279712 
  1.268750e+00  6.49084925 17.98279712 
  1.270000e+00  6.49084925 17.98279712 
  1.271250e+00  6.49084925 17.98279712 
  1.272500e+00  6.49084925 17.98279712 
  1.273750e+00  6.49084925 17.98279712 
  1.275000e+00  6.49084925 17.98279712 
  1.276250e+00  6.49084925 17.98279712 
  1.277500e+00  6.49084925 17.98279712 
  1.278750e+00  6.49084925 17.98279712 
  1.280000e+00  6.49084925 17.98279712 
  1.281250e+00  6.49084925 17.98279712 
  1.282500e+00  6.49084925 17.98279712 
  1.283750e+00  6.49084925 17.98279712 
  1.285000e+00  6.49084925 17.98279712 
  1.286250e+00  6.49084925 17.98279712 
  1.287500e+00  6.49084925 17.98279712 
  1.288750e+00  6.49084925 17.98279712 
  1.290000e+00  6.49084925 17.98279712 
  1.291250e+00  6.49084925 17.98279712 
  1.292500e+00  6.49084925 17.98279712 
  1.293750e+00  6.49084925 17.98279712 
  1.295000e+00  6.49084925 17.98279712 
  1.296250e+00  6.49084925 17.98279712 
  1.297500e+00  6.49084925 17.98279712 
  1.298750e+00  6.49084925 17.98279712 
  1.300000e+00  6.49084925 17.98279712 
  1.301250e+00  6.49084925 17.98279712 
  1.302500e+00  6.49084925 17.98279712 
  1.303750e+00  6.49084925 17.98279712 
  1.305000e+00  6.49084925 17.98279712 
  1.306250e+00  6.49084925 17.98279712 
  1.307500e+00  6.49084925 17.98279712 
  1.308750e+00  6.49084925 17.98279712 
  1.310000e+00  6.49084925 17.98279712 
  1.311250e+00  6.49084925 17.98279712 
  1.312500e+00  6.49084925 17.98279712 
  1.313750e+00  6.49084925 17.98279712 
  1.315000e+00  6.49084925 17.98279712 
  1.316250e+00  6.49084925 17.98279712 
  1.317500e+00  6.49084925 17.98279712 
  1.318750e+00  6.49084925 17.98279712 
  1.320000e+00  6.49084925 17.98279712 
  1.321250e+00  6.49084925 17.98279712 
  1.322500e+00  6.49084925 17.98279712 
  1.323750e+00  6.49084925 17.98279712 
  1.325000e+00  6.49084925 17.98279712 
  1.326250e+00  6.49084925 17.98279712 
  1.327500e+00  6.49084925 17.98279712 
  1.328750e+00  6.49084925 17.98279712 
  1.330000e+00  6.49084925 17.98279712 
  1.331250e+00  6.49084925 17.98279712 
  1.332500e+00  6.49084925 17.98279712 
  1.333750e+00  6.49084925 17.98279712 
  1.335000e+00  6.49084925 17.98279712 
  1.336250e+00  6.49084925 17.98279712 
  1.337500e+00  6.49084925 17.98279712 
  1.338750e+00  6.49084925 17.98279712 
  1.340000e+00  6.49084925 17.98279712 
  1.341250e+00  6.49084925 17.98279712 
  1.342500e+00  6.49084925 17.98279712 
  1.343750e+00  6.49084925 17.98279712 
  1.345000e+00  6.49084925 17.98279712 
  1.346250e+00  6.49084925 17.98279712 
  1.347500e+00  6.49084925 17.98279712 
  1.348750e+00  6.49084925 17.98279712 
  1.350000e+00  6.49084925 17.98279712 
  1.351250e+00  6.49084925 17.98279712 
  1.352500e+00  6.49084925 17.98279712 
  1.353750e+00  6.49084925 17.98279712 
  1.355000e+00  6.49084925 17.98279712 
  1.356250e+00  6.49084925 17.98279712 
  1.357500e+00  6.49084925 17.98279712 
  1.358750e+00  6.49084925 17.98279712 
  1.360000e+00  6.49084925 17.98279712 
  1.361250e+00  6.49084925 17.98279712 
  1.362500e+00  6.49084925 17.98279712 
  1.363750e+00  6.49084925 17.98279712 
  1.365000e+00  6.49084925 17.98279712 
  1.366250e+00  6.49084925 17.98279712 
  1.367500e+00  6.49084925 17.98279712 
  1.368750e+00  6.49084925 17.98279712 
  1.370000e+00  6.49084925 17.98279712 
  1.371250e+00  6.49084925 17.98279712 
  1.372500e+00  6.49084925 17.98279712 
  1.373750e+00  6.49084925 17.98279712 
  1.375000e+00  6.49084925 17.98279712 
  1.376250e+00  6.49084925 17.98279712 
  1.377500e+00  6.49084925 17.98279712 
  1.378750e+00  6.49084925 17.98279712 
  1.380000e+00  6.49084925 17.98279712 
  1.381250e+00  6.49084925 17.98279712 
  1.382500e+00  6.49084925 17.98279712 
  1.383750e+00  6.49084925 17.98279712 
  1.385000e+00  6.49084925 17.98279712 
  1.386250e+00  6.49084925 17.98279712 
  1.387500e+00  6.49084925 17.98279712 
  1.388750e+00  6.49084925 17.98279712 
  1.390000e+00  6.49084925 17.98279712 
  1.391250e+00  6.49084925 17.98279712 
  1.392500e+00  6.49084925 17.98279712 
  1.393750e+00  6.49084925 17.98279712 
  1.395000e+00  6.49084925 17.98279712 
  1.396250e+00  6.49084925 17.98279712 
  1.397500e+00  6.49084925 17.98279712 
  1.398750e+00  6.49084925 17.98279712 
  1.400000e+00  6.49084925 17.98279712 
  1.401250e+00  6.49084925 17.98279712 
  1.402500e+00  6.49084925 17.98279712 
  1.403750e+00  6.49084925 17.98279712 
  1.405000e+00  6.49084925 17.98279712 
  1.406250e+00  6.49084925 17.98279712 
  1.407500e+00  6.49084925 17.98279712 
  1.408750e+00  6.49084925 17.98279712 
  1.410000e+00  6.49084925 17.98279712 
  1.411250e+00  6.49084925 17.98279712 
  1.412500e+00  6.49084925 17.98279712 
  1.413750e+00  6.49084925 17.98279712 
  1.415000e+00  6.49084925 17.98279712 
  1.416250e+00  6.49084925 17.98279712 
  1.417500e+00  6.49084925 17.98279712 
  1.418750e+00  6.49084925 17.98279712 
  1.420000e+00  6.49084925 17.98279712 
  1.421250e+00  6.49084925 17.98279712 
  1.422500e+00  6.49084925 17.98279712 
  1.423750e+00  6.49084925 17.98279712 
  1.425000e+00  6.49084925 17.98279712 
  1.426250e+00  6.49084925 17.98279712 
  1.427500e+00  6.49084925 17.98279712 
  1.428750e+00  6.49084925 17.98279712 
  1.430000e+00  6.49084925 17.98279712 
  1.431250e+00  6.49084925 17.98279712 
  1.432500e+00  6.49084925 17.98279712 
  1.433750e+00  6.49084925 17.98279712 
  1.435000e+00  6.49084925 17.98279712 
  1.436250e+00  6.49084925 17.98279712 
  1.437500e+00  6.49084925 17.98279712 
  1.438750e+00  6.49084925 17.98279712 
  1.440000e+00  6.49084925 17.98279712 
  1.441250e+00  6.49084925 17.98279712 
  1.442500e+00  6.49084925 17.98279712 
  1.443750e+00  6.49084925 17.98279712 
  1.445000e+00  6.49084925 17.98279712 
  1.446250e+00  6.49084925 17.98279712 
  1.447500e+00  6.49084925 17.98279712 
  1.448750e+00  6.49084925 17.98279712 
  1.450000e+00  6.49084925 17.98279712 
  1.451250e+00  6.49084925 17.98279712 
  1.452500e+00  6.49084925 17.98279712 
  1.453750e+00  6.49084925 17.98279712 
  1.455000e+00  6.49084925 17.98279712 
  1.456250e+00  6.49084925 17.98279712 
  1.457500e+00  6.49084925 17.98279712 
  1.458750e+00  6.49084925 17.98279712 
  1.460000e+00  6.49084925 17.98279712 
  1.461250e+00  6.49084925 17.98279712 
  1.462500e+00  6.49084925 17.98279712 
  1.463750e+00  6.49084925 17.98279712 
  1.465000e+00  6.49084925 17.98279712 
  1.466250e+00  6.49084925 17.98279712 
  1.467500e+00  6.49084925 17.98279712 
  1.468750e+00  6.49084925 17.98279712 
  1.470000e+00  6.49084925 17.98279712 
  1.471250e+00  6.49084925 17.98279712 
  1.472500e+00  6.49084925 17.98279712 
  1.473750e+00  6.49084925 17.98279712 
  1.475000e+00  6.49084925 17.98279712 
  1.476250e+00  6.49084925 17.98279712 
  1.477500e+00  6.49084925 17.98279712 
  1.478750e+00  6.49084925 17.98279712 
  1.480000e+00  6.49084925 17.98279712 
  1.481250e+00  6.49084925 17.98279712 
  1.482500e+00  6.49084925 17.98279712 
  1.483750e+00  6.49084925 17.98279712 
  1.485000e+00  6.49084925 17.98279712 
  1.486250e+00  6.49084925 17.98279712 
  1.487500e+00  6.49084925 17.98279712 
  1.488750e+00  6.49084925 17.98279712 
  1.490000e+00  6.49084925 17.98279712 
  1.491250e+00  6.49084925 17.98279712 
  1.492500e+00  6.49084925 17.98279712 
  1.493750e+00  6.49084925 17.98279712 
  1.495000e+00  6.49084925 17.98279712 
  1.496250e+00  6.49084925 17.98279712 
  1.497500e+00  6.49084925 17.98279712 
  1.498750e+00  6.49084925 17.98279712 
  1.500000e+00  6.49084925 17.98279712 
  1.501250e+00  6.49084925 17.98279712 
  1.502500e+00  6.49084925 17.98279712 
  1.503750e+00  6.49084925 17.98279712 
  1.505000e+00  6.49084925 17.98279712 
  1.506250e+00  6.49084925 17.98279712 
  1.507500e+00  6.49084925 17.98279712 
  1.508750e+00  6.49084925 17.98279712 
  1.510000e+00  6.49084925 17.98279712 
  1.511250e+00  6.49084925 17.98279712 
  1.512500e+00  6.49084925 17.98279712 
  1.513750e+00  6.49084925 17.98279712 
  1.515000e+00  6.49084925 17.98279712 
  1.516250e+00  6.49084925 17.98279712 
  1.517500e+00  6.49084925 17.98279712 
  1.518750e+00  6.49084925 17.98279712 
  1.520000e+00  6.49084925 17.98279712 
  1.521250e+00  6.49084925 17.98279712 
  1.522500e+00  6.49084925 17.98279712 
  1.523750e+00  6.49084925 17.98279712 
  1.525000e+00  6.49084925 17.98279712 
  1.526250e+00  6.49084925 17.98279712 
  1.527500e+00  6.49084925 17.98279712 
  1.528750e+00  6.49084925 17.98279712 
  1.530000e+00  6.49084925 17.98279712 
  1.531250e+00  6.49084925 17.98279712 
  1.532500e+00  6.49084925 17.98279712 
  1.533750e+00  6.49084925 17.98279712 
  1.535000e+00  6.49084925 17.98279712 
  1.536250e+00  6.49084925 17.98279712 
  1.537500e+00  6.49084925 17.98279712 
  1.538750e+00  6.49084925 17.98279712 
  1.540000e+00  6.49084925 17.98279712 
  1.541250e+00  6.49084925 17.98279712 
  1.542500e+00  6.49084925 17.98279712 
  1.543750e+00  6.49084925 17.98279712 
  1.545000e+00  6.49084925 17.98279712 
  1.546250e+00  6.49084925 17.98279712 
  1.547500e+00  6.49084925 17.98279712 
  1.548750e+00  6.49084925 17.98279712 
  1.550000e+00  6.49084925 17.98279712 
  1.551250e+00  6.49084925 17.98279712 
  1.552500e+00  6.49084925 17.98279712 
  1.553750e+00  6.49084925 17.98279712 
  1.555000e+00  6.49084925 17.98279712 
  1.556250e+00  6.49084925 17.98279712 
  1.557500e+00  6.49084925 17.98279712 
  1.558750e+00  6.49084925 17.98279712 
  1.560000e+00  6.49084925 17.98279712 
  1.561250e+00  6.49084925 17.98279712 
  1.562500e+00  6.49084925 17.98279712 
  1.563750e+00  6.49084925 17.98279712 
  1.565000e+00  6.49084925 17.98279712 
  1.566250e+00  6.49084925 17.98279712 
  1.567500e+00  6.49084925 17.98279712 
  1.568750e+00  6.49084925 17.98279712 
  1.570000e+00  6.49084925 17.98279712 
  1.571250e+00  6.49084925 17.98279712 
  1.572500e+00  6.49084925 17.98279712 
  1.573750e+00  6.49084925 17.98279712 
  1.575000e+00  6.49084925 17.98279712 
  1.576250e+00  6.49084925 17.98279712 
  1.577500e+00  6.49084925 17.98279712 
  1.578750e+00  6.49084925 17.98279712 
  1.580000e+00  6.49084925 17.98279712 
  1.581250e+00  6.49084925 17.98279712 
  1.582500e+00  6.49084925 17.98279712 
  1.583750e+00  6.49084925 17.98279712 
  1.585000e+00  6.49084925 17.98279712 
  1.586250e+00  6.49084925 17.98279712 
  1.587500e+00  6.49084925 17.98279712 
  1.588750e+00  6.49084925 17.98279712 
  1.590000e+00  6.49084925 17.98279712 
  1.591250e+00  6.49084925 17.98279712 
  1.592500e+00  6.49084925 17.98279712 
  1.593750e+00  6.49084925 17.98279712 
  1.595000e+00  6.49084925 17.98279712 
  1.596250e+00  6.49084925 17.98279712 
  1.597500e+00  6.49084925 17.98279712 
  1.598750e+00  6.49084925 17.98279712 
  1.600000e+00  6.49084925 17.98279712 
  1.601250e+00  6.49084925 17.98279712 
  1.602500e+00  6.49084925 17.98279712 
  1.603750e+00  6.49084925 17.98279712 
  1.605000e+00  6.49084925 17.98279712 
  1.606250e+00  6.49084925 17.98279712 
  1.607500e+00  6.49084925 17.98279712 
  1.608750e+00  6.49084925 17.98279712 
  1.610000e+00  6.49084925 17.98279712 
  1.611250e+00  6.49084925 17.98279712 
  1.612500e+00  6.49084925 17.98279712 
  1.613750e+00  6.49084925 17.98279712 
  1.615000e+00  6.49084925 17.98279712 
  1.616250e+00  6.49084925 17.98279712 
  1.617500e+00  6.49084925 17.98279712 
  1.618750e+00  6.49084925 17.98279712 
  1.620000e+00  6.49084925 17.98279712 
  1.621250e+00  6.49084925 17.98279712 
  1.622500e+00  6.49084925 17.98279712 
  1.623750e+00  6.49084925 17.98279712 
  1.625000e+00  6.49084925 17.98279712 
  1.626250e+00  6.49084925 17.98279712 
  1.627500e+00  6.49084925 17.98279712 
  1.628750e+00  6.49084925 17.98279712 
  1.630000e+00  6.49084925 17.98279712 
  1.631250e+00  6.49084925 17.98279712 
  1.632500e+00  6.49084925 17.98279712 
  1.633750e+00  6.49084925 17.98279712 
  1.635000e+00  6.49084925 17.98279712 
  1.636250e+00  6.49084925 17.98279712 
  1.637500e+00  6.49084925 17.98279712 
  1.638750e+00  6.49084925 17.98279712 
  1.640000e+00  6.49084925 17.98279712 
  1.641250e+00  6.49084925 17.98279712 
  1.642500e+00  6.49084925 17.98279712 
  1.643750e+00  6.49084925 17.98279712 
  1.645000e+00  6.49084925 17.98279712 
  1.646250e+00  6.49084925 17.98279712 
  1.647500e+00  6.49084925 17.98279712 
  1.648750e+00  6.49084925 17.98279712 
  1.650000e+00  6.49084925 17.98279712 
  1.651250e+00  6.49084925 17.98279712 
  1.652500e+00  6.49084925 17.98279712 
  1.653750e+00  6.49084925 17.98279712 
  1.655000e+00  6.49084925 17.98279712 
  1.656250e+00  6.49084925 17.98279712 
  1.657500e+00  6.49084925 17.98279712 
  1.658750e+00  6.49084925 17.98279712 
  1.660000e+00  6.49084925 17.98279712 
  1.661250e+00  6.49084925 17.98279712 
  1.662500e+00  6.49084925 17.98279712 
  1.663750e+00  6.49084925 17.98279712 
  1.665000e+00  6.49084925 17.98279712 
  1.666250e+00  6.49084925 17.98279712 
  1.667500e+00  6.49084925 17.98279712 
  1.668750e+00  6.49084925 17.98279712 
  1.670000e+00  6.49084925 17.98279712 
  1.671250e+00  6.49084925 17.98279712 
  1.672500e+00  6.49084925 17.98279712 
  1.673750e+00  6.49084925 17.98279712 
  1.675000e+00  6.49084925 17.98279712 
  1.676250e+00  6.49084925 17.98279712 
  1.677500e+00  6.49084925 17.98279712 
  1.678750e+00  6.49084925 17.98279712 
  1.680000e+00  6.49084925 17.98279712 
  1.681250e+00  6.49084925 17.98279712 
  1.682500e+00  6.49084925 17.98279712 
  1.683750e+00  6.49084925 17.98279712 
  1.685000e+00  6.49084925 17.98279712 
  1.686250e+00  6.49084925 17.98279712 
  1.687500e+00  6.49084925 17.98279712 
  1.688750e+00  6.49084925 17.98279712 
  1.690000e+00  6.49084925 17.98279712 
  1.691250e+00  6.49084925 17.98279712 
  1.692500e+00  6.49084925 17.98279712 
  1.693750e+00  6.49084925 17.98279712 
  1.695000e+00  6.49084925 17.98279712 
  1.696250e+00  6.49084925 17.98279712 
  1.697500e+00  6.49084925 17.98279712 
  1.698750e+00  6.49084925 17.98279712 
  1.700000e+00  6.49084925 17.98279712 
  1.701250e+00  6.49084925 17.98279712 
  1.702500e+00  6.49084925 17.98279712 
  1.703750e+00  6.49084925 17.98279712 
  1.705000e+00  6.49084925 17.98279712 
  1.706250e+00  6.49084925 17.98279712 
  1.707500e+00  6.49084925 17.98279712 
  1.708750e+00  6.49084925 17.98279712 
  1.710000e+00  6.49084925 17.98279712 
  1.711250e+00  6.49084925 17.98279712 
  1.712500e+00  6.49084925 17.98279712 
  1.713750e+00  6.49084925 17.98279712 
  1.715000e+00  6.49084925 17.98279712 
  1.716250e+00  6.49084925 17.98279712 
  1.717500e+00  6.49084925 17.98279712 
  1.718750e+00  6.49084925 17.98279712 
  1.720000e+00  6.49084925 17.98279712 
  1.721250e+00  6.49084925 17.98279712 
  1.722500e+00  6.49084925 17.98279712 
  1.723750e+00  6.49084925 17.98279712 
  1.725000e+00  6.49084925 17.98279712 
  1.726250e+00  6.49084925 17.98279712 
  1.727500e+00  6.49084925 17.98279712 
  1.728750e+00  6.49084925 17.98279712 
  1.730000e+00  6.49084925 17.98279712 
  1.731250e+00  6.49084925 17.98279712 
  1.732500e+00  6.49084925 17.98279712 
  1.733750e+00  6.49084925 17.98279712 
  1.735000e+00  6.49084925 17.98279712 
  1.736250e+00  6.49084925 17.98279712 
  1.737500e+00  6.49084925 17.98279712 
  1.738750e+00  6.49084925 17.98279712 
  1.740000e+00  6.49084925 17.98279712 
  1.741250e+00  6.49084925 17.98279712 
  1.742500e+00  6.49084925 17.98279712 
  1.743750e+00  6.49084925 17.98279712 
  1.745000e+00  6.49084925 17.98279712 
  1.746250e+00  6.49084925 17.98279712 
  1.747500e+00  6.49084925 17.98279712 
  1.748750e+00  6.49084925 17.98279712 
  1.750000e+00  6.49084925 17.98279712 
  1.751250e+00  6.49084925 17.98279712 
  1.752500e+00  6.49084925 17.98279712 
  1.753750e+00  6.49084925 17.98279712 
  1.755000e+00  6.49084925 17.98279712 
  1.756250e+00  6.49084925 17.98279712 
  1.757500e+00  6.49084925 17.98279712 
  1.758750e+00  6.49084925 17.98279712 
  1.760000e+00  6.49084925 17.98279712 
  1.761250e+00  6.49084925 17.98279712 
  1.762500e+00  6.49084925 17.98279712 
  1.763750e+00  6.49084925 17.98279712 
  1.765000e+00  6.49084925 17.98279712 
  1.766250e+00  6.49084925 17.98279712 
  1.767500e+00  6.49084925 17.98279712 
  1.768750e+00  6.49084925 17.98279712 
  1.770000e+00  6.49084925 17.98279712 
  1.771250e+00  6.49084925 17.98279712 
  1.772500e+00  6.49084925 17.98279712 
  1.773750e+00  6.49084925 17.98279712 
  1.775000e+00  6.49084925 17.98279712 
  1.776250e+00  6.49084925 17.98279712 
  1.777500e+00  6.49084925 17.98279712 
  1.778750e+00  6.49084925 17.98279712 
  1.780000e+00  6.49084925 17.98279712 
  1.781250e+00  6.49084925 17.98279712 
  1.782500e+00  6.49084925 17.98279712 
  1.783750e+00  6.49084925 17.98279712 
  1.785000e+00  6.49084925 17.98279712 
  1.786250e+00  6.49084925 17.98279712 
  1.787500e+00  6.49084925 17.98279712 
  1.788750e+00  6.49084925 17.98279712 
  1.790000e+00  6.49084925 17.98279712 
  1.791250e+00  6.49084925 17.98279712 
  1.792500e+00  6.49084925 17.98279712 
  1.793750e+00  6.49084925 17.98279712 
  1.795000e+00  6.49084925 17.98279712 
  1.796250e+00  6.49084925 17.98279712 
  1.797500e+00  6.49084925 17.98279712 
  1.798750e+00  6.49084925 17.98279712 
  1.800000e+00  6.49084925 17.98279712 
  1.801250e+00  6.49084925 17.98279712 
  1.802500e+00  6.49084925 17.98279712 
  1.803750e+00  6.49084925 17.98279712 
  1.805000e+00  6.49084925 17.98279712 
  1.806250e+00  6.49084925 17.98279712 
  1.807500e+00  6.49084925 17.98279712 
  1.808750e+00  6.49084925 17.98279712 
  1.810000e+00  6.49084925 17.98279712 
  1.811250e+00  6.49084925 17.98279712 
  1.812500e+00  6.49084925 17.98279712 
  1.813750e+00  6.49084925 17.98279712 
  1.815000e+00  6.49084925 17.98279712 
  1.816250e+00  6.49084925 17.98279712 
  1.817500e+00  6.49084925 17.98279712 
  1.818750e+00  6.49084925 17.98279712 
  1.820000e+00  6.49084925 17.98279712 
  1.821250e+00  6.49084925 17.98279712 
  1.822500e+00  6.49084925 17.98279712 
  1.823750e+00  6.49084925 17.98279712 
  1.825000e+00  6.49084925 17.98279712 
  1.826250e+00  6.49084925 17.98279712 
  1.827500e+00  6.49084925 17.98279712 
  1.828750e+00  6.49084925 17.98279712 
  1.830000e+00  6.49084925 17.98279712 
  1.831250e+00  6.49084925 17.98279712 
  1.832500e+00  6.49084925 17.98279712 
  1.833750e+00  6.49084925 17.98279712 
  1.835000e+00  6.49084925 17.98279712 
  1.836250e+00  6.49084925 17.98279712 
  1.837500e+00  6.49084925 17.98279712 
  1.838750e+00  6.49084925 17.98279712 
  1.840000e+00  6.49084925 17.98279712 
  1.841250e+00  6.49084925 17.98279712 
  1.842500e+00  6.49084925 17.98279712 
  1.843750e+00  6.49084925 17.98279712 
  1.845000e+00  6.49084925 17.98279712 
  1.846250e+00  6.49084925 17.98279712 
  1.847500e+00  6.49084925 17.98279712 
  1.848750e+00  6.49084925 17.98279712 
  1.850000e+00  6.49084925 17.98279712 
  1.851250e+00  6.49084925 17.98279712 
  1.852500e+00  6.49084925 17.98279712 
  1.853750e+00  6.49084925 17.98279712 
  1.855000e+00  6.49084925 17.98279712 
  1.856250e+00  6.49084925 17.98279712 
  1.857500e+00  6.49084925 17.98279712 
  1.858750e+00  6.49084925 17.98279712 
  1.860000e+00  6.49084925 17.98279712 
  1.861250e+00  6.49084925 17.98279712 
  1.862500e+00  6.49084925 17.98279712 
  1.863750e+00  6.49084925 17.98279712 
  1.865000e+00  6.49084925 17.98279712 
  1.866250e+00  6.49084925 17.98279712 
  1.867500e+00  6.49084925 17.98279712 
  1.868750e+00  6.49084925 17.98279712 
  1.870000e+00  6.49084925 17.98279712 
  1.871250e+00  6.49084925 17.98279712 
  1.872500e+00  6.49084925 17.98279712 
  1.873750e+00  6.49084925 17.98279712 
  1.875000e+00  6.49084925 17.98279712 
  1.876250e+00  6.49084925 17.98279712 
  1.877500e+00  6.49084925 17.98279712 
  1.878750e+00  6.49084925 17.98279712 
  1.880000e+00  6.49084925 17.98279712 
  1.881250e+00  6.49084925 17.98279712 
  1.882500e+00  6.49084925 17.98279712 
  1.883750e+00  6.49084925 17.98279712 
  1.885000e+00  6.49084925 17.98279712 
  1.886250e+00  6.49084925 17.98279712 
  1.887500e+00  6.49084925 17.98279712 
  1.888750e+00  6.49084925 17.98279712 
  1.890000e+00  6.49084925 17.98279712 
  1.891250e+00  6.49084925 17.98279712 
  1.892500e+00  6.49084925 17.98279712 
  1.893750e+00  6.49084925 17.98279712 
  1.895000e+00  6.49084925 17.98279712 
  1.896250e+00  6.49084925 17.98279712 
  1.897500e+00  6.49084925 17.98279712 
  1.898750e+00  6.49084925 17.98279712 
  1.900000e+00  6.49084925 17.98279712 
  1.901250e+00  6.49084925 17.98279712 
  1.902500e+00  6.49084925 17.98279712 
  1.903750e+00  6.49084925 17.98279712 
  1.905000e+00  6.49084925 17.98279712 
  1.906250e+00  6.49084925 17.98279712 
  1.907500e+00  6.49084925 17.98279712 
  1.908750e+00  6.49084925 17.98279712 
  1.910000e+00  6.49084925 17.98279712 
  1.911250e+00  6.49084925 17.98279712 
  1.912500e+00  6.49084925 17.98279712 
  1.913750e+00  6.49084925 17.98279712 
  1.915000e+00  6.49084925 17.98279712 
  1.916250e+00  6.49084925 17.98279712 
  1.917500e+00  6.49084925 17.98279712 
  1.918750e+00  6.49084925 17.98279712 
  1.920000e+00  6.49084925 17.98279712 
  1.921250e+00  6.49084925 17.98279712 
  1.922500e+00  6.49084925 17.98279712 
  1.923750e+00  6.49084925 17.98279712 
  1.925000e+00  6.49084925 17.98279712 
  1.926250e+00  6.49084925 17.98279712 
  1.927500e+00  6.49084925 17.98279712 
  1.928750e+00  6.49084925 17.98279712 
  1.930000e+00  6.49084925 17.98279712 
  1.931250e+00  6.49084925 17.98279712 
  1.932500e+00  6.49084925 17.98279712 
  1.933750e+00  6.49084925 17.98279712 
  1.935000e+00  6.49084925 17.98279712 
  1.936250e+00  6.49084925 17.98279712 
  1.937500e+00  6.49084925 17.98279712 
  1.938750e+00  6.49084925 17.98279712 
  1.940000e+00  6.49084925 17.98279712 
  1.941250e+00  6.49084925 17.98279712 
  1.942500e+00  6.49084925 17.98279712 
  1.943750e+00  6.49084925 17.98279712 
  1.945000e+00  6.49084925 17.98279712 
  1.946250e+00  6.49084925 17.98279712 
  1.947500e+00  6.49084925 17.98279712 
  1.948750e+00  6.49084925 17.98279712 
  1.950000e+00  6.49084925 17.98279712 
  1.951250e+00  6.49084925 17.98279712 
  1.952500e+00  6.49084925 17.98279712 
  1.953750e+00  6.49084925 17.98279712 
  1.955000e+00  6.49084925 17.98279712 
  1.956250e+00  6.49084925 17.98279712 
  1.957500e+00  6.49084925 17.98279712 
  1.958750e+00  6.49084925 17.98279712 
  1.960000e+00  6.49084925 17.98279712 
  1.961250e+00  6.49084925 17.98279712 
  1.962500e+00  6.49084925 17.98279712 
  1.963750e+00  6.49084925 17.98279712 
  1.965000e+00  6.49084925 17.98279712 
  1.966250e+00  6.49084925 17.98279712 
  1.967500e+00  6.49084925 17.98279712 
  1.968750e+00  6.49084925 17.98279712 
  1.970000e+00  6.49084925 17.98279712 
  1.971250e+00  6.49084925 17.98279712 
  1.972500e+00  6.49084925 17.98279712 
  1.973750e+00  6.49084925 17.98279712 
  1.975000e+00  6.49084925 17.98279712 
  1.976250e+00  6.49084925 17.98279712 
  1.977500e+00  6.49084925 17.98279712 
  1.978750e+00  6.49084925 17.98279712 
  1.980000e+00  6.49084925 17.98279712 
  1.981250e+00  6.49084925 17.98279712 
  1.982500e+00  6.49084925 17.98279712 
  1.983750e+00  6.49084925 17.98279712 
  1.985000e+00  6.49084925 17.98279712 
  1.986250e+00  6.49084925 17.98279712 
  1.987500e+00  6.49084925 17.98279712 
  1.988750e+00  6.49084925 17.98279712 
  1.990000e+00  6.49084925 17.98279712 
  1.991250e+00  6.49084925 17.98279712 
  1.992500e+00  6.49084925 17.98279712 
  1.993750e+00  6.49084925 17.98279712 
  1.995000e+00  6.49084925 17.98279712 
  1.996250e+00  6.49084925 17.98279712 
  1.997500e+00  6.49084925 17.98279712 
  1.998750e+00  6.49084925 17.98279712 
  2.000000e+00  6.49084925 17.98279712 
