  2.500000e-03  42.708490  43.116292 
  3.750000e-03  42.081103  42.763786 
  5.000000e-03  41.642558  42.382597 
  6.250000e-03  41.286628  41.960956 
  7.500000e-03  40.932388  41.515249 
  8.750000e-03  40.559162  41.080101 
  1.000000e-02  40.187921  40.673641 
  1.125000e-02  39.845980  40.305461 
  1.250000e-02  39.547951  39.978352 
  1.375000e-02  39.294247  39.689824 
  1.500000e-02  39.075079  39.434119 
  1.625000e-02  38.880257  39.203748 
  1.750000e-02  38.700068  38.993686 
  1.875000e-02  38.529349  38.798487 
  2.000000e-02  38.361053  38.608501 
  2.125000e-02  38.202791  38.435918 
  2.250000e-02  38.052562  38.271673 
  2.375000e-02  37.911824  38.116862 
  2.500000e-02  37.780460  37.970958 
  2.625000e-02  37.657723  37.833408 
  2.750000e-02  37.542308  37.704395 
  2.875000e-02  37.433442  37.583377 
  3.000000e-02  37.330649  37.469833 
  3.125000e-02  37.233109  37.362954 
  3.250000e-02  37.141309  37.262525 
  3.375000e-02  37.054618  37.167976 
  3.500000e-02  36.972520  37.078764 
  3.625000e-02  36.894565  36.994389 
  3.750000e-02  36.820365  36.914400 
  3.875000e-02  36.749605  36.838406 
  4.000000e-02  36.682029  36.766079 
  4.125000e-02  36.617432  36.697143 
  4.250000e-02  36.555645  36.631363 
  4.375000e-02  36.496518  36.568538 
  4.500000e-02  36.439560  36.508155 
  4.625000e-02  36.385236  36.450583 
  4.750000e-02  36.333258  36.395555 
  4.875000e-02  36.283457  36.342894 
  5.000000e-02  36.235705  36.292454 
  5.125000e-02  36.189887  36.244099 
  5.250000e-02  36.145885  36.197698 
  5.375000e-02  36.103581  36.153129 
  5.500000e-02  36.062862  36.110279 
  5.625000e-02  36.023619  36.069041 
  5.750000e-02  35.985755  36.029315 
  5.875000e-02  35.949182  35.991010 
  6.000000e-02  35.913819  35.954037 
  6.125000e-02  35.879597  35.918317 
  6.250000e-02  35.846450  35.883773 
  6.375000e-02  35.814318  35.850337 
  6.500000e-02  35.783147  35.817945 
  6.625000e-02  35.752886  35.786537 
  6.750000e-02  35.723486  35.756060 
  6.875000e-02  35.694904  35.726464 
  7.000000e-02  35.667099  35.697703 
  7.125000e-02  35.640032  35.669735 
  7.250000e-02  35.613670  35.642520 
  7.375000e-02  35.587979  35.616023 
  7.500000e-02  35.562929  35.590209 
  7.625000e-02  35.538492  35.565047 
  7.750000e-02  35.514642  35.540508 
  7.875000e-02  35.491353  35.516564 
  8.000000e-02  35.468603  35.493190 
  8.125000e-02  35.446370  35.470362 
  8.250000e-02  35.424635  35.448059 
  8.375000e-02  35.403379  35.426258 
  8.500000e-02  35.382583  35.404942 
  8.625000e-02  35.362231  35.384091 
  8.750000e-02  35.342308  35.363688 
  8.875000e-02  35.322798  35.343718 
  9.000000e-02  35.303688  35.324164 
  9.125000e-02  35.284964  35.305013 
  9.250000e-02  35.266613  35.286250 
  9.375000e-02  35.248625  35.267865 
  9.500000e-02  35.230988  35.249844 
  9.625000e-02  35.213691  35.232176 
  9.750000e-02  35.196724  35.214851 
  9.875000e-02  35.180079  35.197858 
  1.000000e-01  35.163745  35.181187 
  1.012500e-01  35.147714  35.164830 
  1.025000e-01  35.131978  35.148776 
  1.037500e-01  35.116528  35.133019 
  1.050000e-01  35.101357  35.117549 
  1.062500e-01  35.086458  35.102359 
  1.075000e-01  35.071824  35.087442 
  1.087500e-01  35.057448  35.072790 
  1.100000e-01  35.043323  35.058397 
  1.112500e-01  35.029444  35.044257 
  1.125000e-01  35.015804  35.030362 
  1.137500e-01  35.002397  35.016707 
  1.150000e-01  34.989219  35.003287 
  1.162500e-01  34.976264  34.990095 
  1.175000e-01  34.963527  34.977127 
  1.187500e-01  34.951002  34.964376 
  1.200000e-01  34.938685  34.951839 
  1.212500e-01  34.926572  34.939510 
  1.225000e-01  34.914657  34.927385 
  1.237500e-01  34.902938  34.915459 
  1.250000e-01  34.891408  34.903728 
  1.262500e-01  34.880065  34.892187 
  1.275000e-01  34.868905  34.880834 
  1.287500e-01  34.857923  34.869663 
  1.300000e-01  34.847116  34.858670 
  1.312500e-01  34.836480  34.847853 
  1.325000e-01  34.826013  34.837208 
  1.337500e-01  34.815710  34.826731 
  1.350000e-01  34.805568  34.816418 
  1.362500e-01  34.795585  34.806267 
  1.375000e-01  34.785756  34.796275 
  1.387500e-01  34.776080  34.786437 
  1.400000e-01  34.766553  34.776752 
  1.412500e-01  34.757172  34.767216 
  1.425000e-01  34.747934  34.757826 
  1.437500e-01  34.738838  34.748581 
  1.450000e-01  34.729879  34.739476 
  1.462500e-01  34.721057  34.730509 
  1.475000e-01  34.712367  34.721678 
  1.487500e-01  34.703808  34.712980 
  1.500000e-01  34.695378  34.704414 
  1.512500e-01  34.687073  34.695975 
  1.525000e-01  34.678892  34.687663 
  1.537500e-01  34.670833  34.679475 
  1.550000e-01  34.662893  34.671408 
  1.562500e-01  34.655070  34.663460 
  1.575000e-01  34.647363  34.655630 
  1.587500e-01  34.639768  34.647916 
  1.600000e-01  34.632285  34.640314 
  1.612500e-01  34.624911  34.632824 
  1.625000e-01  34.617645  34.625443 
  1.637500e-01  34.610484  34.618170 
  1.650000e-01  34.603426  34.611002 
  1.662500e-01  34.596471  34.603938 
  1.675000e-01  34.589616  34.596976 
  1.687500e-01  34.582859  34.590114 
  1.700000e-01  34.576199  34.583351 
  1.712500e-01  34.569634  34.576684 
  1.725000e-01  34.563163  34.570113 
  1.737500e-01  34.556784  34.563636 
  1.750000e-01  34.550496  34.557251 
  1.762500e-01  34.544296  34.550956 
  1.775000e-01  34.538184  34.544750 
  1.787500e-01  34.532157  34.538632 
  1.800000e-01  34.526216  34.532600 
  1.812500e-01  34.520358  34.526653 
  1.825000e-01  34.514581  34.520788 
  1.837500e-01  34.508885  34.515006 
  1.850000e-01  34.503268  34.509305 
  1.862500e-01  34.497729  34.503682 
  1.875000e-01  34.492267  34.498138 
  1.887500e-01  34.486880  34.492670 
  1.900000e-01  34.481567  34.487278 
  1.912500e-01  34.476327  34.481960 
  1.925000e-01  34.471159  34.476714 
  1.937500e-01  34.466061  34.471541 
  1.950000e-01  34.461033  34.466438 
  1.962500e-01  34.456073  34.461405 
  1.975000e-01  34.451181  34.456440 
  1.987500e-01  34.446354  34.451543 
  2.000000e-01  34.441593  34.446712 
  2.012500e-01  34.436895  34.441946 
  2.025000e-01  34.432261  34.437243 
  2.037500e-01  34.427689  34.432605 
  2.050000e-01  34.423178  34.428028 
  2.062500e-01  34.418726  34.423512 
  2.075000e-01  34.414334  34.419056 
  2.087500e-01  34.410000  34.414660 
  2.100000e-01  34.405724  34.410321 
  2.112500e-01  34.401503  34.406040 
  2.125000e-01  34.397338  34.401816 
  2.137500e-01  34.393228  34.397647 
  2.150000e-01  34.389171  34.393532 
  2.162500e-01  34.385168  34.389472 
  2.175000e-01  34.381216  34.385464 
  2.187500e-01  34.377316  34.381508 
  2.200000e-01  34.373466  34.377604 
  2.212500e-01  34.369666  34.373750 
  2.225000e-01  34.365914  34.369946 
  2.237500e-01  34.362211  34.366191 
  2.250000e-01  34.358555  34.362484 
  2.262500e-01  34.354946  34.358825 
  2.275000e-01  34.351383  34.355212 
  2.287500e-01  34.347865  34.351645 
  2.300000e-01  34.344391  34.348124 
  2.312500e-01  34.340962  34.344647 
  2.325000e-01  34.337575  34.341214 
  2.337500e-01  34.334231  34.337824 
  2.350000e-01  34.330929  34.334477 
  2.362500e-01  34.327668  34.331171 
  2.375000e-01  34.324448  34.327907 
  2.387500e-01  34.321268  34.324684 
  2.400000e-01  34.318127  34.321501 
  2.412500e-01  34.315026  34.318357 
  2.425000e-01  34.311962  34.315252 
  2.437500e-01  34.308936  34.312185 
  2.450000e-01  34.305947  34.309156 
  2.462500e-01  34.302995  34.306165 
  2.475000e-01  34.300078  34.303209 
  2.487500e-01  34.297197  34.300290 
  2.500000e-01  34.294352  34.297407 
  2.512500e-01  34.291540  34.294558 
  2.525000e-01  34.288763  34.291744 
  2.537500e-01  34.286018  34.288964 
  2.550000e-01  34.283307  34.286217 
  2.562500e-01  34.280629  34.283503 
  2.575000e-01  34.277982  34.280822 
  2.587500e-01  34.275367  34.278173 
  2.600000e-01  34.272783  34.275555 
  2.612500e-01  34.270230  34.272969 
  2.625000e-01  34.267706  34.270413 
  2.637500e-01  34.265213  34.267887 
  2.650000e-01  34.262749  34.265391 
  2.662500e-01  34.260314  34.262925 
  2.675000e-01  34.257907  34.260488 
  2.687500e-01  34.255529  34.258079 
  2.700000e-01  34.253178  34.255698 
  2.712500e-01  34.250854  34.253345 
  2.725000e-01  34.248558  34.251019 
  2.737500e-01  34.246288  34.248721 
  2.750000e-01  34.244044  34.246449 
  2.762500e-01  34.241827  34.244203 
  2.775000e-01  34.239634  34.241983 
  2.787500e-01  34.237467  34.239789 
  2.800000e-01  34.235325  34.237620 
  2.812500e-01  34.233207  34.235475 
  2.825000e-01  34.231113  34.233356 
  2.837500e-01  34.229043  34.231260 
  2.850000e-01  34.226997  34.229188 
  2.862500e-01  34.224974  34.227140 
  2.875000e-01  34.222973  34.225115 
  2.887500e-01  34.220995  34.223112 
  2.900000e-01  34.219040  34.221133 
  2.912500e-01  34.217106  34.219175 
  2.925000e-01  34.215194  34.217240 
  2.937500e-01  34.213304  34.215326 
  2.950000e-01  34.211434  34.213434 
  2.962500e-01  34.209586  34.211563 
  2.975000e-01  34.207758  34.209713 
  2.987500e-01  34.205950  34.207883 
  3.000000e-01  34.204162  34.206074 
  3.012500e-01  34.202394  34.204285 
  3.025000e-01  34.200646  34.202515 
  3.037500e-01  34.198917  34.200765 
  3.050000e-01  34.197207  34.199035 
  3.062500e-01  34.195516  34.197323 
  3.075000e-01  34.193843  34.195630 
  3.087500e-01  34.192189  34.193956 
  3.100000e-01  34.190552  34.192301 
  3.112500e-01  34.188934  34.190663 
  3.125000e-01  34.187333  34.189043 
  3.137500e-01  34.185750  34.187441 
  3.150000e-01  34.184184  34.185856 
  3.162500e-01  34.182635  34.184289 
  3.175000e-01  34.181103  34.182739 
  3.187500e-01  34.179587  34.181205 
  3.200000e-01  34.178088  34.179688 
  3.212500e-01  34.176605  34.178188 
  3.225000e-01  34.175138  34.176704 
  3.237500e-01  34.173687  34.175235 
  3.250000e-01  34.172251  34.173783 
  3.262500e-01  34.170831  34.172346 
  3.275000e-01  34.169426  34.170925 
  3.287500e-01  34.168036  34.169519 
  3.300000e-01  34.166662  34.168128 
  3.312500e-01  34.165301  34.166752 
  3.325000e-01  34.163956  34.165390 
  3.337500e-01  34.162624  34.164044 
  3.350000e-01  34.161307  34.162711 
  3.362500e-01  34.160004  34.161393 
  3.375000e-01  34.158715  34.160089 
  3.387500e-01  34.157440  34.158799 
  3.400000e-01  34.156178  34.157522 
  3.412500e-01  34.154930  34.156260 
  3.425000e-01  34.153695  34.155010 
  3.437500e-01  34.152472  34.153774 
  3.450000e-01  34.151263  34.152551 
  3.462500e-01  34.150067  34.151341 
  3.475000e-01  34.148883  34.150144 
  3.487500e-01  34.147712  34.148959 
  3.500000e-01  34.146554  34.147787 
  3.512500e-01  34.145407  34.146627 
  3.525000e-01  34.144273  34.145480 
  3.537500e-01  34.143151  34.144345 
  3.550000e-01  34.142040  34.143221 
  3.562500e-01  34.140941  34.142110 
  3.575000e-01  34.139854  34.141010 
  3.587500e-01  34.138778  34.139922 
  3.600000e-01  34.137714  34.138846 
  3.612500e-01  34.136660  34.137780 
  3.625000e-01  34.135618  34.136726 
  3.637500e-01  34.134587  34.135683 
  3.650000e-01  34.133567  34.134651 
  3.662500e-01  34.132557  34.133630 
  3.675000e-01  34.131558  34.132619 
  3.687500e-01  34.130569  34.131620 
  3.700000e-01  34.129591  34.130630 
  3.712500e-01  34.128623  34.129651 
  3.725000e-01  34.127666  34.128683 
  3.737500e-01  34.126718  34.127724 
  3.750000e-01  34.125780  34.126776 
  3.762500e-01  34.124852  34.125837 
  3.775000e-01  34.123934  34.124909 
  3.787500e-01  34.123026  34.123990 
  3.800000e-01  34.122126  34.123081 
  3.812500e-01  34.121237  34.122181 
  3.825000e-01  34.120357  34.121291 
  3.837500e-01  34.119485  34.120410 
  3.850000e-01  34.118624  34.119538 
  3.862500e-01  34.117771  34.118675 
  3.875000e-01  34.116927  34.117822 
  3.887500e-01  34.116092  34.116977 
  3.900000e-01  34.115265  34.116141 
  3.912500e-01  34.114447  34.115314 
  3.925000e-01  34.113638  34.114496 
  3.937500e-01  34.112838  34.113686 
  3.950000e-01  34.112045  34.112885 
  3.962500e-01  34.111261  34.112092 
  3.975000e-01  34.110485  34.111307 
  3.987500e-01  34.109718  34.110531 
  4.000000e-01  34.108958  34.109763 
  4.012500e-01  34.108206  34.109003 
  4.025000e-01  34.107463  34.108250 
  4.037500e-01  34.106727  34.107506 
  4.050000e-01  34.105998  34.106769 
  4.062500e-01  34.105278  34.106041 
  4.075000e-01  34.104565  34.105319 
  4.087500e-01  34.103859  34.104606 
  4.100000e-01  34.103161  34.103900 
  4.112500e-01  34.102470  34.103201 
  4.125000e-01  34.101786  34.102510 
  4.137500e-01  34.101110  34.101825 
  4.150000e-01  34.100440  34.101148 
  4.162500e-01  34.099778  34.100479 
  4.175000e-01  34.099123  34.099816 
  4.187500e-01  34.098474  34.099160 
  4.200000e-01  34.097833  34.098511 
  4.212500e-01  34.097198  34.097869 
  4.225000e-01  34.096569  34.097233 
  4.237500e-01  34.095948  34.096605 
  4.250000e-01  34.095332  34.095982 
  4.262500e-01  34.094724  34.095367 
  4.275000e-01  34.094121  34.094758 
  4.287500e-01  34.093526  34.094155 
  4.300000e-01  34.092936  34.093559 
  4.312500e-01  34.092352  34.092969 
  4.325000e-01  34.091775  34.092385 
  4.337500e-01  34.091204  34.091807 
  4.350000e-01  34.090639  34.091235 
  4.362500e-01  34.090079  34.090670 
  4.375000e-01  34.089526  34.090110 
  4.387500e-01  34.088978  34.089556 
  4.400000e-01  34.088437  34.089008 
  4.412500e-01  34.087901  34.088466 
  4.425000e-01  34.087370  34.087930 
  4.437500e-01  34.086845  34.087399 
  4.450000e-01  34.086326  34.086874 
  4.462500e-01  34.085812  34.086354 
  4.475000e-01  34.085304  34.085840 
  4.487500e-01  34.084801  34.085331 
  4.500000e-01  34.084303  34.084828 
  4.512500e-01  34.083811  34.084330 
  4.525000e-01  34.083324  34.083837 
  4.537500e-01  34.082841  34.083350 
  4.550000e-01  34.082365  34.082867 
  4.562500e-01  34.081893  34.082390 
  4.575000e-01  34.081426  34.081918 
  4.587500e-01  34.080964  34.081450 
  4.600000e-01  34.080507  34.080988 
  4.612500e-01  34.080054  34.080531 
  4.625000e-01  34.079607  34.080078 
  4.637500e-01  34.079164  34.079630 
  4.650000e-01  34.078726  34.079187 
  4.662500e-01  34.078293  34.078749 
  4.675000e-01  34.077864  34.078315 
  4.687500e-01  34.077440  34.077886 
  4.700000e-01  34.077020  34.077462 
  4.712500e-01  34.076605  34.077042 
  4.725000e-01  34.076194  34.076626 
  4.737500e-01  34.075788  34.076215 
  4.750000e-01  34.075386  34.075809 
  4.762500e-01  34.074988  34.075406 
  4.775000e-01  34.074594  34.075008 
  4.787500e-01  34.074205  34.074614 
  4.800000e-01  34.073819  34.074225 
  4.812500e-01  34.073438  34.073839 
  4.825000e-01  34.073061  34.073458 
  4.837500e-01  34.072688  34.073080 
  4.850000e-01  34.072319  34.072707 
  4.862500e-01  34.071954  34.072337 
  4.875000e-01  34.071592  34.071972 
  4.887500e-01  34.071235  34.071610 
  4.900000e-01  34.070881  34.071253 
  4.912500e-01  34.070531  34.070899 
  4.925000e-01  34.070185  34.070549 
  4.937500e-01  34.069843  34.070202 
  4.950000e-01  34.069504  34.069860 
  4.962500e-01  34.069169  34.069521 
  4.975000e-01  34.068837  34.069185 
  4.987500e-01  34.068509  34.068854 
  5.000000e-01  34.068185  34.068525 
  5.012500e-01  34.067864  34.068201 
  5.025000e-01  34.067546  34.067879 
  5.037500e-01  34.067232  34.067562 
  5.050000e-01  34.066921  34.067247 
  5.062500e-01  34.066614  34.066936 
  5.075000e-01  34.066309  34.066628 
  5.087500e-01  34.066008  34.066324 
  5.100000e-01  34.065711  34.066023 
  5.112500e-01  34.065416  34.065725 
  5.125000e-01  34.065125  34.065430 
  5.137500e-01  34.064836  34.065139 
  5.150000e-01  34.064551  34.064850 
  5.162500e-01  34.064269  34.064565 
  5.175000e-01  34.063990  34.064283 
  5.187500e-01  34.063714  34.064003 
  5.200000e-01  34.063441  34.063727 
  5.212500e-01  34.063171  34.063454 
  5.225000e-01  34.062903  34.063183 
  5.237500e-01  34.062639  34.062916 
  5.250000e-01  34.062377  34.062651 
  5.262500e-01  34.062119  34.062390 
  5.275000e-01  34.061863  34.062131 
  5.287500e-01  34.061610  34.061875 
  5.300000e-01  34.061359  34.061621 
  5.312500e-01  34.061111  34.061371 
  5.325000e-01  34.060866  34.061123 
  5.337500e-01  34.060624  34.060877 
  5.350000e-01  34.060384  34.060635 
  5.362500e-01  34.060146  34.060395 
  5.375000e-01  34.059912  34.060157 
  5.387500e-01  34.059680  34.059922 
  5.400000e-01  34.059450  34.059690 
  5.412500e-01  34.059223  34.059460 
  5.425000e-01  34.058998  34.059233 
  5.437500e-01  34.058775  34.059008 
  5.450000e-01  34.058556  34.058786 
  5.462500e-01  34.058338  34.058565 
  5.475000e-01  34.058123  34.058348 
  5.487500e-01  34.057910  34.058132 
  5.500000e-01  34.057699  34.057919 
  5.512500e-01  34.057491  34.057709 
  5.525000e-01  34.057285  34.057500 
  5.537500e-01  34.057081  34.057294 
  5.550000e-01  34.056879  34.057090 
  5.562500e-01  34.056680  34.056888 
  5.575000e-01  34.056482  34.056689 
  5.587500e-01  34.056287  34.056491 
  5.600000e-01  34.056094  34.056296 
  5.612500e-01  34.055903  34.056103 
  5.625000e-01  34.055714  34.055912 
  5.637500e-01  34.055527  34.055723 
  5.650000e-01  34.055343  34.055536 
  5.662500e-01  34.055160  34.055351 
  5.675000e-01  34.054979  34.055168 
  5.687500e-01  34.054800  34.054987 
  5.700000e-01  34.054623  34.054808 
  5.712500e-01  34.054448  34.054631 
  5.725000e-01  34.054275  34.054455 
  5.737500e-01  34.054103  34.054282 
  5.750000e-01  34.053934  34.054111 
  5.762500e-01  34.053766  34.053941 
  5.775000e-01  34.053601  34.053774 
  5.787500e-01  34.053437  34.053608 
  5.800000e-01  34.053274  34.053444 
  5.812500e-01  34.053114  34.053281 
  5.825000e-01  34.052955  34.053121 
  5.837500e-01  34.052798  34.052962 
  5.850000e-01  34.052643  34.052805 
  5.862500e-01  34.052489  34.052649 
  5.875000e-01  34.052337  34.052496 
  5.887500e-01  34.052187  34.052344 
  5.900000e-01  34.052038  34.052193 
  5.912500e-01  34.051891  34.052045 
  5.925000e-01  34.051746  34.051898 
  5.937500e-01  34.051602  34.051752 
  5.950000e-01  34.051460  34.051608 
  5.962500e-01  34.051319  34.051466 
  5.975000e-01  34.051180  34.051325 
  5.987500e-01  34.051042  34.051186 
  6.000000e-01  34.050906  34.051048 
  6.012500e-01  34.050771  34.050911 
  6.025000e-01  34.050638  34.050777 
  6.037500e-01  34.050506  34.050643 
  6.050000e-01  34.050376  34.050511 
  6.062500e-01  34.050247  34.050381 
  6.075000e-01  34.050119  34.050252 
  6.087500e-01  34.049993  34.050124 
  6.100000e-01  34.049868  34.049998 
  6.112500e-01  34.049744  34.049873 
  6.125000e-01  34.049622  34.049749 
  6.137500e-01  34.049502  34.049627 
  6.150000e-01  34.049382  34.049506 
  6.162500e-01  34.049264  34.049387 
  6.175000e-01  34.049147  34.049269 
  6.187500e-01  34.049031  34.049152 
  6.200000e-01  34.048917  34.049036 
  6.212500e-01  34.048804  34.048921 
  6.225000e-01  34.048692  34.048808 
  6.237500e-01  34.048581  34.048696 
  6.250000e-01  34.048472  34.048586 
  6.262500e-01  34.048364  34.048476 
  6.275000e-01  34.048256  34.048368 
  6.287500e-01  34.048150  34.048261 
  6.300000e-01  34.048046  34.048155 
  6.312500e-01  34.047942  34.048050 
  6.325000e-01  34.047839  34.047946 
  6.337500e-01  34.047738  34.047843 
  6.350000e-01  34.047638  34.047742 
  6.362500e-01  34.047539  34.047642 
  6.375000e-01  34.047440  34.047542 
  6.387500e-01  34.047343  34.047444 
  6.400000e-01  34.047247  34.047347 
  6.412500e-01  34.047152  34.047251 
  6.425000e-01  34.047059  34.047156 
  6.437500e-01  34.046966  34.047062 
  6.450000e-01  34.046874  34.046969 
  6.462500e-01  34.046783  34.046877 
  6.475000e-01  34.046693  34.046786 
  6.487500e-01  34.046604  34.046696 
  6.500000e-01  34.046516  34.046607 
  6.512500e-01  34.046429  34.046519 
  6.525000e-01  34.046343  34.046432 
  6.537500e-01  34.046258  34.046346 
  6.550000e-01  34.046174  34.046261 
  6.562500e-01  34.046090  34.046177 
  6.575000e-01  34.046008  34.046094 
  6.587500e-01  34.045927  34.046011 
  6.600000e-01  34.045846  34.045930 
  6.612500e-01  34.045766  34.045849 
  6.625000e-01  34.045688  34.045769 
  6.637500e-01  34.045610  34.045690 
  6.650000e-01  34.045532  34.045612 
  6.662500e-01  34.045456  34.045535 
  6.675000e-01  34.045381  34.045459 
  6.687500e-01  34.045306  34.045383 
  6.700000e-01  34.045232  34.045309 
  6.712500e-01  34.045159  34.045235 
  6.725000e-01  34.045087  34.045162 
  6.737500e-01  34.045016  34.045090 
  6.750000e-01  34.044945  34.045018 
  6.762500e-01  34.044875  34.044948 
  6.775000e-01  34.044806  34.044878 
  6.787500e-01  34.044738  34.044809 
  6.800000e-01  34.044670  34.044740 
  6.812500e-01  34.044603  34.044672 
  6.825000e-01  34.044537  34.044606 
  6.837500e-01  34.044472  34.044539 
  6.850000e-01  34.044407  34.044474 
  6.862500e-01  34.044343  34.044409 
  6.875000e-01  34.044280  34.044345 
  6.887500e-01  34.044217  34.044282 
  6.900000e-01  34.044155  34.044219 
  6.912500e-01  34.044094  34.044157 
  6.925000e-01  34.044033  34.044096 
  6.937500e-01  34.043973  34.044035 
  6.950000e-01  34.043914  34.043975 
  6.962500e-01  34.043855  34.043916 
  6.975000e-01  34.043797  34.043857 
  6.987500e-01  34.043740  34.043799 
  7.000000e-01  34.043683  34.043742 
  7.012500e-01  34.043627  34.043685 
  7.025000e-01  34.043572  34.043629 
  7.037500e-01  34.043517  34.043574 
  7.050000e-01  34.043462  34.043519 
  7.062500e-01  34.043409  34.043464 
  7.075000e-01  34.043356  34.043411 
  7.087500e-01  34.043303  34.043357 
  7.100000e-01  34.043251  34.043305 
  7.112500e-01  34.043200  34.043253 
  7.125000e-01  34.043149  34.043201 
  7.137500e-01  34.043099  34.043151 
  7.150000e-01  34.043049  34.043100 
  7.162500e-01  34.043000  34.043050 
  7.175000e-01  34.042951  34.043001 
  7.187500e-01  34.042903  34.042953 
  7.200000e-01  34.042855  34.042904 
  7.212500e-01  34.042808  34.042857 
  7.225000e-01  34.042762  34.042810 
  7.237500e-01  34.042715  34.042763 
  7.250000e-01  34.042670  34.042717 
  7.262500e-01  34.042625  34.042671 
  7.275000e-01  34.042580  34.042626 
  7.287500e-01  34.042536  34.042582 
  7.300000e-01  34.042493  34.042538 
  7.312500e-01  34.042449  34.042494 
  7.325000e-01  34.042407  34.042451 
  7.337500e-01  34.042365  34.042408 
  7.350000e-01  34.042323  34.042366 
  7.362500e-01  34.042282  34.042324 
  7.375000e-01  34.042241  34.042283 
  7.387500e-01  34.042200  34.042242 
  7.400000e-01  34.042160  34.042202 
  7.412500e-01  34.042121  34.042162 
  7.425000e-01  34.042082  34.042122 
  7.437500e-01  34.042043  34.042083 
  7.450000e-01  34.042005  34.042044 
  7.462500e-01  34.041967  34.042006 
  7.475000e-01  34.041930  34.041968 
  7.487500e-01  34.041893  34.041931 
  7.500000e-01  34.041856  34.041894 
  7.512500e-01  34.041820  34.041857 
  7.525000e-01  34.041784  34.041821 
  7.537500e-01  34.041749  34.041785 
  7.550000e-01  34.041714  34.041750 
  7.562500e-01  34.041679  34.041715 
  7.575000e-01  34.041645  34.041680 
  7.587500e-01  34.041611  34.041646 
  7.600000e-01  34.041577  34.041612 
  7.612500e-01  34.041544  34.041578 
  7.625000e-01  34.041511  34.041545 
  7.637500e-01  34.041479  34.041512 
  7.650000e-01  34.041447  34.041480 
  7.662500e-01  34.041415  34.041448 
  7.675000e-01  34.041384  34.041416 
  7.687500e-01  34.041353  34.041385 
  7.700000e-01  34.041322  34.041354 
  7.712500e-01  34.041292  34.041323 
  7.725000e-01  34.041261  34.041292 
  7.737500e-01  34.041232  34.041262 
  7.750000e-01  34.041202  34.041233 
  7.762500e-01  34.041173  34.041203 
  7.775000e-01  34.041145  34.041174 
  7.787500e-01  34.041116  34.041145 
  7.800000e-01  34.041088  34.041117 
  7.812500e-01  34.041060  34.041089 
  7.825000e-01  34.041033  34.041061 
  7.837500e-01  34.041005  34.041033 
  7.850000e-01  34.040978  34.041006 
  7.862500e-01  34.040952  34.040979 
  7.875000e-01  34.040925  34.040953 
  7.887500e-01  34.040899  34.040926 
  7.900000e-01  34.040874  34.040900 
  7.912500e-01  34.040848  34.040874 
  7.925000e-01  34.040823  34.040849 
  7.937500e-01  34.040798  34.040824 
  7.950000e-01  34.040773  34.040799 
  7.962500e-01  34.040749  34.040774 
  7.975000e-01  34.040725  34.040750 
  7.987500e-01  34.040701  34.040725 
  8.000000e-01  34.040677  34.040702 
  8.012500e-01  34.040654  34.040678 
  8.025000e-01  34.040631  34.040655 
  8.037500e-01  34.040608  34.040632 
  8.050000e-01  34.040585  34.040609 
  8.062500e-01  34.040563  34.040586 
  8.075000e-01  34.040541  34.040564 
  8.087500e-01  34.040519  34.040542 
  8.100000e-01  34.040497  34.040520 
  8.112500e-01  34.040476  34.040498 
  8.125000e-01  34.040455  34.040477 
  8.137500e-01  34.040434  34.040455 
  8.150000e-01  34.040413  34.040435 
  8.162500e-01  34.040393  34.040414 
  8.175000e-01  34.040373  34.040393 
  8.187500e-01  34.040352  34.040373 
  8.200000e-01  34.040333  34.040353 
  8.212500e-01  34.040313  34.040333 
  8.225000e-01  34.040294  34.040314 
  8.237500e-01  34.040274  34.040294 
  8.250000e-01  34.040256  34.040275 
  8.262500e-01  34.040237  34.040256 
  8.275000e-01  34.040218  34.040237 
  8.287500e-01  34.040200  34.040219 
  8.300000e-01  34.040182  34.040200 
  8.312500e-01  34.040164  34.040182 
  8.325000e-01  34.040146  34.040164 
  8.337500e-01  34.040128  34.040146 
  8.350000e-01  34.040111  34.040129 
  8.362500e-01  34.040094  34.040111 
  8.375000e-01  34.040077  34.040094 
  8.387500e-01  34.040060  34.040077 
  8.400000e-01  34.040043  34.040060 
  8.412500e-01  34.040027  34.040044 
  8.425000e-01  34.040011  34.040027 
  8.437500e-01  34.039995  34.040011 
  8.450000e-01  34.039979  34.039995 
  8.462500e-01  34.039963  34.039979 
  8.475000e-01  34.039947  34.039963 
  8.487500e-01  34.039932  34.039948 
  8.500000e-01  34.039917  34.039932 
  8.512500e-01  34.039902  34.039917 
  8.525000e-01  34.039887  34.039902 
  8.537500e-01  34.039872  34.039887 
  8.550000e-01  34.039857  34.039872 
  8.562500e-01  34.039843  34.039858 
  8.575000e-01  34.039829  34.039843 
  8.587500e-01  34.039814  34.039829 
  8.600000e-01  34.039800  34.039815 
  8.612500e-01  34.039787  34.039801 
  8.625000e-01  34.039773  34.039787 
  8.637500e-01  34.039760  34.039773 
  8.650000e-01  34.039746  34.039760 
  8.662500e-01  34.039733  34.039746 
  8.675000e-01  34.039720  34.039733 
  8.687500e-01  34.039707  34.039720 
  8.700000e-01  34.039694  34.039707 
  8.712500e-01  34.039681  34.039694 
  8.725000e-01  34.039669  34.039682 
  8.737500e-01  34.039657  34.039669 
  8.750000e-01  34.039644  34.039657 
  8.762500e-01  34.039632  34.039645 
  8.775000e-01  34.039620  34.039632 
  8.787500e-01  34.039608  34.039620 
  8.800000e-01  34.039597  34.039609 
  8.812500e-01  34.039585  34.039597 
  8.825000e-01  34.039574  34.039585 
  8.837500e-01  34.039562  34.039574 
  8.850000e-01  34.039551  34.039562 
  8.862500e-01  34.039540  34.039551 
  8.875000e-01  34.039529  34.039540 
  8.887500e-01  34.039518  34.039529 
  8.900000e-01  34.039507  34.039518 
  8.912500e-01  34.039497  34.039508 
  8.925000e-01  34.039486  34.039497 
  8.937500e-01  34.039476  34.039486 
  8.950000e-01  34.039465  34.039476 
  8.962500e-01  34.039455  34.039466 
  8.975000e-01  34.039445  34.039456 
  8.987500e-01  34.039435  34.039445 
  9.000000e-01  34.039425  34.039435 
  9.012500e-01  34.039416  34.039426 
  9.025000e-01  34.039406  34.039416 
  9.037500e-01  34.039397  34.039406 
  9.050000e-01  34.039387  34.039397 
  9.062500e-01  34.039378  34.039387 
  9.075000e-01  34.039369  34.039378 
  9.087500e-01  34.039359  34.039369 
  9.100000e-01  34.039350  34.039360 
  9.112500e-01  34.039341  34.039351 
  9.125000e-01  34.039333  34.039342 
  9.137500e-01  34.039324  34.039333 
  9.150000e-01  34.039315  34.039324 
  9.162500e-01  34.039307  34.039315 
  9.175000e-01  34.039298  34.039307 
  9.187500e-01  34.039290  34.039298 
  9.200000e-01  34.039282  34.039290 
  9.212500e-01  34.039273  34.039282 
  9.225000e-01  34.039265  34.039274 
  9.237500e-01  34.039257  34.039266 
  9.250000e-01  34.039249  34.039258 
  9.262500e-01  34.039242  34.039250 
  9.275000e-01  34.039234  34.039242 
  9.287500e-01  34.039226  34.039234 
  9.300000e-01  34.039219  34.039226 
  9.312500e-01  34.039211  34.039219 
  9.325000e-01  34.039204  34.039211 
  9.337500e-01  34.039196  34.039204 
  9.350000e-01  34.039189  34.039197 
  9.362500e-01  34.039182  34.039189 
  9.375000e-01  34.039175  34.039182 
  9.387500e-01  34.039168  34.039175 
  9.400000e-01  34.039161  34.039168 
  9.412500e-01  34.039154  34.039161 
  9.425000e-01  34.039147  34.039154 
  9.437500e-01  34.039141  34.039147 
  9.450000e-01  34.039134  34.039141 
  9.462500e-01  34.039127  34.039134 
  9.475000e-01  34.039121  34.039127 
  9.487500e-01  34.039114  34.039121 
  9.500000e-01  34.039108  34.039115 
  9.512500e-01  34.039102  34.039108 
  9.525000e-01  34.039096  34.039102 
  9.537500e-01  34.039089  34.039096 
  9.550000e-01  34.039083  34.039089 
  9.562500e-01  34.039077  34.039083 
  9.575000e-01  34.039071  34.039077 
  9.587500e-01  34.039065  34.039071 
  9.600000e-01  34.039060  34.039066 
  9.612500e-01  34.039054  34.039060 
  9.625000e-01  34.039048  34.039054 
  9.637500e-01  34.039042  34.039048 
  9.650000e-01  34.039037  34.039043 
  9.662500e-01  34.039031  34.039037 
  9.675000e-01  34.039026  34.039031 
  9.687500e-01  34.039020  34.039026 
  9.700000e-01  34.039015  34.039021 
  9.712500e-01  34.039010  34.039015 
  9.725000e-01  34.039005  34.039010 
  9.737500e-01  34.038999  34.039005 
  9.750000e-01  34.038994  34.039000 
  9.762500e-01  34.038989  34.038994 
  9.775000e-01  34.038984  34.038989 
  9.787500e-01  34.038979  34.038984 
  9.800000e-01  34.038974  34.038979 
  9.812500e-01  34.038970  34.038975 
  9.825000e-01  34.038965  34.038970 
  9.837500e-01  34.038960  34.038965 
  9.850000e-01  34.038955  34.038960 
  9.862500e-01  34.038951  34.038955 
  9.875000e-01  34.038946  34.038951 
  9.887500e-01  34.038942  34.038946 
  9.900000e-01  34.038937  34.038942 
  9.912500e-01  34.038933  34.038937 
  9.925000e-01  34.038928  34.038933 
  9.937500e-01  34.038924  34.038928 
  9.950000e-01  34.038920  34.038924 
  9.962500e-01  34.038915  34.038920 
  9.975000e-01  34.038911  34.038915 
  9.987500e-01  34.038907  34.038911 
  1.000000e+00  34.038903  34.038907 
  1.001250e+00  34.038899  34.038903 
  1.002500e+00  34.038895  34.038899 
  1.003750e+00  34.038891  34.038895 
  1.005000e+00  34.038887  34.038891 
  1.006250e+00  34.038883  34.038887 
  1.007500e+00  34.038879  34.038883 
  1.008750e+00  34.038875  34.038879 
  1.010000e+00  34.038872  34.038875 
  1.011250e+00  34.038868  34.038872 
  1.012500e+00  34.038864  34.038868 
  1.013750e+00  34.038860  34.038864 
  1.015000e+00  34.038857  34.038861 
  1.016250e+00  34.038853  34.038857 
  1.017500e+00  34.038850  34.038853 
  1.018750e+00  34.038846  34.038850 
  1.020000e+00  34.038843  34.038846 
  1.021250e+00  34.038839  34.038843 
  1.022500e+00  34.038836  34.038839 
  1.023750e+00  34.038833  34.038836 
  1.025000e+00  34.038829  34.038833 
  1.026250e+00  34.038826  34.038829 
  1.027500e+00  34.038823  34.038826 
  1.028750e+00  34.038820  34.038823 
  1.030000e+00  34.038816  34.038820 
  1.031250e+00  34.038813  34.038816 
  1.032500e+00  34.038810  34.038813 
  1.033750e+00  34.038807  34.038810 
  1.035000e+00  34.038804  34.038807 
  1.036250e+00  34.038801  34.038804 
  1.037500e+00  34.038798  34.038801 
  1.038750e+00  34.038795  34.038798 
  1.040000e+00  34.038792  34.038795 
  1.041250e+00  34.038789  34.038792 
  1.042500e+00  34.038787  34.038789 
  1.043750e+00  34.038784  34.038787 
  1.045000e+00  34.038781  34.038784 
  1.046250e+00  34.038778  34.038781 
  1.047500e+00  34.038775  34.038778 
  1.048750e+00  34.038773  34.038776 
  1.050000e+00  34.038770  34.038773 
  1.051250e+00  34.038768  34.038770 
  1.052500e+00  34.038765  34.038768 
  1.053750e+00  34.038762  34.038765 
  1.055000e+00  34.038760  34.038762 
  1.056250e+00  34.038757  34.038760 
  1.057500e+00  34.038755  34.038757 
  1.058750e+00  34.038752  34.038755 
  1.060000e+00  34.038750  34.038752 
  1.061250e+00  34.038747  34.038750 
  1.062500e+00  34.038745  34.038747 
  1.063750e+00  34.038743  34.038745 
  1.065000e+00  34.038740  34.038743 
  1.066250e+00  34.038738  34.038740 
  1.067500e+00  34.038736  34.038738 
  1.068750e+00  34.038733  34.038736 
  1.070000e+00  34.038731  34.038734 
  1.071250e+00  34.038729  34.038731 
  1.072500e+00  34.038727  34.038729 
  1.073750e+00  34.038725  34.038727 
  1.075000e+00  34.038723  34.038725 
  1.076250e+00  34.038720  34.038723 
  1.077500e+00  34.038718  34.038720 
  1.078750e+00  34.038716  34.038718 
  1.080000e+00  34.038714  34.038716 
  1.081250e+00  34.038712  34.038714 
  1.082500e+00  34.038710  34.038712 
  1.083750e+00  34.038708  34.038710 
  1.085000e+00  34.038706  34.038708 
  1.086250e+00  34.038704  34.038706 
  1.087500e+00  34.038702  34.038704 
  1.088750e+00  34.038700  34.038702 
  1.090000e+00  34.038699  34.038700 
  1.091250e+00  34.038697  34.038699 
  1.092500e+00  34.038695  34.038697 
  1.093750e+00  34.038693  34.038695 
  1.095000e+00  34.038691  34.038693 
  1.096250e+00  34.038689  34.038691 
  1.097500e+00  34.038688  34.038689 
  1.098750e+00  34.038686  34.038688 
  1.100000e+00  34.038684  34.038686 
  1.101250e+00  34.038683  34.038684 
  1.102500e+00  34.038681  34.038683 
  1.103750e+00  34.038679  34.038681 
  1.105000e+00  34.038678  34.038679 
  1.106250e+00  34.038676  34.038678 
  1.107500e+00  34.038674  34.038676 
  1.108750e+00  34.038673  34.038674 
  1.110000e+00  34.038671  34.038673 
  1.111250e+00  34.038670  34.038671 
  1.112500e+00  34.038668  34.038670 
  1.113750e+00  34.038666  34.038668 
  1.115000e+00  34.038665  34.038666 
  1.116250e+00  34.038663  34.038665 
  1.117500e+00  34.038662  34.038663 
  1.118750e+00  34.038661  34.038662 
  1.120000e+00  34.038659  34.038661 
  1.121250e+00  34.038658  34.038659 
  1.122500e+00  34.038656  34.038658 
  1.123750e+00  34.038655  34.038656 
  1.125000e+00  34.038653  34.038655 
  1.126250e+00  34.038652  34.038653 
  1.127500e+00  34.038651  34.038652 
  1.128750e+00  34.038649  34.038651 
  1.130000e+00  34.038648  34.038649 
  1.131250e+00  34.038647  34.038648 
  1.132500e+00  34.038645  34.038647 
  1.133750e+00  34.038644  34.038645 
  1.135000e+00  34.038643  34.038644 
  1.136250e+00  34.038642  34.038643 
  1.137500e+00  34.038640  34.038642 
  1.138750e+00  34.038639  34.038640 
  1.140000e+00  34.038638  34.038639 
  1.141250e+00  34.038637  34.038638 
  1.142500e+00  34.038635  34.038637 
  1.143750e+00  34.038634  34.038636 
  1.145000e+00  34.038633  34.038634 
  1.146250e+00  34.038632  34.038633 
  1.147500e+00  34.038631  34.038632 
  1.148750e+00  34.038630  34.038631 
  1.150000e+00  34.038629  34.038630 
  1.151250e+00  34.038628  34.038629 
  1.152500e+00  34.038626  34.038628 
  1.153750e+00  34.038625  34.038626 
  1.155000e+00  34.038624  34.038625 
  1.156250e+00  34.038623  34.038624 
  1.157500e+00  34.038622  34.038623 
  1.158750e+00  34.038621  34.038622 
  1.160000e+00  34.038620  34.038621 
  1.161250e+00  34.038619  34.038620 
  1.162500e+00  34.038618  34.038619 
  1.163750e+00  34.038617  34.038618 
  1.165000e+00  34.038616  34.038617 
  1.166250e+00  34.038615  34.038616 
  1.167500e+00  34.038614  34.038615 
  1.168750e+00  34.038613  34.038614 
  1.170000e+00  34.038612  34.038613 
  1.171250e+00  34.038611  34.038612 
  1.172500e+00  34.038610  34.038611 
  1.173750e+00  34.038610  34.038610 
  1.175000e+00  34.038609  34.038610 
  1.176250e+00  34.038608  34.038609 
  1.177500e+00  34.038607  34.038608 
  1.178750e+00  34.038606  34.038607 
  1.180000e+00  34.038605  34.038606 
  1.181250e+00  34.038604  34.038605 
  1.182500e+00  34.038603  34.038604 
  1.183750e+00  34.038603  34.038603 
  1.185000e+00  34.038602  34.038603 
  1.186250e+00  34.038601  34.038602 
  1.187500e+00  34.038600  34.038601 
  1.188750e+00  34.038599  34.038600 
  1.190000e+00  34.038599  34.038599 
  1.191250e+00  34.038598  34.038599 
  1.192500e+00  34.038597  34.038598 
  1.193750e+00  34.038596  34.038597 
  1.195000e+00  34.038596  34.038596 
  1.196250e+00  34.038595  34.038596 
  1.197500e+00  34.038594  34.038595 
  1.198750e+00  34.038593  34.038594 
  1.200000e+00  34.038593  34.038593 
  1.201250e+00  34.038592  34.038593 
  1.202500e+00  34.038591  34.038592 
  1.203750e+00  34.038590  34.038591 
  1.205000e+00  34.038590  34.038590 
  1.206250e+00  34.038589  34.038590 
  1.207500e+00  34.038588  34.038589 
  1.208750e+00  34.038588  34.038588 
  1.210000e+00  34.038587  34.038588 
  1.211250e+00  34.038586  34.038587 
  1.212500e+00  34.038586  34.038586 
  1.213750e+00  34.038585  34.038586 
  1.215000e+00  34.038584  34.038585 
  1.216250e+00  34.038584  34.038584 
  1.217500e+00  34.038583  34.038584 
  1.218750e+00  34.038583  34.038583 
  1.220000e+00  34.038582  34.038583 
  1.221250e+00  34.038581  34.038582 
  1.222500e+00  34.038581  34.038581 
  1.223750e+00  34.038580  34.038581 
  1.225000e+00  34.038580  34.038580 
  1.226250e+00  34.038579  34.038580 
  1.227500e+00  34.038578  34.038579 
  1.228750e+00  34.038578  34.038578 
  1.230000e+00  34.038577  34.038578 
  1.231250e+00  34.038577  34.038577 
  1.232500e+00  34.038576  34.038577 
  1.233750e+00  34.038576  34.038576 
  1.235000e+00  34.038575  34.038576 
  1.236250e+00  34.038575  34.038575 
  1.237500e+00  34.038574  34.038575 
  1.238750e+00  34.038574  34.038574 
  1.240000e+00  34.038573  34.038574 
  1.241250e+00  34.038573  34.038573 
  1.242500e+00  34.038572  34.038573 
  1.243750e+00  34.038572  34.038572 
  1.245000e+00  34.038571  34.038572 
  1.246250e+00  34.038571  34.038571 
  1.247500e+00  34.038570  34.038571 
  1.248750e+00  34.038570  34.038570 
  1.250000e+00  34.038569  34.038570 
  1.251250e+00  34.038569  34.038569 
  1.252500e+00  34.038568  34.038569 
  1.253750e+00  34.038568  34.038568 
  1.255000e+00  34.038567  34.038568 
  1.256250e+00  34.038567  34.038567 
  1.257500e+00  34.038567  34.038567 
  1.258750e+00  34.038566  34.038567 
  1.260000e+00  34.038566  34.038566 
  1.261250e+00  34.038565  34.038566 
  1.262500e+00  34.038565  34.038565 
  1.263750e+00  34.038564  34.038565 
  1.265000e+00  34.038564  34.038564 
  1.266250e+00  34.038564  34.038564 
  1.267500e+00  34.038563  34.038564 
  1.268750e+00  34.038563  34.038563 
  1.270000e+00  34.038562  34.038563 
  1.271250e+00  34.038562  34.038562 
  1.272500e+00  34.038562  34.038562 
  1.273750e+00  34.038561  34.038562 
  1.275000e+00  34.038561  34.038561 
  1.276250e+00  34.038560  34.038561 
  1.277500e+00  34.038560  34.038560 
  1.278750e+00  34.038560  34.038560 
  1.280000e+00  34.038559  34.038560 
  1.281250e+00  34.038559  34.038559 
  1.282500e+00  34.038559  34.038559 
  1.283750e+00  34.038558  34.038559 
  1.285000e+00  34.038558  34.038558 
  1.286250e+00  34.038558  34.038558 
  1.287500e+00  34.038557  34.038558 
  1.288750e+00  34.038557  34.038557 
  1.290000e+00  34.038557  34.038557 
  1.291250e+00  34.038556  34.038557 
  1.292500e+00  34.038556  34.038556 
  1.293750e+00  34.038556  34.038556 
  1.295000e+00  34.038555  34.038556 
  1.296250e+00  34.038555  34.038555 
  1.297500e+00  34.038555  34.038555 
  1.298750e+00  34.038554  34.038555 
  1.300000e+00  34.038554  34.038554 
  1.301250e+00  34.038554  34.038554 
  1.302500e+00  34.038553  34.038554 
  1.303750e+00  34.038553  34.038553 
  1.305000e+00  34.038553  34.038553 
  1.306250e+00  34.038553  34.038553 
  1.307500e+00  34.038552  34.038553 
  1.308750e+00  34.038552  34.038552 
  1.310000e+00  34.038552  34.038552 
  1.311250e+00  34.038551  34.038552 
  1.312500e+00  34.038551  34.038551 
  1.313750e+00  34.038551  34.038551 
  1.315000e+00  34.038551  34.038551 
  1.316250e+00  34.038550  34.038551 
  1.317500e+00  34.038550  34.038550 
  1.318750e+00  34.038550  34.038550 
  1.320000e+00  34.038550  34.038550 
  1.321250e+00  34.038549  34.038550 
  1.322500e+00  34.038549  34.038549 
  1.323750e+00  34.038549  34.038549 
  1.325000e+00  34.038549  34.038549 
  1.326250e+00  34.038548  34.038549 
  1.327500e+00  34.038548  34.038548 
  1.328750e+00  34.038548  34.038548 
  1.330000e+00  34.038548  34.038548 
  1.331250e+00  34.038547  34.038548 
  1.332500e+00  34.038547  34.038547 
  1.333750e+00  34.038547  34.038547 
  1.335000e+00  34.038547  34.038547 
  1.336250e+00  34.038547  34.038547 
  1.337500e+00  34.038546  34.038547 
  1.338750e+00  34.038546  34.038546 
  1.340000e+00  34.038546  34.038546 
  1.341250e+00  34.038546  34.038546 
  1.342500e+00  34.038545  34.038546 
  1.343750e+00  34.038545  34.038545 
  1.345000e+00  34.038545  34.038545 
  1.346250e+00  34.038545  34.038545 
  1.347500e+00  34.038545  34.038545 
  1.348750e+00  34.038544  34.038545 
  1.350000e+00  34.038544  34.038544 
  1.351250e+00  34.038544  34.038544 
  1.352500e+00  34.038544  34.038544 
  1.353750e+00  34.038544  34.038544 
  1.355000e+00  34.038544  34.038544 
  1.356250e+00  34.038543  34.038544 
  1.357500e+00  34.038543  34.038543 
  1.358750e+00  34.038543  34.038543 
  1.360000e+00  34.038543  34.038543 
  1.361250e+00  34.038543  34.038543 
  1.362500e+00  34.038542  34.038543 
  1.363750e+00  34.038542  34.038542 
  1.365000e+00  34.038542  34.038542 
  1.366250e+00  34.038542  34.038542 
  1.367500e+00  34.038542  34.038542 
  1.368750e+00  34.038542  34.038542 
  1.370000e+00  34.038541  34.038542 
  1.371250e+00  34.038541  34.038541 
  1.372500e+00  34.038541  34.038541 
  1.373750e+00  34.038541  34.038541 
  1.375000e+00  34.038541  34.038541 
  1.376250e+00  34.038541  34.038541 
  1.377500e+00  34.038540  34.038541 
  1.378750e+00  34.038540  34.038540 
  1.380000e+00  34.038540  34.038540 
  1.381250e+00  34.038540  34.038540 
  1.382500e+00  34.038540  34.038540 
  1.383750e+00  34.038540  34.038540 
  1.385000e+00  34.038540  34.038540 
  1.386250e+00  34.038539  34.038540 
  1.387500e+00  34.038539  34.038539 
  1.388750e+00  34.038539  34.038539 
  1.390000e+00  34.038539  34.038539 
  1.391250e+00  34.038539  34.038539 
  1.392500e+00  34.038539  34.038539 
  1.393750e+00  34.038539  34.038539 
  1.395000e+00  34.038538  34.038539 
  1.396250e+00  34.038538  34.038538 
  1.397500e+00  34.038538  34.038538 
  1.398750e+00  34.038538  34.038538 
  1.400000e+00  34.038538  34.038538 
  1.401250e+00  34.038538  34.038538 
  1.402500e+00  34.038538  34.038538 
  1.403750e+00  34.038538  34.038538 
  1.405000e+00  34.038537  34.038538 
  1.406250e+00  34.038537  34.038537 
  1.407500e+00  34.038537  34.038537 
  1.408750e+00  34.038537  34.038537 
  1.410000e+00  34.038537  34.038537 
  1.411250e+00  34.038537  34.038537 
  1.412500e+00  34.038537  34.038537 
  1.413750e+00  34.038537  34.038537 
  1.415000e+00  34.038536  34.038537 
  1.416250e+00  34.038536  34.038536 
  1.417500e+00  34.038536  34.038536 
  1.418750e+00  34.038536  34.038536 
  1.420000e+00  34.038536  34.038536 
  1.421250e+00  34.038536  34.038536 
  1.422500e+00  34.038536  34.038536 
  1.423750e+00  34.038536  34.038536 
  1.425000e+00  34.038536  34.038536 
  1.426250e+00  34.038536  34.038536 
  1.427500e+00  34.038535  34.038536 
  1.428750e+00  34.038535  34.038535 
  1.430000e+00  34.038535  34.038535 
  1.431250e+00  34.038535  34.038535 
  1.432500e+00  34.038535  34.038535 
  1.433750e+00  34.038535  34.038535 
  1.435000e+00  34.038535  34.038535 
  1.436250e+00  34.038535  34.038535 
  1.437500e+00  34.038535  34.038535 
  1.438750e+00  34.038535  34.038535 
  1.440000e+00  34.038534  34.038535 
  1.441250e+00  34.038534  34.038534 
  1.442500e+00  34.038534  34.038534 
  1.443750e+00  34.038534  34.038534 
  1.445000e+00  34.038534  34.038534 
  1.446250e+00  34.038534  34.038534 
  1.447500e+00  34.038534  34.038534 
  1.448750e+00  34.038534  34.038534 
  1.450000e+00  34.038534  34.038534 
  1.451250e+00  34.038534  34.038534 
  1.452500e+00  34.038534  34.038534 
  1.453750e+00  34.038534  34.038534 
  1.455000e+00  34.038533  34.038534 
  1.456250e+00  34.038533  34.038533 
  1.457500e+00  34.038533  34.038533 
  1.458750e+00  34.038533  34.038533 
  1.460000e+00  34.038533  34.038533 
  1.461250e+00  34.038533  34.038533 
  1.462500e+00  34.038533  34.038533 
  1.463750e+00  34.038533  34.038533 
  1.465000e+00  34.038533  34.038533 
  1.466250e+00  34.038533  34.038533 
  1.467500e+00  34.038533  34.038533 
  1.468750e+00  34.038533  34.038533 
  1.470000e+00  34.038533  34.038533 
  1.471250e+00  34.038533  34.038533 
  1.472500e+00  34.038532  34.038533 
  1.473750e+00  34.038532  34.038532 
  1.475000e+00  34.038532  34.038532 
  1.476250e+00  34.038532  34.038532 
  1.477500e+00  34.038532  34.038532 
  1.478750e+00  34.038532  34.038532 
  1.480000e+00  34.038532  34.038532 
  1.481250e+00  34.038532  34.038532 
  1.482500e+00  34.038532  34.038532 
  1.483750e+00  34.038532  34.038532 
  1.485000e+00  34.038532  34.038532 
  1.486250e+00  34.038532  34.038532 
  1.487500e+00  34.038532  34.038532 
  1.488750e+00  34.038532  34.038532 
  1.490000e+00  34.038532  34.038532 
  1.491250e+00  34.038531  34.038532 
  1.492500e+00  34.038531  34.038531 
  1.493750e+00  34.038531  34.038531 
  1.495000e+00  34.038531  34.038531 
  1.496250e+00  34.038531  34.038531 
  1.497500e+00  34.038531  34.038531 
  1.498750e+00  34.038531  34.038531 
  1.500000e+00  34.038531  34.038531 
  1.501250e+00  34.038531  34.038531 
  1.502500e+00  34.038531  34.038531 
  1.503750e+00  34.038531  34.038531 
  1.505000e+00  34.038531  34.038531 
  1.506250e+00  34.038531  34.038531 
  1.507500e+00  34.038531  34.038531 
  1.508750e+00  34.038531  34.038531 
  1.510000e+00  34.038531  34.038531 
  1.511250e+00  34.038531  34.038531 
  1.512500e+00  34.038531  34.038531 
  1.513750e+00  34.038531  34.038531 
  1.515000e+00  34.038531  34.038531 
  1.516250e+00  34.038530  34.038531 
  1.517500e+00  34.038530  34.038530 
  1.518750e+00  34.038530  34.038530 
  1.520000e+00  34.038530  34.038530 
  1.521250e+00  34.038530  34.038530 
  1.522500e+00  34.038530  34.038530 
  1.523750e+00  34.038530  34.038530 
  1.525000e+00  34.038530  34.038530 
  1.526250e+00  34.038530  34.038530 
  1.527500e+00  34.038530  34.038530 
  1.528750e+00  34.038530  34.038530 
  1.530000e+00  34.038530  34.038530 
  1.531250e+00  34.038530  34.038530 
  1.532500e+00  34.038530  34.038530 
  1.533750e+00  34.038530  34.038530 
  1.535000e+00  34.038530  34.038530 
  1.536250e+00  34.038530  34.038530 
  1.537500e+00  34.038530  34.038530 
  1.538750e+00  34.038530  34.038530 
  1.540000e+00  34.038530  34.038530 
  1.541250e+00  34.038530  34.038530 
  1.542500e+00  34.038530  34.038530 
  1.543750e+00  34.038530  34.038530 
  1.545000e+00  34.038530  34.038530 
  1.546250e+00  34.038529  34.038530 
  1.547500e+00  34.038529  34.038529 
  1.548750e+00  34.038529  34.038529 
  1.550000e+00  34.038529  34.038529 
  1.551250e+00  34.038529  34.038529 
  1.552500e+00  34.038529  34.038529 
  1.553750e+00  34.038529  34.038529 
  1.555000e+00  34.038529  34.038529 
  1.556250e+00  34.038529  34.038529 
  1.557500e+00  34.038529  34.038529 
  1.558750e+00  34.038529  34.038529 
  1.560000e+00  34.038529  34.038529 
  1.561250e+00  34.038529  34.038529 
  1.562500e+00  34.038529  34.038529 
  1.563750e+00  34.038529  34.038529 
  1.565000e+00  34.038529  34.038529 
  1.566250e+00  34.038529  34.038529 
  1.567500e+00  34.038529  34.038529 
  1.568750e+00  34.038529  34.038529 
  1.570000e+00  34.038529  34.038529 
  1.571250e+00  34.038529  34.038529 
  1.572500e+00  34.038529  34.038529 
  1.573750e+00  34.038529  34.038529 
  1.575000e+00  34.038529  34.038529 
  1.576250e+00  34.038529  34.038529 
  1.577500e+00  34.038529  34.038529 
  1.578750e+00  34.038529  34.038529 
  1.580000e+00  34.038529  34.038529 
  1.581250e+00  34.038529  34.038529 
  1.582500e+00  34.038529  34.038529 
  1.583750e+00  34.038529  34.038529 
  1.585000e+00  34.038529  34.038529 
  1.586250e+00  34.038529  34.038529 
  1.587500e+00  34.038528  34.038529 
  1.588750e+00  34.038528  34.038528 
  1.590000e+00  34.038528  34.038528 
  1.591250e+00  34.038528  34.038528 
  1.592500e+00  34.038528  34.038528 
  1.593750e+00  34.038528  34.038528 
  1.595000e+00  34.038528  34.038528 
  1.596250e+00  34.038528  34.038528 
  1.597500e+00  34.038528  34.038528 
  1.598750e+00  34.038528  34.038528 
  1.600000e+00  34.038528  34.038528 
  1.601250e+00  34.038528  34.038528 
  1.602500e+00  34.038528  34.038528 
  1.603750e+00  34.038528  34.038528 
  1.605000e+00  34.038528  34.038528 
  1.606250e+00  34.038528  34.038528 
  1.607500e+00  34.038528  34.038528 
  1.608750e+00  34.038528  34.038528 
  1.610000e+00  34.038528  34.038528 
  1.611250e+00  34.038528  34.038528 
  1.612500e+00  34.038528  34.038528 
  1.613750e+00  34.038528  34.038528 
  1.615000e+00  34.038528  34.038528 
  1.616250e+00  34.038528  34.038528 
  1.617500e+00  34.038528  34.038528 
  1.618750e+00  34.038528  34.038528 
  1.620000e+00  34.038528  34.038528 
  1.621250e+00  34.038528  34.038528 
  1.622500e+00  34.038528  34.038528 
  1.623750e+00  34.038528  34.038528 
  1.625000e+00  34.038528  34.038528 
  1.626250e+00  34.038528  34.038528 
  1.627500e+00  34.038528  34.038528 
  1.628750e+00  34.038528  34.038528 
  1.630000e+00  34.038528  34.038528 
  1.631250e+00  34.038528  34.038528 
  1.632500e+00  34.038528  34.038528 
  1.633750e+00  34.038528  34.038528 
  1.635000e+00  34.038528  34.038528 
  1.636250e+00  34.038528  34.038528 
  1.637500e+00  34.038528  34.038528 
  1.638750e+00  34.038528  34.038528 
  1.640000e+00  34.038528  34.038528 
  1.641250e+00  34.038528  34.038528 
  1.642500e+00  34.038528  34.038528 
  1.643750e+00  34.038528  34.038528 
  1.645000e+00  34.038528  34.038528 
  1.646250e+00  34.038528  34.038528 
  1.647500e+00  34.038528  34.038528 
  1.648750e+00  34.038528  34.038528 
  1.650000e+00  34.038528  34.038528 
  1.651250e+00  34.038528  34.038528 
  1.652500e+00  34.038527  34.038528 
  1.653750e+00  34.038527  34.038527 
  1.655000e+00  34.038527  34.038527 
  1.656250e+00  34.038527  34.038527 
  1.657500e+00  34.038527  34.038527 
  1.658750e+00  34.038527  34.038527 
  1.660000e+00  34.038527  34.038527 
  1.661250e+00  34.038527  34.038527 
  1.662500e+00  34.038527  34.038527 
  1.663750e+00  34.038527  34.038527 
  1.665000e+00  34.038527  34.038527 
  1.666250e+00  34.038527  34.038527 
  1.667500e+00  34.038527  34.038527 
  1.668750e+00  34.038527  34.038527 
  1.670000e+00  34.038527  34.038527 
  1.671250e+00  34.038527  34.038527 
  1.672500e+00  34.038527  34.038527 
  1.673750e+00  34.038527  34.038527 
  1.675000e+00  34.038527  34.038527 
  1.676250e+00  34.038527  34.038527 
  1.677500e+00  34.038527  34.038527 
  1.678750e+00  34.038527  34.038527 
  1.680000e+00  34.038527  34.038527 
  1.681250e+00  34.038527  34.038527 
  1.682500e+00  34.038527  34.038527 
  1.683750e+00  34.038527  34.038527 
  1.685000e+00  34.038527  34.038527 
  1.686250e+00  34.038527  34.038527 
  1.687500e+00  34.038527  34.038527 
  1.688750e+00  34.038527  34.038527 
  1.690000e+00  34.038527  34.038527 
  1.691250e+00  34.038527  34.038527 
  1.692500e+00  34.038527  34.038527 
  1.693750e+00  34.038527  34.038527 
  1.695000e+00  34.038527  34.038527 
  1.696250e+00  34.038527  34.038527 
  1.697500e+00  34.038527  34.038527 
  1.698750e+00  34.038527  34.038527 
  1.700000e+00  34.038527  34.038527 
  1.701250e+00  34.038527  34.038527 
  1.702500e+00  34.038527  34.038527 
  1.703750e+00  34.038527  34.038527 
  1.705000e+00  34.038527  34.038527 
  1.706250e+00  34.038527  34.038527 
  1.707500e+00  34.038527  34.038527 
  1.708750e+00  34.038527  34.038527 
  1.710000e+00  34.038527  34.038527 
  1.711250e+00  34.038527  34.038527 
  1.712500e+00  34.038527  34.038527 
  1.713750e+00  34.038527  34.038527 
  1.715000e+00  34.038527  34.038527 
  1.716250e+00  34.038527  34.038527 
  1.717500e+00  34.038527  34.038527 
  1.718750e+00  34.038527  34.038527 
  1.720000e+00  34.038527  34.038527 
  1.721250e+00  34.038527  34.038527 
  1.722500e+00  34.038527  34.038527 
  1.723750e+00  34.038527  34.038527 
  1.725000e+00  34.038527  34.038527 
  1.726250e+00  34.038527  34.038527 
  1.727500e+00  34.038527  34.038527 
  1.728750e+00  34.038527  34.038527 
  1.730000e+00  34.038527  34.038527 
  1.731250e+00  34.038527  34.038527 
  1.732500e+00  34.038527  34.038527 
  1.733750e+00  34.038527  34.038527 
  1.735000e+00  34.038527  34.038527 
  1.736250e+00  34.038527  34.038527 
  1.737500e+00  34.038527  34.038527 
  1.738750e+00  34.038527  34.038527 
  1.740000e+00  34.038527  34.038527 
  1.741250e+00  34.038527  34.038527 
  1.742500e+00  34.038527  34.038527 
  1.743750e+00  34.038527  34.038527 
  1.745000e+00  34.038527  34.038527 
  1.746250e+00  34.038527  34.038527 
  1.747500e+00  34.038527  34.038527 
  1.748750e+00  34.038527  34.038527 
  1.750000e+00  34.038527  34.038527 
  1.751250e+00  34.038527  34.038527 
  1.752500e+00  34.038527  34.038527 
  1.753750e+00  34.038527  34.038527 
  1.755000e+00  34.038527  34.038527 
  1.756250e+00  34.038527  34.038527 
  1.757500e+00  34.038527  34.038527 
  1.758750e+00  34.038527  34.038527 
  1.760000e+00  34.038527  34.038527 
  1.761250e+00  34.038527  34.038527 
  1.762500e+00  34.038527  34.038527 
  1.763750e+00  34.038527  34.038527 
  1.765000e+00  34.038527  34.038527 
  1.766250e+00  34.038527  34.038527 
  1.767500e+00  34.038527  34.038527 
  1.768750e+00  34.038527  34.038527 
  1.770000e+00  34.038527  34.038527 
  1.771250e+00  34.038527  34.038527 
  1.772500e+00  34.038527  34.038527 
  1.773750e+00  34.038527  34.038527 
  1.775000e+00  34.038527  34.038527 
  1.776250e+00  34.038527  34.038527 
  1.777500e+00  34.038527  34.038527 
  1.778750e+00  34.038527  34.038527 
  1.780000e+00  34.038527  34.038527 
  1.781250e+00  34.038527  34.038527 
  1.782500e+00  34.038527  34.038527 
  1.783750e+00  34.038527  34.038527 
  1.785000e+00  34.038527  34.038527 
  1.786250e+00  34.038527  34.038527 
  1.787500e+00  34.038527  34.038527 
  1.788750e+00  34.038527  34.038527 
  1.790000e+00  34.038527  34.038527 
  1.791250e+00  34.038527  34.038527 
  1.792500e+00  34.038527  34.038527 
  1.793750e+00  34.038527  34.038527 
  1.795000e+00  34.038527  34.038527 
  1.796250e+00  34.038527  34.038527 
  1.797500e+00  34.038527  34.038527 
  1.798750e+00  34.038527  34.038527 
  1.800000e+00  34.038527  34.038527 
  1.801250e+00  34.038527  34.038527 
  1.802500e+00  34.038527  34.038527 
  1.803750e+00  34.038527  34.038527 
  1.805000e+00  34.038527  34.038527 
  1.806250e+00  34.038527  34.038527 
  1.807500e+00  34.038527  34.038527 
  1.808750e+00  34.038527  34.038527 
  1.810000e+00  34.038527  34.038527 
  1.811250e+00  34.038527  34.038527 
  1.812500e+00  34.038527  34.038527 
  1.813750e+00  34.038526  34.038527 
  1.815000e+00  34.038526  34.038527 
  1.816250e+00  34.038526  34.038526 
  1.817500e+00  34.038526  34.038526 
  1.818750e+00  34.038526  34.038526 
  1.820000e+00  34.038526  34.038526 
  1.821250e+00  34.038526  34.038526 
  1.822500e+00  34.038526  34.038526 
  1.823750e+00  34.038526  34.038526 
  1.825000e+00  34.038526  34.038526 
  1.826250e+00  34.038526  34.038526 
  1.827500e+00  34.038526  34.038526 
  1.828750e+00  34.038526  34.038526 
  1.830000e+00  34.038526  34.038526 
  1.831250e+00  34.038526  34.038526 
  1.832500e+00  34.038526  34.038526 
  1.833750e+00  34.038526  34.038526 
  1.835000e+00  34.038526  34.038526 
  1.836250e+00  34.038526  34.038526 
  1.837500e+00  34.038526  34.038526 
  1.838750e+00  34.038526  34.038526 
  1.840000e+00  34.038526  34.038526 
  1.841250e+00  34.038526  34.038526 
  1.842500e+00  34.038526  34.038526 
  1.843750e+00  34.038526  34.038526 
  1.845000e+00  34.038526  34.038526 
  1.846250e+00  34.038526  34.038526 
  1.847500e+00  34.038526  34.038526 
  1.848750e+00  34.038526  34.038526 
  1.850000e+00  34.038526  34.038526 
  1.851250e+00  34.038526  34.038526 
  1.852500e+00  34.038526  34.038526 
  1.853750e+00  34.038526  34.038526 
  1.855000e+00  34.038526  34.038526 
  1.856250e+00  34.038526  34.038526 
  1.857500e+00  34.038526  34.038526 
  1.858750e+00  34.038526  34.038526 
  1.860000e+00  34.038526  34.038526 
  1.861250e+00  34.038526  34.038526 
  1.862500e+00  34.038526  34.038526 
  1.863750e+00  34.038526  34.038526 
  1.865000e+00  34.038526  34.038526 
  1.866250e+00  34.038526  34.038526 
  1.867500e+00  34.038526  34.038526 
  1.868750e+00  34.038526  34.038526 
  1.870000e+00  34.038526  34.038526 
  1.871250e+00  34.038526  34.038526 
  1.872500e+00  34.038526  34.038526 
  1.873750e+00  34.038526  34.038526 
  1.875000e+00  34.038526  34.038526 
  1.876250e+00  34.038526  34.038526 
  1.877500e+00  34.038526  34.038526 
  1.878750e+00  34.038526  34.038526 
  1.880000e+00  34.038526  34.038526 
  1.881250e+00  34.038526  34.038526 
  1.882500e+00  34.038526  34.038526 
  1.883750e+00  34.038526  34.038526 
  1.885000e+00  34.038526  34.038526 
  1.886250e+00  34.038526  34.038526 
  1.887500e+00  34.038526  34.038526 
  1.888750e+00  34.038526  34.038526 
  1.890000e+00  34.038526  34.038526 
  1.891250e+00  34.038526  34.038526 
  1.892500e+00  34.038526  34.038526 
  1.893750e+00  34.038526  34.038526 
  1.895000e+00  34.038526  34.038526 
  1.896250e+00  34.038526  34.038526 
  1.897500e+00  34.038526  34.038526 
  1.898750e+00  34.038526  34.038526 
  1.900000e+00  34.038526  34.038526 
  1.901250e+00  34.038526  34.038526 
  1.902500e+00  34.038526  34.038526 
  1.903750e+00  34.038526  34.038526 
  1.905000e+00  34.038526  34.038526 
  1.906250e+00  34.038526  34.038526 
  1.907500e+00  34.038526  34.038526 
  1.908750e+00  34.038526  34.038526 
  1.910000e+00  34.038526  34.038526 
  1.911250e+00  34.038526  34.038526 
  1.912500e+00  34.038526  34.038526 
  1.913750e+00  34.038526  34.038526 
  1.915000e+00  34.038526  34.038526 
  1.916250e+00  34.038526  34.038526 
  1.917500e+00  34.038526  34.038526 
  1.918750e+00  34.038526  34.038526 
  1.920000e+00  34.038526  34.038526 
  1.921250e+00  34.038526  34.038526 
  1.922500e+00  34.038526  34.038526 
  1.923750e+00  34.038526  34.038526 
  1.925000e+00  34.038526  34.038526 
  1.926250e+00  34.038526  34.038526 
  1.927500e+00  34.038526  34.038526 
  1.928750e+00  34.038526  34.038526 
  1.930000e+00  34.038526  34.038526 
  1.931250e+00  34.038526  34.038526 
  1.932500e+00  34.038526  34.038526 
  1.933750e+00  34.038526  34.038526 
  1.935000e+00  34.038526  34.038526 
  1.936250e+00  34.038526  34.038526 
  1.937500e+00  34.038526  34.038526 
  1.938750e+00  34.038526  34.038526 
  1.940000e+00  34.038526  34.038526 
  1.941250e+00  34.038526  34.038526 
  1.942500e+00  34.038526  34.038526 
  1.943750e+00  34.038526  34.038526 
  1.945000e+00  34.038526  34.038526 
  1.946250e+00  34.038526  34.038526 
  1.947500e+00  34.038526  34.038526 
  1.948750e+00  34.038526  34.038526 
  1.950000e+00  34.038526  34.038526 
  1.951250e+00  34.038526  34.038526 
  1.952500e+00  34.038526  34.038526 
  1.953750e+00  34.038526  34.038526 
  1.955000e+00  34.038526  34.038526 
  1.956250e+00  34.038526  34.038526 
  1.957500e+00  34.038526  34.038526 
  1.958750e+00  34.038526  34.038526 
  1.960000e+00  34.038526  34.038526 
  1.961250e+00  34.038526  34.038526 
  1.962500e+00  34.038526  34.038526 
  1.963750e+00  34.038526  34.038526 
  1.965000e+00  34.038526  34.038526 
  1.966250e+00  34.038526  34.038526 
  1.967500e+00  34.038526  34.038526 
  1.968750e+00  34.038526  34.038526 
  1.970000e+00  34.038526  34.038526 
  1.971250e+00  34.038526  34.038526 
  1.972500e+00  34.038526  34.038526 
  1.973750e+00  34.038526  34.038526 
  1.975000e+00  34.038526  34.038526 
  1.976250e+00  34.038526  34.038526 
  1.977500e+00  34.038526  34.038526 
  1.978750e+00  34.038526  34.038526 
  1.980000e+00  34.038526  34.038526 
  1.981250e+00  34.038526  34.038526 
  1.982500e+00  34.038526  34.038526 
  1.983750e+00  34.038526  34.038526 
  1.985000e+00  34.038526  34.038526 
  1.986250e+00  34.038526  34.038526 
  1.987500e+00  34.038526  34.038526 
  1.988750e+00  34.038526  34.038526 
  1.990000e+00  34.038526  34.038526 
  1.991250e+00  34.038526  34.038526 
  1.992500e+00  34.038526  34.038526 
  1.993750e+00  34.038526  34.038526 
  1.995000e+00  34.038526  34.038526 
  1.996250e+00  34.038526  34.038526 
  1.997500e+00  34.038526  34.038526 
  1.998750e+00  34.038526  34.038526 
  2.000000e+00  34.038526  34.038526 
