  5.000000e-03  42.618073  43.145435 
  7.500000e-03  41.951992  42.842883 
  1.000000e-02  41.466223  42.489080 
  1.250000e-02  41.037099  42.067441 
  1.500000e-02  40.583004  41.597250 
  1.750000e-02  40.106361  41.132289 
  2.000000e-02  39.661717  40.702187 
  2.250000e-02  39.288673  40.313307 
  2.500000e-02  38.990827  39.963481 
  2.750000e-02  38.747570  39.646768 
  3.000000e-02  38.532346  39.356302 
  3.250000e-02  38.325336  39.086693 
  3.500000e-02  38.100211  38.806139 
  3.750000e-02  37.878767  38.562256 
  4.000000e-02  37.664336  38.330218 
  4.250000e-02  37.467497  38.111759 
  4.500000e-02  37.290265  37.903343 
  4.750000e-02  37.128099  37.704633 
  5.000000e-02  36.977572  37.514722 
  5.250000e-02  36.835391  37.335830 
  5.500000e-02  36.701930  37.169085 
  5.750000e-02  36.577456  37.013919 
  6.000000e-02  36.461657  36.869749 
  6.250000e-02  36.355053  36.735526 
  6.500000e-02  36.256314  36.610595 
  6.750000e-02  36.164088  36.494517 
  7.000000e-02  36.077580  36.385378 
  7.250000e-02  35.992263  36.278823 
  7.500000e-02  35.914836  36.184850 
  7.750000e-02  35.841866  36.095106 
  8.000000e-02  35.773815  36.011107 
  8.250000e-02  35.710712  35.932234 
  8.500000e-02  35.651845  35.858424 
  8.750000e-02  35.596841  35.789364 
  9.000000e-02  35.545438  35.724756 
  9.250000e-02  35.497336  35.664256 
  9.500000e-02  35.452133  35.607490 
  9.750000e-02  35.409002  35.554009 
  1.000000e-01  35.368080  35.503366 
  1.025000e-01  35.328655  35.455412 
  1.050000e-01  35.290296  35.409803 
  1.075000e-01  35.252780  35.366251 
  1.100000e-01  35.216034  35.324514 
  1.125000e-01  35.180074  35.284391 
  1.150000e-01  35.144770  35.245440 
  1.175000e-01  35.110528  35.208005 
  1.200000e-01  35.077380  35.171964 
  1.225000e-01  35.045376  35.137189 
  1.250000e-01  35.014564  35.103629 
  1.275000e-01  34.984951  35.071238 
  1.300000e-01  34.956509  35.039975 
  1.325000e-01  34.929180  35.009806 
  1.350000e-01  34.902900  34.980703 
  1.375000e-01  34.877607  34.952636 
  1.400000e-01  34.853245  34.925575 
  1.425000e-01  34.829765  34.899488 
  1.450000e-01  34.807122  34.874339 
  1.475000e-01  34.785277  34.850093 
  1.500000e-01  34.764192  34.826711 
  1.525000e-01  34.743835  34.804156 
  1.550000e-01  34.724174  34.782392 
  1.575000e-01  34.705182  34.761385 
  1.600000e-01  34.686831  34.741103 
  1.625000e-01  34.669096  34.721514 
  1.650000e-01  34.651953  34.702592 
  1.675000e-01  34.635380  34.684309 
  1.700000e-01  34.619355  34.666639 
  1.725000e-01  34.603855  34.649559 
  1.750000e-01  34.588861  34.633045 
  1.775000e-01  34.574353  34.617076 
  1.800000e-01  34.560312  34.601629 
  1.825000e-01  34.546718  34.586684 
  1.850000e-01  34.533554  34.572220 
  1.875000e-01  34.520803  34.558220 
  1.900000e-01  34.508445  34.544663 
  1.925000e-01  34.496467  34.531533 
  1.950000e-01  34.484851  34.518812 
  1.975000e-01  34.473583  34.506484 
  2.000000e-01  34.462650  34.494534 
  2.025000e-01  34.452039  34.482946 
  2.050000e-01  34.441738  34.471708 
  2.075000e-01  34.431736  34.460806 
  2.100000e-01  34.422023  34.450228 
  2.125000e-01  34.412590  34.439961 
  2.150000e-01  34.403426  34.429995 
  2.175000e-01  34.394524  34.420319 
  2.200000e-01  34.385875  34.410923 
  2.225000e-01  34.377471  34.401798 
  2.250000e-01  34.369304  34.392933 
  2.275000e-01  34.361365  34.384319 
  2.300000e-01  34.353646  34.375949 
  2.325000e-01  34.346141  34.367814 
  2.350000e-01  34.338841  34.359907 
  2.375000e-01  34.331741  34.352219 
  2.400000e-01  34.324833  34.344743 
  2.425000e-01  34.318111  34.337472 
  2.450000e-01  34.311569  34.330400 
  2.475000e-01  34.305200  34.323518 
  2.500000e-01  34.299000  34.316822 
  2.525000e-01  34.292962  34.310305 
  2.550000e-01  34.287081  34.303961 
  2.575000e-01  34.281352  34.297784 
  2.600000e-01  34.275771  34.291770 
  2.625000e-01  34.270333  34.285912 
  2.650000e-01  34.265033  34.280205 
  2.675000e-01  34.259866  34.274646 
  2.700000e-01  34.254829  34.269228 
  2.725000e-01  34.249919  34.263949 
  2.750000e-01  34.245129  34.258802 
  2.775000e-01  34.240458  34.253785 
  2.800000e-01  34.235902  34.248893 
  2.825000e-01  34.231456  34.244123 
  2.850000e-01  34.227119  34.239470 
  2.875000e-01  34.222886  34.234931 
  2.900000e-01  34.218754  34.230503 
  2.925000e-01  34.214721  34.226183 
  2.950000e-01  34.210784  34.221966 
  2.975000e-01  34.206939  34.217851 
  3.000000e-01  34.203185  34.213834 
  3.025000e-01  34.199519  34.209913 
  3.050000e-01  34.195939  34.206084 
  3.075000e-01  34.192441  34.202345 
  3.100000e-01  34.189024  34.198694 
  3.125000e-01  34.185686  34.195128 
  3.150000e-01  34.182425  34.191645 
  3.175000e-01  34.179237  34.188242 
  3.200000e-01  34.176123  34.184918 
  3.225000e-01  34.173079  34.181671 
  3.250000e-01  34.170104  34.178497 
  3.275000e-01  34.167196  34.175396 
  3.300000e-01  34.164353  34.172365 
  3.325000e-01  34.161575  34.169403 
  3.350000e-01  34.158858  34.166508 
  3.375000e-01  34.156202  34.163677 
  3.400000e-01  34.153605  34.160911 
  3.425000e-01  34.151066  34.158206 
  3.450000e-01  34.148583  34.155562 
  3.475000e-01  34.146155  34.152977 
  3.500000e-01  34.143780  34.150449 
  3.525000e-01  34.141458  34.147977 
  3.550000e-01  34.139187  34.145560 
  3.575000e-01  34.136966  34.143197 
  3.600000e-01  34.134794  34.140885 
  3.625000e-01  34.132669  34.138625 
  3.650000e-01  34.130591  34.136414 
  3.675000e-01  34.128558  34.134252 
  3.700000e-01  34.126570  34.132138 
  3.725000e-01  34.124625  34.130069 
  3.750000e-01  34.122723  34.128046 
  3.775000e-01  34.120862  34.126068 
  3.800000e-01  34.119042  34.124132 
  3.825000e-01  34.117261  34.122239 
  3.850000e-01  34.115519  34.120387 
  3.875000e-01  34.113815  34.118576 
  3.900000e-01  34.112148  34.116804 
  3.925000e-01  34.110518  34.115071 
  3.950000e-01  34.108923  34.113376 
  3.975000e-01  34.107362  34.111717 
  4.000000e-01  34.105836  34.110095 
  4.025000e-01  34.104343  34.108508 
  4.050000e-01  34.102882  34.106956 
  4.075000e-01  34.101453  34.105437 
  4.100000e-01  34.100055  34.103952 
  4.125000e-01  34.098688  34.102499 
  4.150000e-01  34.097351  34.101077 
  4.175000e-01  34.096042  34.099687 
  4.200000e-01  34.094763  34.098327 
  4.225000e-01  34.093511  34.096996 
  4.250000e-01  34.092286  34.095695 
  4.275000e-01  34.091089  34.094422 
  4.300000e-01  34.089917  34.093177 
  4.325000e-01  34.088771  34.091959 
  4.350000e-01  34.087650  34.090768 
  4.375000e-01  34.086554  34.089603 
  4.400000e-01  34.085482  34.088463 
  4.425000e-01  34.084433  34.087348 
  4.450000e-01  34.083407  34.086258 
  4.475000e-01  34.082404  34.085192 
  4.500000e-01  34.081423  34.084149 
  4.525000e-01  34.080463  34.083129 
  4.550000e-01  34.079524  34.082131 
  4.575000e-01  34.078607  34.081155 
  4.600000e-01  34.077709  34.080201 
  4.625000e-01  34.076831  34.079268 
  4.650000e-01  34.075973  34.078355 
  4.675000e-01  34.075133  34.077463 
  4.700000e-01  34.074312  34.076590 
  4.725000e-01  34.073509  34.075736 
  4.750000e-01  34.072724  34.074902 
  4.775000e-01  34.071957  34.074085 
  4.800000e-01  34.071206  34.073287 
  4.825000e-01  34.070472  34.072507 
  4.850000e-01  34.069754  34.071744 
  4.875000e-01  34.069052  34.070997 
  4.900000e-01  34.068366  34.070268 
  4.925000e-01  34.067695  34.069554 
  4.950000e-01  34.067039  34.068856 
  4.975000e-01  34.066398  34.068174 
  5.000000e-01  34.065771  34.067507 
  5.025000e-01  34.065158  34.066855 
  5.050000e-01  34.064558  34.066218 
  5.075000e-01  34.063972  34.065594 
  5.100000e-01  34.063399  34.064985 
  5.125000e-01  34.062839  34.064389 
  5.150000e-01  34.062291  34.063807 
  5.175000e-01  34.061756  34.063237 
  5.200000e-01  34.061233  34.062680 
  5.225000e-01  34.060721  34.062136 
  5.250000e-01  34.060221  34.061604 
  5.275000e-01  34.059732  34.061084 
  5.300000e-01  34.059254  34.060575 
  5.325000e-01  34.058787  34.060078 
  5.350000e-01  34.058330  34.059592 
  5.375000e-01  34.057884  34.059117 
  5.400000e-01  34.057447  34.058653 
  5.425000e-01  34.057021  34.058199 
  5.450000e-01  34.056604  34.057755 
  5.475000e-01  34.056196  34.057321 
  5.500000e-01  34.055798  34.056897 
  5.525000e-01  34.055408  34.056483 
  5.550000e-01  34.055027  34.056078 
  5.575000e-01  34.054655  34.055682 
  5.600000e-01  34.054292  34.055295 
  5.625000e-01  34.053936  34.054917 
  5.650000e-01  34.053589  34.054547 
  5.675000e-01  34.053249  34.054186 
  5.700000e-01  34.052917  34.053833 
  5.725000e-01  34.052593  34.053487 
  5.750000e-01  34.052276  34.053150 
  5.775000e-01  34.051966  34.052820 
  5.800000e-01  34.051663  34.052498 
  5.825000e-01  34.051367  34.052183 
  5.850000e-01  34.051078  34.051875 
  5.875000e-01  34.050795  34.051574 
  5.900000e-01  34.050519  34.051280 
  5.925000e-01  34.050249  34.050993 
  5.950000e-01  34.049985  34.050712 
  5.975000e-01  34.049727  34.050437 
  6.000000e-01  34.049475  34.050169 
  6.025000e-01  34.049229  34.049907 
  6.050000e-01  34.048988  34.049650 
  6.075000e-01  34.048753  34.049400 
  6.100000e-01  34.048523  34.049155 
  6.125000e-01  34.048298  34.048916 
  6.150000e-01  34.048078  34.048682 
  6.175000e-01  34.047864  34.048454 
  6.200000e-01  34.047654  34.048231 
  6.225000e-01  34.047449  34.048012 
  6.250000e-01  34.047249  34.047799 
  6.275000e-01  34.047053  34.047591 
  6.300000e-01  34.046862  34.047387 
  6.325000e-01  34.046675  34.047188 
  6.350000e-01  34.046492  34.046994 
  6.375000e-01  34.046313  34.046804 
  6.400000e-01  34.046139  34.046618 
  6.425000e-01  34.045968  34.046437 
  6.450000e-01  34.045802  34.046259 
  6.475000e-01  34.045639  34.046086 
  6.500000e-01  34.045480  34.045917 
  6.525000e-01  34.045324  34.045751 
  6.550000e-01  34.045172  34.045589 
  6.575000e-01  34.045024  34.045431 
  6.600000e-01  34.044879  34.045277 
  6.625000e-01  34.044737  34.045126 
  6.650000e-01  34.044599  34.044978 
  6.675000e-01  34.044463  34.044834 
  6.700000e-01  34.044331  34.044694 
  6.725000e-01  34.044202  34.044556 
  6.750000e-01  34.044075  34.044421 
  6.775000e-01  34.043952  34.044290 
  6.800000e-01  34.043831  34.044162 
  6.825000e-01  34.043713  34.044036 
  6.850000e-01  34.043598  34.043913 
  6.875000e-01  34.043485  34.043794 
  6.900000e-01  34.043375  34.043677 
  6.925000e-01  34.043268  34.043562 
  6.950000e-01  34.043163  34.043450 
  6.975000e-01  34.043060  34.043341 
  7.000000e-01  34.042960  34.043234 
  7.025000e-01  34.042862  34.043130 
  7.050000e-01  34.042766  34.043028 
  7.075000e-01  34.042672  34.042928 
  7.100000e-01  34.042581  34.042831 
  7.125000e-01  34.042491  34.042736 
  7.150000e-01  34.042404  34.042643 
  7.175000e-01  34.042319  34.042552 
  7.200000e-01  34.042235  34.042463 
  7.225000e-01  34.042154  34.042377 
  7.250000e-01  34.042074  34.042292 
  7.275000e-01  34.041996  34.042209 
  7.300000e-01  34.041920  34.042128 
  7.325000e-01  34.041846  34.042049 
  7.350000e-01  34.041773  34.041972 
  7.375000e-01  34.041702  34.041896 
  7.400000e-01  34.041633  34.041822 
  7.425000e-01  34.041565  34.041750 
  7.450000e-01  34.041499  34.041680 
  7.475000e-01  34.041434  34.041611 
  7.500000e-01  34.041371  34.041543 
  7.525000e-01  34.041309  34.041478 
  7.550000e-01  34.041249  34.041413 
  7.575000e-01  34.041190  34.041351 
  7.600000e-01  34.041132  34.041289 
  7.625000e-01  34.041076  34.041229 
  7.650000e-01  34.041021  34.041171 
  7.675000e-01  34.040967  34.041113 
  7.700000e-01  34.040914  34.041057 
  7.725000e-01  34.040863  34.041003 
  7.750000e-01  34.040813  34.040949 
  7.775000e-01  34.040763  34.040897 
  7.800000e-01  34.040715  34.040846 
  7.825000e-01  34.040669  34.040796 
  7.850000e-01  34.040623  34.040748 
  7.875000e-01  34.040578  34.040700 
  7.900000e-01  34.040534  34.040653 
  7.925000e-01  34.040492  34.040608 
  7.950000e-01  34.040450  34.040564 
  7.975000e-01  34.040409  34.040520 
  8.000000e-01  34.040369  34.040478 
  8.025000e-01  34.040330  34.040436 
  8.050000e-01  34.040292  34.040396 
  8.075000e-01  34.040255  34.040356 
  8.100000e-01  34.040218  34.040317 
  8.125000e-01  34.040183  34.040280 
  8.150000e-01  34.040148  34.040243 
  8.175000e-01  34.040114  34.040207 
  8.200000e-01  34.040081  34.040171 
  8.225000e-01  34.040049  34.040137 
  8.250000e-01  34.040017  34.040103 
  8.275000e-01  34.039986  34.040070 
  8.300000e-01  34.039956  34.040038 
  8.325000e-01  34.039926  34.040007 
  8.350000e-01  34.039897  34.039976 
  8.375000e-01  34.039869  34.039946 
  8.400000e-01  34.039841  34.039916 
  8.425000e-01  34.039815  34.039888 
  8.450000e-01  34.039788  34.039860 
  8.475000e-01  34.039762  34.039832 
  8.500000e-01  34.039737  34.039806 
  8.525000e-01  34.039713  34.039779 
  8.550000e-01  34.039689  34.039754 
  8.575000e-01  34.039665  34.039729 
  8.600000e-01  34.039642  34.039704 
  8.625000e-01  34.039620  34.039681 
  8.650000e-01  34.039598  34.039657 
  8.675000e-01  34.039576  34.039635 
  8.700000e-01  34.039556  34.039612 
  8.725000e-01  34.039535  34.039591 
  8.750000e-01  34.039515  34.039569 
  8.775000e-01  34.039496  34.039549 
  8.800000e-01  34.039476  34.039528 
  8.825000e-01  34.039458  34.039508 
  8.850000e-01  34.039440  34.039489 
  8.875000e-01  34.039422  34.039470 
  8.900000e-01  34.039404  34.039451 
  8.925000e-01  34.039387  34.039433 
  8.950000e-01  34.039371  34.039416 
  8.975000e-01  34.039354  34.039398 
  9.000000e-01  34.039339  34.039382 
  9.025000e-01  34.039323  34.039365 
  9.050000e-01  34.039308  34.039349 
  9.075000e-01  34.039293  34.039333 
  9.100000e-01  34.039278  34.039318 
  9.125000e-01  34.039264  34.039303 
  9.150000e-01  34.039250  34.039288 
  9.175000e-01  34.039237  34.039274 
  9.200000e-01  34.039224  34.039260 
  9.225000e-01  34.039211  34.039246 
  9.250000e-01  34.039198  34.039232 
  9.275000e-01  34.039186  34.039219 
  9.300000e-01  34.039174  34.039206 
  9.325000e-01  34.039162  34.039194 
  9.350000e-01  34.039150  34.039182 
  9.375000e-01  34.039139  34.039170 
  9.400000e-01  34.039128  34.039158 
  9.425000e-01  34.039117  34.039147 
  9.450000e-01  34.039107  34.039135 
  9.475000e-01  34.039097  34.039124 
  9.500000e-01  34.039087  34.039114 
  9.525000e-01  34.039077  34.039103 
  9.550000e-01  34.039067  34.039093 
  9.575000e-01  34.039058  34.039083 
  9.600000e-01  34.039049  34.039074 
  9.625000e-01  34.039040  34.039064 
  9.650000e-01  34.039031  34.039055 
  9.675000e-01  34.039023  34.039046 
  9.700000e-01  34.039014  34.039037 
  9.725000e-01  34.039006  34.039028 
  9.750000e-01  34.038998  34.039020 
  9.775000e-01  34.038990  34.039011 
  9.800000e-01  34.038983  34.039003 
  9.825000e-01  34.038975  34.038995 
  9.850000e-01  34.038968  34.038988 
  9.875000e-01  34.038961  34.038980 
  9.900000e-01  34.038954  34.038973 
  9.925000e-01  34.038947  34.038965 
  9.950000e-01  34.038940  34.038958 
  9.975000e-01  34.038934  34.038951 
  1.000000e+00  34.038928  34.038945 
  1.002500e+00  34.038921  34.038938 
  1.005000e+00  34.038915  34.038932 
  1.007500e+00  34.038909  34.038925 
  1.010000e+00  34.038904  34.038919 
  1.012500e+00  34.038898  34.038913 
  1.015000e+00  34.038892  34.038907 
  1.017500e+00  34.038887  34.038902 
  1.020000e+00  34.038882  34.038896 
  1.022500e+00  34.038877  34.038890 
  1.025000e+00  34.038872  34.038885 
  1.027500e+00  34.038867  34.038880 
  1.030000e+00  34.038862  34.038875 
  1.032500e+00  34.038857  34.038870 
  1.035000e+00  34.038852  34.038865 
  1.037500e+00  34.038848  34.038860 
  1.040000e+00  34.038844  34.038855 
  1.042500e+00  34.038839  34.038851 
  1.045000e+00  34.038835  34.038846 
  1.047500e+00  34.038831  34.038842 
  1.050000e+00  34.038827  34.038838 
  1.052500e+00  34.038823  34.038834 
  1.055000e+00  34.038819  34.038830 
  1.057500e+00  34.038815  34.038826 
  1.060000e+00  34.038812  34.038822 
  1.062500e+00  34.038808  34.038818 
  1.065000e+00  34.038805  34.038814 
  1.067500e+00  34.038801  34.038811 
  1.070000e+00  34.038798  34.038807 
  1.072500e+00  34.038795  34.038803 
  1.075000e+00  34.038792  34.038800 
  1.077500e+00  34.038788  34.038797 
  1.080000e+00  34.038785  34.038794 
  1.082500e+00  34.038782  34.038790 
  1.085000e+00  34.038779  34.038787 
  1.087500e+00  34.038777  34.038784 
  1.090000e+00  34.038774  34.038781 
  1.092500e+00  34.038771  34.038778 
  1.095000e+00  34.038768  34.038776 
  1.097500e+00  34.038766  34.038773 
  1.100000e+00  34.038763  34.038770 
  1.102500e+00  34.038761  34.038768 
  1.105000e+00  34.038758  34.038765 
  1.107500e+00  34.038756  34.038762 
  1.110000e+00  34.038754  34.038760 
  1.112500e+00  34.038751  34.038758 
  1.115000e+00  34.038749  34.038755 
  1.117500e+00  34.038747  34.038753 
  1.120000e+00  34.038745  34.038751 
  1.122500e+00  34.038743  34.038748 
  1.125000e+00  34.038741  34.038746 
  1.127500e+00  34.038739  34.038744 
  1.130000e+00  34.038737  34.038742 
  1.132500e+00  34.038735  34.038740 
  1.135000e+00  34.038733  34.038738 
  1.137500e+00  34.038731  34.038736 
  1.140000e+00  34.038730  34.038734 
  1.142500e+00  34.038728  34.038733 
  1.145000e+00  34.038726  34.038731 
  1.147500e+00  34.038725  34.038729 
  1.150000e+00  34.038723  34.038727 
  1.152500e+00  34.038721  34.038726 
  1.155000e+00  34.038720  34.038724 
  1.157500e+00  34.038718  34.038722 
  1.160000e+00  34.038717  34.038721 
  1.162500e+00  34.038716  34.038719 
  1.165000e+00  34.038714  34.038718 
  1.167500e+00  34.038713  34.038716 
  1.170000e+00  34.038711  34.038715 
  1.172500e+00  34.038710  34.038714 
  1.175000e+00  34.038709  34.038712 
  1.177500e+00  34.038708  34.038711 
  1.180000e+00  34.038706  34.038710 
  1.182500e+00  34.038705  34.038708 
  1.185000e+00  34.038704  34.038707 
  1.187500e+00  34.038703  34.038706 
  1.190000e+00  34.038702  34.038705 
  1.192500e+00  34.038701  34.038704 
  1.195000e+00  34.038700  34.038702 
  1.197500e+00  34.038699  34.038701 
  1.200000e+00  34.038698  34.038700 
  1.202500e+00  34.038697  34.038699 
  1.205000e+00  34.038696  34.038698 
  1.207500e+00  34.038695  34.038697 
  1.210000e+00  34.038694  34.038696 
  1.212500e+00  34.038693  34.038695 
  1.215000e+00  34.038692  34.038694 
  1.217500e+00  34.038691  34.038693 
  1.220000e+00  34.038690  34.038692 
  1.222500e+00  34.038689  34.038692 
  1.225000e+00  34.038689  34.038691 
  1.227500e+00  34.038688  34.038690 
  1.230000e+00  34.038687  34.038689 
  1.232500e+00  34.038686  34.038688 
  1.235000e+00  34.038686  34.038687 
  1.237500e+00  34.038685  34.038687 
  1.240000e+00  34.038684  34.038686 
  1.242500e+00  34.038683  34.038685 
  1.245000e+00  34.038683  34.038685 
  1.247500e+00  34.038682  34.038684 
  1.250000e+00  34.038681  34.038683 
  1.252500e+00  34.038681  34.038682 
  1.255000e+00  34.038680  34.038682 
  1.257500e+00  34.038680  34.038681 
  1.260000e+00  34.038679  34.038681 
  1.262500e+00  34.038678  34.038680 
  1.265000e+00  34.038678  34.038679 
  1.267500e+00  34.038677  34.038679 
  1.270000e+00  34.038677  34.038678 
  1.272500e+00  34.038676  34.038678 
  1.275000e+00  34.038676  34.038677 
  1.277500e+00  34.038675  34.038677 
  1.280000e+00  34.038675  34.038676 
  1.282500e+00  34.038674  34.038676 
  1.285000e+00  34.038674  34.038675 
  1.287500e+00  34.038673  34.038675 
  1.290000e+00  34.038673  34.038674 
  1.292500e+00  34.038672  34.038674 
  1.295000e+00  34.038672  34.038673 
  1.297500e+00  34.038672  34.038673 
  1.300000e+00  34.038671  34.038672 
  1.302500e+00  34.038671  34.038672 
  1.305000e+00  34.038670  34.038671 
  1.307500e+00  34.038670  34.038671 
  1.310000e+00  34.038670  34.038671 
  1.312500e+00  34.038669  34.038670 
  1.315000e+00  34.038669  34.038670 
  1.317500e+00  34.038669  34.038670 
  1.320000e+00  34.038668  34.038669 
  1.322500e+00  34.038668  34.038669 
  1.325000e+00  34.038668  34.038668 
  1.327500e+00  34.038667  34.038668 
  1.330000e+00  34.038667  34.038668 
  1.332500e+00  34.038667  34.038667 
  1.335000e+00  34.038666  34.038667 
  1.337500e+00  34.038666  34.038667 
  1.340000e+00  34.038666  34.038667 
  1.342500e+00  34.038666  34.038666 
  1.345000e+00  34.038665  34.038666 
  1.347500e+00  34.038665  34.038666 
  1.350000e+00  34.038665  34.038665 
  1.352500e+00  34.038664  34.038665 
  1.355000e+00  34.038664  34.038665 
  1.357500e+00  34.038664  34.038665 
  1.360000e+00  34.038664  34.038664 
  1.362500e+00  34.038664  34.038664 
  1.365000e+00  34.038663  34.038664 
  1.367500e+00  34.038663  34.038664 
  1.370000e+00  34.038663  34.038663 
  1.372500e+00  34.038663  34.038663 
  1.375000e+00  34.038662  34.038663 
  1.377500e+00  34.038662  34.038663 
  1.380000e+00  34.038662  34.038663 
  1.382500e+00  34.038662  34.038662 
  1.385000e+00  34.038662  34.038662 
  1.387500e+00  34.038661  34.038662 
  1.390000e+00  34.038661  34.038662 
  1.392500e+00  34.038661  34.038662 
  1.395000e+00  34.038661  34.038661 
  1.397500e+00  34.038661  34.038661 
  1.400000e+00  34.038661  34.038661 
  1.402500e+00  34.038660  34.038661 
  1.405000e+00  34.038660  34.038661 
  1.407500e+00  34.038660  34.038661 
  1.410000e+00  34.038660  34.038660 
  1.412500e+00  34.038660  34.038660 
  1.415000e+00  34.038660  34.038660 
  1.417500e+00  34.038660  34.038660 
  1.420000e+00  34.038659  34.038660 
  1.422500e+00  34.038659  34.038660 
  1.425000e+00  34.038659  34.038660 
  1.427500e+00  34.038659  34.038659 
  1.430000e+00  34.038659  34.038659 
  1.432500e+00  34.038659  34.038659 
  1.435000e+00  34.038659  34.038659 
  1.437500e+00  34.038659  34.038659 
  1.440000e+00  34.038658  34.038659 
  1.442500e+00  34.038658  34.038659 
  1.445000e+00  34.038658  34.038659 
  1.447500e+00  34.038658  34.038658 
  1.450000e+00  34.038658  34.038658 
  1.452500e+00  34.038658  34.038658 
  1.455000e+00  34.038658  34.038658 
  1.457500e+00  34.038658  34.038658 
  1.460000e+00  34.038658  34.038658 
  1.462500e+00  34.038658  34.038658 
  1.465000e+00  34.038657  34.038658 
  1.467500e+00  34.038657  34.038658 
  1.470000e+00  34.038657  34.038657 
  1.472500e+00  34.038657  34.038657 
  1.475000e+00  34.038657  34.038657 
  1.477500e+00  34.038657  34.038657 
  1.480000e+00  34.038657  34.038657 
  1.482500e+00  34.038657  34.038657 
  1.485000e+00  34.038657  34.038657 
  1.487500e+00  34.038657  34.038657 
  1.490000e+00  34.038657  34.038657 
  1.492500e+00  34.038657  34.038657 
  1.495000e+00  34.038656  34.038657 
  1.497500e+00  34.038656  34.038657 
  1.500000e+00  34.038656  34.038657 
  1.502500e+00  34.038656  34.038656 
  1.505000e+00  34.038656  34.038656 
  1.507500e+00  34.038656  34.038656 
  1.510000e+00  34.038656  34.038656 
  1.512500e+00  34.038656  34.038656 
  1.515000e+00  34.038656  34.038656 
  1.517500e+00  34.038656  34.038656 
  1.520000e+00  34.038656  34.038656 
  1.522500e+00  34.038656  34.038656 
  1.525000e+00  34.038656  34.038656 
  1.527500e+00  34.038656  34.038656 
  1.530000e+00  34.038656  34.038656 
  1.532500e+00  34.038656  34.038656 
  1.535000e+00  34.038656  34.038656 
  1.537500e+00  34.038656  34.038656 
  1.540000e+00  34.038655  34.038656 
  1.542500e+00  34.038655  34.038656 
  1.545000e+00  34.038655  34.038656 
  1.547500e+00  34.038655  34.038655 
  1.550000e+00  34.038655  34.038655 
  1.552500e+00  34.038655  34.038655 
  1.555000e+00  34.038655  34.038655 
  1.557500e+00  34.038655  34.038655 
  1.560000e+00  34.038655  34.038655 
  1.562500e+00  34.038655  34.038655 
  1.565000e+00  34.038655  34.038655 
  1.567500e+00  34.038655  34.038655 
  1.570000e+00  34.038655  34.038655 
  1.572500e+00  34.038655  34.038655 
  1.575000e+00  34.038655  34.038655 
  1.577500e+00  34.038655  34.038655 
  1.580000e+00  34.038655  34.038655 
  1.582500e+00  34.038655  34.038655 
  1.585000e+00  34.038655  34.038655 
  1.587500e+00  34.038655  34.038655 
  1.590000e+00  34.038655  34.038655 
  1.592500e+00  34.038655  34.038655 
  1.595000e+00  34.038655  34.038655 
  1.597500e+00  34.038655  34.038655 
  1.600000e+00  34.038655  34.038655 
  1.602500e+00  34.038655  34.038655 
  1.605000e+00  34.038655  34.038655 
  1.607500e+00  34.038655  34.038655 
  1.610000e+00  34.038655  34.038655 
  1.612500e+00  34.038655  34.038655 
  1.615000e+00  34.038655  34.038655 
  1.617500e+00  34.038654  34.038655 
  1.620000e+00  34.038654  34.038655 
  1.622500e+00  34.038654  34.038655 
  1.625000e+00  34.038654  34.038654 
  1.627500e+00  34.038654  34.038654 
  1.630000e+00  34.038654  34.038654 
  1.632500e+00  34.038654  34.038654 
  1.635000e+00  34.038654  34.038654 
  1.637500e+00  34.038654  34.038654 
  1.640000e+00  34.038654  34.038654 
  1.642500e+00  34.038654  34.038654 
  1.645000e+00  34.038654  34.038654 
  1.647500e+00  34.038654  34.038654 
  1.650000e+00  34.038654  34.038654 
  1.652500e+00  34.038654  34.038654 
  1.655000e+00  34.038654  34.038654 
  1.657500e+00  34.038654  34.038654 
  1.660000e+00  34.038654  34.038654 
  1.662500e+00  34.038654  34.038654 
  1.665000e+00  34.038654  34.038654 
  1.667500e+00  34.038654  34.038654 
  1.670000e+00  34.038654  34.038654 
  1.672500e+00  34.038654  34.038654 
  1.675000e+00  34.038654  34.038654 
  1.677500e+00  34.038654  34.038654 
  1.680000e+00  34.038654  34.038654 
  1.682500e+00  34.038654  34.038654 
  1.685000e+00  34.038654  34.038654 
  1.687500e+00  34.038654  34.038654 
  1.690000e+00  34.038654  34.038654 
  1.692500e+00  34.038654  34.038654 
  1.695000e+00  34.038654  34.038654 
  1.697500e+00  34.038654  34.038654 
  1.700000e+00  34.038654  34.038654 
  1.702500e+00  34.038654  34.038654 
  1.705000e+00  34.038654  34.038654 
  1.707500e+00  34.038654  34.038654 
  1.710000e+00  34.038654  34.038654 
  1.712500e+00  34.038654  34.038654 
  1.715000e+00  34.038654  34.038654 
  1.717500e+00  34.038654  34.038654 
  1.720000e+00  34.038654  34.038654 
  1.722500e+00  34.038654  34.038654 
  1.725000e+00  34.038654  34.038654 
  1.727500e+00  34.038654  34.038654 
  1.730000e+00  34.038654  34.038654 
  1.732500e+00  34.038654  34.038654 
  1.735000e+00  34.038654  34.038654 
  1.737500e+00  34.038654  34.038654 
  1.740000e+00  34.038654  34.038654 
  1.742500e+00  34.038654  34.038654 
  1.745000e+00  34.038654  34.038654 
  1.747500e+00  34.038654  34.038654 
  1.750000e+00  34.038654  34.038654 
  1.752500e+00  34.038654  34.038654 
  1.755000e+00  34.038654  34.038654 
  1.757500e+00  34.038654  34.038654 
  1.760000e+00  34.038654  34.038654 
  1.762500e+00  34.038654  34.038654 
  1.765000e+00  34.038654  34.038654 
  1.767500e+00  34.038654  34.038654 
  1.770000e+00  34.038654  34.038654 
  1.772500e+00  34.038654  34.038654 
  1.775000e+00  34.038654  34.038654 
  1.777500e+00  34.038654  34.038654 
  1.780000e+00  34.038654  34.038654 
  1.782500e+00  34.038654  34.038654 
  1.785000e+00  34.038654  34.038654 
  1.787500e+00  34.038654  34.038654 
  1.790000e+00  34.038654  34.038654 
  1.792500e+00  34.038654  34.038654 
  1.795000e+00  34.038654  34.038654 
  1.797500e+00  34.038654  34.038654 
  1.800000e+00  34.038654  34.038654 
  1.802500e+00  34.038654  34.038654 
  1.805000e+00  34.038654  34.038654 
  1.807500e+00  34.038654  34.038654 
  1.810000e+00  34.038654  34.038654 
  1.812500e+00  34.038654  34.038654 
  1.815000e+00  34.038654  34.038654 
  1.817500e+00  34.038654  34.038654 
  1.820000e+00  34.038654  34.038654 
  1.822500e+00  34.038654  34.038654 
  1.825000e+00  34.038654  34.038654 
  1.827500e+00  34.038654  34.038654 
  1.830000e+00  34.038654  34.038654 
  1.832500e+00  34.038654  34.038654 
  1.835000e+00  34.038654  34.038654 
  1.837500e+00  34.038654  34.038654 
  1.840000e+00  34.038654  34.038654 
  1.842500e+00  34.038654  34.038654 
  1.845000e+00  34.038654  34.038654 
  1.847500e+00  34.038654  34.038654 
  1.850000e+00  34.038654  34.038654 
  1.852500e+00  34.038654  34.038654 
  1.855000e+00  34.038654  34.038654 
  1.857500e+00  34.038654  34.038654 
  1.860000e+00  34.038654  34.038654 
  1.862500e+00  34.038654  34.038654 
  1.865000e+00  34.038654  34.038654 
  1.867500e+00  34.038654  34.038654 
  1.870000e+00  34.038654  34.038654 
  1.872500e+00  34.038654  34.038654 
  1.875000e+00  34.038654  34.038654 
  1.877500e+00  34.038654  34.038654 
  1.880000e+00  34.038654  34.038654 
  1.882500e+00  34.038654  34.038654 
  1.885000e+00  34.038654  34.038654 
  1.887500e+00  34.038654  34.038654 
  1.890000e+00  34.038654  34.038654 
  1.892500e+00  34.038654  34.038654 
  1.895000e+00  34.038654  34.038654 
  1.897500e+00  34.038654  34.038654 
  1.900000e+00  34.038654  34.038654 
  1.902500e+00  34.038654  34.038654 
  1.905000e+00  34.038654  34.038654 
  1.907500e+00  34.038654  34.038654 
  1.910000e+00  34.038654  34.038654 
  1.912500e+00  34.038654  34.038654 
  1.915000e+00  34.038654  34.038654 
  1.917500e+00  34.038654  34.038654 
  1.920000e+00  34.038654  34.038654 
  1.922500e+00  34.038654  34.038654 
  1.925000e+00  34.038654  34.038654 
  1.927500e+00  34.038654  34.038654 
  1.930000e+00  34.038654  34.038654 
  1.932500e+00  34.038654  34.038654 
  1.935000e+00  34.038654  34.038654 
  1.937500e+00  34.038654  34.038654 
  1.940000e+00  34.038654  34.038654 
  1.942500e+00  34.038654  34.038654 
  1.945000e+00  34.038654  34.038654 
  1.947500e+00  34.038654  34.038654 
  1.950000e+00  34.038654  34.038654 
  1.952500e+00  34.038654  34.038654 
  1.955000e+00  34.038654  34.038654 
  1.957500e+00  34.038654  34.038654 
  1.960000e+00  34.038654  34.038654 
  1.962500e+00  34.038654  34.038654 
  1.965000e+00  34.038654  34.038654 
  1.967500e+00  34.038654  34.038654 
  1.970000e+00  34.038654  34.038654 
  1.972500e+00  34.038654  34.038654 
  1.975000e+00  34.038654  34.038654 
  1.977500e+00  34.038654  34.038654 
  1.980000e+00  34.038654  34.038654 
  1.982500e+00  34.038654  34.038654 
  1.985000e+00  34.038654  34.038654 
  1.987500e+00  34.038654  34.038654 
  1.990000e+00  34.038654  34.038654 
  1.992500e+00  34.038654  34.038654 
  1.995000e+00  34.038654  34.038654 
  1.997500e+00  34.038654  34.038654 
  2.000000e+00  34.038654  34.038654 
