  1.000000e-02  42.568655  43.174676 
  1.500000e-02  41.878457  42.913133 
  2.000000e-02  41.355271  42.596101 
  2.500000e-02  40.861867  42.198314 
  3.000000e-02  40.327534  41.769970 
  3.500000e-02  39.797924  41.360015 
  4.000000e-02  39.347879  40.975997 
  4.500000e-02  39.002611  40.612994 
  5.000000e-02  38.739459  40.273330 
  5.500000e-02  38.517965  39.955998 
  6.000000e-02  38.269639  39.596800 
  6.500000e-02  38.011562  39.306393 
  7.000000e-02  37.746782  39.037120 
  7.500000e-02  37.496578  38.790581 
  8.000000e-02  37.269637  38.555936 
  8.500000e-02  37.066790  38.329004 
  9.000000e-02  36.883378  38.106989 
  9.500000e-02  36.712572  37.891476 
  1.000000e-01  36.551729  37.684686 
  1.050000e-01  36.402914  37.488492 
  1.100000e-01  36.265800  37.302835 
  1.150000e-01  36.140551  37.127305 
  1.200000e-01  36.025492  36.961684 
  1.250000e-01  35.918707  36.805649 
  1.300000e-01  35.808243  36.642545 
  1.350000e-01  35.708159  36.503991 
  1.400000e-01  35.610940  36.368753 
  1.450000e-01  35.524752  36.245014 
  1.500000e-01  35.444150  36.126636 
  1.550000e-01  35.372604  36.016745 
  1.600000e-01  35.306774  35.911777 
  1.650000e-01  35.245402  35.812909 
  1.700000e-01  35.189158  35.720530 
  1.750000e-01  35.137218  35.633689 
  1.800000e-01  35.087902  35.551901 
  1.850000e-01  35.040509  35.473958 
  1.900000e-01  34.993166  35.400296 
  1.950000e-01  34.944747  35.329253 
  2.000000e-01  34.894634  35.261777 
  2.050000e-01  34.837879  35.190253 
  2.100000e-01  34.783322  35.128722 
  2.150000e-01  34.727619  35.067069 
  2.200000e-01  34.672707  35.007648 
  2.250000e-01  34.619993  34.949954 
  2.300000e-01  34.569897  34.894396 
  2.350000e-01  34.523276  34.841086 
  2.400000e-01  34.480946  34.790158 
  2.450000e-01  34.442881  34.741537 
  2.500000e-01  34.410024  34.695407 
  2.550000e-01  34.381621  34.651831 
  2.600000e-01  34.356899  34.610853 
  2.650000e-01  34.335190  34.572517 
  2.700000e-01  34.315979  34.536807 
  2.750000e-01  34.298868  34.503636 
  2.800000e-01  34.283513  34.472864 
  2.850000e-01  34.269426  34.444019 
  2.900000e-01  34.256538  34.417406 
  2.950000e-01  34.244595  34.392884 
  3.000000e-01  34.233422  34.370214 
  3.050000e-01  34.222920  34.349243 
  3.100000e-01  34.212771  34.329534 
  3.150000e-01  34.203329  34.311382 
  3.200000e-01  34.194433  34.294589 
  3.250000e-01  34.185999  34.278981 
  3.300000e-01  34.177992  34.264449 
  3.350000e-01  34.170389  34.250894 
  3.400000e-01  34.163162  34.238223 
  3.450000e-01  34.156277  34.226355 
  3.500000e-01  34.149697  34.215219 
  3.550000e-01  34.143388  34.204754 
  3.600000e-01  34.137320  34.194903 
  3.650000e-01  34.131473  34.185616 
  3.700000e-01  34.125833  34.176848 
  3.750000e-01  34.120026  34.168256 
  3.800000e-01  34.114695  34.160289 
  3.850000e-01  34.109638  34.152802 
  3.900000e-01  34.104791  34.145730 
  3.950000e-01  34.100167  34.139057 
  4.000000e-01  34.095807  34.132764 
  4.050000e-01  34.091749  34.126830 
  4.100000e-01  34.088009  34.121238 
  4.150000e-01  34.084590  34.115973 
  4.200000e-01  34.081481  34.111027 
  4.250000e-01  34.078670  34.106393 
  4.300000e-01  34.076138  34.102062 
  4.350000e-01  34.073865  34.098022 
  4.400000e-01  34.071825  34.094259 
  4.450000e-01  34.069983  34.090756 
  4.500000e-01  34.068307  34.087498 
  4.550000e-01  34.066760  34.084469 
  4.600000e-01  34.065314  34.081652 
  4.650000e-01  34.063945  34.079031 
  4.700000e-01  34.062636  34.076591 
  4.750000e-01  34.061377  34.074317 
  4.800000e-01  34.060159  34.072192 
  4.850000e-01  34.058980  34.070205 
  4.900000e-01  34.057838  34.068341 
  4.950000e-01  34.056733  34.066592 
  5.000000e-01  34.055668  34.064946 
  5.050000e-01  34.054645  34.063395 
  5.100000e-01  34.053665  34.061932 
  5.150000e-01  34.052730  34.060550 
  5.200000e-01  34.051840  34.059243 
  5.250000e-01  34.050996  34.058007 
  5.300000e-01  34.050196  34.056837 
  5.350000e-01  34.049441  34.055731 
  5.400000e-01  34.048727  34.054683 
  5.450000e-01  34.048053  34.053692 
  5.500000e-01  34.047419  34.052754 
  5.550000e-01  34.046821  34.051868 
  5.600000e-01  34.046259  34.051030 
  5.650000e-01  34.045732  34.050239 
  5.700000e-01  34.045237  34.049492 
  5.750000e-01  34.044775  34.048788 
  5.800000e-01  34.044345  34.048126 
  5.850000e-01  34.043944  34.047503 
  5.900000e-01  34.043573  34.046918 
  5.950000e-01  34.043230  34.046369 
  6.000000e-01  34.042913  34.045854 
  6.050000e-01  34.042622  34.045372 
  6.100000e-01  34.042353  34.044921 
  6.150000e-01  34.042106  34.044500 
  6.200000e-01  34.041878  34.044106 
  6.250000e-01  34.041667  34.043739 
  6.300000e-01  34.041470  34.043396 
  6.350000e-01  34.041287  34.043075 
  6.400000e-01  34.041115  34.042776 
  6.450000e-01  34.040952  34.042496 
  6.500000e-01  34.040798  34.042235 
  6.550000e-01  34.040651  34.041990 
  6.600000e-01  34.040511  34.041761 
  6.650000e-01  34.040376  34.041546 
  6.700000e-01  34.040248  34.041344 
  6.750000e-01  34.040125  34.041154 
  6.800000e-01  34.040008  34.040976 
  6.850000e-01  34.039897  34.040809 
  6.900000e-01  34.039792  34.040651 
  6.950000e-01  34.039693  34.040503 
  7.000000e-01  34.039600  34.040364 
  7.050000e-01  34.039513  34.040233 
  7.100000e-01  34.039432  34.040109 
  7.150000e-01  34.039356  34.039994 
  7.200000e-01  34.039286  34.039885 
  7.250000e-01  34.039221  34.039783 
  7.300000e-01  34.039161  34.039688 
  7.350000e-01  34.039106  34.039599 
  7.400000e-01  34.039054  34.039515 
  7.450000e-01  34.039007  34.039437 
  7.500000e-01  34.038963  34.039364 
  7.550000e-01  34.038922  34.039296 
  7.600000e-01  34.038884  34.039233 
  7.650000e-01  34.038850  34.039174 
  7.700000e-01  34.038818  34.039119 
  7.750000e-01  34.038788  34.039068 
  7.800000e-01  34.038760  34.039021 
  7.850000e-01  34.038735  34.038976 
  7.900000e-01  34.038711  34.038936 
  7.950000e-01  34.038690  34.038897 
  8.000000e-01  34.038669  34.038862 
  8.050000e-01  34.038650  34.038829 
  8.100000e-01  34.038633  34.038799 
  8.150000e-01  34.038616  34.038770 
  8.200000e-01  34.038601  34.038744 
  8.250000e-01  34.038586  34.038719 
  8.300000e-01  34.038573  34.038696 
  8.350000e-01  34.038560  34.038675 
  8.400000e-01  34.038548  34.038655 
  8.450000e-01  34.038536  34.038637 
  8.500000e-01  34.038526  34.038619 
  8.550000e-01  34.038516  34.038603 
  8.600000e-01  34.038506  34.038588 
  8.650000e-01  34.038497  34.038574 
  8.700000e-01  34.038489  34.038561 
  8.750000e-01  34.038481  34.038548 
  8.800000e-01  34.038474  34.038537 
  8.850000e-01  34.038467  34.038526 
  8.900000e-01  34.038461  34.038516 
  8.950000e-01  34.038455  34.038507 
  9.000000e-01  34.038450  34.038498 
  9.050000e-01  34.038445  34.038490 
  9.100000e-01  34.038441  34.038483 
  9.150000e-01  34.038437  34.038476 
  9.200000e-01  34.038433  34.038469 
  9.250000e-01  34.038430  34.038463 
  9.300000e-01  34.038427  34.038458 
  9.350000e-01  34.038424  34.038452 
  9.400000e-01  34.038422  34.038448 
  9.450000e-01  34.038419  34.038443 
  9.500000e-01  34.038417  34.038439 
  9.550000e-01  34.038415  34.038435 
  9.600000e-01  34.038413  34.038432 
  9.650000e-01  34.038411  34.038429 
  9.700000e-01  34.038410  34.038426 
  9.750000e-01  34.038408  34.038423 
  9.800000e-01  34.038407  34.038420 
  9.850000e-01  34.038405  34.038418 
  9.900000e-01  34.038404  34.038416 
  9.950000e-01  34.038403  34.038414 
  1.000000e+00  34.038402  34.038412 
  1.005000e+00  34.038401  34.038410 
  1.010000e+00  34.038400  34.038409 
  1.015000e+00  34.038399  34.038407 
  1.020000e+00  34.038398  34.038406 
  1.025000e+00  34.038397  34.038404 
  1.030000e+00  34.038397  34.038403 
  1.035000e+00  34.038396  34.038402 
  1.040000e+00  34.038395  34.038401 
  1.045000e+00  34.038395  34.038400 
  1.050000e+00  34.038394  34.038399 
  1.055000e+00  34.038394  34.038398 
  1.060000e+00  34.038393  34.038397 
  1.065000e+00  34.038393  34.038397 
  1.070000e+00  34.038392  34.038396 
  1.075000e+00  34.038392  34.038395 
  1.080000e+00  34.038392  34.038395 
  1.085000e+00  34.038391  34.038394 
  1.090000e+00  34.038391  34.038394 
  1.095000e+00  34.038391  34.038393 
  1.100000e+00  34.038391  34.038393 
  1.105000e+00  34.038391  34.038393 
  1.110000e+00  34.038390  34.038392 
  1.115000e+00  34.038390  34.038392 
  1.120000e+00  34.038390  34.038392 
  1.125000e+00  34.038390  34.038391 
  1.130000e+00  34.038390  34.038391 
  1.135000e+00  34.038390  34.038391 
  1.140000e+00  34.038390  34.038391 
  1.145000e+00  34.038389  34.038390 
  1.150000e+00  34.038389  34.038390 
  1.155000e+00  34.038389  34.038390 
  1.160000e+00  34.038389  34.038390 
  1.165000e+00  34.038389  34.038390 
  1.170000e+00  34.038389  34.038390 
  1.175000e+00  34.038389  34.038390 
  1.180000e+00  34.038389  34.038389 
  1.185000e+00  34.038389  34.038389 
  1.190000e+00  34.038389  34.038389 
  1.195000e+00  34.038389  34.038389 
  1.200000e+00  34.038389  34.038389 
  1.205000e+00  34.038389  34.038389 
  1.210000e+00  34.038389  34.038389 
  1.215000e+00  34.038388  34.038389 
  1.220000e+00  34.038388  34.038389 
  1.225000e+00  34.038388  34.038389 
  1.230000e+00  34.038388  34.038389 
  1.235000e+00  34.038388  34.038389 
  1.240000e+00  34.038388  34.038389 
  1.245000e+00  34.038388  34.038389 
  1.250000e+00  34.038388  34.038388 
  1.255000e+00  34.038388  34.038388 
  1.260000e+00  34.038388  34.038388 
  1.265000e+00  34.038388  34.038388 
  1.270000e+00  34.038388  34.038388 
  1.275000e+00  34.038388  34.038388 
  1.280000e+00  34.038388  34.038388 
  1.285000e+00  34.038388  34.038388 
  1.290000e+00  34.038388  34.038388 
  1.295000e+00  34.038388  34.038388 
  1.300000e+00  34.038388  34.038388 
  1.305000e+00  34.038388  34.038388 
  1.310000e+00  34.038388  34.038388 
  1.315000e+00  34.038388  34.038388 
  1.320000e+00  34.038388  34.038388 
  1.325000e+00  34.038388  34.038388 
  1.330000e+00  34.038388  34.038388 
  1.335000e+00  34.038388  34.038388 
  1.340000e+00  34.038388  34.038388 
  1.345000e+00  34.038388  34.038388 
  1.350000e+00  34.038388  34.038388 
  1.355000e+00  34.038388  34.038388 
  1.360000e+00  34.038388  34.038388 
  1.365000e+00  34.038388  34.038388 
  1.370000e+00  34.038388  34.038388 
  1.375000e+00  34.038388  34.038388 
  1.380000e+00  34.038388  34.038388 
  1.385000e+00  34.038388  34.038388 
  1.390000e+00  34.038388  34.038388 
  1.395000e+00  34.038388  34.038388 
  1.400000e+00  34.038388  34.038388 
  1.405000e+00  34.038388  34.038388 
  1.410000e+00  34.038388  34.038388 
  1.415000e+00  34.038388  34.038388 
  1.420000e+00  34.038388  34.038388 
  1.425000e+00  34.038388  34.038388 
  1.430000e+00  34.038388  34.038388 
  1.435000e+00  34.038388  34.038388 
  1.440000e+00  34.038388  34.038388 
  1.445000e+00  34.038388  34.038388 
  1.450000e+00  34.038388  34.038388 
  1.455000e+00  34.038388  34.038388 
  1.460000e+00  34.038388  34.038388 
  1.465000e+00  34.038388  34.038388 
  1.470000e+00  34.038388  34.038388 
  1.475000e+00  34.038388  34.038388 
  1.480000e+00  34.038388  34.038388 
  1.485000e+00  34.038388  34.038388 
  1.490000e+00  34.038388  34.038388 
  1.495000e+00  34.038388  34.038388 
  1.500000e+00  34.038388  34.038388 
  1.505000e+00  34.038388  34.038388 
  1.510000e+00  34.038388  34.038388 
  1.515000e+00  34.038388  34.038388 
  1.520000e+00  34.038388  34.038388 
  1.525000e+00  34.038388  34.038388 
  1.530000e+00  34.038388  34.038388 
  1.535000e+00  34.038388  34.038388 
  1.540000e+00  34.038388  34.038388 
  1.545000e+00  34.038388  34.038388 
  1.550000e+00  34.038388  34.038388 
  1.555000e+00  34.038388  34.038388 
  1.560000e+00  34.038388  34.038388 
  1.565000e+00  34.038388  34.038388 
  1.570000e+00  34.038388  34.038388 
  1.575000e+00  34.038388  34.038388 
  1.580000e+00  34.038388  34.038388 
  1.585000e+00  34.038388  34.038388 
  1.590000e+00  34.038388  34.038388 
  1.595000e+00  34.038388  34.038388 
  1.600000e+00  34.038388  34.038388 
  1.605000e+00  34.038388  34.038388 
  1.610000e+00  34.038388  34.038388 
  1.615000e+00  34.038388  34.038388 
  1.620000e+00  34.038388  34.038388 
  1.625000e+00  34.038388  34.038388 
  1.630000e+00  34.038388  34.038388 
  1.635000e+00  34.038388  34.038388 
  1.640000e+00  34.038388  34.038388 
  1.645000e+00  34.038388  34.038388 
  1.650000e+00  34.038388  34.038388 
  1.655000e+00  34.038388  34.038388 
  1.660000e+00  34.038388  34.038388 
  1.665000e+00  34.038388  34.038388 
  1.670000e+00  34.038388  34.038388 
  1.675000e+00  34.038388  34.038388 
  1.680000e+00  34.038388  34.038388 
  1.685000e+00  34.038388  34.038388 
  1.690000e+00  34.038388  34.038388 
  1.695000e+00  34.038388  34.038388 
  1.700000e+00  34.038388  34.038388 
  1.705000e+00  34.038388  34.038388 
  1.710000e+00  34.038388  34.038388 
  1.715000e+00  34.038388  34.038388 
  1.720000e+00  34.038388  34.038388 
  1.725000e+00  34.038388  34.038388 
  1.730000e+00  34.038388  34.038388 
  1.735000e+00  34.038388  34.038388 
  1.740000e+00  34.038388  34.038388 
  1.745000e+00  34.038388  34.038388 
  1.750000e+00  34.038388  34.038388 
  1.755000e+00  34.038388  34.038388 
  1.760000e+00  34.038388  34.038388 
  1.765000e+00  34.038388  34.038388 
  1.770000e+00  34.038388  34.038388 
  1.775000e+00  34.038388  34.038388 
  1.780000e+00  34.038388  34.038388 
  1.785000e+00  34.038388  34.038388 
  1.790000e+00  34.038388  34.038388 
  1.795000e+00  34.038388  34.038388 
  1.800000e+00  34.038388  34.038388 
  1.805000e+00  34.038388  34.038388 
  1.810000e+00  34.038388  34.038388 
  1.815000e+00  34.038388  34.038388 
  1.820000e+00  34.038388  34.038388 
  1.825000e+00  34.038388  34.038388 
  1.830000e+00  34.038388  34.038388 
  1.835000e+00  34.038388  34.038388 
  1.840000e+00  34.038388  34.038388 
  1.845000e+00  34.038388  34.038388 
  1.850000e+00  34.038388  34.038388 
  1.855000e+00  34.038388  34.038388 
  1.860000e+00  34.038388  34.038388 
  1.865000e+00  34.038388  34.038388 
  1.870000e+00  34.038388  34.038388 
  1.875000e+00  34.038388  34.038388 
  1.880000e+00  34.038388  34.038388 
  1.885000e+00  34.038388  34.038388 
  1.890000e+00  34.038388  34.038388 
  1.895000e+00  34.038388  34.038388 
  1.900000e+00  34.038388  34.038388 
  1.905000e+00  34.038388  34.038388 
  1.910000e+00  34.038388  34.038388 
  1.915000e+00  34.038388  34.038388 
  1.920000e+00  34.038388  34.038388 
  1.925000e+00  34.038388  34.038388 
  1.930000e+00  34.038388  34.038388 
  1.935000e+00  34.038388  34.038388 
  1.940000e+00  34.038388  34.038388 
  1.945000e+00  34.038388  34.038388 
  1.950000e+00  34.038388  34.038388 
  1.955000e+00  34.038388  34.038388 
  1.960000e+00  34.038388  34.038388 
  1.965000e+00  34.038388  34.038388 
  1.970000e+00  34.038388  34.038388 
  1.975000e+00  34.038388  34.038388 
  1.980000e+00  34.038388  34.038388 
  1.985000e+00  34.038388  34.038388 
  1.990000e+00  34.038388  34.038388 
  1.995000e+00  34.038388  34.038388 
  2.000000e+00  34.038388  34.038388 
