  5.000000e-03  6.49084925 17.98212028 
  7.500000e-03  6.49084925 17.98285110 
  1.000000e-02  6.49084925 17.98260863 
  1.250000e-02  6.49084925 17.98231086 
  1.500000e-02  6.49084925 17.98304020 
  1.750000e-02  6.49084925 17.98316093 
  2.000000e-02  6.49084925 17.98317520 
  2.250000e-02  6.49084925 17.98312473 
  2.500000e-02  6.49084925 17.98306446 
  2.750000e-02  6.49084925 17.98306331 
  3.000000e-02  6.49084925 17.98313382 
  3.250000e-02  6.49084925 17.98325901 
  3.500000e-02  6.49084925 17.98217772 
  3.750000e-02  6.49084925 17.98270226 
  4.000000e-02  6.49084925 17.98251670 
  4.250000e-02  6.49084925 17.98242596 
  4.500000e-02  6.49084925 17.98269123 
  4.750000e-02  6.49084925 17.98269437 
  5.000000e-02  6.49084925 17.98281866 
  5.250000e-02  6.49084925 17.98277960 
  5.500000e-02  6.49084925 17.98284037 
  5.750000e-02  6.49084925 17.98293260 
  6.000000e-02  6.49084925 17.98278921 
  6.250000e-02  6.49084925 17.98281994 
  6.500000e-02  6.49084925 17.98291904 
  6.750000e-02  6.49084925 17.98285021 
  7.000000e-02  6.49084925 17.98293807 
  7.250000e-02  6.49084925 17.98240661 
  7.500000e-02  6.49084925 17.98269640 
  7.750000e-02  6.49084925 17.98274913 
  8.000000e-02  6.49084925 17.98271551 
  8.250000e-02  6.49084925 17.98274466 
  8.500000e-02  6.49084925 17.98277843 
  8.750000e-02  6.49084925 17.98280821 
  9.000000e-02  6.49084925 17.98283468 
  9.250000e-02  6.49084925 17.98285962 
  9.500000e-02  6.49084925 17.98288455 
  9.750000e-02  6.49084925 17.98276549 
  1.000000e-01  6.49084925 17.98274374 
  1.025000e-01  6.49084925 17.98275868 
  1.050000e-01  6.49084925 17.98278769 
  1.075000e-01  6.49084925 17.98282109 
  1.100000e-01  6.49084925 17.98285357 
  1.125000e-01  6.49084925 17.98288060 
  1.150000e-01  6.49084925 17.98279853 
  1.175000e-01  6.49084925 17.98277380 
  1.200000e-01  6.49084925 17.98277156 
  1.225000e-01  6.49084925 17.98277454 
  1.250000e-01  6.49084925 17.98277772 
  1.275000e-01  6.49084925 17.98278025 
  1.300000e-01  6.49084925 17.98278243 
  1.325000e-01  6.49084925 17.98278460 
  1.350000e-01  6.49084925 17.98278693 
  1.375000e-01  6.49084925 17.98278943 
  1.400000e-01  6.49084925 17.98279205 
  1.425000e-01  6.49084925 17.98279471 
  1.450000e-01  6.49084925 17.98279732 
  1.475000e-01  6.49084925 17.98279982 
  1.500000e-01  6.49084925 17.98280217 
  1.525000e-01  6.49084925 17.98280433 
  1.550000e-01  6.49084925 17.98280630 
  1.575000e-01  6.49084925 17.98280808 
  1.600000e-01  6.49084925 17.98280970 
  1.625000e-01  6.49084925 17.98281117 
  1.650000e-01  6.49084925 17.98281253 
  1.675000e-01  6.49084925 17.98281379 
  1.700000e-01  6.49084925 17.98281496 
  1.725000e-01  6.49084925 17.98281607 
  1.750000e-01  6.49084925 17.98281712 
  1.775000e-01  6.49084925 17.98281812 
  1.800000e-01  6.49084925 17.98281907 
  1.825000e-01  6.49084925 17.98281998 
  1.850000e-01  6.49084925 17.98282084 
  1.875000e-01  6.49084925 17.98282165 
  1.900000e-01  6.49084925 17.98282243 
  1.925000e-01  6.49084925 17.98282316 
  1.950000e-01  6.49084925 17.98282385 
  1.975000e-01  6.49084925 17.98282449 
  2.000000e-01  6.49084925 17.98282510 
  2.025000e-01  6.49084925 17.98282567 
  2.050000e-01  6.49084925 17.98282620 
  2.075000e-01  6.49084925 17.98282669 
  2.100000e-01  6.49084925 17.98282715 
  2.125000e-01  6.49084925 17.98282757 
  2.150000e-01  6.49084925 17.98282796 
  2.175000e-01  6.49084925 17.98282833 
  2.200000e-01  6.49084925 17.98282867 
  2.225000e-01  6.49084925 17.98282900 
  2.250000e-01  6.49084925 17.98282930 
  2.275000e-01  6.49084925 17.98282942 
  2.300000e-01  6.49084925 17.98282948 
  2.325000e-01  6.49084925 17.98282951 
  2.350000e-01  6.49084925 17.98282954 
  2.375000e-01  6.49084925 17.98282957 
  2.400000e-01  6.49084925 17.98282959 
  2.425000e-01  6.49084925 17.98282962 
  2.450000e-01  6.49084925 17.98282964 
  2.475000e-01  6.49084925 17.98282966 
  2.500000e-01  6.49084925 17.98282968 
  2.525000e-01  6.49084925 17.98282970 
  2.550000e-01  6.49084925 17.98282972 
  2.575000e-01  6.49084925 17.98282974 
  2.600000e-01  6.49084925 17.98282976 
  2.625000e-01  6.49084925 17.98282977 
  2.650000e-01  6.49084925 17.98282979 
  2.675000e-01  6.49084925 17.98282981 
  2.700000e-01  6.49084925 17.98282982 
  2.725000e-01  6.49084925 17.98282984 
  2.750000e-01  6.49084925 17.98282985 
  2.775000e-01  6.49084925 17.98282987 
  2.800000e-01  6.49084925 17.98282988 
  2.825000e-01  6.49084925 17.98282989 
  2.850000e-01  6.49084925 17.98282991 
  2.875000e-01  6.49084925 17.98282992 
  2.900000e-01  6.49084925 17.98282993 
  2.925000e-01  6.49084925 17.98282995 
  2.950000e-01  6.49084925 17.98282996 
  2.975000e-01  6.49084925 17.98282997 
  3.000000e-01  6.49084925 17.98282998 
  3.025000e-01  6.49084925 17.98282999 
  3.050000e-01  6.49084925 17.98283000 
  3.075000e-01  6.49084925 17.98283001 
  3.100000e-01  6.49084925 17.98283002 
  3.125000e-01  6.49084925 17.98283003 
  3.150000e-01  6.49084925 17.98283004 
  3.175000e-01  6.49084925 17.98283005 
  3.200000e-01  6.49084925 17.98283006 
  3.225000e-01  6.49084925 17.98283007 
  3.250000e-01  6.49084925 17.98283008 
  3.275000e-01  6.49084925 17.98283009 
  3.300000e-01  6.49084925 17.98283009 
  3.325000e-01  6.49084925 17.98283010 
  3.350000e-01  6.49084925 17.98283011 
  3.375000e-01  6.49084925 17.98283012 
  3.400000e-01  6.49084925 17.98283012 
  3.425000e-01  6.49084925 17.98283013 
  3.450000e-01  6.49084925 17.98283014 
  3.475000e-01  6.49084925 17.98283014 
  3.500000e-01  6.49084925 17.98283015 
  3.525000e-01  6.49084925 17.98283016 
  3.550000e-01  6.49084925 17.98283016 
  3.575000e-01  6.49084925 17.98283017 
  3.600000e-01  6.49084925 17.98283017 
  3.625000e-01  6.49084925 17.98283018 
  3.650000e-01  6.49084925 17.98283018 
  3.675000e-01  6.49084925 17.98283019 
  3.700000e-01  6.49084925 17.98283019 
  3.725000e-01  6.49084925 17.98283020 
  3.750000e-01  6.49084925 17.98283020 
  3.775000e-01  6.49084925 17.98283021 
  3.800000e-01  6.49084925 17.98283021 
  3.825000e-01  6.49084925 17.98283022 
  3.850000e-01  6.49084925 17.98283022 
  3.875000e-01  6.49084925 17.98283023 
  3.900000e-01  6.49084925 17.98283023 
  3.925000e-01  6.49084925 17.98283023 
  3.950000e-01  6.49084925 17.98283024 
  3.975000e-01  6.49084925 17.98283024 
  4.000000e-01  6.49084925 17.98283024 
  4.025000e-01  6.49084925 17.98283025 
  4.050000e-01  6.49084925 17.98283025 
  4.075000e-01  6.49084925 17.98283025 
  4.100000e-01  6.49084925 17.98283026 
  4.125000e-01  6.49084925 17.98283026 
  4.150000e-01  6.49084925 17.98283026 
  4.175000e-01  6.49084925 17.98283027 
  4.200000e-01  6.49084925 17.98283027 
  4.225000e-01  6.49084925 17.98283027 
  4.250000e-01  6.49084925 17.98283027 
  4.275000e-01  6.49084925 17.98283028 
  4.300000e-01  6.49084925 17.98283028 
  4.325000e-01  6.49084925 17.98283028 
  4.350000e-01  6.49084925 17.98283028 
  4.375000e-01  6.49084925 17.98283029 
  4.400000e-01  6.49084925 17.98283029 
  4.425000e-01  6.49084925 17.98283029 
  4.450000e-01  6.49084925 17.98283029 
  4.475000e-01  6.49084925 17.98283029 
  4.500000e-01  6.49084925 17.98283030 
  4.525000e-01  6.49084925 17.98283030 
  4.550000e-01  6.49084925 17.98283030 
  4.575000e-01  6.49084925 17.98283030 
  4.600000e-01  6.49084925 17.98283030 
  4.625000e-01  6.49084925 17.98283030 
  4.650000e-01  6.49084925 17.98283031 
  4.675000e-01  6.49084925 17.98283031 
  4.700000e-01  6.49084925 17.98283031 
  4.725000e-01  6.49084925 17.98283031 
  4.750000e-01  6.49084925 17.98283031 
  4.775000e-01  6.49084925 17.98283031 
  4.800000e-01  6.49084925 17.98283031 
  4.825000e-01  6.49084925 17.98283032 
  4.850000e-01  6.49084925 17.98283032 
  4.875000e-01  6.49084925 17.98283032 
  4.900000e-01  6.49084925 17.98283032 
  4.925000e-01  6.49084925 17.98283032 
  4.950000e-01  6.49084925 17.98283032 
  4.975000e-01  6.49084925 17.98283032 
  5.000000e-01  6.49084925 17.98283032 
  5.025000e-01  6.49084925 17.98283032 
  5.050000e-01  6.49084925 17.98283032 
  5.075000e-01  6.49084925 17.98283032 
  5.100000e-01  6.49084925 17.98283033 
  5.125000e-01  6.49084925 17.98283033 
  5.150000e-01  6.49084925 17.98283033 
  5.175000e-01  6.49084925 17.98283033 
  5.200000e-01  6.49084925 17.98283033 
  5.225000e-01  6.49084925 17.98283033 
  5.250000e-01  6.49084925 17.98283033 
  5.275000e-01  6.49084925 17.98283033 
  5.300000e-01  6.49084925 17.98283033 
  5.325000e-01  6.49084925 17.98283033 
  5.350000e-01  6.49084925 17.98283033 
  5.375000e-01  6.49084925 17.98283033 
  5.400000e-01  6.49084925 17.98283033 
  5.425000e-01  6.49084925 17.98283033 
  5.450000e-01  6.49084925 17.98283033 
  5.475000e-01  6.49084925 17.98283033 
  5.500000e-01  6.49084925 17.98283033 
  5.525000e-01  6.49084925 17.98283033 
  5.550000e-01  6.49084925 17.98283033 
  5.575000e-01  6.49084925 17.98283033 
  5.600000e-01  6.49084925 17.98283034 
  5.625000e-01  6.49084925 17.98283034 
  5.650000e-01  6.49084925 17.98283034 
  5.675000e-01  6.49084925 17.98283034 
  5.700000e-01  6.49084925 17.98283034 
  5.725000e-01  6.49084925 17.98283034 
  5.750000e-01  6.49084925 17.98283034 
  5.775000e-01  6.49084925 17.98283034 
  5.800000e-01  6.49084925 17.98283034 
  5.825000e-01  6.49084925 17.98283034 
  5.850000e-01  6.49084925 17.98283034 
  5.875000e-01  6.49084925 17.98283034 
  5.900000e-01  6.49084925 17.98283034 
  5.925000e-01  6.49084925 17.98283034 
  5.950000e-01  6.49084925 17.98283034 
  5.975000e-01  6.49084925 17.98283034 
  6.000000e-01  6.49084925 17.98283034 
  6.025000e-01  6.49084925 17.98283034 
  6.050000e-01  6.49084925 17.98283034 
  6.075000e-01  6.49084925 17.98283034 
  6.100000e-01  6.49084925 17.98283034 
  6.125000e-01  6.49084925 17.98283034 
  6.150000e-01  6.49084925 17.98283034 
  6.175000e-01  6.49084925 17.98283034 
  6.200000e-01  6.49084925 17.98283034 
  6.225000e-01  6.49084925 17.98283034 
  6.250000e-01  6.49084925 17.98283034 
  6.275000e-01  6.49084925 17.98283034 
  6.300000e-01  6.49084925 17.98283034 
  6.325000e-01  6.49084925 17.98283034 
  6.350000e-01  6.49084925 17.98283034 
  6.375000e-01  6.49084925 17.98283034 
  6.400000e-01  6.49084925 17.98283034 
  6.425000e-01  6.49084925 17.98283034 
  6.450000e-01  6.49084925 17.98283034 
  6.475000e-01  6.49084925 17.98283034 
  6.500000e-01  6.49084925 17.98283034 
  6.525000e-01  6.49084925 17.98283034 
  6.550000e-01  6.49084925 17.98283034 
  6.575000e-01  6.49084925 17.98283034 
  6.600000e-01  6.49084925 17.98283034 
  6.625000e-01  6.49084925 17.98283034 
  6.650000e-01  6.49084925 17.98283034 
  6.675000e-01  6.49084925 17.98283034 
  6.700000e-01  6.49084925 17.98283034 
  6.725000e-01  6.49084925 17.98283034 
  6.750000e-01  6.49084925 17.98283034 
  6.775000e-01  6.49084925 17.98283034 
  6.800000e-01  6.49084925 17.98283034 
  6.825000e-01  6.49084925 17.98283034 
  6.850000e-01  6.49084925 17.98283034 
  6.875000e-01  6.49084925 17.98283034 
  6.900000e-01  6.49084925 17.98283034 
  6.925000e-01  6.49084925 17.98283034 
  6.950000e-01  6.49084925 17.98283034 
  6.975000e-01  6.49084925 17.98283034 
  7.000000e-01  6.49084925 17.98283034 
  7.025000e-01  6.49084925 17.98283034 
  7.050000e-01  6.49084925 17.98283034 
  7.075000e-01  6.49084925 17.98283034 
  7.100000e-01  6.49084925 17.98283034 
  7.125000e-01  6.49084925 17.98283033 
  7.150000e-01  6.49084925 17.98283033 
  7.175000e-01  6.49084925 17.98283033 
  7.200000e-01  6.49084925 17.98283033 
  7.225000e-01  6.49084925 17.98283033 
  7.250000e-01  6.49084925 17.98283033 
  7.275000e-01  6.49084925 17.98283033 
  7.300000e-01  6.49084925 17.98283033 
  7.325000e-01  6.49084925 17.98283033 
  7.350000e-01  6.49084925 17.98283033 
  7.375000e-01  6.49084925 17.98283033 
  7.400000e-01  6.49084925 17.98283033 
  7.425000e-01  6.49084925 17.98283033 
  7.450000e-01  6.49084925 17.98283033 
  7.475000e-01  6.49084925 17.98283033 
  7.500000e-01  6.49084925 17.98283033 
  7.525000e-01  6.49084925 17.98283033 
  7.550000e-01  6.49084925 17.98283033 
  7.575000e-01  6.49084925 17.98283033 
  7.600000e-01  6.49084925 17.98283033 
  7.625000e-01  6.49084925 17.98283033 
  7.650000e-01  6.49084925 17.98283033 
  7.675000e-01  6.49084925 17.98283033 
  7.700000e-01  6.49084925 17.98283033 
  7.725000e-01  6.49084925 17.98283033 
  7.750000e-01  6.49084925 17.98283033 
  7.775000e-01  6.49084925 17.98283033 
  7.800000e-01  6.49084925 17.98283033 
  7.825000e-01  6.49084925 17.98283033 
  7.850000e-01  6.49084925 17.98283033 
  7.875000e-01  6.49084925 17.98283033 
  7.900000e-01  6.49084925 17.98283033 
  7.925000e-01  6.49084925 17.98283033 
  7.950000e-01  6.49084925 17.98283033 
  7.975000e-01  6.49084925 17.98283033 
  8.000000e-01  6.49084925 17.98283033 
  8.025000e-01  6.49084925 17.98283033 
  8.050000e-01  6.49084925 17.98283033 
  8.075000e-01  6.49084925 17.98283033 
  8.100000e-01  6.49084925 17.98283033 
  8.125000e-01  6.49084925 17.98283033 
  8.150000e-01  6.49084925 17.98283033 
  8.175000e-01  6.49084925 17.98283033 
  8.200000e-01  6.49084925 17.98283033 
  8.225000e-01  6.49084925 17.98283033 
  8.250000e-01  6.49084925 17.98283033 
  8.275000e-01  6.49084925 17.98283033 
  8.300000e-01  6.49084925 17.98283033 
  8.325000e-01  6.49084925 17.98283033 
  8.350000e-01  6.49084925 17.98283033 
  8.375000e-01  6.49084925 17.98283033 
  8.400000e-01  6.49084925 17.98283033 
  8.425000e-01  6.49084925 17.98283033 
  8.450000e-01  6.49084925 17.98283033 
  8.475000e-01  6.49084925 17.98283033 
  8.500000e-01  6.49084925 17.98283033 
  8.525000e-01  6.49084925 17.98283033 
  8.550000e-01  6.49084925 17.98283033 
  8.575000e-01  6.49084925 17.98283033 
  8.600000e-01  6.49084925 17.98283033 
  8.625000e-01  6.49084925 17.98283033 
  8.650000e-01  6.49084925 17.98283033 
  8.675000e-01  6.49084925 17.98283033 
  8.700000e-01  6.49084925 17.98283033 
  8.725000e-01  6.49084925 17.98283033 
  8.750000e-01  6.49084925 17.98283033 
  8.775000e-01  6.49084925 17.98283033 
  8.800000e-01  6.49084925 17.98283033 
  8.825000e-01  6.49084925 17.98283033 
  8.850000e-01  6.49084925 17.98283033 
  8.875000e-01  6.49084925 17.98283033 
  8.900000e-01  6.49084925 17.98283033 
  8.925000e-01  6.49084925 17.98283033 
  8.950000e-01  6.49084925 17.98283033 
  8.975000e-01  6.49084925 17.98283033 
  9.000000e-01  6.49084925 17.98283033 
  9.025000e-01  6.49084925 17.98283033 
  9.050000e-01  6.49084925 17.98283033 
  9.075000e-01  6.49084925 17.98283033 
  9.100000e-01  6.49084925 17.98283033 
  9.125000e-01  6.49084925 17.98283033 
  9.150000e-01  6.49084925 17.98283033 
  9.175000e-01  6.49084925 17.98283033 
  9.200000e-01  6.49084925 17.98283033 
  9.225000e-01  6.49084925 17.98283033 
  9.250000e-01  6.49084925 17.98283033 
  9.275000e-01  6.49084925 17.98283033 
  9.300000e-01  6.49084925 17.98283033 
  9.325000e-01  6.49084925 17.98283032 
  9.350000e-01  6.49084925 17.98283032 
  9.375000e-01  6.49084925 17.98283032 
  9.400000e-01  6.49084925 17.98283032 
  9.425000e-01  6.49084925 17.98283032 
  9.450000e-01  6.49084925 17.98283032 
  9.475000e-01  6.49084925 17.98283032 
  9.500000e-01  6.49084925 17.98283032 
  9.525000e-01  6.49084925 17.98283032 
  9.550000e-01  6.49084925 17.98283032 
  9.575000e-01  6.49084925 17.98283032 
  9.600000e-01  6.49084925 17.98283032 
  9.625000e-01  6.49084925 17.98283032 
  9.650000e-01  6.49084925 17.98283032 
  9.675000e-01  6.49084925 17.98283032 
  9.700000e-01  6.49084925 17.98283032 
  9.725000e-01  6.49084925 17.98283032 
  9.750000e-01  6.49084925 17.98283032 
  9.775000e-01  6.49084925 17.98283032 
  9.800000e-01  6.49084925 17.98283032 
  9.825000e-01  6.49084925 17.98283032 
  9.850000e-01  6.49084925 17.98283032 
  9.875000e-01  6.49084925 17.98283032 
  9.900000e-01  6.49084925 17.98283032 
  9.925000e-01  6.49084925 17.98283032 
  9.950000e-01  6.49084925 17.98283032 
  9.975000e-01  6.49084925 17.98283032 
  1.000000e+00  6.49084925 17.98283032 
  1.002500e+00  6.49084925 17.98283032 
  1.005000e+00  6.49084925 17.98283032 
  1.007500e+00  6.49084925 17.98283032 
  1.010000e+00  6.49084925 17.98283032 
  1.012500e+00  6.49084925 17.98283032 
  1.015000e+00  6.49084925 17.98283032 
  1.017500e+00  6.49084925 17.98283032 
  1.020000e+00  6.49084925 17.98283032 
  1.022500e+00  6.49084925 17.98283032 
  1.025000e+00  6.49084925 17.98283032 
  1.027500e+00  6.49084925 17.98283032 
  1.030000e+00  6.49084925 17.98283032 
  1.032500e+00  6.49084925 17.98283032 
  1.035000e+00  6.49084925 17.98283032 
  1.037500e+00  6.49084925 17.98283032 
  1.040000e+00  6.49084925 17.98283032 
  1.042500e+00  6.49084925 17.98283032 
  1.045000e+00  6.49084925 17.98283032 
  1.047500e+00  6.49084925 17.98283032 
  1.050000e+00  6.49084925 17.98283032 
  1.052500e+00  6.49084925 17.98283032 
  1.055000e+00  6.49084925 17.98283032 
  1.057500e+00  6.49084925 17.98283032 
  1.060000e+00  6.49084925 17.98283032 
  1.062500e+00  6.49084925 17.98283032 
  1.065000e+00  6.49084925 17.98283032 
  1.067500e+00  6.49084925 17.98283032 
  1.070000e+00  6.49084925 17.98283032 
  1.072500e+00  6.49084925 17.98283032 
  1.075000e+00  6.49084925 17.98283032 
  1.077500e+00  6.49084925 17.98283032 
  1.080000e+00  6.49084925 17.98283032 
  1.082500e+00  6.49084925 17.98283032 
  1.085000e+00  6.49084925 17.98283032 
  1.087500e+00  6.49084925 17.98283032 
  1.090000e+00  6.49084925 17.98283032 
  1.092500e+00  6.49084925 17.98283032 
  1.095000e+00  6.49084925 17.98283032 
  1.097500e+00  6.49084925 17.98283032 
  1.100000e+00  6.49084925 17.98283032 
  1.102500e+00  6.49084925 17.98283032 
  1.105000e+00  6.49084925 17.98283032 
  1.107500e+00  6.49084925 17.98283032 
  1.110000e+00  6.49084925 17.98283032 
  1.112500e+00  6.49084925 17.98283032 
  1.115000e+00  6.49084925 17.98283032 
  1.117500e+00  6.49084925 17.98283032 
  1.120000e+00  6.49084925 17.98283032 
  1.122500e+00  6.49084925 17.98283032 
  1.125000e+00  6.49084925 17.98283032 
  1.127500e+00  6.49084925 17.98283032 
  1.130000e+00  6.49084925 17.98283032 
  1.132500e+00  6.49084925 17.98283032 
  1.135000e+00  6.49084925 17.98283032 
  1.137500e+00  6.49084925 17.98283032 
  1.140000e+00  6.49084925 17.98283032 
  1.142500e+00  6.49084925 17.98283032 
  1.145000e+00  6.49084925 17.98283032 
  1.147500e+00  6.49084925 17.98283032 
  1.150000e+00  6.49084925 17.98283032 
  1.152500e+00  6.49084925 17.98283032 
  1.155000e+00  6.49084925 17.98283032 
  1.157500e+00  6.49084925 17.98283032 
  1.160000e+00  6.49084925 17.98283032 
  1.162500e+00  6.49084925 17.98283032 
  1.165000e+00  6.49084925 17.98283032 
  1.167500e+00  6.49084925 17.98283032 
  1.170000e+00  6.49084925 17.98283032 
  1.172500e+00  6.49084925 17.98283032 
  1.175000e+00  6.49084925 17.98283032 
  1.177500e+00  6.49084925 17.98283032 
  1.180000e+00  6.49084925 17.98283032 
  1.182500e+00  6.49084925 17.98283032 
  1.185000e+00  6.49084925 17.98283032 
  1.187500e+00  6.49084925 17.98283032 
  1.190000e+00  6.49084925 17.98283032 
  1.192500e+00  6.49084925 17.98283032 
  1.195000e+00  6.49084925 17.98283032 
  1.197500e+00  6.49084925 17.98283032 
  1.200000e+00  6.49084925 17.98283032 
  1.202500e+00  6.49084925 17.98283032 
  1.205000e+00  6.49084925 17.98283032 
  1.207500e+00  6.49084925 17.98283032 
  1.210000e+00  6.49084925 17.98283032 
  1.212500e+00  6.49084925 17.98283032 
  1.215000e+00  6.49084925 17.98283032 
  1.217500e+00  6.49084925 17.98283032 
  1.220000e+00  6.49084925 17.98283032 
  1.222500e+00  6.49084925 17.98283032 
  1.225000e+00  6.49084925 17.98283032 
  1.227500e+00  6.49084925 17.98283032 
  1.230000e+00  6.49084925 17.98283032 
  1.232500e+00  6.49084925 17.98283032 
  1.235000e+00  6.49084925 17.98283032 
  1.237500e+00  6.49084925 17.98283032 
  1.240000e+00  6.49084925 17.98283032 
  1.242500e+00  6.49084925 17.98283032 
  1.245000e+00  6.49084925 17.98283032 
  1.247500e+00  6.49084925 17.98283032 
  1.250000e+00  6.49084925 17.98283032 
  1.252500e+00  6.49084925 17.98283032 
  1.255000e+00  6.49084925 17.98283032 
  1.257500e+00  6.49084925 17.98283032 
  1.260000e+00  6.49084925 17.98283032 
  1.262500e+00  6.49084925 17.98283032 
  1.265000e+00  6.49084925 17.98283032 
  1.267500e+00  6.49084925 17.98283032 
  1.270000e+00  6.49084925 17.98283032 
  1.272500e+00  6.49084925 17.98283032 
  1.275000e+00  6.49084925 17.98283032 
  1.277500e+00  6.49084925 17.98283032 
  1.280000e+00  6.49084925 17.98283032 
  1.282500e+00  6.49084925 17.98283032 
  1.285000e+00  6.49084925 17.98283032 
  1.287500e+00  6.49084925 17.98283032 
  1.290000e+00  6.49084925 17.98283032 
  1.292500e+00  6.49084925 17.98283032 
  1.295000e+00  6.49084925 17.98283032 
  1.297500e+00  6.49084925 17.98283032 
  1.300000e+00  6.49084925 17.98283032 
  1.302500e+00  6.49084925 17.98283032 
  1.305000e+00  6.49084925 17.98283032 
  1.307500e+00  6.49084925 17.98283032 
  1.310000e+00  6.49084925 17.98283032 
  1.312500e+00  6.49084925 17.98283032 
  1.315000e+00  6.49084925 17.98283032 
  1.317500e+00  6.49084925 17.98283032 
  1.320000e+00  6.49084925 17.98283032 
  1.322500e+00  6.49084925 17.98283032 
  1.325000e+00  6.49084925 17.98283032 
  1.327500e+00  6.49084925 17.98283032 
  1.330000e+00  6.49084925 17.98283032 
  1.332500e+00  6.49084925 17.98283032 
  1.335000e+00  6.49084925 17.98283032 
  1.337500e+00  6.49084925 17.98283032 
  1.340000e+00  6.49084925 17.98283032 
  1.342500e+00  6.49084925 17.98283032 
  1.345000e+00  6.49084925 17.98283032 
  1.347500e+00  6.49084925 17.98283032 
  1.350000e+00  6.49084925 17.98283032 
  1.352500e+00  6.49084925 17.98283032 
  1.355000e+00  6.49084925 17.98283032 
  1.357500e+00  6.49084925 17.98283032 
  1.360000e+00  6.49084925 17.98283032 
  1.362500e+00  6.49084925 17.98283032 
  1.365000e+00  6.49084925 17.98283032 
  1.367500e+00  6.49084925 17.98283032 
  1.370000e+00  6.49084925 17.98283032 
  1.372500e+00  6.49084925 17.98283032 
  1.375000e+00  6.49084925 17.98283032 
  1.377500e+00  6.49084925 17.98283032 
  1.380000e+00  6.49084925 17.98283032 
  1.382500e+00  6.49084925 17.98283032 
  1.385000e+00  6.49084925 17.98283032 
  1.387500e+00  6.49084925 17.98283032 
  1.390000e+00  6.49084925 17.98283032 
  1.392500e+00  6.49084925 17.98283032 
  1.395000e+00  6.49084925 17.98283032 
  1.397500e+00  6.49084925 17.98283032 
  1.400000e+00  6.49084925 17.98283032 
  1.402500e+00  6.49084925 17.98283032 
  1.405000e+00  6.49084925 17.98283032 
  1.407500e+00  6.49084925 17.98283032 
  1.410000e+00  6.49084925 17.98283032 
  1.412500e+00  6.49084925 17.98283032 
  1.415000e+00  6.49084925 17.98283032 
  1.417500e+00  6.49084925 17.98283032 
  1.420000e+00  6.49084925 17.98283032 
  1.422500e+00  6.49084925 17.98283032 
  1.425000e+00  6.49084925 17.98283032 
  1.427500e+00  6.49084925 17.98283032 
  1.430000e+00  6.49084925 17.98283032 
  1.432500e+00  6.49084925 17.98283032 
  1.435000e+00  6.49084925 17.98283032 
  1.437500e+00  6.49084925 17.98283032 
  1.440000e+00  6.49084925 17.98283032 
  1.442500e+00  6.49084925 17.98283032 
  1.445000e+00  6.49084925 17.98283032 
  1.447500e+00  6.49084925 17.98283032 
  1.450000e+00  6.49084925 17.98283032 
  1.452500e+00  6.49084925 17.98283032 
  1.455000e+00  6.49084925 17.98283032 
  1.457500e+00  6.49084925 17.98283032 
  1.460000e+00  6.49084925 17.98283032 
  1.462500e+00  6.49084925 17.98283032 
  1.465000e+00  6.49084925 17.98283032 
  1.467500e+00  6.49084925 17.98283032 
  1.470000e+00  6.49084925 17.98283032 
  1.472500e+00  6.49084925 17.98283032 
  1.475000e+00  6.49084925 17.98283032 
  1.477500e+00  6.49084925 17.98283032 
  1.480000e+00  6.49084925 17.98283032 
  1.482500e+00  6.49084925 17.98283032 
  1.485000e+00  6.49084925 17.98283032 
  1.487500e+00  6.49084925 17.98283032 
  1.490000e+00  6.49084925 17.98283032 
  1.492500e+00  6.49084925 17.98283032 
  1.495000e+00  6.49084925 17.98283032 
  1.497500e+00  6.49084925 17.98283032 
  1.500000e+00  6.49084925 17.98283032 
  1.502500e+00  6.49084925 17.98283032 
  1.505000e+00  6.49084925 17.98283032 
  1.507500e+00  6.49084925 17.98283032 
  1.510000e+00  6.49084925 17.98283032 
  1.512500e+00  6.49084925 17.98283032 
  1.515000e+00  6.49084925 17.98283032 
  1.517500e+00  6.49084925 17.98283032 
  1.520000e+00  6.49084925 17.98283032 
  1.522500e+00  6.49084925 17.98283032 
  1.525000e+00  6.49084925 17.98283032 
  1.527500e+00  6.49084925 17.98283032 
  1.530000e+00  6.49084925 17.98283032 
  1.532500e+00  6.49084925 17.98283032 
  1.535000e+00  6.49084925 17.98283032 
  1.537500e+00  6.49084925 17.98283032 
  1.540000e+00  6.49084925 17.98283032 
  1.542500e+00  6.49084925 17.98283032 
  1.545000e+00  6.49084925 17.98283032 
  1.547500e+00  6.49084925 17.98283032 
  1.550000e+00  6.49084925 17.98283032 
  1.552500e+00  6.49084925 17.98283032 
  1.555000e+00  6.49084925 17.98283032 
  1.557500e+00  6.49084925 17.98283032 
  1.560000e+00  6.49084925 17.98283032 
  1.562500e+00  6.49084925 17.98283032 
  1.565000e+00  6.49084925 17.98283032 
  1.567500e+00  6.49084925 17.98283032 
  1.570000e+00  6.49084925 17.98283032 
  1.572500e+00  6.49084925 17.98283032 
  1.575000e+00  6.49084925 17.98283032 
  1.577500e+00  6.49084925 17.98283032 
  1.580000e+00  6.49084925 17.98283032 
  1.582500e+00  6.49084925 17.98283032 
  1.585000e+00  6.49084925 17.98283032 
  1.587500e+00  6.49084925 17.98283032 
  1.590000e+00  6.49084925 17.98283032 
  1.592500e+00  6.49084925 17.98283032 
  1.595000e+00  6.49084925 17.98283032 
  1.597500e+00  6.49084925 17.98283032 
  1.600000e+00  6.49084925 17.98283032 
  1.602500e+00  6.49084925 17.98283032 
  1.605000e+00  6.49084925 17.98283032 
  1.607500e+00  6.49084925 17.98283032 
  1.610000e+00  6.49084925 17.98283032 
  1.612500e+00  6.49084925 17.98283032 
  1.615000e+00  6.49084925 17.98283032 
  1.617500e+00  6.49084925 17.98283032 
  1.620000e+00  6.49084925 17.98283032 
  1.622500e+00  6.49084925 17.98283032 
  1.625000e+00  6.49084925 17.98283032 
  1.627500e+00  6.49084925 17.98283032 
  1.630000e+00  6.49084925 17.98283032 
  1.632500e+00  6.49084925 17.98283032 
  1.635000e+00  6.49084925 17.98283032 
  1.637500e+00  6.49084925 17.98283032 
  1.640000e+00  6.49084925 17.98283032 
  1.642500e+00  6.49084925 17.98283032 
  1.645000e+00  6.49084925 17.98283032 
  1.647500e+00  6.49084925 17.98283032 
  1.650000e+00  6.49084925 17.98283032 
  1.652500e+00  6.49084925 17.98283032 
  1.655000e+00  6.49084925 17.98283032 
  1.657500e+00  6.49084925 17.98283032 
  1.660000e+00  6.49084925 17.98283032 
  1.662500e+00  6.49084925 17.98283032 
  1.665000e+00  6.49084925 17.98283032 
  1.667500e+00  6.49084925 17.98283032 
  1.670000e+00  6.49084925 17.98283032 
  1.672500e+00  6.49084925 17.98283032 
  1.675000e+00  6.49084925 17.98283032 
  1.677500e+00  6.49084925 17.98283032 
  1.680000e+00  6.49084925 17.98283032 
  1.682500e+00  6.49084925 17.98283032 
  1.685000e+00  6.49084925 17.98283032 
  1.687500e+00  6.49084925 17.98283032 
  1.690000e+00  6.49084925 17.98283032 
  1.692500e+00  6.49084925 17.98283032 
  1.695000e+00  6.49084925 17.98283032 
  1.697500e+00  6.49084925 17.98283032 
  1.700000e+00  6.49084925 17.98283032 
  1.702500e+00  6.49084925 17.98283032 
  1.705000e+00  6.49084925 17.98283032 
  1.707500e+00  6.49084925 17.98283032 
  1.710000e+00  6.49084925 17.98283032 
  1.712500e+00  6.49084925 17.98283032 
  1.715000e+00  6.49084925 17.98283032 
  1.717500e+00  6.49084925 17.98283032 
  1.720000e+00  6.49084925 17.98283032 
  1.722500e+00  6.49084925 17.98283032 
  1.725000e+00  6.49084925 17.98283032 
  1.727500e+00  6.49084925 17.98283032 
  1.730000e+00  6.49084925 17.98283032 
  1.732500e+00  6.49084925 17.98283032 
  1.735000e+00  6.49084925 17.98283032 
  1.737500e+00  6.49084925 17.98283032 
  1.740000e+00  6.49084925 17.98283032 
  1.742500e+00  6.49084925 17.98283032 
  1.745000e+00  6.49084925 17.98283032 
  1.747500e+00  6.49084925 17.98283032 
  1.750000e+00  6.49084925 17.98283032 
  1.752500e+00  6.49084925 17.98283032 
  1.755000e+00  6.49084925 17.98283032 
  1.757500e+00  6.49084925 17.98283032 
  1.760000e+00  6.49084925 17.98283032 
  1.762500e+00  6.49084925 17.98283032 
  1.765000e+00  6.49084925 17.98283032 
  1.767500e+00  6.49084925 17.98283032 
  1.770000e+00  6.49084925 17.98283032 
  1.772500e+00  6.49084925 17.98283032 
  1.775000e+00  6.49084925 17.98283032 
  1.777500e+00  6.49084925 17.98283032 
  1.780000e+00  6.49084925 17.98283032 
  1.782500e+00  6.49084925 17.98283032 
  1.785000e+00  6.49084925 17.98283032 
  1.787500e+00  6.49084925 17.98283032 
  1.790000e+00  6.49084925 17.98283032 
  1.792500e+00  6.49084925 17.98283032 
  1.795000e+00  6.49084925 17.98283032 
  1.797500e+00  6.49084925 17.98283032 
  1.800000e+00  6.49084925 17.98283032 
  1.802500e+00  6.49084925 17.98283032 
  1.805000e+00  6.49084925 17.98283032 
  1.807500e+00  6.49084925 17.98283032 
  1.810000e+00  6.49084925 17.98283032 
  1.812500e+00  6.49084925 17.98283032 
  1.815000e+00  6.49084925 17.98283032 
  1.817500e+00  6.49084925 17.98283032 
  1.820000e+00  6.49084925 17.98283032 
  1.822500e+00  6.49084925 17.98283032 
  1.825000e+00  6.49084925 17.98283032 
  1.827500e+00  6.49084925 17.98283032 
  1.830000e+00  6.49084925 17.98283032 
  1.832500e+00  6.49084925 17.98283032 
  1.835000e+00  6.49084925 17.98283032 
  1.837500e+00  6.49084925 17.98283032 
  1.840000e+00  6.49084925 17.98283032 
  1.842500e+00  6.49084925 17.98283032 
  1.845000e+00  6.49084925 17.98283032 
  1.847500e+00  6.49084925 17.98283032 
  1.850000e+00  6.49084925 17.98283032 
  1.852500e+00  6.49084925 17.98283032 
  1.855000e+00  6.49084925 17.98283032 
  1.857500e+00  6.49084925 17.98283032 
  1.860000e+00  6.49084925 17.98283032 
  1.862500e+00  6.49084925 17.98283032 
  1.865000e+00  6.49084925 17.98283032 
  1.867500e+00  6.49084925 17.98283032 
  1.870000e+00  6.49084925 17.98283032 
  1.872500e+00  6.49084925 17.98283032 
  1.875000e+00  6.49084925 17.98283032 
  1.877500e+00  6.49084925 17.98283032 
  1.880000e+00  6.49084925 17.98283032 
  1.882500e+00  6.49084925 17.98283032 
  1.885000e+00  6.49084925 17.98283032 
  1.887500e+00  6.49084925 17.98283032 
  1.890000e+00  6.49084925 17.98283032 
  1.892500e+00  6.49084925 17.98283032 
  1.895000e+00  6.49084925 17.98283032 
  1.897500e+00  6.49084925 17.98283032 
  1.900000e+00  6.49084925 17.98283032 
  1.902500e+00  6.49084925 17.98283032 
  1.905000e+00  6.49084925 17.98283032 
  1.907500e+00  6.49084925 17.98283032 
  1.910000e+00  6.49084925 17.98283032 
  1.912500e+00  6.49084925 17.98283032 
  1.915000e+00  6.49084925 17.98283032 
  1.917500e+00  6.49084925 17.98283032 
  1.920000e+00  6.49084925 17.98283032 
  1.922500e+00  6.49084925 17.98283032 
  1.925000e+00  6.49084925 17.98283032 
  1.927500e+00  6.49084925 17.98283032 
  1.930000e+00  6.49084925 17.98283032 
  1.932500e+00  6.49084925 17.98283032 
  1.935000e+00  6.49084925 17.98283032 
  1.937500e+00  6.49084925 17.98283032 
  1.940000e+00  6.49084925 17.98283032 
  1.942500e+00  6.49084925 17.98283032 
  1.945000e+00  6.49084925 17.98283032 
  1.947500e+00  6.49084925 17.98283032 
  1.950000e+00  6.49084925 17.98283032 
  1.952500e+00  6.49084925 17.98283032 
  1.955000e+00  6.49084925 17.98283032 
  1.957500e+00  6.49084925 17.98283032 
  1.960000e+00  6.49084925 17.98283032 
  1.962500e+00  6.49084925 17.98283032 
  1.965000e+00  6.49084925 17.98283032 
  1.967500e+00  6.49084925 17.98283032 
  1.970000e+00  6.49084925 17.98283032 
  1.972500e+00  6.49084925 17.98283032 
  1.975000e+00  6.49084925 17.98283032 
  1.977500e+00  6.49084925 17.98283032 
  1.980000e+00  6.49084925 17.98283032 
  1.982500e+00  6.49084925 17.98283032 
  1.985000e+00  6.49084925 17.98283032 
  1.987500e+00  6.49084925 17.98283032 
  1.990000e+00  6.49084925 17.98283032 
  1.992500e+00  6.49084925 17.98283032 
  1.995000e+00  6.49084925 17.98283032 
  1.997500e+00  6.49084925 17.98283032 
  2.000000e+00  6.49084925 17.98283032 
