  0.000000e+00  32.760375  32.760375
  1.250000e-03  14.101665  14.006453
  2.500000e-03  13.073008  13.809514  
  3.750000e-03  12.239788  13.169004  
  5.000000e-03  11.622455  12.438103  
  6.250000e-03  11.097827  11.713164  
  7.500000e-03  10.626428  11.040375  
  8.750000e-03  10.220397  10.449787  
  1.000000e-02  9.886436  9.954654  
  1.125000e-02  9.614131  9.557341  
  1.250000e-02  9.388516  9.251476  
  1.375000e-02  9.197483  9.023911  
  1.500000e-02  9.032165  8.858531  
  1.625000e-02  8.885882  8.739199  
  1.750000e-02  8.753645  8.651261  
  1.875000e-02  8.632117  8.582209  
  2.000000e-02  8.519444  8.521870  
  2.125000e-02  8.414728  8.462353  
  2.250000e-02  8.317431  8.397959  
  2.375000e-02  8.227048  8.325144  
  2.500000e-02  8.143045  8.242487  
  2.625000e-02  8.064887  8.150517  
  2.750000e-02  7.992036  8.051357  
  2.875000e-02  7.923927  7.948188  
  3.000000e-02  7.859990  7.844638  
  3.125000e-02  7.799697  7.744234  
  3.250000e-02  7.742619  7.649966  
  3.375000e-02  7.688440  7.564021  
  3.500000e-02  7.636941  7.487667  
  3.625000e-02  7.587954  7.421268  
  3.750000e-02  7.541321  7.364392  
  3.875000e-02  7.496870  7.315989  
  4.000000e-02  7.454407  7.274591  
  4.125000e-02  7.413725  7.238522  
  4.250000e-02  7.374625  7.206090  
  4.375000e-02  7.336923  7.175737  
  4.500000e-02  7.300464  7.146156  
  4.625000e-02  7.265125  7.116357  
  4.750000e-02  7.230808  7.085695  
  4.875000e-02  7.197442  7.053856  
  5.000000e-02  7.164977  7.020820  
  5.125000e-02  7.133380  6.986801  
  5.250000e-02  7.102628  6.952176  
  5.375000e-02  7.072713  6.917412  
  5.500000e-02  7.043627  6.882999  
  5.625000e-02  7.015365  6.849391  
  5.750000e-02  6.987922  6.816961  
  5.875000e-02  6.961284  6.785977  
  6.000000e-02  6.935434  6.756590  
  6.125000e-02  6.910348  6.728836  
  6.250000e-02  6.886000  6.702655  
  6.375000e-02  6.862361  6.677910  
  6.500000e-02  6.839404  6.654417  
  6.625000e-02  6.817101  6.631966  
  6.750000e-02  6.795427  6.610349  
  6.875000e-02  6.774357  6.589379  
  7.000000e-02  6.753867  6.568899  
  7.125000e-02  6.733936  6.548792  
  7.250000e-02  6.714541  6.528983  
  7.375000e-02  6.695660  6.509436  
  7.500000e-02  6.677270  6.490145  
  7.625000e-02  6.659351  6.471132  
  7.750000e-02  6.641882  6.452432  
  7.875000e-02  6.624841  6.434088  
  8.000000e-02  6.608209  6.416142  
  8.125000e-02  6.591968  6.398630  
  8.250000e-02  6.576097  6.381576  
  8.375000e-02  6.560580  6.364991  
  8.500000e-02  6.545399  6.348874  
  8.625000e-02  6.530537  6.333209  
  8.750000e-02  6.515979  6.317973  
  8.875000e-02  6.501710  6.303132  
  9.000000e-02  6.487713  6.288651  
  9.125000e-02  6.473976  6.274493  
  9.250000e-02  6.460486  6.260621  
  9.375000e-02  6.447228  6.247002  
  9.500000e-02  6.434191  6.233609  
  9.625000e-02  6.421364  6.220418  
  9.750000e-02  6.408735  6.207413  
  9.875000e-02  6.396294  6.194582  
  1.000000e-01  6.384030  6.181916  
  1.012500e-01  6.371934  6.169409  
  1.025000e-01  6.359997  6.157060  
  1.037500e-01  6.348211  6.144866  
  1.050000e-01  6.336566  6.132824  
  1.062500e-01  6.325056  6.120932  
  1.075000e-01  6.313672  6.109186  
  1.087500e-01  6.302408  6.097581  
  1.100000e-01  6.291256  6.086111  
  1.112500e-01  6.280212  6.074768  
  1.125000e-01  6.269267  6.063544  
  1.137500e-01  6.258418  6.052430  
  1.150000e-01  6.247657  6.041418  
  1.162500e-01  6.236981  6.030499  
  1.175000e-01  6.226385  6.019665  
  1.187500e-01  6.215863  6.008909  
  1.200000e-01  6.205413  5.998224  
  1.212500e-01  6.195028  5.987605  
  1.225000e-01  6.184707  5.977047  
  1.237500e-01  6.174445  5.966547  
  1.250000e-01  6.164240  5.956100  
  1.262500e-01  6.154087  5.945706  
  1.275000e-01  6.143985  5.935360  
  1.287500e-01  6.133930  5.925061  
  1.300000e-01  6.123921  5.914808  
  1.312500e-01  6.113955  5.904598  
  1.325000e-01  6.104029  5.894430  
  1.337500e-01  6.094143  5.884301  
  1.350000e-01  6.084294  5.874210  
  1.362500e-01  6.074481  5.864156  
  1.375000e-01  6.064702  5.854136  
  1.387500e-01  6.054956  5.844149  
  1.400000e-01  6.045242  5.834193  
  1.412500e-01  6.035559  5.824267  
  1.425000e-01  6.025906  5.814369  
  1.437500e-01  6.016283  5.804499  
  1.450000e-01  6.006687  5.794655  
  1.462500e-01  5.997120  5.784837  
  1.475000e-01  5.987581  5.775045  
  1.487500e-01  5.978068  5.765277  
  1.500000e-01  5.968582  5.755535  
  1.512500e-01  5.959123  5.745817  
  1.525000e-01  5.949690  5.736123  
  1.537500e-01  5.940282  5.726454  
  1.550000e-01  5.930901  5.716810  
  1.562500e-01  5.921546  5.707190  
  1.575000e-01  5.912217  5.697595  
  1.587500e-01  5.902914  5.688025  
  1.600000e-01  5.893637  5.678480  
  1.612500e-01  5.884386  5.668960  
  1.625000e-01  5.875161  5.659465  
  1.637500e-01  5.865963  5.649996  
  1.650000e-01  5.856791  5.640552  
  1.662500e-01  5.847645  5.631134  
  1.675000e-01  5.838526  5.621742  
  1.687500e-01  5.829434  5.612375  
  1.700000e-01  5.820369  5.603035  
  1.712500e-01  5.811331  5.593721  
  1.725000e-01  5.802321  5.584434  
  1.737500e-01  5.793337  5.575173  
  1.750000e-01  5.784381  5.565939  
  1.762500e-01  5.775452  5.556732  
  1.775000e-01  5.766550  5.547552  
  1.787500e-01  5.757676  5.538399  
  1.800000e-01  5.748829  5.529274  
  1.812500e-01  5.740010  5.520176  
  1.825000e-01  5.731218  5.511105  
  1.837500e-01  5.722453  5.502061  
  1.850000e-01  5.713716  5.493045  
  1.862500e-01  5.705006  5.484056  
  1.875000e-01  5.696322  5.475094  
  1.887500e-01  5.687666  5.466159  
  1.900000e-01  5.679036  5.457251  
  1.912500e-01  5.670433  5.448370  
  1.925000e-01  5.661856  5.439515  
  1.937500e-01  5.653305  5.430687  
  1.950000e-01  5.644779  5.421885  
  1.962500e-01  5.636279  5.413109  
  1.975000e-01  5.627805  5.404359  
  1.987500e-01  5.619355  5.395635  
  2.000000e-01  5.610930  5.386936  
  2.012500e-01  5.602530  5.378261  
  2.025000e-01  5.594153  5.369612  
  2.037500e-01  5.585801  5.360988  
  2.050000e-01  5.577471  5.352387  
  2.062500e-01  5.569165  5.343811  
  2.075000e-01  5.560882  5.335258  
  2.087500e-01  5.552621  5.326729  
  2.100000e-01  5.544382  5.318223  
  2.112500e-01  5.536165  5.309740  
  2.125000e-01  5.527969  5.301280  
  2.137500e-01  5.519794  5.292842  
  2.150000e-01  5.511641  5.284426  
  2.162500e-01  5.503508  5.276033  
  2.175000e-01  5.495396  5.267661  
  2.187500e-01  5.487303  5.259310  
  2.200000e-01  5.479231  5.250981  
  2.212500e-01  5.471178  5.242674  
  2.225000e-01  5.463145  5.234387  
  2.237500e-01  5.455131  5.226122  
  2.250000e-01  5.447137  5.217877  
  2.262500e-01  5.439162  5.209654  
  2.275000e-01  5.431205  5.201451  
  2.287500e-01  5.423268  5.193270  
  2.300000e-01  5.415350  5.185109  
  2.312500e-01  5.407451  5.176970  
  2.325000e-01  5.399570  5.168852  
  2.337500e-01  5.391709  5.160755  
  2.350000e-01  5.383867  5.152680  
  2.362500e-01  5.376045  5.144626  
  2.375000e-01  5.368242  5.136595  
  2.387500e-01  5.360458  5.128585  
  2.400000e-01  5.352695  5.120599  
  2.412500e-01  5.344951  5.112635  
  2.425000e-01  5.337228  5.104695  
  2.437500e-01  5.329526  5.096778  
  2.450000e-01  5.321845  5.088885  
  2.462500e-01  5.314186  5.081017  
  2.475000e-01  5.306548  5.073175  
  2.487500e-01  5.298933  5.065358  
  2.500000e-01  5.291340  5.057567  
  2.512500e-01  5.283771  5.049803  
  2.525000e-01  5.276226  5.042066  
  2.537500e-01  5.268705  5.034357  
  2.550000e-01  5.261209  5.026678  
  2.562500e-01  5.253739  5.019027  
  2.575000e-01  5.246294  5.011406  
  2.587500e-01  5.238876  5.003816  
  2.600000e-01  5.231486  4.996258  
  2.612500e-01  5.224123  4.988731  
  2.625000e-01  5.216789  4.981238  
  2.637500e-01  5.209484  4.973777  
  2.650000e-01  5.202209  4.966351  
  2.662500e-01  5.194965  4.958960  
  2.675000e-01  5.187751  4.951604  
  2.687500e-01  5.180570  4.944285  
  2.700000e-01  5.173420  4.937003  
  2.712500e-01  5.166304  4.929758  
  2.725000e-01  5.159221  4.922551  
  2.737500e-01  5.152173  4.915384  
  2.750000e-01  5.145159  4.908256  
  2.762500e-01  5.138181  4.901168  
  2.775000e-01  5.131239  4.894120  
  2.787500e-01  5.124333  4.887114  
  2.800000e-01  5.117464  4.880150  
  2.812500e-01  5.110633  4.873228  
  2.825000e-01  5.103840  4.866349  
  2.837500e-01  5.097085  4.859513  
  2.850000e-01  5.090369  4.852721  
  2.862500e-01  5.083693  4.845973  
  2.875000e-01  5.077056  4.839269  
  2.887500e-01  5.070459  4.832610  
  2.900000e-01  5.063902  4.825996  
  2.912500e-01  5.057386  4.819427  
  2.925000e-01  5.050911  4.812903  
  2.937500e-01  5.044477  4.806426  
  2.950000e-01  5.038084  4.799994  
  2.962500e-01  5.031733  4.793608  
  2.975000e-01  5.025423  4.787268  
  2.987500e-01  5.019155  4.780974  
  3.000000e-01  5.012929  4.774726  
  3.012500e-01  5.006744  4.768525  
  3.025000e-01  5.000601  4.762369  
  3.037500e-01  4.994501  4.756260  
  3.050000e-01  4.988442  4.750197  
  3.062500e-01  4.982424  4.744180  
  3.075000e-01  4.976449  4.738208  
  3.087500e-01  4.970515  4.732282  
  3.100000e-01  4.964622  4.726402  
  3.112500e-01  4.958771  4.720566  
  3.125000e-01  4.952960  4.714776  
  3.137500e-01  4.947191  4.709030  
  3.150000e-01  4.941462  4.703329  
  3.162500e-01  4.935774  4.697672  
  3.175000e-01  4.930126  4.692059  
  3.187500e-01  4.924518  4.686489  
  3.200000e-01  4.918950  4.680963  
  3.212500e-01  4.913420  4.675479  
  3.225000e-01  4.907930  4.670038  
  3.237500e-01  4.902479  4.664639  
  3.250000e-01  4.897066  4.659282  
  3.262500e-01  4.891691  4.653966  
  3.275000e-01  4.886354  4.648691  
  3.287500e-01  4.881054  4.643457  
  3.300000e-01  4.875791  4.638262  
  3.312500e-01  4.870565  4.633107  
  3.325000e-01  4.865375  4.627991  
  3.337500e-01  4.860220  4.622914  
  3.350000e-01  4.855102  4.617876  
  3.362500e-01  4.850018  4.612875  
  3.375000e-01  4.844968  4.607912  
  3.387500e-01  4.839954  4.602985  
  3.400000e-01  4.834972  4.598095  
  3.412500e-01  4.830025  4.593241  
  3.425000e-01  4.825110  4.588423  
  3.437500e-01  4.820228  4.583640  
  3.450000e-01  4.815379  4.578892  
  3.462500e-01  4.810561  4.574178  
  3.475000e-01  4.805775  4.569498  
  3.487500e-01  4.801020  4.564851  
  3.500000e-01  4.796295  4.560237  
  3.512500e-01  4.791601  4.555656  
  3.525000e-01  4.786937  4.551107  
  3.537500e-01  4.782303  4.546590  
  3.550000e-01  4.777698  4.542105  
  3.562500e-01  4.773122  4.537650  
  3.575000e-01  4.768574  4.533225  
  3.587500e-01  4.764055  4.528831  
  3.600000e-01  4.759563  4.524467  
  3.612500e-01  4.755099  4.520132  
  3.625000e-01  4.750663  4.515827  
  3.637500e-01  4.746253  4.511550  
  3.650000e-01  4.741870  4.507302  
  3.662500e-01  4.737513  4.503081  
  3.675000e-01  4.733183  4.498889  
  3.687500e-01  4.728878  4.494723  
  3.700000e-01  4.724598  4.490586  
  3.712500e-01  4.720344  4.486474  
  3.725000e-01  4.716115  4.482390  
  3.737500e-01  4.711911  4.478332  
  3.750000e-01  4.707731  4.474300  
  3.762500e-01  4.703576  4.470293  
  3.775000e-01  4.699444  4.466313  
  3.787500e-01  4.695337  4.462357  
  3.800000e-01  4.691253  4.458427  
  3.812500e-01  4.687193  4.454521  
  3.825000e-01  4.683156  4.450641  
  3.837500e-01  4.679142  4.446784  
  3.850000e-01  4.675151  4.442953  
  3.862500e-01  4.671182  4.439145  
  3.875000e-01  4.667237  4.435361  
  3.887500e-01  4.663314  4.431601  
  3.900000e-01  4.659413  4.427865  
  3.912500e-01  4.655535  4.424152  
  3.925000e-01  4.651678  4.420463  
  3.937500e-01  4.647844  4.416797  
  3.950000e-01  4.644032  4.413154  
  3.962500e-01  4.640241  4.409534  
  3.975000e-01  4.636473  4.405937  
  3.987500e-01  4.632726  4.402363  
  4.000000e-01  4.629000  4.398812  
  4.012500e-01  4.625296  4.395284  
  4.025000e-01  4.621614  4.391778  
  4.037500e-01  4.617953  4.388295  
  4.050000e-01  4.614313  4.384835  
  4.062500e-01  4.610695  4.381397  
  4.075000e-01  4.607098  4.377982  
  4.087500e-01  4.603522  4.374589  
  4.100000e-01  4.599968  4.371218  
  4.112500e-01  4.596435  4.367870  
  4.125000e-01  4.592923  4.364545  
  4.137500e-01  4.589433  4.361241  
  4.150000e-01  4.585963  4.357961  
  4.162500e-01  4.582515  4.354702  
  4.175000e-01  4.579088  4.351466  
  4.187500e-01  4.575683  4.348253  
  4.200000e-01  4.572298  4.345062  
  4.212500e-01  4.568935  4.341893  
  4.225000e-01  4.565593  4.338747  
  4.237500e-01  4.562273  4.335623  
  4.250000e-01  4.558974  4.332522  
  4.262500e-01  4.555696  4.329444  
  4.275000e-01  4.552440  4.326388  
  4.287500e-01  4.549205  4.323355  
  4.300000e-01  4.545992  4.320344  
  4.312500e-01  4.542800  4.317356  
  4.325000e-01  4.539630  4.314390  
  4.337500e-01  4.536481  4.311448  
  4.350000e-01  4.533354  4.308528  
  4.362500e-01  4.530249  4.305631  
  4.375000e-01  4.527166  4.302757  
  4.387500e-01  4.524104  4.299906  
  4.400000e-01  4.521064  4.297078  
  4.412500e-01  4.518045  4.294272  
  4.425000e-01  4.515049  4.291490  
  4.437500e-01  4.512074  4.288731  
  4.450000e-01  4.509122  4.285994  
  4.462500e-01  4.506191  4.283281  
  4.475000e-01  4.503283  4.280591  
  4.487500e-01  4.500396  4.277924  
  4.500000e-01  4.497532  4.275280  
  4.512500e-01  4.494689  4.272660  
  4.525000e-01  4.491869  4.270062  
  4.537500e-01  4.489071  4.267488  
  4.550000e-01  4.486295  4.264937  
  4.562500e-01  4.483541  4.262409  
  4.575000e-01  4.480809  4.259904  
  4.587500e-01  4.478100  4.257423  
  4.600000e-01  4.475413  4.254965  
  4.612500e-01  4.472748  4.252530  
  4.625000e-01  4.470105  4.250118  
  4.637500e-01  4.467484  4.247729  
  4.650000e-01  4.464886  4.245364  
  4.662500e-01  4.462310  4.243022  
  4.675000e-01  4.459756  4.240703  
  4.687500e-01  4.457224  4.238407  
  4.700000e-01  4.454715  4.236134  
  4.712500e-01  4.452227  4.233884  
  4.725000e-01  4.449762  4.231657  
  4.737500e-01  4.447319  4.229453  
  4.750000e-01  4.444898  4.227272  
  4.762500e-01  4.442499  4.225114  
  4.775000e-01  4.440122  4.222979  
  4.787500e-01  4.437767  4.220866  
  4.800000e-01  4.435434  4.218776  
  4.812500e-01  4.433123  4.216709  
  4.825000e-01  4.430833  4.214664  
  4.837500e-01  4.428566  4.212642  
  4.850000e-01  4.426320  4.210642  
  4.862500e-01  4.424096  4.208664  
  4.875000e-01  4.421893  4.206709  
  4.887500e-01  4.419712  4.204775  
  4.900000e-01  4.417553  4.202864  
  4.912500e-01  4.415414  4.200974  
  4.925000e-01  4.413297  4.199107  
  4.937500e-01  4.411202  4.197261  
  4.950000e-01  4.409127  4.195437  
  4.962500e-01  4.407073  4.193634  
  4.975000e-01  4.405041  4.191852  
  4.987500e-01  4.403029  4.190092  
  5.000000e-01  4.401038  4.188353  
  5.012500e-01  4.399068  4.186635  
  5.025000e-01  4.397118  4.184938  
  5.037500e-01  4.395188  4.183261  
  5.050000e-01  4.393279  4.181606  
  5.062500e-01  4.391391  4.179970  
  5.075000e-01  4.389522  4.178355  
  5.087500e-01  4.387673  4.176760  
  5.100000e-01  4.385844  4.175186  
  5.112500e-01  4.384035  4.173631  
  5.125000e-01  4.382246  4.172096  
  5.137500e-01  4.380476  4.170580  
  5.150000e-01  4.378725  4.169084  
  5.162500e-01  4.376994  4.167607  
  5.175000e-01  4.375281  4.166149  
  5.187500e-01  4.373588  4.164711  
  5.200000e-01  4.371914  4.163291  
  5.212500e-01  4.370258  4.161889  
  5.225000e-01  4.368621  4.160507  
  5.237500e-01  4.367002  4.159142  
  5.250000e-01  4.365401  4.157796  
  5.262500e-01  4.363819  4.156468  
  5.275000e-01  4.362255  4.155157  
  5.287500e-01  4.360708  4.153864  
  5.300000e-01  4.359179  4.152589  
  5.312500e-01  4.357668  4.151331  
  5.325000e-01  4.356174  4.150090  
  5.337500e-01  4.354698  4.148866  
  5.350000e-01  4.353238  4.147659  
  5.362500e-01  4.351796  4.146469  
  5.375000e-01  4.350370  4.145295  
  5.387500e-01  4.348961  4.144137  
  5.400000e-01  4.347568  4.142995  
  5.412500e-01  4.346192  4.141869  
  5.425000e-01  4.344832  4.140759  
  5.437500e-01  4.343488  4.139665  
  5.450000e-01  4.342160  4.138586  
  5.462500e-01  4.340848  4.137522  
  5.475000e-01  4.339551  4.136473  
  5.487500e-01  4.338270  4.135440  
  5.500000e-01  4.337004  4.134421  
  5.512500e-01  4.335753  4.133416  
  5.525000e-01  4.334517  4.132426  
  5.537500e-01  4.333296  4.131450  
  5.550000e-01  4.332090  4.130488  
  5.562500e-01  4.330898  4.129540  
  5.575000e-01  4.329720  4.128605  
  5.587500e-01  4.328557  4.127684  
  5.600000e-01  4.327408  4.126777  
  5.612500e-01  4.326272  4.125882  
  5.625000e-01  4.325151  4.125001  
  5.637500e-01  4.324043  4.124132  
  5.650000e-01  4.322948  4.123276  
  5.662500e-01  4.321867  4.122433  
  5.675000e-01  4.320799  4.121602  
  5.687500e-01  4.319744  4.120783  
  5.700000e-01  4.318701  4.119977  
  5.712500e-01  4.317672  4.119182  
  5.725000e-01  4.316655  4.118399  
  5.737500e-01  4.315650  4.117627  
  5.750000e-01  4.314658  4.116867  
  5.762500e-01  4.313678  4.116118  
  5.775000e-01  4.312710  4.115380  
  5.787500e-01  4.311754  4.114653  
  5.800000e-01  4.310809  4.113937  
  5.812500e-01  4.309877  4.113232  
  5.825000e-01  4.308955  4.112537  
  5.837500e-01  4.308045  4.111852  
  5.850000e-01  4.307146  4.111178  
  5.862500e-01  4.306258  4.110513  
  5.875000e-01  4.305381  4.109859  
  5.887500e-01  4.304515  4.109214  
  5.900000e-01  4.303659  4.108579  
  5.912500e-01  4.302814  4.107953  
  5.925000e-01  4.301980  4.107337  
  5.937500e-01  4.301155  4.106730  
  5.950000e-01  4.300341  4.106133  
  5.962500e-01  4.299537  4.105544  
  5.975000e-01  4.298742  4.104964  
  5.987500e-01  4.297958  4.104392  
  6.000000e-01  4.297183  4.103829  
  6.012500e-01  4.296417  4.103275  
  6.025000e-01  4.295661  4.102729  
  6.037500e-01  4.294914  4.102191  
  6.050000e-01  4.294176  4.101661  
  6.062500e-01  4.293448  4.101139  
  6.075000e-01  4.292728  4.100625  
  6.087500e-01  4.292017  4.100119  
  6.100000e-01  4.291315  4.099620  
  6.112500e-01  4.290621  4.099129  
  6.125000e-01  4.289936  4.098645  
  6.137500e-01  4.289260  4.098169  
  6.150000e-01  4.288591  4.097699  
  6.162500e-01  4.287931  4.097237  
  6.175000e-01  4.287278  4.096781  
  6.187500e-01  4.286634  4.096333  
  6.200000e-01  4.285997  4.095891  
  6.212500e-01  4.285369  4.095455  
  6.225000e-01  4.284748  4.095026  
  6.237500e-01  4.284134  4.094604  
  6.250000e-01  4.283528  4.094188  
  6.262500e-01  4.282929  4.093778  
  6.275000e-01  4.282337  4.093374  
  6.287500e-01  4.281753  4.092976  
  6.300000e-01  4.281175  4.092584  
  6.312500e-01  4.280605  4.092198  
  6.325000e-01  4.280042  4.091817  
  6.337500e-01  4.279485  4.091443  
  6.350000e-01  4.278935  4.091073  
  6.362500e-01  4.278391  4.090710  
  6.375000e-01  4.277854  4.090351  
  6.387500e-01  4.277324  4.089998  
  6.400000e-01  4.276799  4.089651  
  6.412500e-01  4.276281  4.089308  
  6.425000e-01  4.275770  4.088970  
  6.437500e-01  4.275264  4.088637  
  6.450000e-01  4.274764  4.088310  
  6.462500e-01  4.274270  4.087987  
  6.475000e-01  4.273783  4.087668  
  6.487500e-01  4.273300  4.087355  
  6.500000e-01  4.272824  4.087045  
  6.512500e-01  4.272353  4.086741  
  6.525000e-01  4.271888  4.086441  
  6.537500e-01  4.271428  4.086145  
  6.550000e-01  4.270974  4.085853  
  6.562500e-01  4.270525  4.085566  
  6.575000e-01  4.270081  4.085283  
  6.587500e-01  4.269642  4.085004  
  6.600000e-01  4.269208  4.084729  
  6.612500e-01  4.268780  4.084458  
  6.625000e-01  4.268356  4.084191  
  6.637500e-01  4.267938  4.083927  
  6.650000e-01  4.267524  4.083668  
  6.662500e-01  4.267115  4.083412  
  6.675000e-01  4.266711  4.083160  
  6.687500e-01  4.266311  4.082911  
  6.700000e-01  4.265916  4.082666  
  6.712500e-01  4.265526  4.082424  
  6.725000e-01  4.265140  4.082186  
  6.737500e-01  4.264758  4.081951  
  6.750000e-01  4.264381  4.081719  
  6.762500e-01  4.264008  4.081491  
  6.775000e-01  4.263639  4.081266  
  6.787500e-01  4.263274  4.081044  
  6.800000e-01  4.262914  4.080825  
  6.812500e-01  4.262557  4.080609  
  6.825000e-01  4.262205  4.080396  
  6.837500e-01  4.261857  4.080186  
  6.850000e-01  4.261512  4.079979  
  6.862500e-01  4.261171  4.079775  
  6.875000e-01  4.260835  4.079573  
  6.887500e-01  4.260501  4.079375  
  6.900000e-01  4.260172  4.079179  
  6.912500e-01  4.259846  4.078985  
  6.925000e-01  4.259524  4.078795  
  6.937500e-01  4.259206  4.078607  
  6.950000e-01  4.258890  4.078421  
  6.962500e-01  4.258579  4.078238  
  6.975000e-01  4.258271  4.078057  
  6.987500e-01  4.257966  4.077879  
  7.000000e-01  4.257664  4.077703  
  7.012500e-01  4.257366  4.077530  
  7.025000e-01  4.257071  4.077359  
  7.037500e-01  4.256779  4.077190  
  7.050000e-01  4.256490  4.077023  
  7.062500e-01  4.256205  4.076858  
  7.075000e-01  4.255922  4.076696  
  7.087500e-01  4.255643  4.076536  
  7.100000e-01  4.255367  4.076378  
  7.112500e-01  4.255093  4.076221  
  7.125000e-01  4.254822  4.076067  
  7.137500e-01  4.254555  4.075915  
  7.150000e-01  4.254290  4.075765  
  7.162500e-01  4.254028  4.075617  
  7.175000e-01  4.253769  4.075470  
  7.187500e-01  4.253512  4.075326  
  7.200000e-01  4.253258  4.075183  
  7.212500e-01  4.253007  4.075042  
  7.225000e-01  4.252758  4.074903  
  7.237500e-01  4.252512  4.074766  
  7.250000e-01  4.252269  4.074630  
  7.262500e-01  4.252028  4.074496  
  7.275000e-01  4.251789  4.074364  
  7.287500e-01  4.251553  4.074233  
  7.300000e-01  4.251320  4.074104  
  7.312500e-01  4.251089  4.073977  
  7.325000e-01  4.250860  4.073851  
  7.337500e-01  4.250633  4.073727  
  7.350000e-01  4.250409  4.073604  
  7.362500e-01  4.250187  4.073482  
  7.375000e-01  4.249968  4.073362  
  7.387500e-01  4.249750  4.073244  
  7.400000e-01  4.249535  4.073127  
  7.412500e-01  4.249322  4.073011  
  7.425000e-01  4.249111  4.072897  
  7.437500e-01  4.248902  4.072784  
  7.450000e-01  4.248695  4.072672  
  7.462500e-01  4.248491  4.072562  
  7.475000e-01  4.248288  4.072453  
  7.487500e-01  4.248087  4.072345  
  7.500000e-01  4.247889  4.072238  
  7.512500e-01  4.247692  4.072133  
  7.525000e-01  4.247497  4.072029  
  7.537500e-01  4.247304  4.071926  
  7.550000e-01  4.247113  4.071824  
  7.562500e-01  4.246924  4.071724  
  7.575000e-01  4.246737  4.071624  
  7.587500e-01  4.246551  4.071526  
  7.600000e-01  4.246367  4.071429  
  7.612500e-01  4.246186  4.071333  
  7.625000e-01  4.246005  4.071238  
  7.637500e-01  4.245827  4.071143  
  7.650000e-01  4.245650  4.071050  
  7.662500e-01  4.245475  4.070959  
  7.675000e-01  4.245302  4.070868  
  7.687500e-01  4.245130  4.070778  
  7.700000e-01  4.244960  4.070689  
  7.712500e-01  4.244791  4.070600  
  7.725000e-01  4.244624  4.070513  
  7.737500e-01  4.244459  4.070427  
  7.750000e-01  4.244295  4.070342  
  7.762500e-01  4.244132  4.070258  
  7.775000e-01  4.243972  4.070174  
  7.787500e-01  4.243812  4.070092  
  7.800000e-01  4.243654  4.070010  
  7.812500e-01  4.243498  4.069929  
  7.825000e-01  4.243343  4.069849  
  7.837500e-01  4.243190  4.069770  
  7.850000e-01  4.243037  4.069691  
  7.862500e-01  4.242887  4.069614  
  7.875000e-01  4.242737  4.069537  
  7.887500e-01  4.242589  4.069461  
  7.900000e-01  4.242443  4.069386  
  7.912500e-01  4.242297  4.069311  
  7.925000e-01  4.242153  4.069237  
  7.937500e-01  4.242010  4.069164  
  7.950000e-01  4.241869  4.069092  
  7.962500e-01  4.241729  4.069020  
  7.975000e-01  4.241590  4.068950  
  7.987500e-01  4.241452  4.068879  
  8.000000e-01  4.241316  4.068810  
  8.012500e-01  4.241180  4.068741  
  8.025000e-01  4.241046  4.068673  
  8.037500e-01  4.240913  4.068605  
  8.050000e-01  4.240782  4.068539  
  8.062500e-01  4.240651  4.068472  
  8.075000e-01  4.240522  4.068407  
  8.087500e-01  4.240393  4.068342  
  8.100000e-01  4.240266  4.068278  
  8.112500e-01  4.240140  4.068214  
  8.125000e-01  4.240015  4.068151  
  8.137500e-01  4.239891  4.068088  
  8.150000e-01  4.239768  4.068026  
  8.162500e-01  4.239646  4.067965  
  8.175000e-01  4.239526  4.067904  
  8.187500e-01  4.239406  4.067844  
  8.200000e-01  4.239287  4.067784  
  8.212500e-01  4.239169  4.067725  
  8.225000e-01  4.239053  4.067666  
  8.237500e-01  4.238937  4.067608  
  8.250000e-01  4.238822  4.067550  
  8.262500e-01  4.238708  4.067493  
  8.275000e-01  4.238596  4.067437  
  8.287500e-01  4.238484  4.067381  
  8.300000e-01  4.238373  4.067325  
  8.312500e-01  4.238263  4.067270  
  8.325000e-01  4.238154  4.067215  
  8.337500e-01  4.238046  4.067161  
  8.350000e-01  4.237938  4.067108  
  8.362500e-01  4.237832  4.067054  
  8.375000e-01  4.237726  4.067002  
  8.387500e-01  4.237622  4.066950  
  8.400000e-01  4.237518  4.066898  
  8.412500e-01  4.237415  4.066846  
  8.425000e-01  4.237313  4.066795  
  8.437500e-01  4.237212  4.066745  
  8.450000e-01  4.237111  4.066695  
  8.462500e-01  4.237012  4.066645  
  8.475000e-01  4.236913  4.066596  
  8.487500e-01  4.236815  4.066547  
  8.500000e-01  4.236718  4.066499  
  8.512500e-01  4.236621  4.066451  
  8.525000e-01  4.236525  4.066403  
  8.537500e-01  4.236431  4.066356  
  8.550000e-01  4.236336  4.066309  
  8.562500e-01  4.236243  4.066262  
  8.575000e-01  4.236150  4.066216  
  8.587500e-01  4.236059  4.066171  
  8.600000e-01  4.235967  4.066125  
  8.612500e-01  4.235877  4.066080  
  8.625000e-01  4.235787  4.066036  
  8.637500e-01  4.235698  4.065991  
  8.650000e-01  4.235610  4.065948  
  8.662500e-01  4.235522  4.065904  
  8.675000e-01  4.235435  4.065861  
  8.687500e-01  4.235349  4.065818  
  8.700000e-01  4.235263  4.065775  
  8.712500e-01  4.235179  4.065733  
  8.725000e-01  4.235094  4.065691  
  8.737500e-01  4.235011  4.065650  
  8.750000e-01  4.234928  4.065609  
  8.762500e-01  4.234845  4.065568  
  8.775000e-01  4.234764  4.065527  
  8.787500e-01  4.234683  4.065487  
  8.800000e-01  4.234602  4.065447  
  8.812500e-01  4.234522  4.065407  
  8.825000e-01  4.234443  4.065368  
  8.837500e-01  4.234365  4.065329  
  8.850000e-01  4.234287  4.065290  
  8.862500e-01  4.234209  4.065252  
  8.875000e-01  4.234133  4.065214  
  8.887500e-01  4.234056  4.065176  
  8.900000e-01  4.233981  4.065138  
  8.912500e-01  4.233906  4.065101  
  8.925000e-01  4.233831  4.065064  
  8.937500e-01  4.233757  4.065027  
  8.950000e-01  4.233684  4.064991  
  8.962500e-01  4.233611  4.064954  
  8.975000e-01  4.233539  4.064918  
  8.987500e-01  4.233467  4.064883  
  9.000000e-01  4.233396  4.064847  
  9.012500e-01  4.233325  4.064812  
  9.025000e-01  4.233255  4.064777  
  9.037500e-01  4.233186  4.064743  
  9.050000e-01  4.233116  4.064708  
  9.062500e-01  4.233048  4.064674  
  9.075000e-01  4.232980  4.064640  
  9.087500e-01  4.232912  4.064607  
  9.100000e-01  4.232845  4.064573  
  9.112500e-01  4.232779  4.064540  
  9.125000e-01  4.232713  4.064507  
  9.137500e-01  4.232647  4.064475  
  9.150000e-01  4.232582  4.064442  
  9.162500e-01  4.232517  4.064410  
  9.175000e-01  4.232453  4.064378  
  9.187500e-01  4.232390  4.064346  
  9.200000e-01  4.232326  4.064315  
  9.212500e-01  4.232264  4.064283  
  9.225000e-01  4.232201  4.064252  
  9.237500e-01  4.232139  4.064222  
  9.250000e-01  4.232078  4.064191  
  9.262500e-01  4.232017  4.064161  
  9.275000e-01  4.231957  4.064130  
  9.287500e-01  4.231897  4.064100  
  9.300000e-01  4.231837  4.064071  
  9.312500e-01  4.231778  4.064041  
  9.325000e-01  4.231719  4.064012  
  9.337500e-01  4.231661  4.063983  
  9.350000e-01  4.231603  4.063954  
  9.362500e-01  4.231545  4.063925  
  9.375000e-01  4.231488  4.063896  
  9.387500e-01  4.231432  4.063868  
  9.400000e-01  4.231375  4.063840  
  9.412500e-01  4.231319  4.063812  
  9.425000e-01  4.231264  4.063784  
  9.437500e-01  4.231209  4.063757  
  9.450000e-01  4.231154  4.063729  
  9.462500e-01  4.231100  4.063702  
  9.475000e-01  4.231046  4.063675  
  9.487500e-01  4.230993  4.063648  
  9.500000e-01  4.230940  4.063621  
  9.512500e-01  4.230887  4.063595  
  9.525000e-01  4.230834  4.063569  
  9.537500e-01  4.230782  4.063543  
  9.550000e-01  4.230731  4.063517  
  9.562500e-01  4.230680  4.063491  
  9.575000e-01  4.230629  4.063465  
  9.587500e-01  4.230578  4.063440  
  9.600000e-01  4.230528  4.063415  
  9.612500e-01  4.230478  4.063390  
  9.625000e-01  4.230429  4.063365  
  9.637500e-01  4.230379  4.063340  
  9.650000e-01  4.230331  4.063316  
  9.662500e-01  4.230282  4.063291  
  9.675000e-01  4.230234  4.063267  
  9.687500e-01  4.230186  4.063243  
  9.700000e-01  4.230139  4.063219  
  9.712500e-01  4.230092  4.063196  
  9.725000e-01  4.230045  4.063172  
  9.737500e-01  4.229999  4.063149  
  9.750000e-01  4.229953  4.063125  
  9.762500e-01  4.229907  4.063102  
  9.775000e-01  4.229861  4.063079  
  9.787500e-01  4.229816  4.063057  
  9.800000e-01  4.229771  4.063034  
  9.812500e-01  4.229727  4.063012  
  9.825000e-01  4.229683  4.062989  
  9.837500e-01  4.229639  4.062967  
  9.850000e-01  4.229595  4.062945  
  9.862500e-01  4.229552  4.062923  
  9.875000e-01  4.229509  4.062901  
  9.887500e-01  4.229466  4.062880  
  9.900000e-01  4.229424  4.062858  
  9.912500e-01  4.229381  4.062837  
  9.925000e-01  4.229340  4.062816  
  9.937500e-01  4.229298  4.062795  
  9.950000e-01  4.229257  4.062774  
  9.962500e-01  4.229216  4.062753  
  9.975000e-01  4.229175  4.062733  
  9.987500e-01  4.229135  4.062712  
  1.000000e+00  4.229095  4.062692  
  1.001250e+00  4.229055  4.062672  
  1.002500e+00  4.229015  4.062652  
  1.003750e+00  4.228976  4.062632  
  1.005000e+00  4.228937  4.062612  
  1.006250e+00  4.228898  4.062592  
  1.007500e+00  4.228860  4.062573  
  1.008750e+00  4.228821  4.062553  
  1.010000e+00  4.228783  4.062534  
  1.011250e+00  4.228746  4.062515  
  1.012500e+00  4.228708  4.062496  
  1.013750e+00  4.228671  4.062477  
  1.015000e+00  4.228634  4.062458  
  1.016250e+00  4.228597  4.062440  
  1.017500e+00  4.228561  4.062421  
  1.018750e+00  4.228525  4.062403  
  1.020000e+00  4.228489  4.062385  
  1.021250e+00  4.228453  4.062366  
  1.022500e+00  4.228418  4.062348  
  1.023750e+00  4.228382  4.062330  
  1.025000e+00  4.228347  4.062313  
  1.026250e+00  4.228313  4.062295  
  1.027500e+00  4.228278  4.062277  
  1.028750e+00  4.228244  4.062260  
  1.030000e+00  4.228210  4.062243  
  1.031250e+00  4.228176  4.062225  
  1.032500e+00  4.228142  4.062208  
  1.033750e+00  4.228109  4.062191  
  1.035000e+00  4.228076  4.062174  
  1.036250e+00  4.228043  4.062158  
  1.037500e+00  4.228010  4.062141  
  1.038750e+00  4.227978  4.062124  
  1.040000e+00  4.227946  4.062108  
  1.041250e+00  4.227914  4.062092  
  1.042500e+00  4.227882  4.062075  
  1.043750e+00  4.227850  4.062059  
  1.045000e+00  4.227819  4.062043  
  1.046250e+00  4.227788  4.062027  
  1.047500e+00  4.227757  4.062012  
  1.048750e+00  4.227726  4.061996  
  1.050000e+00  4.227695  4.061980  
  1.051250e+00  4.227665  4.061965  
  1.052500e+00  4.227635  4.061949  
  1.053750e+00  4.227605  4.061934  
  1.055000e+00  4.227575  4.061919  
  1.056250e+00  4.227546  4.061904  
  1.057500e+00  4.227517  4.061889  
  1.058750e+00  4.227487  4.061874  
  1.060000e+00  4.227458  4.061859  
  1.061250e+00  4.227430  4.061844  
  1.062500e+00  4.227401  4.061830  
  1.063750e+00  4.227373  4.061815  
  1.065000e+00  4.227345  4.061801  
  1.066250e+00  4.227317  4.061787  
  1.067500e+00  4.227289  4.061772  
  1.068750e+00  4.227261  4.061758  
  1.070000e+00  4.227234  4.061744  
  1.071250e+00  4.227207  4.061730  
  1.072500e+00  4.227180  4.061716  
  1.073750e+00  4.227153  4.061703  
  1.075000e+00  4.227126  4.061689  
  1.076250e+00  4.227100  4.061675  
  1.077500e+00  4.227073  4.061662  
  1.078750e+00  4.227047  4.061648  
  1.080000e+00  4.227021  4.061635  
  1.081250e+00  4.226995  4.061622  
  1.082500e+00  4.226970  4.061609  
  1.083750e+00  4.226944  4.061596  
  1.085000e+00  4.226919  4.061583  
  1.086250e+00  4.226894  4.061570  
  1.087500e+00  4.226869  4.061557  
  1.088750e+00  4.226844  4.061544  
  1.090000e+00  4.226819  4.061532  
  1.091250e+00  4.226795  4.061519  
  1.092500e+00  4.226771  4.061507  
  1.093750e+00  4.226746  4.061494  
  1.095000e+00  4.226722  4.061482  
  1.096250e+00  4.226699  4.061470  
  1.097500e+00  4.226675  4.061458  
  1.098750e+00  4.226651  4.061446  
  1.100000e+00  4.226628  4.061434  
  1.101250e+00  4.226605  4.061422  
  1.102500e+00  4.226582  4.061410  
  1.103750e+00  4.226559  4.061398  
  1.105000e+00  4.226536  4.061386  
  1.106250e+00  4.226514  4.061375  
  1.107500e+00  4.226491  4.061363  
  1.108750e+00  4.226469  4.061352  
  1.110000e+00  4.226447  4.061341  
  1.111250e+00  4.226425  4.061329  
  1.112500e+00  4.226403  4.061318  
  1.113750e+00  4.226381  4.061307  
  1.115000e+00  4.226360  4.061296  
  1.116250e+00  4.226338  4.061285  
  1.117500e+00  4.226317  4.061274  
  1.118750e+00  4.226296  4.061263  
  1.120000e+00  4.226275  4.061252  
  1.121250e+00  4.226254  4.061241  
  1.122500e+00  4.226233  4.061231  
  1.123750e+00  4.226213  4.061220  
  1.125000e+00  4.226192  4.061210  
  1.126250e+00  4.226172  4.061199  
  1.127500e+00  4.226152  4.061189  
  1.128750e+00  4.226132  4.061179  
  1.130000e+00  4.226112  4.061168  
  1.131250e+00  4.226092  4.061158  
  1.132500e+00  4.226073  4.061148  
  1.133750e+00  4.226053  4.061138  
  1.135000e+00  4.226034  4.061128  
  1.136250e+00  4.226015  4.061118  
  1.137500e+00  4.225995  4.061108  
  1.138750e+00  4.225976  4.061099  
  1.140000e+00  4.225958  4.061089  
  1.141250e+00  4.225939  4.061079  
  1.142500e+00  4.225920  4.061070  
  1.143750e+00  4.225902  4.061060  
  1.145000e+00  4.225883  4.061051  
  1.146250e+00  4.225865  4.061041  
  1.147500e+00  4.225847  4.061032  
  1.148750e+00  4.225829  4.061023  
  1.150000e+00  4.225811  4.061014  
  1.151250e+00  4.225793  4.061004  
  1.152500e+00  4.225776  4.060995  
  1.153750e+00  4.225758  4.060986  
  1.155000e+00  4.225741  4.060977  
  1.156250e+00  4.225723  4.060968  
  1.157500e+00  4.225706  4.060960  
  1.158750e+00  4.225689  4.060951  
  1.160000e+00  4.225672  4.060942  
  1.161250e+00  4.225655  4.060933  
  1.162500e+00  4.225638  4.060925  
  1.163750e+00  4.225622  4.060916  
  1.165000e+00  4.225605  4.060908  
  1.166250e+00  4.225589  4.060899  
  1.167500e+00  4.225573  4.060891  
  1.168750e+00  4.225556  4.060882  
  1.170000e+00  4.225540  4.060874  
  1.171250e+00  4.225524  4.060866  
  1.172500e+00  4.225508  4.060858  
  1.173750e+00  4.225493  4.060850  
  1.175000e+00  4.225477  4.060842  
  1.176250e+00  4.225461  4.060834  
  1.177500e+00  4.225446  4.060826  
  1.178750e+00  4.225430  4.060818  
  1.180000e+00  4.225415  4.060810  
  1.181250e+00  4.225400  4.060802  
  1.182500e+00  4.225385  4.060794  
  1.183750e+00  4.225370  4.060787  
  1.185000e+00  4.225355  4.060779  
  1.186250e+00  4.225340  4.060771  
  1.187500e+00  4.225326  4.060764  
  1.188750e+00  4.225311  4.060756  
  1.190000e+00  4.225297  4.060749  
  1.191250e+00  4.225282  4.060741  
  1.192500e+00  4.225268  4.060734  
  1.193750e+00  4.225254  4.060727  
  1.195000e+00  4.225240  4.060720  
  1.196250e+00  4.225226  4.060712  
  1.197500e+00  4.225212  4.060705  
  1.198750e+00  4.225198  4.060698  
  1.200000e+00  4.225184  4.060691  
  1.201250e+00  4.225170  4.060684  
  1.202500e+00  4.225157  4.060677  
  1.203750e+00  4.225143  4.060670  
  1.205000e+00  4.225130  4.060663  
  1.206250e+00  4.225117  4.060656  
  1.207500e+00  4.225103  4.060650  
  1.208750e+00  4.225090  4.060643  
  1.210000e+00  4.225077  4.060636  
  1.211250e+00  4.225064  4.060629  
  1.212500e+00  4.225051  4.060623  
  1.213750e+00  4.225039  4.060616  
  1.215000e+00  4.225026  4.060610  
  1.216250e+00  4.225013  4.060603  
  1.217500e+00  4.225001  4.060597  
  1.218750e+00  4.224988  4.060590  
  1.220000e+00  4.224976  4.060584  
  1.221250e+00  4.224964  4.060578  
  1.222500e+00  4.224952  4.060571  
  1.223750e+00  4.224939  4.060565  
  1.225000e+00  4.224927  4.060559  
  1.226250e+00  4.224915  4.060553  
  1.227500e+00  4.224903  4.060547  
  1.228750e+00  4.224892  4.060541  
  1.230000e+00  4.224880  4.060535  
  1.231250e+00  4.224868  4.060529  
  1.232500e+00  4.224857  4.060523  
  1.233750e+00  4.224845  4.060517  
  1.235000e+00  4.224834  4.060511  
  1.236250e+00  4.224822  4.060505  
  1.237500e+00  4.224811  4.060499  
  1.238750e+00  4.224800  4.060493  
  1.240000e+00  4.224789  4.060488  
  1.241250e+00  4.224778  4.060482  
  1.242500e+00  4.224767  4.060476  
  1.243750e+00  4.224756  4.060471  
  1.245000e+00  4.224745  4.060465  
  1.246250e+00  4.224734  4.060460  
  1.247500e+00  4.224723  4.060454  
  1.248750e+00  4.224713  4.060449  
  1.250000e+00  4.224702  4.060443  
  1.251250e+00  4.224692  4.060438  
  1.252500e+00  4.224681  4.060433  
  1.253750e+00  4.224671  4.060427  
  1.255000e+00  4.224661  4.060422  
  1.256250e+00  4.224650  4.060417  
  1.257500e+00  4.224640  4.060412  
  1.258750e+00  4.224630  4.060406  
  1.260000e+00  4.224620  4.060401  
  1.261250e+00  4.224610  4.060396  
  1.262500e+00  4.224600  4.060391  
  1.263750e+00  4.224590  4.060386  
  1.265000e+00  4.224581  4.060381  
  1.266250e+00  4.224571  4.060376  
  1.267500e+00  4.224561  4.060371  
  1.268750e+00  4.224552  4.060366  
  1.270000e+00  4.224542  4.060361  
  1.271250e+00  4.224533  4.060356  
  1.272500e+00  4.224523  4.060352  
  1.273750e+00  4.224514  4.060347  
  1.275000e+00  4.224505  4.060342  
  1.276250e+00  4.224495  4.060337  
  1.277500e+00  4.224486  4.060333  
  1.278750e+00  4.224477  4.060328  
  1.280000e+00  4.224468  4.060323  
  1.281250e+00  4.224459  4.060319  
  1.282500e+00  4.224450  4.060314  
  1.283750e+00  4.224441  4.060310  
  1.285000e+00  4.224433  4.060305  
  1.286250e+00  4.224424  4.060301  
  1.287500e+00  4.224415  4.060296  
  1.288750e+00  4.224407  4.060292  
  1.290000e+00  4.224398  4.060287  
  1.291250e+00  4.224389  4.060283  
  1.292500e+00  4.224381  4.060279  
  1.293750e+00  4.224373  4.060274  
  1.295000e+00  4.224364  4.060270  
  1.296250e+00  4.224356  4.060266  
  1.297500e+00  4.224348  4.060262  
  1.298750e+00  4.224339  4.060257  
  1.300000e+00  4.224331  4.060253  
  1.301250e+00  4.224323  4.060249  
  1.302500e+00  4.224315  4.060245  
  1.303750e+00  4.224307  4.060241  
  1.305000e+00  4.224299  4.060237  
  1.306250e+00  4.224291  4.060233  
  1.307500e+00  4.224284  4.060229  
  1.308750e+00  4.224276  4.060225  
  1.310000e+00  4.224268  4.060221  
  1.311250e+00  4.224260  4.060217  
  1.312500e+00  4.224253  4.060213  
  1.313750e+00  4.224245  4.060209  
  1.315000e+00  4.224238  4.060205  
  1.316250e+00  4.224230  4.060202  
  1.317500e+00  4.224223  4.060198  
  1.318750e+00  4.224215  4.060194  
  1.320000e+00  4.224208  4.060190  
  1.321250e+00  4.224201  4.060187  
  1.322500e+00  4.224193  4.060183  
  1.323750e+00  4.224186  4.060179  
  1.325000e+00  4.224179  4.060176  
  1.326250e+00  4.224172  4.060172  
  1.327500e+00  4.224165  4.060168  
  1.328750e+00  4.224158  4.060165  
  1.330000e+00  4.224151  4.060161  
  1.331250e+00  4.224144  4.060158  
  1.332500e+00  4.224137  4.060154  
  1.333750e+00  4.224130  4.060151  
  1.335000e+00  4.224124  4.060147  
  1.336250e+00  4.224117  4.060144  
  1.337500e+00  4.224110  4.060140  
  1.338750e+00  4.224103  4.060137  
  1.340000e+00  4.224097  4.060134  
  1.341250e+00  4.224090  4.060130  
  1.342500e+00  4.224084  4.060127  
  1.343750e+00  4.224077  4.060124  
  1.345000e+00  4.224071  4.060120  
  1.346250e+00  4.224064  4.060117  
  1.347500e+00  4.224058  4.060114  
  1.348750e+00  4.224052  4.060111  
  1.350000e+00  4.224045  4.060107  
  1.351250e+00  4.224039  4.060104  
  1.352500e+00  4.224033  4.060101  
  1.353750e+00  4.224027  4.060098  
  1.355000e+00  4.224021  4.060095  
  1.356250e+00  4.224015  4.060092  
  1.357500e+00  4.224009  4.060089  
  1.358750e+00  4.224003  4.060086  
  1.360000e+00  4.223997  4.060082  
  1.361250e+00  4.223991  4.060079  
  1.362500e+00  4.223985  4.060076  
  1.363750e+00  4.223979  4.060073  
  1.365000e+00  4.223973  4.060071  
  1.366250e+00  4.223967  4.060068  
  1.367500e+00  4.223962  4.060065  
  1.368750e+00  4.223956  4.060062  
  1.370000e+00  4.223950  4.060059  
  1.371250e+00  4.223945  4.060056  
  1.372500e+00  4.223939  4.060053  
  1.373750e+00  4.223934  4.060050  
  1.375000e+00  4.223928  4.060048  
  1.376250e+00  4.223923  4.060045  
  1.377500e+00  4.223917  4.060042  
  1.378750e+00  4.223912  4.060039  
  1.380000e+00  4.223906  4.060037  
  1.381250e+00  4.223901  4.060034  
  1.382500e+00  4.223896  4.060031  
  1.383750e+00  4.223890  4.060028  
  1.385000e+00  4.223885  4.060026  
  1.386250e+00  4.223880  4.060023  
  1.387500e+00  4.223875  4.060020  
  1.388750e+00  4.223870  4.060018  
  1.390000e+00  4.223865  4.060015  
  1.391250e+00  4.223860  4.060013  
  1.392500e+00  4.223854  4.060010  
  1.393750e+00  4.223849  4.060008  
  1.395000e+00  4.223845  4.060005  
  1.396250e+00  4.223840  4.060003  
  1.397500e+00  4.223835  4.060000  
  1.398750e+00  4.223830  4.059998  
  1.400000e+00  4.223825  4.059995  
  1.401250e+00  4.223820  4.059993  
  1.402500e+00  4.223815  4.059990  
  1.403750e+00  4.223811  4.059988  
  1.405000e+00  4.223806  4.059985  
  1.406250e+00  4.223801  4.059983  
  1.407500e+00  4.223796  4.059981  
  1.408750e+00  4.223792  4.059978  
  1.410000e+00  4.223787  4.059976  
  1.411250e+00  4.223783  4.059974  
  1.412500e+00  4.223778  4.059971  
  1.413750e+00  4.223774  4.059969  
  1.415000e+00  4.223769  4.059967  
  1.416250e+00  4.223765  4.059965  
  1.417500e+00  4.223760  4.059962  
  1.418750e+00  4.223756  4.059960  
  1.420000e+00  4.223751  4.059958  
  1.421250e+00  4.223747  4.059956  
  1.422500e+00  4.223743  4.059954  
  1.423750e+00  4.223739  4.059951  
  1.425000e+00  4.223734  4.059949  
  1.426250e+00  4.223730  4.059947  
  1.427500e+00  4.223726  4.059945  
  1.428750e+00  4.223722  4.059943  
  1.430000e+00  4.223718  4.059941  
  1.431250e+00  4.223713  4.059939  
  1.432500e+00  4.223709  4.059937  
  1.433750e+00  4.223705  4.059934  
  1.435000e+00  4.223701  4.059932  
  1.436250e+00  4.223697  4.059930  
  1.437500e+00  4.223693  4.059928  
  1.438750e+00  4.223689  4.059926  
  1.440000e+00  4.223685  4.059924  
  1.441250e+00  4.223681  4.059922  
  1.442500e+00  4.223677  4.059920  
  1.443750e+00  4.223674  4.059918  
  1.445000e+00  4.223670  4.059916  
  1.446250e+00  4.223666  4.059915  
  1.447500e+00  4.223662  4.059913  
  1.448750e+00  4.223658  4.059911  
  1.450000e+00  4.223655  4.059909  
  1.451250e+00  4.223651  4.059907  
  1.452500e+00  4.223647  4.059905  
  1.453750e+00  4.223643  4.059903  
  1.455000e+00  4.223640  4.059901  
  1.456250e+00  4.223636  4.059900  
  1.457500e+00  4.223633  4.059898  
  1.458750e+00  4.223629  4.059896  
  1.460000e+00  4.223625  4.059894  
  1.461250e+00  4.223622  4.059892  
  1.462500e+00  4.223618  4.059891  
  1.463750e+00  4.223615  4.059889  
  1.465000e+00  4.223611  4.059887  
  1.466250e+00  4.223608  4.059885  
  1.467500e+00  4.223605  4.059884  
  1.468750e+00  4.223601  4.059882  
  1.470000e+00  4.223598  4.059880  
  1.471250e+00  4.223594  4.059878  
  1.472500e+00  4.223591  4.059877  
  1.473750e+00  4.223588  4.059875  
  1.475000e+00  4.223584  4.059873  
  1.476250e+00  4.223581  4.059872  
  1.477500e+00  4.223578  4.059870  
  1.478750e+00  4.223575  4.059868  
  1.480000e+00  4.223572  4.059867  
  1.481250e+00  4.223568  4.059865  
  1.482500e+00  4.223565  4.059864  
  1.483750e+00  4.223562  4.059862  
  1.485000e+00  4.223559  4.059860  
  1.486250e+00  4.223556  4.059859  
  1.487500e+00  4.223553  4.059857  
  1.488750e+00  4.223550  4.059856  
  1.490000e+00  4.223547  4.059854  
  1.491250e+00  4.223544  4.059853  
  1.492500e+00  4.223541  4.059851  
  1.493750e+00  4.223538  4.059850  
  1.495000e+00  4.223535  4.059848  
  1.496250e+00  4.223532  4.059847  
  1.497500e+00  4.223529  4.059845  
  1.498750e+00  4.223526  4.059844  
  1.500000e+00  4.223523  4.059842  
  1.501250e+00  4.223520  4.059841  
  1.502500e+00  4.223517  4.059839  
  1.503750e+00  4.223514  4.059838  
  1.505000e+00  4.223511  4.059837  
  1.506250e+00  4.223509  4.059835  
  1.507500e+00  4.223506  4.059834  
  1.508750e+00  4.223503  4.059832  
  1.510000e+00  4.223500  4.059831  
  1.511250e+00  4.223498  4.059830  
  1.512500e+00  4.223495  4.059828  
  1.513750e+00  4.223492  4.059827  
  1.515000e+00  4.223489  4.059825  
  1.516250e+00  4.223487  4.059824  
  1.517500e+00  4.223484  4.059823  
  1.518750e+00  4.223482  4.059821  
  1.520000e+00  4.223479  4.059820  
  1.521250e+00  4.223476  4.059819  
  1.522500e+00  4.223474  4.059818  
  1.523750e+00  4.223471  4.059816  
  1.525000e+00  4.223469  4.059815  
  1.526250e+00  4.223466  4.059814  
  1.527500e+00  4.223464  4.059812  
  1.528750e+00  4.223461  4.059811  
  1.530000e+00  4.223459  4.059810  
  1.531250e+00  4.223456  4.059809  
  1.532500e+00  4.223454  4.059807  
  1.533750e+00  4.223451  4.059806  
  1.535000e+00  4.223449  4.059805  
  1.536250e+00  4.223446  4.059804  
  1.537500e+00  4.223444  4.059803  
  1.538750e+00  4.223442  4.059801  
  1.540000e+00  4.223439  4.059800  
  1.541250e+00  4.223437  4.059799  
  1.542500e+00  4.223435  4.059798  
  1.543750e+00  4.223432  4.059797  
  1.545000e+00  4.223430  4.059796  
  1.546250e+00  4.223428  4.059794  
  1.547500e+00  4.223425  4.059793  
  1.548750e+00  4.223423  4.059792  
  1.550000e+00  4.223421  4.059791  
  1.551250e+00  4.223419  4.059790  
  1.552500e+00  4.223416  4.059789  
  1.553750e+00  4.223414  4.059788  
  1.555000e+00  4.223412  4.059787  
  1.556250e+00  4.223410  4.059785  
  1.557500e+00  4.223408  4.059784  
  1.558750e+00  4.223406  4.059783  
  1.560000e+00  4.223403  4.059782  
  1.561250e+00  4.223401  4.059781  
  1.562500e+00  4.223399  4.059780  
  1.563750e+00  4.223397  4.059779  
  1.565000e+00  4.223395  4.059778  
  1.566250e+00  4.223393  4.059777  
  1.567500e+00  4.223391  4.059776  
  1.568750e+00  4.223389  4.059775  
  1.570000e+00  4.223387  4.059774  
  1.571250e+00  4.223385  4.059773  
  1.572500e+00  4.223383  4.059772  
  1.573750e+00  4.223381  4.059771  
  1.575000e+00  4.223379  4.059770  
  1.576250e+00  4.223377  4.059769  
  1.577500e+00  4.223375  4.059768  
  1.578750e+00  4.223373  4.059767  
  1.580000e+00  4.223371  4.059766  
  1.581250e+00  4.223369  4.059765  
  1.582500e+00  4.223367  4.059764  
  1.583750e+00  4.223365  4.059763  
  1.585000e+00  4.223364  4.059762  
  1.586250e+00  4.223362  4.059761  
  1.587500e+00  4.223360  4.059760  
  1.588750e+00  4.223358  4.059759  
  1.590000e+00  4.223356  4.059758  
  1.591250e+00  4.223354  4.059758  
  1.592500e+00  4.223353  4.059757  
  1.593750e+00  4.223351  4.059756  
  1.595000e+00  4.223349  4.059755  
  1.596250e+00  4.223347  4.059754  
  1.597500e+00  4.223345  4.059753  
  1.598750e+00  4.223344  4.059752  
  1.600000e+00  4.223342  4.059751  
  1.601250e+00  4.223340  4.059750  
  1.602500e+00  4.223338  4.059750  
  1.603750e+00  4.223337  4.059749  
  1.605000e+00  4.223335  4.059748  
  1.606250e+00  4.223333  4.059747  
  1.607500e+00  4.223332  4.059746  
  1.608750e+00  4.223330  4.059745  
  1.610000e+00  4.223328  4.059745  
  1.611250e+00  4.223327  4.059744  
  1.612500e+00  4.223325  4.059743  
  1.613750e+00  4.223324  4.059742  
  1.615000e+00  4.223322  4.059741  
  1.616250e+00  4.223320  4.059740  
  1.617500e+00  4.223319  4.059740  
  1.618750e+00  4.223317  4.059739  
  1.620000e+00  4.223316  4.059738  
  1.621250e+00  4.223314  4.059737  
  1.622500e+00  4.223312  4.059737  
  1.623750e+00  4.223311  4.059736  
  1.625000e+00  4.223309  4.059735  
  1.626250e+00  4.223308  4.059734  
  1.627500e+00  4.223306  4.059733  
  1.628750e+00  4.223305  4.059733  
  1.630000e+00  4.223303  4.059732  
  1.631250e+00  4.223302  4.059731  
  1.632500e+00  4.223300  4.059731  
  1.633750e+00  4.223299  4.059730  
  1.635000e+00  4.223297  4.059729  
  1.636250e+00  4.223296  4.059728  
  1.637500e+00  4.223295  4.059728  
  1.638750e+00  4.223293  4.059727  
  1.640000e+00  4.223292  4.059726  
  1.641250e+00  4.223290  4.059725  
  1.642500e+00  4.223289  4.059725  
  1.643750e+00  4.223288  4.059724  
  1.645000e+00  4.223286  4.059723  
  1.646250e+00  4.223285  4.059723  
  1.647500e+00  4.223283  4.059722  
  1.648750e+00  4.223282  4.059721  
  1.650000e+00  4.223281  4.059721  
  1.651250e+00  4.223279  4.059720  
  1.652500e+00  4.223278  4.059719  
  1.653750e+00  4.223277  4.059719  
  1.655000e+00  4.223275  4.059718  
  1.656250e+00  4.223274  4.059717  
  1.657500e+00  4.223273  4.059717  
  1.658750e+00  4.223271  4.059716  
  1.660000e+00  4.223270  4.059715  
  1.661250e+00  4.223269  4.059715  
  1.662500e+00  4.223268  4.059714  
  1.663750e+00  4.223266  4.059714  
  1.665000e+00  4.223265  4.059713  
  1.666250e+00  4.223264  4.059712  
  1.667500e+00  4.223263  4.059712  
  1.668750e+00  4.223261  4.059711  
  1.670000e+00  4.223260  4.059710  
  1.671250e+00  4.223259  4.059710  
  1.672500e+00  4.223258  4.059709  
  1.673750e+00  4.223257  4.059709  
  1.675000e+00  4.223255  4.059708  
  1.676250e+00  4.223254  4.059707  
  1.677500e+00  4.223253  4.059707  
  1.678750e+00  4.223252  4.059706  
  1.680000e+00  4.223251  4.059706  
  1.681250e+00  4.223250  4.059705  
  1.682500e+00  4.223248  4.059705  
  1.683750e+00  4.223247  4.059704  
  1.685000e+00  4.223246  4.059703  
  1.686250e+00  4.223245  4.059703  
  1.687500e+00  4.223244  4.059702  
  1.688750e+00  4.223243  4.059702  
  1.690000e+00  4.223242  4.059701  
  1.691250e+00  4.223241  4.059701  
  1.692500e+00  4.223240  4.059700  
  1.693750e+00  4.223238  4.059700  
  1.695000e+00  4.223237  4.059699  
  1.696250e+00  4.223236  4.059698  
  1.697500e+00  4.223235  4.059698  
  1.698750e+00  4.223234  4.059697  
  1.700000e+00  4.223233  4.059697  
  1.701250e+00  4.223232  4.059696  
  1.702500e+00  4.223231  4.059696  
  1.703750e+00  4.223230  4.059695  
  1.705000e+00  4.223229  4.059695  
  1.706250e+00  4.223228  4.059694  
  1.707500e+00  4.223227  4.059694  
  1.708750e+00  4.223226  4.059693  
  1.710000e+00  4.223225  4.059693  
  1.711250e+00  4.223224  4.059692  
  1.712500e+00  4.223223  4.059692  
  1.713750e+00  4.223222  4.059691  
  1.715000e+00  4.223221  4.059691  
  1.716250e+00  4.223220  4.059690  
  1.717500e+00  4.223219  4.059690  
  1.718750e+00  4.223218  4.059689  
  1.720000e+00  4.223217  4.059689  
  1.721250e+00  4.223216  4.059689  
  1.722500e+00  4.223215  4.059688  
  1.723750e+00  4.223215  4.059688  
  1.725000e+00  4.223214  4.059687  
  1.726250e+00  4.223213  4.059687  
  1.727500e+00  4.223212  4.059686  
  1.728750e+00  4.223211  4.059686  
  1.730000e+00  4.223210  4.059685  
  1.731250e+00  4.223209  4.059685  
  1.732500e+00  4.223208  4.059684  
  1.733750e+00  4.223207  4.059684  
  1.735000e+00  4.223206  4.059684  
  1.736250e+00  4.223206  4.059683  
  1.737500e+00  4.223205  4.059683  
  1.738750e+00  4.223204  4.059682  
  1.740000e+00  4.223203  4.059682  
  1.741250e+00  4.223202  4.059681  
  1.742500e+00  4.223201  4.059681  
  1.743750e+00  4.223200  4.059681  
  1.745000e+00  4.223200  4.059680  
  1.746250e+00  4.223199  4.059680  
  1.747500e+00  4.223198  4.059679  
  1.748750e+00  4.223197  4.059679  
  1.750000e+00  4.223196  4.059679  
  1.751250e+00  4.223196  4.059678  
  1.752500e+00  4.223195  4.059678  
  1.753750e+00  4.223194  4.059677  
  1.755000e+00  4.223193  4.059677  
  1.756250e+00  4.223192  4.059677  
  1.757500e+00  4.223192  4.059676  
  1.758750e+00  4.223191  4.059676  
  1.760000e+00  4.223190  4.059675  
  1.761250e+00  4.223189  4.059675  
  1.762500e+00  4.223188  4.059675  
  1.763750e+00  4.223188  4.059674  
  1.765000e+00  4.223187  4.059674  
  1.766250e+00  4.223186  4.059673  
  1.767500e+00  4.223185  4.059673  
  1.768750e+00  4.223185  4.059673  
  1.770000e+00  4.223184  4.059672  
  1.771250e+00  4.223183  4.059672  
  1.772500e+00  4.223183  4.059672  
  1.773750e+00  4.223182  4.059671  
  1.775000e+00  4.223181  4.059671  
  1.776250e+00  4.223180  4.059671  
  1.777500e+00  4.223180  4.059670  
  1.778750e+00  4.223179  4.059670  
  1.780000e+00  4.223178  4.059670  
  1.781250e+00  4.223178  4.059669  
  1.782500e+00  4.223177  4.059669  
  1.783750e+00  4.223176  4.059668  
  1.785000e+00  4.223176  4.059668  
  1.786250e+00  4.223175  4.059668  
  1.787500e+00  4.223174  4.059667  
  1.788750e+00  4.223174  4.059667  
  1.790000e+00  4.223173  4.059667  
  1.791250e+00  4.223172  4.059666  
  1.792500e+00  4.223172  4.059666  
  1.793750e+00  4.223171  4.059666  
  1.795000e+00  4.223170  4.059666  
  1.796250e+00  4.223170  4.059665  
  1.797500e+00  4.223169  4.059665  
  1.798750e+00  4.223168  4.059665  
  1.800000e+00  4.223168  4.059664  
  1.801250e+00  4.223167  4.059664  
  1.802500e+00  4.223166  4.059664  
  1.803750e+00  4.223166  4.059663  
  1.805000e+00  4.223165  4.059663  
  1.806250e+00  4.223165  4.059663  
  1.807500e+00  4.223164  4.059662  
  1.808750e+00  4.223163  4.059662  
  1.810000e+00  4.223163  4.059662  
  1.811250e+00  4.223162  4.059662  
  1.812500e+00  4.223162  4.059661  
  1.813750e+00  4.223161  4.059661  
  1.815000e+00  4.223160  4.059661  
  1.816250e+00  4.223160  4.059660  
  1.817500e+00  4.223159  4.059660  
  1.818750e+00  4.223159  4.059660  
  1.820000e+00  4.223158  4.059659  
  1.821250e+00  4.223158  4.059659  
  1.822500e+00  4.223157  4.059659  
  1.823750e+00  4.223156  4.059659  
  1.825000e+00  4.223156  4.059658  
  1.826250e+00  4.223155  4.059658  
  1.827500e+00  4.223155  4.059658  
  1.828750e+00  4.223154  4.059658  
  1.830000e+00  4.223154  4.059657  
  1.831250e+00  4.223153  4.059657  
  1.832500e+00  4.223153  4.059657  
  1.833750e+00  4.223152  4.059656  
  1.835000e+00  4.223152  4.059656  
  1.836250e+00  4.223151  4.059656  
  1.837500e+00  4.223150  4.059656  
  1.838750e+00  4.223150  4.059655  
  1.840000e+00  4.223149  4.059655  
  1.841250e+00  4.223149  4.059655  
  1.842500e+00  4.223148  4.059655  
  1.843750e+00  4.223148  4.059654  
  1.845000e+00  4.223147  4.059654  
  1.846250e+00  4.223147  4.059654  
  1.847500e+00  4.223146  4.059654  
  1.848750e+00  4.223146  4.059653  
  1.850000e+00  4.223145  4.059653  
  1.851250e+00  4.223145  4.059653  
  1.852500e+00  4.223144  4.059653  
  1.853750e+00  4.223144  4.059652  
  1.855000e+00  4.223144  4.059652  
  1.856250e+00  4.223143  4.059652  
  1.857500e+00  4.223143  4.059652  
  1.858750e+00  4.223142  4.059652  
  1.860000e+00  4.223142  4.059651  
  1.861250e+00  4.223141  4.059651  
  1.862500e+00  4.223141  4.059651  
  1.863750e+00  4.223140  4.059651  
  1.865000e+00  4.223140  4.059650  
  1.866250e+00  4.223139  4.059650  
  1.867500e+00  4.223139  4.059650  
  1.868750e+00  4.223138  4.059650  
  1.870000e+00  4.223138  4.059649  
  1.871250e+00  4.223138  4.059649  
  1.872500e+00  4.223137  4.059649  
  1.873750e+00  4.223137  4.059649  
  1.875000e+00  4.223136  4.059649  
  1.876250e+00  4.223136  4.059648  
  1.877500e+00  4.223135  4.059648  
  1.878750e+00  4.223135  4.059648  
  1.880000e+00  4.223135  4.059648  
  1.881250e+00  4.223134  4.059648  
  1.882500e+00  4.223134  4.059647  
  1.883750e+00  4.223133  4.059647  
  1.885000e+00  4.223133  4.059647  
  1.886250e+00  4.223132  4.059647  
  1.887500e+00  4.223132  4.059647  
  1.888750e+00  4.223132  4.059646  
  1.890000e+00  4.223131  4.059646  
  1.891250e+00  4.223131  4.059646  
  1.892500e+00  4.223130  4.059646  
  1.893750e+00  4.223130  4.059646  
  1.895000e+00  4.223130  4.059645  
  1.896250e+00  4.223129  4.059645  
  1.897500e+00  4.223129  4.059645  
  1.898750e+00  4.223129  4.059645  
  1.900000e+00  4.223128  4.059645  
  1.901250e+00  4.223128  4.059644  
  1.902500e+00  4.223127  4.059644  
  1.903750e+00  4.223127  4.059644  
  1.905000e+00  4.223127  4.059644  
  1.906250e+00  4.223126  4.059644  
  1.907500e+00  4.223126  4.059643  
  1.908750e+00  4.223126  4.059643  
  1.910000e+00  4.223125  4.059643  
  1.911250e+00  4.223125  4.059643  
  1.912500e+00  4.223124  4.059643  
  1.913750e+00  4.223124  4.059643  
  1.915000e+00  4.223124  4.059642  
  1.916250e+00  4.223123  4.059642  
  1.917500e+00  4.223123  4.059642  
  1.918750e+00  4.223123  4.059642  
  1.920000e+00  4.223122  4.059642  
  1.921250e+00  4.223122  4.059642  
  1.922500e+00  4.223122  4.059641  
  1.923750e+00  4.223121  4.059641  
  1.925000e+00  4.223121  4.059641  
  1.926250e+00  4.223121  4.059641  
  1.927500e+00  4.223120  4.059641  
  1.928750e+00  4.223120  4.059641  
  1.930000e+00  4.223120  4.059640  
  1.931250e+00  4.223119  4.059640  
  1.932500e+00  4.223119  4.059640  
  1.933750e+00  4.223119  4.059640  
  1.935000e+00  4.223118  4.059640  
  1.936250e+00  4.223118  4.059640  
  1.937500e+00  4.223118  4.059639  
  1.938750e+00  4.223117  4.059639  
  1.940000e+00  4.223117  4.059639  
  1.941250e+00  4.223117  4.059639  
  1.942500e+00  4.223117  4.059639  
  1.943750e+00  4.223116  4.059639  
  1.945000e+00  4.223116  4.059639  
  1.946250e+00  4.223116  4.059638  
  1.947500e+00  4.223115  4.059638  
  1.948750e+00  4.223115  4.059638  
  1.950000e+00  4.223115  4.059638  
  1.951250e+00  4.223114  4.059638  
  1.952500e+00  4.223114  4.059638  
  1.953750e+00  4.223114  4.059637  
  1.955000e+00  4.223114  4.059637  
  1.956250e+00  4.223113  4.059637  
  1.957500e+00  4.223113  4.059637  
  1.958750e+00  4.223113  4.059637  
  1.960000e+00  4.223112  4.059637  
  1.961250e+00  4.223112  4.059637  
  1.962500e+00  4.223112  4.059636  
  1.963750e+00  4.223112  4.059636  
  1.965000e+00  4.223111  4.059636  
  1.966250e+00  4.223111  4.059636  
  1.967500e+00  4.223111  4.059636  
  1.968750e+00  4.223110  4.059636  
  1.970000e+00  4.223110  4.059636  
  1.971250e+00  4.223110  4.059636  
  1.972500e+00  4.223110  4.059635  
  1.973750e+00  4.223109  4.059635  
  1.975000e+00  4.223109  4.059635  
  1.976250e+00  4.223109  4.059635  
  1.977500e+00  4.223109  4.059635  
  1.978750e+00  4.223108  4.059635  
  1.980000e+00  4.223108  4.059635  
  1.981250e+00  4.223108  4.059635  
  1.982500e+00  4.223108  4.059634  
  1.983750e+00  4.223107  4.059634  
  1.985000e+00  4.223107  4.059634  
  1.986250e+00  4.223107  4.059634  
  1.987500e+00  4.223107  4.059634  
  1.988750e+00  4.223106  4.059634  
  1.990000e+00  4.223106  4.059634  
  1.991250e+00  4.223106  4.059634  
  1.992500e+00  4.223106  4.059633  
  1.993750e+00  4.223105  4.059633  
  1.995000e+00  4.223105  4.059633  
  1.996250e+00  4.223105  4.059633  
  1.997500e+00  4.223105  4.059633  
  1.998750e+00  4.223104  4.059633  
  2.000000e+00  4.223104  4.059633  
