  0.000000e+00  19.167934  19.167934
  5.000000e-03  1.425681  1.417887
  1.000000e-02  1.338625  1.380801  
  1.500000e-02  1.269140  1.319857  
  2.000000e-02  1.220575  1.258145  
  2.500000e-02  1.181597  1.202789  
  3.000000e-02  1.146589  1.153777  
  3.500000e-02  1.114496  1.110398  
  4.000000e-02  1.085554  1.072382  
  4.500000e-02  1.059833  1.039512  
  5.000000e-02  1.037130  1.011484  
  5.500000e-02  1.017129  0.987855  
  6.000000e-02  0.999482  0.968081  
  6.500000e-02  0.983843  0.951573  
  7.000000e-02  0.969891  0.937742  
  7.500000e-02  0.957346  0.926030  
  8.000000e-02  0.945967  0.915939  
  8.500000e-02  0.935555  0.907040  
  9.000000e-02  0.925953  0.898984  
  9.500000e-02  0.917034  0.891502  
  1.000000e-01  0.908701  0.884396  
  1.050000e-01  0.900876  0.877534  
  1.100000e-01  0.893499  0.870836  
  1.150000e-01  0.886521  0.864264  
  1.200000e-01  0.879899  0.857809  
  1.250000e-01  0.873600  0.851482  
  1.300000e-01  0.867595  0.845300  
  1.350000e-01  0.861857  0.839288  
  1.400000e-01  0.856365  0.833465  
  1.450000e-01  0.851099  0.827847  
  1.500000e-01  0.846040  0.822444  
  1.550000e-01  0.841175  0.817259  
  1.600000e-01  0.836488  0.812288  
  1.650000e-01  0.831967  0.807525  
  1.700000e-01  0.827602  0.802958  
  1.750000e-01  0.823382  0.798574  
  1.800000e-01  0.819297  0.794358  
  1.850000e-01  0.815341  0.790296  
  1.900000e-01  0.811504  0.786375  
  1.950000e-01  0.807780  0.782581  
  2.000000e-01  0.804163  0.778904  
  2.050000e-01  0.800647  0.775333  
  2.100000e-01  0.797227  0.771860  
  2.150000e-01  0.793897  0.768479  
  2.200000e-01  0.790652  0.765184  
  2.250000e-01  0.787489  0.761969  
  2.300000e-01  0.784402  0.758830  
  2.350000e-01  0.781389  0.755765  
  2.400000e-01  0.778446  0.752770  
  2.450000e-01  0.775568  0.749842  
  2.500000e-01  0.772754  0.746979  
  2.550000e-01  0.770001  0.744177  
  2.600000e-01  0.767304  0.741436  
  2.650000e-01  0.764663  0.738752  
  2.700000e-01  0.762074  0.736123  
  2.750000e-01  0.759536  0.733548  
  2.800000e-01  0.757046  0.731023  
  2.850000e-01  0.754603  0.728547  
  2.900000e-01  0.752204  0.726119  
  2.950000e-01  0.749849  0.723735  
  3.000000e-01  0.747535  0.721396  
  3.050000e-01  0.745261  0.719098  
  3.100000e-01  0.743026  0.716841  
  3.150000e-01  0.740829  0.714623  
  3.200000e-01  0.738668  0.712442  
  3.250000e-01  0.736542  0.710299  
  3.300000e-01  0.734451  0.708191  
  3.350000e-01  0.732393  0.706118  
  3.400000e-01  0.730367  0.704078  
  3.450000e-01  0.728373  0.702071  
  3.500000e-01  0.726410  0.700096  
  3.550000e-01  0.724477  0.698152  
  3.600000e-01  0.722573  0.696238  
  3.650000e-01  0.720698  0.694354  
  3.700000e-01  0.718851  0.692499  
  3.750000e-01  0.717031  0.690673  
  3.800000e-01  0.715238  0.688874  
  3.850000e-01  0.713471  0.687102  
  3.900000e-01  0.711730  0.685356  
  3.950000e-01  0.710014  0.683637  
  4.000000e-01  0.708322  0.681943  
  4.050000e-01  0.706655  0.680274  
  4.100000e-01  0.705011  0.678629  
  4.150000e-01  0.703390  0.677008  
  4.200000e-01  0.701792  0.675410  
  4.250000e-01  0.700217  0.673835  
  4.300000e-01  0.698663  0.672283  
  4.350000e-01  0.697131  0.670753  
  4.400000e-01  0.695619  0.669244  
  4.450000e-01  0.694128  0.667757  
  4.500000e-01  0.692657  0.666290  
  4.550000e-01  0.691207  0.664843  
  4.600000e-01  0.689775  0.663416  
  4.650000e-01  0.688363  0.662009  
  4.700000e-01  0.686969  0.660621  
  4.750000e-01  0.685593  0.659251  
  4.800000e-01  0.684236  0.657900  
  4.850000e-01  0.682896  0.656567  
  4.900000e-01  0.681573  0.655252  
  4.950000e-01  0.680267  0.653953  
  5.000000e-01  0.678977  0.652672  
  5.050000e-01  0.677704  0.651407  
  5.100000e-01  0.676447  0.650158  
  5.150000e-01  0.675205  0.648925  
  5.200000e-01  0.673979  0.647708  
  5.250000e-01  0.672767  0.646506  
  5.300000e-01  0.671570  0.645319  
  5.350000e-01  0.670388  0.644146  
  5.400000e-01  0.669219  0.642987  
  5.450000e-01  0.668064  0.641843  
  5.500000e-01  0.666922  0.640712  
  5.550000e-01  0.665794  0.639594  
  5.600000e-01  0.664679  0.638489  
  5.650000e-01  0.663576  0.637398  
  5.700000e-01  0.662485  0.636318  
  5.750000e-01  0.661406  0.635251  
  5.800000e-01  0.660339  0.634195  
  5.850000e-01  0.659284  0.633152  
  5.900000e-01  0.658240  0.632119  
  5.950000e-01  0.657207  0.631098  
  6.000000e-01  0.656184  0.630088  
  6.050000e-01  0.655172  0.629088  
  6.100000e-01  0.654171  0.628098  
  6.150000e-01  0.653179  0.627119  
  6.200000e-01  0.652197  0.626150  
  6.250000e-01  0.651225  0.625190  
  6.300000e-01  0.650262  0.624239  
  6.350000e-01  0.649308  0.623298  
  6.400000e-01  0.648363  0.622366  
  6.450000e-01  0.647427  0.621442  
  6.500000e-01  0.646499  0.620528  
  6.550000e-01  0.645580  0.619621  
  6.600000e-01  0.644669  0.618723  
  6.650000e-01  0.643766  0.617832  
  6.700000e-01  0.642870  0.616950  
  6.750000e-01  0.641982  0.616074  
  6.800000e-01  0.641102  0.615207  
  6.850000e-01  0.640228  0.614346  
  6.900000e-01  0.639362  0.613493  
  6.950000e-01  0.638502  0.612646  
  7.000000e-01  0.637649  0.611806  
  7.050000e-01  0.636803  0.610973  
  7.100000e-01  0.635963  0.610146  
  7.150000e-01  0.635129  0.609326  
  7.200000e-01  0.634302  0.608511  
  7.250000e-01  0.633480  0.607702  
  7.300000e-01  0.632664  0.606899  
  7.350000e-01  0.631854  0.606102  
  7.400000e-01  0.631049  0.605311  
  7.450000e-01  0.630250  0.604524  
  7.500000e-01  0.629455  0.603743  
  7.550000e-01  0.628667  0.602967  
  7.600000e-01  0.627883  0.602196  
  7.650000e-01  0.627103  0.601430  
  7.700000e-01  0.626329  0.600669  
  7.750000e-01  0.625559  0.599912  
  7.800000e-01  0.624794  0.599160  
  7.850000e-01  0.624034  0.598413  
  7.900000e-01  0.623277  0.597669  
  7.950000e-01  0.622525  0.596930  
  8.000000e-01  0.621777  0.596195  
  8.050000e-01  0.621033  0.595464  
  8.100000e-01  0.620294  0.594737  
  8.150000e-01  0.619557  0.594014  
  8.200000e-01  0.618825  0.593295  
  8.250000e-01  0.618097  0.592579  
  8.300000e-01  0.617372  0.591867  
  8.350000e-01  0.616650  0.591159  
  8.400000e-01  0.615932  0.590454  
  8.450000e-01  0.615218  0.589753  
  8.500000e-01  0.614507  0.589054  
  8.550000e-01  0.613799  0.588359  
  8.600000e-01  0.613094  0.587667  
  8.650000e-01  0.612392  0.586979  
  8.700000e-01  0.611694  0.586293  
  8.750000e-01  0.610998  0.585610  
  8.800000e-01  0.610305  0.584931  
  8.850000e-01  0.609616  0.584254  
  8.900000e-01  0.608929  0.583580  
  8.950000e-01  0.608244  0.582909  
  9.000000e-01  0.607563  0.582240  
  9.050000e-01  0.606884  0.581575  
  9.100000e-01  0.606208  0.580911  
  9.150000e-01  0.605535  0.580251  
  9.200000e-01  0.604864  0.579593  
  9.250000e-01  0.604195  0.578937  
  9.300000e-01  0.603529  0.578284  
  9.350000e-01  0.602865  0.577634  
  9.400000e-01  0.602204  0.576986  
  9.450000e-01  0.601545  0.576340  
  9.500000e-01  0.600889  0.575696  
  9.550000e-01  0.600234  0.575055  
  9.600000e-01  0.599582  0.574416  
  9.650000e-01  0.598932  0.573780  
  9.700000e-01  0.598285  0.573145  
  9.750000e-01  0.597639  0.572513  
  9.800000e-01  0.596996  0.571883  
  9.850000e-01  0.596354  0.571255  
  9.900000e-01  0.595715  0.570629  
  9.950000e-01  0.595078  0.570005  
  1.000000e+00  0.594443  0.569383  
  1.005000e+00  0.593810  0.568764  
  1.010000e+00  0.593179  0.568146  
  1.015000e+00  0.592550  0.567530  
  1.020000e+00  0.591923  0.566916  
  1.025000e+00  0.591298  0.566305  
  1.030000e+00  0.590674  0.565695  
  1.035000e+00  0.590053  0.565087  
  1.040000e+00  0.589433  0.564481  
  1.045000e+00  0.588816  0.563877  
  1.050000e+00  0.588200  0.563275  
  1.055000e+00  0.587586  0.562674  
  1.060000e+00  0.586974  0.562076  
  1.065000e+00  0.586364  0.561479  
  1.070000e+00  0.585755  0.560884  
  1.075000e+00  0.585149  0.560291  
  1.080000e+00  0.584544  0.559700  
  1.085000e+00  0.583941  0.559111  
  1.090000e+00  0.583339  0.558523  
  1.095000e+00  0.582740  0.557937  
  1.100000e+00  0.582142  0.557353  
  1.105000e+00  0.581546  0.556771  
  1.110000e+00  0.580951  0.556190  
  1.115000e+00  0.580359  0.555611  
  1.120000e+00  0.579768  0.555034  
  1.125000e+00  0.579178  0.554459  
  1.130000e+00  0.578591  0.553885  
  1.135000e+00  0.578005  0.553313  
  1.140000e+00  0.577421  0.552743  
  1.145000e+00  0.576838  0.552174  
  1.150000e+00  0.576257  0.551607  
  1.155000e+00  0.575678  0.551042  
  1.160000e+00  0.575100  0.550478  
  1.165000e+00  0.574524  0.549916  
  1.170000e+00  0.573950  0.549356  
  1.175000e+00  0.573377  0.548797  
  1.180000e+00  0.572806  0.548240  
  1.185000e+00  0.572237  0.547684  
  1.190000e+00  0.571669  0.547130  
  1.195000e+00  0.571102  0.546578  
  1.200000e+00  0.570538  0.546027  
  1.205000e+00  0.569975  0.545478  
  1.210000e+00  0.569413  0.544931  
  1.215000e+00  0.568853  0.544385  
  1.220000e+00  0.568295  0.543840  
  1.225000e+00  0.567738  0.543298  
  1.230000e+00  0.567183  0.542756  
  1.235000e+00  0.566629  0.542217  
  1.240000e+00  0.566077  0.541679  
  1.245000e+00  0.565527  0.541142  
  1.250000e+00  0.564977  0.540607  
  1.255000e+00  0.564430  0.540073  
  1.260000e+00  0.563884  0.539541  
  1.265000e+00  0.563339  0.539011  
  1.270000e+00  0.562797  0.538482  
  1.275000e+00  0.562255  0.537954  
  1.280000e+00  0.561715  0.537428  
  1.285000e+00  0.561177  0.536903  
  1.290000e+00  0.560640  0.536380  
  1.295000e+00  0.560104  0.535858  
  1.300000e+00  0.559570  0.535338  
  1.305000e+00  0.559037  0.534819  
  1.310000e+00  0.558506  0.534302  
  1.315000e+00  0.557977  0.533786  
  1.320000e+00  0.557448  0.533271  
  1.325000e+00  0.556922  0.532758  
  1.330000e+00  0.556396  0.532246  
  1.335000e+00  0.555872  0.531736  
  1.340000e+00  0.555350  0.531227  
  1.345000e+00  0.554829  0.530720  
  1.350000e+00  0.554309  0.530213  
  1.355000e+00  0.553791  0.529709  
  1.360000e+00  0.553274  0.529205  
  1.365000e+00  0.552758  0.528703  
  1.370000e+00  0.552244  0.528202  
  1.375000e+00  0.551731  0.527703  
  1.380000e+00  0.551220  0.527205  
  1.385000e+00  0.550710  0.526708  
  1.390000e+00  0.550201  0.526212  
  1.395000e+00  0.549694  0.525718  
  1.400000e+00  0.549188  0.525225  
  1.405000e+00  0.548683  0.524734  
  1.410000e+00  0.548180  0.524243  
  1.415000e+00  0.547677  0.523754  
  1.420000e+00  0.547177  0.523266  
  1.425000e+00  0.546677  0.522780  
  1.430000e+00  0.546179  0.522295  
  1.435000e+00  0.545682  0.521811  
  1.440000e+00  0.545187  0.521328  
  1.445000e+00  0.544692  0.520846  
  1.450000e+00  0.544199  0.520366  
  1.455000e+00  0.543707  0.519887  
  1.460000e+00  0.543217  0.519409  
  1.465000e+00  0.542728  0.518932  
  1.470000e+00  0.542239  0.518457  
  1.475000e+00  0.541753  0.517982  
  1.480000e+00  0.541267  0.517509  
  1.485000e+00  0.540783  0.517037  
  1.490000e+00  0.540300  0.516567  
  1.495000e+00  0.539818  0.516097  
  1.500000e+00  0.539337  0.515629  
  1.505000e+00  0.538858  0.515161  
  1.510000e+00  0.538379  0.514695  
  1.515000e+00  0.537902  0.514230  
  1.520000e+00  0.537426  0.513767  
  1.525000e+00  0.536952  0.513304  
  1.530000e+00  0.536478  0.512842  
  1.535000e+00  0.536006  0.512382  
  1.540000e+00  0.535535  0.511923  
  1.545000e+00  0.535065  0.511465  
  1.550000e+00  0.534596  0.511008  
  1.555000e+00  0.534128  0.510552  
  1.560000e+00  0.533662  0.510097  
  1.565000e+00  0.533196  0.509644  
  1.570000e+00  0.532732  0.509191  
  1.575000e+00  0.532269  0.508740  
  1.580000e+00  0.531807  0.508290  
  1.585000e+00  0.531347  0.507840  
  1.590000e+00  0.530887  0.507392  
  1.595000e+00  0.530429  0.506945  
  1.600000e+00  0.529971  0.506500  
  1.605000e+00  0.529515  0.506055  
  1.610000e+00  0.529060  0.505611  
  1.615000e+00  0.528606  0.505169  
  1.620000e+00  0.528153  0.504727  
  1.625000e+00  0.527702  0.504287  
  1.630000e+00  0.527251  0.503848  
  1.635000e+00  0.526802  0.503410  
  1.640000e+00  0.526354  0.502973  
  1.645000e+00  0.525907  0.502537  
  1.650000e+00  0.525461  0.502102  
  1.655000e+00  0.525016  0.501668  
  1.660000e+00  0.524573  0.501236  
  1.665000e+00  0.524130  0.500804  
  1.670000e+00  0.523689  0.500374  
  1.675000e+00  0.523248  0.499945  
  1.680000e+00  0.522809  0.499517  
  1.685000e+00  0.522372  0.499090  
  1.690000e+00  0.521935  0.498664  
  1.695000e+00  0.521499  0.498239  
  1.700000e+00  0.521065  0.497816  
  1.705000e+00  0.520631  0.497393  
  1.710000e+00  0.520199  0.496972  
  1.715000e+00  0.519768  0.496552  
  1.720000e+00  0.519338  0.496133  
  1.725000e+00  0.518910  0.495715  
  1.730000e+00  0.518482  0.495298  
  1.735000e+00  0.518056  0.494883  
  1.740000e+00  0.517631  0.494468  
  1.745000e+00  0.517207  0.494055  
  1.750000e+00  0.516784  0.493643  
  1.755000e+00  0.516362  0.493232  
  1.760000e+00  0.515942  0.492823  
  1.765000e+00  0.515523  0.492414  
  1.770000e+00  0.515105  0.492007  
  1.775000e+00  0.514688  0.491601  
  1.780000e+00  0.514273  0.491196  
  1.785000e+00  0.513858  0.490792  
  1.790000e+00  0.513445  0.490390  
  1.795000e+00  0.513033  0.489989  
  1.800000e+00  0.512623  0.489589  
  1.805000e+00  0.512213  0.489190  
  1.810000e+00  0.511805  0.488793  
  1.815000e+00  0.511398  0.488396  
  1.820000e+00  0.510992  0.488001  
  1.825000e+00  0.510588  0.487608  
  1.830000e+00  0.510185  0.487215  
  1.835000e+00  0.509783  0.486824  
  1.840000e+00  0.509382  0.486434  
  1.845000e+00  0.508983  0.486045  
  1.850000e+00  0.508585  0.485658  
  1.855000e+00  0.508188  0.485272  
  1.860000e+00  0.507793  0.484887  
  1.865000e+00  0.507399  0.484504  
  1.870000e+00  0.507006  0.484122  
  1.875000e+00  0.506615  0.483741  
  1.880000e+00  0.506224  0.483361  
  1.885000e+00  0.505836  0.482983  
  1.890000e+00  0.505448  0.482606  
  1.895000e+00  0.505062  0.482231  
  1.900000e+00  0.504677  0.481857  
  1.905000e+00  0.504294  0.481484  
  1.910000e+00  0.503912  0.481112  
  1.915000e+00  0.503531  0.480742  
  1.920000e+00  0.503152  0.480373  
  1.925000e+00  0.502774  0.480006  
  1.930000e+00  0.502397  0.479640  
  1.935000e+00  0.502022  0.479276  
  1.940000e+00  0.501648  0.478912  
  1.945000e+00  0.501275  0.478551  
  1.950000e+00  0.500904  0.478190  
  1.955000e+00  0.500535  0.477831  
  1.960000e+00  0.500166  0.477474  
  1.965000e+00  0.499799  0.477117  
  1.970000e+00  0.499434  0.476763  
  1.975000e+00  0.499070  0.476409  
  1.980000e+00  0.498707  0.476057  
  1.985000e+00  0.498346  0.475707  
  1.990000e+00  0.497986  0.475358  
  1.995000e+00  0.497628  0.475010  
  2.000000e+00  0.497271  0.474664  
