  0.000000e+00  5.08588992 9.26697335 
  5.000000e-03  5.08588992 9.26777815 
  1.000000e-02  5.08588992 9.26814412 
  1.500000e-02  5.08588992 9.26831794 
  2.000000e-02  5.08588992 9.26845222 
  2.500000e-02  5.08588992 9.26857571 
  3.000000e-02  5.08588992 9.26867390 
  3.500000e-02  5.08588992 9.26874031 
  4.000000e-02  5.08588992 9.26878170 
  4.500000e-02  5.08588992 9.26880772 
  5.000000e-02  5.08588992 9.26882497 
  5.500000e-02  5.08588992 9.26883697 
  6.000000e-02  5.08588992 9.26884565 
  6.500000e-02  5.08588992 9.26885210 
  7.000000e-02  5.08588992 9.26885700 
  7.500000e-02  5.08588992 9.26886077 
  8.000000e-02  5.08588992 9.26886373 
  8.500000e-02  5.08588992 9.26886607 
  9.000000e-02  5.08588992 9.26886793 
  9.500000e-02  5.08588992 9.26886941 
  1.000000e-01  5.08588992 9.26887059 
  1.050000e-01  5.08588992 9.26887152 
  1.100000e-01  5.08588992 9.26887226 
  1.150000e-01  5.08588992 9.26887284 
  1.200000e-01  5.08588992 9.26887331 
  1.250000e-01  5.08588992 9.26887367 
  1.300000e-01  5.08588992 9.26887397 
  1.350000e-01  5.08588992 9.26887420 
  1.400000e-01  5.08588992 9.26887438 
  1.450000e-01  5.08588992 9.26887453 
  1.500000e-01  5.08588992 9.26887464 
  1.550000e-01  5.08588992 9.26887474 
  1.600000e-01  5.08588992 9.26887481 
  1.650000e-01  5.08588992 9.26887487 
  1.700000e-01  5.08588992 9.26887491 
  1.750000e-01  5.08588992 9.26887495 
  1.800000e-01  5.08588992 9.26887497 
  1.850000e-01  5.08588992 9.26887500 
  1.900000e-01  5.08588992 9.26887501 
  1.950000e-01  5.08588992 9.26887502 
  2.000000e-01  5.08588992 9.26887503 
  2.050000e-01  5.08588992 9.26887504 
  2.100000e-01  5.08588992 9.26887504 
  2.150000e-01  5.08588992 9.26887505 
  2.200000e-01  5.08588992 9.26887505 
  2.250000e-01  5.08588992 9.26887505 
  2.300000e-01  5.08588992 9.26887505 
  2.350000e-01  5.08588992 9.26887505 
  2.400000e-01  5.08588992 9.26887505 
  2.450000e-01  5.08588992 9.26887504 
  2.500000e-01  5.08588992 9.26887504 
  2.550000e-01  5.08588992 9.26887504 
  2.600000e-01  5.08588992 9.26887504 
  2.650000e-01  5.08588992 9.26887503 
  2.700000e-01  5.08588992 9.26887503 
  2.750000e-01  5.08588992 9.26887502 
  2.800000e-01  5.08588992 9.26887502 
  2.850000e-01  5.08588992 9.26887501 
  2.900000e-01  5.08588992 9.26887501 
  2.950000e-01  5.08588992 9.26887500 
  3.000000e-01  5.08588992 9.26887500 
  3.050000e-01  5.08588992 9.26887499 
  3.100000e-01  5.08588992 9.26887499 
  3.150000e-01  5.08588992 9.26887498 
  3.200000e-01  5.08588992 9.26887498 
  3.250000e-01  5.08588992 9.26887497 
  3.300000e-01  5.08588992 9.26887497 
  3.350000e-01  5.08588992 9.26887496 
  3.400000e-01  5.08588992 9.26887496 
  3.450000e-01  5.08588992 9.26887495 
  3.500000e-01  5.08588992 9.26887495 
  3.550000e-01  5.08588992 9.26887494 
  3.600000e-01  5.08588992 9.26887493 
  3.650000e-01  5.08588992 9.26887493 
  3.700000e-01  5.08588992 9.26887492 
  3.750000e-01  5.08588992 9.26887492 
  3.800000e-01  5.08588992 9.26887491 
  3.850000e-01  5.08588992 9.26887491 
  3.900000e-01  5.08588992 9.26887490 
  3.950000e-01  5.08588992 9.26887490 
  4.000000e-01  5.08588992 9.26887489 
  4.050000e-01  5.08588992 9.26887489 
  4.100000e-01  5.08588992 9.26887488 
  4.150000e-01  5.08588992 9.26887488 
  4.200000e-01  5.08588992 9.26887487 
  4.250000e-01  5.08588992 9.26887487 
  4.300000e-01  5.08588992 9.26887487 
  4.350000e-01  5.08588992 9.26887486 
  4.400000e-01  5.08588992 9.26887486 
  4.450000e-01  5.08588992 9.26887485 
  4.500000e-01  5.08588992 9.26887485 
  4.550000e-01  5.08588992 9.26887484 
  4.600000e-01  5.08588992 9.26887484 
  4.650000e-01  5.08588992 9.26887483 
  4.700000e-01  5.08588992 9.26887483 
  4.750000e-01  5.08588992 9.26887483 
  4.800000e-01  5.08588992 9.26887482 
  4.850000e-01  5.08588992 9.26887482 
  4.900000e-01  5.08588992 9.26887481 
  4.950000e-01  5.08588992 9.26887481 
  5.000000e-01  5.08588992 9.26887480 
  5.050000e-01  5.08588992 9.26887480 
  5.100000e-01  5.08588992 9.26887480 
  5.150000e-01  5.08588992 9.26887479 
  5.200000e-01  5.08588992 9.26887479 
  5.250000e-01  5.08588992 9.26887478 
  5.300000e-01  5.08588992 9.26887478 
  5.350000e-01  5.08588992 9.26887478 
  5.400000e-01  5.08588992 9.26887477 
  5.450000e-01  5.08588992 9.26887477 
  5.500000e-01  5.08588992 9.26887477 
  5.550000e-01  5.08588992 9.26887476 
  5.600000e-01  5.08588992 9.26887476 
  5.650000e-01  5.08588992 9.26887475 
  5.700000e-01  5.08588992 9.26887475 
  5.750000e-01  5.08588992 9.26887475 
  5.800000e-01  5.08588992 9.26887474 
  5.850000e-01  5.08588992 9.26887474 
  5.900000e-01  5.08588992 9.26887474 
  5.950000e-01  5.08588992 9.26887473 
  6.000000e-01  5.08588992 9.26887473 
  6.050000e-01  5.08588992 9.26887473 
  6.100000e-01  5.08588992 9.26887472 
  6.150000e-01  5.08588992 9.26887472 
  6.200000e-01  5.08588992 9.26887472 
  6.250000e-01  5.08588992 9.26887471 
  6.300000e-01  5.08588992 9.26887471 
  6.350000e-01  5.08588992 9.26887471 
  6.400000e-01  5.08588992 9.26887470 
  6.450000e-01  5.08588992 9.26887470 
  6.500000e-01  5.08588992 9.26887470 
  6.550000e-01  5.08588992 9.26887470 
  6.600000e-01  5.08588992 9.26887469 
  6.650000e-01  5.08588992 9.26887469 
  6.700000e-01  5.08588992 9.26887469 
  6.750000e-01  5.08588992 9.26887468 
  6.800000e-01  5.08588992 9.26887468 
  6.850000e-01  5.08588992 9.26887468 
  6.900000e-01  5.08588992 9.26887468 
  6.950000e-01  5.08588992 9.26887467 
  7.000000e-01  5.08588992 9.26887467 
  7.050000e-01  5.08588992 9.26887467 
  7.100000e-01  5.08588992 9.26887467 
  7.150000e-01  5.08588992 9.26887466 
  7.200000e-01  5.08588992 9.26887466 
  7.250000e-01  5.08588992 9.26887466 
  7.300000e-01  5.08588992 9.26887466 
  7.350000e-01  5.08588992 9.26887466 
  7.400000e-01  5.08588992 9.26887465 
  7.450000e-01  5.08588992 9.26887465 
  7.500000e-01  5.08588992 9.26887465 
  7.550000e-01  5.08588992 9.26887465 
  7.600000e-01  5.08588992 9.26887465 
  7.650000e-01  5.08588992 9.26887465 
  7.700000e-01  5.08588992 9.26887464 
  7.750000e-01  5.08588992 9.26887464 
  7.800000e-01  5.08588992 9.26887464 
  7.850000e-01  5.08588992 9.26887464 
  7.900000e-01  5.08588992 9.26887464 
  7.950000e-01  5.08588992 9.26887464 
  8.000000e-01  5.08588992 9.26887464 
  8.050000e-01  5.08588992 9.26887463 
  8.100000e-01  5.08588992 9.26887463 
  8.150000e-01  5.08588992 9.26887463 
  8.200000e-01  5.08588992 9.26887463 
  8.250000e-01  5.08588992 9.26887463 
  8.300000e-01  5.08588992 9.26887463 
  8.350000e-01  5.08588992 9.26887463 
  8.400000e-01  5.08588992 9.26887463 
  8.450000e-01  5.08588992 9.26887463 
  8.500000e-01  5.08588992 9.26887463 
  8.550000e-01  5.08588992 9.26887463 
  8.600000e-01  5.08588992 9.26887463 
  8.650000e-01  5.08588992 9.26887463 
  8.700000e-01  5.08588992 9.26887462 
  8.750000e-01  5.08588992 9.26887462 
  8.800000e-01  5.08588992 9.26887462 
  8.850000e-01  5.08588992 9.26887462 
  8.900000e-01  5.08588992 9.26887462 
  8.950000e-01  5.08588992 9.26887462 
  9.000000e-01  5.08588992 9.26887462 
  9.050000e-01  5.08588992 9.26887462 
  9.100000e-01  5.08588992 9.26887462 
  9.150000e-01  5.08588992 9.26887462 
  9.200000e-01  5.08588992 9.26887462 
  9.250000e-01  5.08588992 9.26887462 
  9.300000e-01  5.08588992 9.26887462 
  9.350000e-01  5.08588992 9.26887462 
  9.400000e-01  5.08588992 9.26887462 
  9.450000e-01  5.08588992 9.26887463 
  9.500000e-01  5.08588992 9.26887463 
  9.550000e-01  5.08588992 9.26887463 
  9.600000e-01  5.08588992 9.26887463 
  9.650000e-01  5.08588992 9.26887463 
  9.700000e-01  5.08588992 9.26887463 
  9.750000e-01  5.08588992 9.26887463 
  9.800000e-01  5.08588992 9.26887463 
  9.850000e-01  5.08588992 9.26887463 
  9.900000e-01  5.08588992 9.26887463 
  9.950000e-01  5.08588992 9.26887463 
  1.000000e+00  5.08588992 9.26887463 
  1.005000e+00  5.08588992 9.26887463 
  1.010000e+00  5.08588992 9.26887463 
  1.015000e+00  5.08588992 9.26887463 
  1.020000e+00  5.08588992 9.26887463 
  1.025000e+00  5.08588992 9.26887464 
  1.030000e+00  5.08588992 9.26887464 
  1.035000e+00  5.08588992 9.26887464 
  1.040000e+00  5.08588992 9.26887464 
  1.045000e+00  5.08588992 9.26887464 
  1.050000e+00  5.08588992 9.26887464 
  1.055000e+00  5.08588992 9.26887464 
  1.060000e+00  5.08588992 9.26887464 
  1.065000e+00  5.08588992 9.26887464 
  1.070000e+00  5.08588992 9.26887464 
  1.075000e+00  5.08588992 9.26887465 
  1.080000e+00  5.08588992 9.26887465 
  1.085000e+00  5.08588992 9.26887465 
  1.090000e+00  5.08588992 9.26887465 
  1.095000e+00  5.08588992 9.26887465 
  1.100000e+00  5.08588992 9.26887465 
  1.105000e+00  5.08588992 9.26887465 
  1.110000e+00  5.08588992 9.26887465 
  1.115000e+00  5.08588992 9.26887465 
  1.120000e+00  5.08588992 9.26887465 
  1.125000e+00  5.08588992 9.26887466 
  1.130000e+00  5.08588992 9.26887466 
  1.135000e+00  5.08588992 9.26887466 
  1.140000e+00  5.08588992 9.26887466 
  1.145000e+00  5.08588992 9.26887466 
  1.150000e+00  5.08588992 9.26887466 
  1.155000e+00  5.08588992 9.26887466 
  1.160000e+00  5.08588992 9.26887466 
  1.165000e+00  5.08588992 9.26887466 
  1.170000e+00  5.08588992 9.26887466 
  1.175000e+00  5.08588992 9.26887467 
  1.180000e+00  5.08588992 9.26887467 
  1.185000e+00  5.08588992 9.26887467 
  1.190000e+00  5.08588992 9.26887467 
  1.195000e+00  5.08588992 9.26887467 
  1.200000e+00  5.08588992 9.26887467 
  1.205000e+00  5.08588992 9.26887467 
  1.210000e+00  5.08588992 9.26887467 
  1.215000e+00  5.08588992 9.26887467 
  1.220000e+00  5.08588992 9.26887467 
  1.225000e+00  5.08588992 9.26887467 
  1.230000e+00  5.08588992 9.26887468 
  1.235000e+00  5.08588992 9.26887468 
  1.240000e+00  5.08588992 9.26887468 
  1.245000e+00  5.08588992 9.26887468 
  1.250000e+00  5.08588992 9.26887468 
  1.255000e+00  5.08588992 9.26887468 
  1.260000e+00  5.08588992 9.26887468 
  1.265000e+00  5.08588992 9.26887468 
  1.270000e+00  5.08588992 9.26887468 
  1.275000e+00  5.08588992 9.26887468 
  1.280000e+00  5.08588992 9.26887468 
  1.285000e+00  5.08588992 9.26887468 
  1.290000e+00  5.08588992 9.26887468 
  1.295000e+00  5.08588992 9.26887468 
  1.300000e+00  5.08588992 9.26887469 
  1.305000e+00  5.08588992 9.26887469 
  1.310000e+00  5.08588992 9.26887469 
  1.315000e+00  5.08588992 9.26887469 
  1.320000e+00  5.08588992 9.26887469 
  1.325000e+00  5.08588992 9.26887469 
  1.330000e+00  5.08588992 9.26887469 
  1.335000e+00  5.08588992 9.26887469 
  1.340000e+00  5.08588992 9.26887469 
  1.345000e+00  5.08588992 9.26887469 
  1.350000e+00  5.08588992 9.26887469 
  1.355000e+00  5.08588992 9.26887469 
  1.360000e+00  5.08588992 9.26887469 
  1.365000e+00  5.08588992 9.26887469 
  1.370000e+00  5.08588992 9.26887469 
  1.375000e+00  5.08588992 9.26887469 
  1.380000e+00  5.08588992 9.26887469 
  1.385000e+00  5.08588992 9.26887470 
  1.390000e+00  5.08588992 9.26887470 
  1.395000e+00  5.08588992 9.26887470 
  1.400000e+00  5.08588992 9.26887470 
  1.405000e+00  5.08588992 9.26887470 
  1.410000e+00  5.08588992 9.26887470 
  1.415000e+00  5.08588992 9.26887470 
  1.420000e+00  5.08588992 9.26887470 
  1.425000e+00  5.08588992 9.26887470 
  1.430000e+00  5.08588992 9.26887470 
  1.435000e+00  5.08588992 9.26887470 
  1.440000e+00  5.08588992 9.26887470 
  1.445000e+00  5.08588992 9.26887470 
  1.450000e+00  5.08588992 9.26887470 
  1.455000e+00  5.08588992 9.26887470 
  1.460000e+00  5.08588992 9.26887470 
  1.465000e+00  5.08588992 9.26887470 
  1.470000e+00  5.08588992 9.26887470 
  1.475000e+00  5.08588992 9.26887470 
  1.480000e+00  5.08588992 9.26887470 
  1.485000e+00  5.08588992 9.26887471 
  1.490000e+00  5.08588992 9.26887471 
  1.495000e+00  5.08588992 9.26887471 
  1.500000e+00  5.08588992 9.26887471 
  1.505000e+00  5.08588992 9.26887471 
  1.510000e+00  5.08588992 9.26887471 
  1.515000e+00  5.08588992 9.26887471 
  1.520000e+00  5.08588992 9.26887471 
  1.525000e+00  5.08588992 9.26887471 
  1.530000e+00  5.08588992 9.26887471 
  1.535000e+00  5.08588992 9.26887471 
  1.540000e+00  5.08588992 9.26887471 
  1.545000e+00  5.08588992 9.26887471 
  1.550000e+00  5.08588992 9.26887471 
  1.555000e+00  5.08588992 9.26887471 
  1.560000e+00  5.08588992 9.26887472 
  1.565000e+00  5.08588992 9.26887472 
  1.570000e+00  5.08588992 9.26887472 
  1.575000e+00  5.08588992 9.26887472 
  1.580000e+00  5.08588992 9.26887472 
  1.585000e+00  5.08588992 9.26887472 
  1.590000e+00  5.08588992 9.26887472 
  1.595000e+00  5.08588992 9.26887472 
  1.600000e+00  5.08588992 9.26887472 
  1.605000e+00  5.08588992 9.26887472 
  1.610000e+00  5.08588992 9.26887472 
  1.615000e+00  5.08588992 9.26887472 
  1.620000e+00  5.08588992 9.26887473 
  1.625000e+00  5.08588992 9.26887473 
  1.630000e+00  5.08588992 9.26887473 
  1.635000e+00  5.08588992 9.26887473 
  1.640000e+00  5.08588992 9.26887473 
  1.645000e+00  5.08588992 9.26887473 
  1.650000e+00  5.08588992 9.26887473 
  1.655000e+00  5.08588992 9.26887473 
  1.660000e+00  5.08588992 9.26887473 
  1.665000e+00  5.08588992 9.26887473 
  1.670000e+00  5.08588992 9.26887474 
  1.675000e+00  5.08588992 9.26887474 
  1.680000e+00  5.08588992 9.26887474 
  1.685000e+00  5.08588992 9.26887474 
  1.690000e+00  5.08588992 9.26887474 
  1.695000e+00  5.08588992 9.26887474 
  1.700000e+00  5.08588992 9.26887474 
  1.705000e+00  5.08588992 9.26887474 
  1.710000e+00  5.08588992 9.26887474 
  1.715000e+00  5.08588992 9.26887475 
  1.720000e+00  5.08588992 9.26887475 
  1.725000e+00  5.08588992 9.26887475 
  1.730000e+00  5.08588992 9.26887475 
  1.735000e+00  5.08588992 9.26887475 
  1.740000e+00  5.08588992 9.26887475 
  1.745000e+00  5.08588992 9.26887475 
  1.750000e+00  5.08588992 9.26887475 
  1.755000e+00  5.08588992 9.26887476 
  1.760000e+00  5.08588992 9.26887476 
  1.765000e+00  5.08588992 9.26887476 
  1.770000e+00  5.08588992 9.26887476 
  1.775000e+00  5.08588992 9.26887476 
  1.780000e+00  5.08588992 9.26887476 
  1.785000e+00  5.08588992 9.26887476 
  1.790000e+00  5.08588992 9.26887476 
  1.795000e+00  5.08588992 9.26887477 
  1.800000e+00  5.08588992 9.26887477 
  1.805000e+00  5.08588992 9.26887477 
  1.810000e+00  5.08588992 9.26887477 
  1.815000e+00  5.08588992 9.26887477 
  1.820000e+00  5.08588992 9.26887477 
  1.825000e+00  5.08588992 9.26887477 
  1.830000e+00  5.08588992 9.26887478 
  1.835000e+00  5.08588992 9.26887478 
  1.840000e+00  5.08588992 9.26887478 
  1.845000e+00  5.08588992 9.26887478 
  1.850000e+00  5.08588992 9.26887478 
  1.855000e+00  5.08588992 9.26887478 
  1.860000e+00  5.08588992 9.26887478 
  1.865000e+00  5.08588992 9.26887478 
  1.870000e+00  5.08588992 9.26887479 
  1.875000e+00  5.08588992 9.26887479 
  1.880000e+00  5.08588992 9.26887479 
  1.885000e+00  5.08588992 9.26887479 
  1.890000e+00  5.08588992 9.26887479 
  1.895000e+00  5.08588992 9.26887479 
  1.900000e+00  5.08588992 9.26887479 
  1.905000e+00  5.08588992 9.26887479 
  1.910000e+00  5.08588992 9.26887479 
  1.915000e+00  5.08588992 9.26887480 
  1.920000e+00  5.08588992 9.26887480 
  1.925000e+00  5.08588992 9.26887480 
  1.930000e+00  5.08588992 9.26887480 
  1.935000e+00  5.08588992 9.26887480 
  1.940000e+00  5.08588992 9.26887480 
  1.945000e+00  5.08588992 9.26887480 
  1.950000e+00  5.08588992 9.26887480 
  1.955000e+00  5.08588992 9.26887480 
  1.960000e+00  5.08588992 9.26887480 
  1.965000e+00  5.08588992 9.26887481 
  1.970000e+00  5.08588992 9.26887481 
  1.975000e+00  5.08588992 9.26887481 
  1.980000e+00  5.08588992 9.26887481 
  1.985000e+00  5.08588992 9.26887481 
  1.990000e+00  5.08588992 9.26887481 
  1.995000e+00  5.08588992 9.26887481 
  2.000000e+00  5.08588992 9.26887481 
