  0.000000e+00  32.760375  32.760375
  1.000000e-02  13.967951  13.505833
  2.000000e-02  12.736800  13.578827  
  3.000000e-02  11.750261  12.960019  
  4.000000e-02  10.943421  12.238120  
  5.000000e-02  10.261552  11.474759  
  6.000000e-02  9.729490  10.726945  
  7.000000e-02  9.342576  10.056904  
  8.000000e-02  9.056516  9.541964  
  9.000000e-02  8.827195  9.184224  
  1.000000e-01  8.625294  8.948515  
  1.100000e-01  8.440201  8.800443  
  1.200000e-01  8.271633  8.713743  
  1.300000e-01  8.118119  8.668750  
  1.400000e-01  7.973469  8.648969  
  1.500000e-01  7.831017  8.639294  
  1.600000e-01  7.687742  8.625290  
  1.700000e-01  7.544708  8.593144  
  1.800000e-01  7.405689  8.530889  
  1.900000e-01  7.275512  8.430630  
  2.000000e-01  7.158097  8.290438  
  2.100000e-01  7.054726  8.114731  
  2.200000e-01  6.963694  7.913030  
  2.300000e-01  6.881587  7.697797  
  2.400000e-01  6.805142  7.482206  
  2.500000e-01  6.732438  7.278301  
  2.600000e-01  6.662975  7.095665  
  2.700000e-01  6.597000  6.940619  
  2.800000e-01  6.534724  6.815939  
  2.900000e-01  6.475879  6.721090  
  3.000000e-01  6.419743  6.652838  
  3.100000e-01  6.365491  6.606100  
  3.200000e-01  6.312649  6.574809  
  3.300000e-01  6.261397  6.552669  
  3.400000e-01  6.212618  6.533760  
  3.500000e-01  6.167678  6.512982  
  3.600000e-01  6.128003  6.486384  
  3.700000e-01  6.094576  6.451357  
  3.800000e-01  6.067515  6.406691  
  3.900000e-01  6.045838  6.352467  
  4.000000e-01  6.027506  6.289803  
  4.100000e-01  6.009712  6.220515  
  4.200000e-01  5.989334  6.146749  
  4.300000e-01  5.963439  6.070666  
  4.400000e-01  5.929717  5.994217  
  4.500000e-01  5.886787  5.919034  
  4.600000e-01  5.834344  5.846407  
  4.700000e-01  5.773122  5.777313  
  4.800000e-01  5.704696  5.712456  
  4.900000e-01  5.631149  5.652264  
  5.000000e-01  5.554691  5.596845  
  5.100000e-01  5.477305  5.545923  
  5.200000e-01  5.400562  5.498806  
  5.300000e-01  5.325607  5.454459  
  5.400000e-01  5.253302  5.411659  
  5.500000e-01  5.184366  5.369212  
  5.600000e-01  5.119430  5.326131  
  5.700000e-01  5.058982  5.281732  
  5.800000e-01  5.003289  5.235648  
  5.900000e-01  4.952356  5.187787  
  6.000000e-01  4.905962  5.138282  
  6.100000e-01  4.863716  5.087438  
  6.200000e-01  4.825118  5.035696  
  6.300000e-01  4.789618  4.983592  
  6.400000e-01  4.756667  4.931714  
  6.500000e-01  4.725769  4.880641  
  6.600000e-01  4.696513  4.830896  
  6.700000e-01  4.668598  4.782895  
  6.800000e-01  4.641837  4.736926  
  6.900000e-01  4.616138  4.693150  
  7.000000e-01  4.591488  4.651607  
  7.100000e-01  4.567913  4.612250  
  7.200000e-01  4.545453  4.574970  
  7.300000e-01  4.524133  4.539621  
  7.400000e-01  4.503948  4.506040  
  7.500000e-01  4.484847  4.474060  
  7.600000e-01  4.466738  4.443520  
  7.700000e-01  4.449486  4.414265  
  7.800000e-01  4.432929  4.386149  
  7.900000e-01  4.416888  4.359040  
  8.000000e-01  4.401190  4.332818  
  8.100000e-01  4.385684  4.307381  
  8.200000e-01  4.370264  4.282649  
  8.300000e-01  4.354882  4.258568  
  8.400000e-01  4.339567  4.235115  
  8.500000e-01  4.324423  4.212303  
  8.600000e-01  4.309631  4.190176  
  8.700000e-01  4.295432  4.168814  
  8.800000e-01  4.282105  4.148321  
  8.900000e-01  4.269938  4.128820  
  9.000000e-01  4.259197  4.110439  
  9.100000e-01  4.250092  4.093292  
  9.200000e-01  4.242760  4.077468  
  9.300000e-01  4.237246  4.063016  
  9.400000e-01  4.233502  4.049936  
  9.500000e-01  4.231397  4.038171  
  9.600000e-01  4.230732  4.027617  
  9.700000e-01  4.231266  4.018124  
  9.800000e-01  4.232742  4.009521  
  9.900000e-01  4.234904  4.001627  
  1.000000e+00  4.237521  3.994273  
  1.010000e+00  4.240393  3.987319  
  1.020000e+00  4.243358  3.980664  
  1.030000e+00  4.246291  3.974255  
  1.040000e+00  4.249103  3.968082  
  1.050000e+00  4.251732  3.962178  
  1.060000e+00  4.254138  3.956600  
  1.070000e+00  4.256300  3.951422  
  1.080000e+00  4.258208  3.946718  
  1.090000e+00  4.259862  3.942549  
  1.100000e+00  4.261268  3.938955  
  1.110000e+00  4.262436  3.935944  
  1.120000e+00  4.263383  3.933495  
  1.130000e+00  4.264123  3.931556  
  1.140000e+00  4.264676  3.930052  
  1.150000e+00  4.265057  3.928890  
  1.160000e+00  4.265284  3.927971  
  1.170000e+00  4.265372  3.927193  
  1.180000e+00  4.265334  3.926465  
  1.190000e+00  4.265182  3.925712  
  1.200000e+00  4.264927  3.924879  
  1.210000e+00  4.264578  3.923932  
  1.220000e+00  4.264148  3.922862  
  1.230000e+00  4.263650  3.921678  
  1.240000e+00  4.263099  3.920409  
  1.250000e+00  4.262512  3.919093  
  1.260000e+00  4.261908  3.917776  
  1.270000e+00  4.261306  3.916505  
  1.280000e+00  4.260723  3.915322  
  1.290000e+00  4.260172  3.914259  
  1.300000e+00  4.259664  3.913338  
  1.310000e+00  4.259200  3.912567  
  1.320000e+00  4.258775  3.911939  
  1.330000e+00  4.258379  3.911436  
  1.340000e+00  4.257995  3.911031  
  1.350000e+00  4.257602  3.910688  
  1.360000e+00  4.257176  3.910369  
  1.370000e+00  4.256694  3.910038  
  1.380000e+00  4.256134  3.909662  
  1.390000e+00  4.255481  3.909215  
  1.400000e+00  4.254722  3.908682  
  1.410000e+00  4.253852  3.908054  
  1.420000e+00  4.252872  3.907335  
  1.430000e+00  4.251789  3.906533  
  1.440000e+00  4.250615  3.905665  
  1.450000e+00  4.249366  3.904750  
  1.460000e+00  4.248060  3.903808  
  1.470000e+00  4.246719  3.902858  
  1.480000e+00  4.245362  3.901916  
  1.490000e+00  4.244007  3.900993  
  1.500000e+00  4.242674  3.900094  
  1.510000e+00  4.241376  3.899219  
  1.520000e+00  4.240126  3.898366  
  1.530000e+00  4.238933  3.897526  
  1.540000e+00  4.237805  3.896691  
  1.550000e+00  4.236746  3.895852  
  1.560000e+00  4.235759  3.894999  
  1.570000e+00  4.234845  3.894129  
  1.580000e+00  4.234004  3.893238  
  1.590000e+00  4.233234  3.892329  
  1.600000e+00  4.232534  3.891406  
  1.610000e+00  4.231901  3.890479  
  1.620000e+00  4.231332  3.889558  
  1.630000e+00  4.230824  3.888655  
  1.640000e+00  4.230375  3.887782  
  1.650000e+00  4.229980  3.886951  
  1.660000e+00  4.229636  3.886172  
  1.670000e+00  4.229339  3.885452  
  1.680000e+00  4.229086  3.884794  
  1.690000e+00  4.228871  3.884198  
  1.700000e+00  4.228690  3.883664  
  1.710000e+00  4.228538  3.883186  
  1.720000e+00  4.228411  3.882758  
  1.730000e+00  4.228305  3.882372  
  1.740000e+00  4.228213  3.882019  
  1.750000e+00  4.228134  3.881692  
  1.760000e+00  4.228063  3.881384  
  1.770000e+00  4.227997  3.881088  
  1.780000e+00  4.227936  3.880802  
  1.790000e+00  4.227877  3.880523  
  1.800000e+00  4.227820  3.880250  
  1.810000e+00  4.227766  3.879984  
  1.820000e+00  4.227715  3.879728  
  1.830000e+00  4.227668  3.879483  
  1.840000e+00  4.227627  3.879253  
  1.850000e+00  4.227594  3.879039  
  1.860000e+00  4.227569  3.878845  
  1.870000e+00  4.227554  3.878671  
  1.880000e+00  4.227550  3.878518  
  1.890000e+00  4.227557  3.878385  
  1.900000e+00  4.227575  3.878272  
  1.910000e+00  4.227603  3.878175  
  1.920000e+00  4.227641  3.878093  
  1.930000e+00  4.227687  3.878023  
  1.940000e+00  4.227740  3.877964  
  1.950000e+00  4.227798  3.877912  
  1.960000e+00  4.227859  3.877867  
  1.970000e+00  4.227922  3.877826  
  1.980000e+00  4.227984  3.877789  
  1.990000e+00  4.228045  3.877756  
  2.000000e+00  4.228102  3.877726  
