  0.000000e+00  32.760375  32.760375
  2.500000e-03  14.047484  13.856546
  5.000000e-03  12.946641  13.658282  
  7.500000e-03  12.004353  13.013262  
  1.000000e-02  11.289762  12.243553  
  1.250000e-02  10.678107  11.456582  
  1.500000e-02  10.156638  10.719505  
  1.750000e-02  9.744201  10.073917  
  2.000000e-02  9.426343  9.544137  
  2.250000e-02  9.172217  9.139435  
  2.500000e-02  8.957853  8.847146  
  2.750000e-02  8.769236  8.643730  
  3.000000e-02  8.598974  8.505474  
  3.250000e-02  8.442758  8.411974  
  3.500000e-02  8.297366  8.346141  
  3.750000e-02  8.160526  8.293464  
  4.000000e-02  8.031219  8.241478  
  4.250000e-02  7.909356  8.179730  
  4.500000e-02  7.795203  8.100284  
  4.750000e-02  7.689069  7.998555  
  5.000000e-02  7.591159  7.873914  
  5.250000e-02  7.501335  7.729622  
  5.500000e-02  7.418895  7.571974  
  5.750000e-02  7.342655  7.408953  
  6.000000e-02  7.271318  7.248812  
  6.250000e-02  7.203890  7.098906  
  6.500000e-02  7.139859  6.964896  
  6.750000e-02  7.079108  6.850337  
  7.000000e-02  7.021659  6.756585  
  7.250000e-02  6.967432  6.682970  
  7.500000e-02  6.916128  6.627168  
  7.750000e-02  6.867261  6.585691  
  8.000000e-02  6.820288  6.554436  
  8.250000e-02  6.774754  6.529194  
  8.500000e-02  6.730405  6.506095  
  8.750000e-02  6.687218  6.481935  
  9.000000e-02  6.645373  6.454398  
  9.250000e-02  6.605171  6.422149  
  9.500000e-02  6.566948  6.384825  
  9.750000e-02  6.530992  6.342913  
  1.000000e-01  6.497490  6.297569  
  1.025000e-01  6.466498  6.250371  
  1.050000e-01  6.437938  6.203062  
  1.075000e-01  6.411611  6.157311  
  1.100000e-01  6.387227  6.114512  
  1.125000e-01  6.364439  6.075660  
  1.150000e-01  6.342884  6.041285  
  1.175000e-01  6.322223  6.011463  
  1.200000e-01  6.302171  5.985874  
  1.225000e-01  6.282515  5.963902  
  1.250000e-01  6.263119  5.944747  
  1.275000e-01  6.243914  5.927534  
  1.300000e-01  6.224879  5.911411  
  1.325000e-01  6.206021  5.895629  
  1.350000e-01  6.187354  5.879589  
  1.375000e-01  6.168889  5.862871  
  1.400000e-01  6.150625  5.845243  
  1.425000e-01  6.132548  5.826642  
  1.450000e-01  6.114638  5.807155  
  1.475000e-01  6.096868  5.786976  
  1.500000e-01  6.079215  5.766367  
  1.525000e-01  6.061660  5.745618  
  1.550000e-01  6.044186  5.725010  
  1.575000e-01  6.026785  5.704781  
  1.600000e-01  6.009449  5.685110  
  1.625000e-01  5.992174  5.666102  
  1.650000e-01  5.974955  5.647788  
  1.675000e-01  5.957790  5.630131  
  1.700000e-01  5.940678  5.613042  
  1.725000e-01  5.923616  5.596393  
  1.750000e-01  5.906604  5.580040  
  1.775000e-01  5.889642  5.563838  
  1.800000e-01  5.872731  5.547656  
  1.825000e-01  5.855873  5.531389  
  1.850000e-01  5.839072  5.514967  
  1.875000e-01  5.822331  5.498352  
  1.900000e-01  5.805654  5.481544  
  1.925000e-01  5.789045  5.464568  
  1.950000e-01  5.772511  5.447473  
  1.975000e-01  5.756054  5.430321  
  2.000000e-01  5.739681  5.413180  
  2.025000e-01  5.723397  5.396114  
  2.050000e-01  5.707206  5.379178  
  2.075000e-01  5.691111  5.362415  
  2.100000e-01  5.675117  5.345852  
  2.125000e-01  5.659225  5.329499  
  2.150000e-01  5.643438  5.313353  
  2.175000e-01  5.627755  5.297399  
  2.200000e-01  5.612177  5.281611  
  2.225000e-01  5.596702  5.265960  
  2.250000e-01  5.581330  5.250418  
  2.275000e-01  5.566058  5.234957  
  2.300000e-01  5.550885  5.219555  
  2.325000e-01  5.535809  5.204196  
  2.350000e-01  5.520828  5.188871  
  2.375000e-01  5.505940  5.173578  
  2.400000e-01  5.491143  5.158322  
  2.425000e-01  5.476434  5.143112  
  2.450000e-01  5.461812  5.127958  
  2.475000e-01  5.447275  5.112874  
  2.500000e-01  5.432820  5.097870  
  2.525000e-01  5.418447  5.082957  
  2.550000e-01  5.404153  5.068143  
  2.575000e-01  5.389937  5.053431  
  2.600000e-01  5.375797  5.038822  
  2.625000e-01  5.361732  5.024315  
  2.650000e-01  5.347742  5.009905  
  2.675000e-01  5.333825  4.995587  
  2.700000e-01  5.319982  4.981355  
  2.725000e-01  5.306213  4.967204  
  2.750000e-01  5.292517  4.953128  
  2.775000e-01  5.278895  4.939123  
  2.800000e-01  5.265349  4.925189  
  2.825000e-01  5.251879  4.911325  
  2.850000e-01  5.238487  4.897533  
  2.875000e-01  5.225174  4.883816  
  2.900000e-01  5.211944  4.870179  
  2.925000e-01  5.198797  4.856626  
  2.950000e-01  5.185736  4.843163  
  2.975000e-01  5.172764  4.829795  
  3.000000e-01  5.159883  4.816528  
  3.025000e-01  5.147097  4.803367  
  3.050000e-01  5.134408  4.790314  
  3.075000e-01  5.121820  4.777373  
  3.100000e-01  5.109335  4.764547  
  3.125000e-01  5.096957  4.751839  
  3.150000e-01  5.084689  4.739249  
  3.175000e-01  5.072534  4.726779  
  3.200000e-01  5.060495  4.714431  
  3.225000e-01  5.048576  4.702206  
  3.250000e-01  5.036777  4.690106  
  3.275000e-01  5.025104  4.678132  
  3.300000e-01  5.013557  4.666286  
  3.325000e-01  5.002139  4.654570  
  3.350000e-01  4.990852  4.642986  
  3.375000e-01  4.979698  4.631536  
  3.400000e-01  4.968678  4.620221  
  3.425000e-01  4.957793  4.609044  
  3.450000e-01  4.947046  4.598005  
  3.475000e-01  4.936435  4.587107  
  3.500000e-01  4.925963  4.576348  
  3.525000e-01  4.915628  4.565731  
  3.550000e-01  4.905431  4.555253  
  3.575000e-01  4.895371  4.544917  
  3.600000e-01  4.885449  4.534719  
  3.625000e-01  4.875662  4.524661  
  3.650000e-01  4.866011  4.514739  
  3.675000e-01  4.856493  4.504954  
  3.700000e-01  4.847109  4.495304  
  3.725000e-01  4.837855  4.485786  
  3.750000e-01  4.828731  4.476400  
  3.775000e-01  4.819734  4.467144  
  3.800000e-01  4.810862  4.458016  
  3.825000e-01  4.802114  4.449014  
  3.850000e-01  4.793488  4.440137  
  3.875000e-01  4.784980  4.431382  
  3.900000e-01  4.776590  4.422748  
  3.925000e-01  4.768314  4.414233  
  3.950000e-01  4.760150  4.405834  
  3.975000e-01  4.752096  4.397550  
  4.000000e-01  4.744149  4.389379  
  4.025000e-01  4.736307  4.381318  
  4.050000e-01  4.728568  4.373365  
  4.075000e-01  4.720929  4.365518  
  4.100000e-01  4.713389  4.357774  
  4.125000e-01  4.705944  4.350132  
  4.150000e-01  4.698592  4.342589  
  4.175000e-01  4.691332  4.335142  
  4.200000e-01  4.684161  4.327791  
  4.225000e-01  4.677077  4.320532  
  4.250000e-01  4.670079  4.313364  
  4.275000e-01  4.663164  4.306285  
  4.300000e-01  4.656330  4.299293  
  4.325000e-01  4.649576  4.292386  
  4.350000e-01  4.642900  4.285562  
  4.375000e-01  4.636300  4.278821  
  4.400000e-01  4.629775  4.272160  
  4.425000e-01  4.623323  4.265577  
  4.450000e-01  4.616944  4.259072  
  4.475000e-01  4.610635  4.252643  
  4.500000e-01  4.604395  4.246289  
  4.525000e-01  4.598224  4.240008  
  4.550000e-01  4.592120  4.233799  
  4.575000e-01  4.586083  4.227662  
  4.600000e-01  4.580111  4.221595  
  4.625000e-01  4.574203  4.215597  
  4.650000e-01  4.568360  4.209667  
  4.675000e-01  4.562579  4.203806  
  4.700000e-01  4.556861  4.198011  
  4.725000e-01  4.551205  4.192282  
  4.750000e-01  4.545611  4.186619  
  4.775000e-01  4.540077  4.181022  
  4.800000e-01  4.534604  4.175489  
  4.825000e-01  4.529192  4.170020  
  4.850000e-01  4.523840  4.164616  
  4.875000e-01  4.518548  4.159275  
  4.900000e-01  4.513315  4.153998  
  4.925000e-01  4.508142  4.148784  
  4.950000e-01  4.503029  4.143633  
  4.975000e-01  4.497975  4.138546  
  5.000000e-01  4.492980  4.133521  
  5.025000e-01  4.488046  4.128559  
  5.050000e-01  4.483170  4.123660  
  5.075000e-01  4.478354  4.118824  
  5.100000e-01  4.473598  4.114051  
  5.125000e-01  4.468901  4.109340  
  5.150000e-01  4.464264  4.104693  
  5.175000e-01  4.459687  4.100108  
  5.200000e-01  4.455170  4.095587  
  5.225000e-01  4.450713  4.091129  
  5.250000e-01  4.446316  4.086734  
  5.275000e-01  4.441980  4.082402  
  5.300000e-01  4.437703  4.078133  
  5.325000e-01  4.433488  4.073928  
  5.350000e-01  4.429332  4.069786  
  5.375000e-01  4.425238  4.065708  
  5.400000e-01  4.421204  4.061692  
  5.425000e-01  4.417230  4.057741  
  5.450000e-01  4.413318  4.053852  
  5.475000e-01  4.409465  4.050027  
  5.500000e-01  4.405674  4.046266  
  5.525000e-01  4.401943  4.042567  
  5.550000e-01  4.398272  4.038931  
  5.575000e-01  4.394661  4.035359  
  5.600000e-01  4.391111  4.031849  
  5.625000e-01  4.387621  4.028401  
  5.650000e-01  4.384190  4.025016  
  5.675000e-01  4.380819  4.021692  
  5.700000e-01  4.377508  4.018431  
  5.725000e-01  4.374255  4.015231  
  5.750000e-01  4.371061  4.012092  
  5.775000e-01  4.367925  4.009013  
  5.800000e-01  4.364848  4.005995  
  5.825000e-01  4.361827  4.003037  
  5.850000e-01  4.358864  4.000138  
  5.875000e-01  4.355958  3.997298  
  5.900000e-01  4.353108  3.994516  
  5.925000e-01  4.350314  3.991793  
  5.950000e-01  4.347575  3.989126  
  5.975000e-01  4.344891  3.986516  
  6.000000e-01  4.342261  3.983963  
  6.025000e-01  4.339684  3.981465  
  6.050000e-01  4.337160  3.979022  
  6.075000e-01  4.334689  3.976633  
  6.100000e-01  4.332269  3.974297  
  6.125000e-01  4.329900  3.972015  
  6.150000e-01  4.327581  3.969784  
  6.175000e-01  4.325313  3.967605  
  6.200000e-01  4.323093  3.965476  
  6.225000e-01  4.320921  3.963397  
  6.250000e-01  4.318797  3.961368  
  6.275000e-01  4.316719  3.959386  
  6.300000e-01  4.314688  3.957452  
  6.325000e-01  4.312702  3.955565  
  6.350000e-01  4.310760  3.953724  
  6.375000e-01  4.308862  3.951928  
  6.400000e-01  4.307008  3.950176  
  6.425000e-01  4.305195  3.948468  
  6.450000e-01  4.303424  3.946802  
  6.475000e-01  4.301694  3.945179  
  6.500000e-01  4.300004  3.943596  
  6.525000e-01  4.298352  3.942054  
  6.550000e-01  4.296740  3.940551  
  6.575000e-01  4.295165  3.939087  
  6.600000e-01  4.293627  3.937660  
  6.625000e-01  4.292125  3.936271  
  6.650000e-01  4.290659  3.934918  
  6.675000e-01  4.289227  3.933600  
  6.700000e-01  4.287829  3.932317  
  6.725000e-01  4.286465  3.931068  
  6.750000e-01  4.285133  3.929852  
  6.775000e-01  4.283833  3.928668  
  6.800000e-01  4.282564  3.927517  
  6.825000e-01  4.281326  3.926395  
  6.850000e-01  4.280117  3.925304  
  6.875000e-01  4.278937  3.924243  
  6.900000e-01  4.277786  3.923210  
  6.925000e-01  4.276662  3.922205  
  6.950000e-01  4.275565  3.921228  
  6.975000e-01  4.274495  3.920277  
  7.000000e-01  4.273451  3.919352  
  7.025000e-01  4.272432  3.918452  
  7.050000e-01  4.271438  3.917577  
  7.075000e-01  4.270467  3.916726  
  7.100000e-01  4.269520  3.915899  
  7.125000e-01  4.268596  3.915094  
  7.150000e-01  4.267695  3.914312  
  7.175000e-01  4.266814  3.913551  
  7.200000e-01  4.265956  3.912811  
  7.225000e-01  4.265117  3.912092  
  7.250000e-01  4.264299  3.911392  
  7.275000e-01  4.263501  3.910712  
  7.300000e-01  4.262722  3.910051  
  7.325000e-01  4.261961  3.909408  
  7.350000e-01  4.261219  3.908783  
  7.375000e-01  4.260495  3.908176  
  7.400000e-01  4.259787  3.907585  
  7.425000e-01  4.259097  3.907011  
  7.450000e-01  4.258423  3.906452  
  7.475000e-01  4.257765  3.905909  
  7.500000e-01  4.257122  3.905381  
  7.525000e-01  4.256495  3.904868  
  7.550000e-01  4.255883  3.904369  
  7.575000e-01  4.255285  3.903884  
  7.600000e-01  4.254701  3.903412  
  7.625000e-01  4.254130  3.902954  
  7.650000e-01  4.253573  3.902508  
  7.675000e-01  4.253029  3.902074  
  7.700000e-01  4.252498  3.901652  
  7.725000e-01  4.251978  3.901242  
  7.750000e-01  4.251471  3.900843  
  7.775000e-01  4.250976  3.900455  
  7.800000e-01  4.250491  3.900078  
  7.825000e-01  4.250018  3.899710  
  7.850000e-01  4.249556  3.899353  
  7.875000e-01  4.249104  3.899006  
  7.900000e-01  4.248662  3.898668  
  7.925000e-01  4.248230  3.898339  
  7.950000e-01  4.247808  3.898020  
  7.975000e-01  4.247396  3.897708  
  8.000000e-01  4.246992  3.897405  
  8.025000e-01  4.246598  3.897111  
  8.050000e-01  4.246212  3.896824  
  8.075000e-01  4.245835  3.896545  
  8.100000e-01  4.245465  3.896273  
  8.125000e-01  4.245104  3.896008  
  8.150000e-01  4.244751  3.895751  
  8.175000e-01  4.244406  3.895500  
  8.200000e-01  4.244068  3.895256  
  8.225000e-01  4.243737  3.895018  
  8.250000e-01  4.243413  3.894786  
  8.275000e-01  4.243096  3.894561  
  8.300000e-01  4.242786  3.894341  
  8.325000e-01  4.242482  3.894127  
  8.350000e-01  4.242185  3.893919  
  8.375000e-01  4.241894  3.893715  
  8.400000e-01  4.241609  3.893517  
  8.425000e-01  4.241330  3.893324  
  8.450000e-01  4.241056  3.893136  
  8.475000e-01  4.240788  3.892953  
  8.500000e-01  4.240526  3.892774  
  8.525000e-01  4.240269  3.892600  
  8.550000e-01  4.240017  3.892430  
  8.575000e-01  4.239770  3.892264  
  8.600000e-01  4.239528  3.892102  
  8.625000e-01  4.239291  3.891945  
  8.650000e-01  4.239059  3.891791  
  8.675000e-01  4.238831  3.891641  
  8.700000e-01  4.238607  3.891494  
  8.725000e-01  4.238388  3.891351  
  8.750000e-01  4.238173  3.891212  
  8.775000e-01  4.237963  3.891075  
  8.800000e-01  4.237756  3.890942  
  8.825000e-01  4.237553  3.890812  
  8.850000e-01  4.237354  3.890685  
  8.875000e-01  4.237159  3.890561  
  8.900000e-01  4.236968  3.890440  
  8.925000e-01  4.236780  3.890322  
  8.950000e-01  4.236595  3.890206  
  8.975000e-01  4.236414  3.890093  
  9.000000e-01  4.236236  3.889983  
  9.025000e-01  4.236062  3.889875  
  9.050000e-01  4.235890  3.889770  
  9.075000e-01  4.235722  3.889666  
  9.100000e-01  4.235557  3.889565  
  9.125000e-01  4.235395  3.889467  
  9.150000e-01  4.235235  3.889370  
  9.175000e-01  4.235079  3.889276  
  9.200000e-01  4.234925  3.889183  
  9.225000e-01  4.234774  3.889093  
  9.250000e-01  4.234625  3.889004  
  9.275000e-01  4.234479  3.888917  
  9.300000e-01  4.234336  3.888833  
  9.325000e-01  4.234195  3.888749  
  9.350000e-01  4.234056  3.888668  
  9.375000e-01  4.233920  3.888588  
  9.400000e-01  4.233786  3.888510  
  9.425000e-01  4.233654  3.888434  
  9.450000e-01  4.233524  3.888359  
  9.475000e-01  4.233397  3.888285  
  9.500000e-01  4.233272  3.888213  
  9.525000e-01  4.233148  3.888142  
  9.550000e-01  4.233027  3.888073  
  9.575000e-01  4.232908  3.888005  
  9.600000e-01  4.232790  3.887939  
  9.625000e-01  4.232675  3.887873  
  9.650000e-01  4.232561  3.887809  
  9.675000e-01  4.232449  3.887746  
  9.700000e-01  4.232339  3.887685  
  9.725000e-01  4.232231  3.887624  
  9.750000e-01  4.232124  3.887565  
  9.775000e-01  4.232019  3.887506  
  9.800000e-01  4.231916  3.887449  
  9.825000e-01  4.231814  3.887393  
  9.850000e-01  4.231714  3.887338  
  9.875000e-01  4.231616  3.887284  
  9.900000e-01  4.231518  3.887230  
  9.925000e-01  4.231423  3.887178  
  9.950000e-01  4.231328  3.887127  
  9.975000e-01  4.231236  3.887076  
  1.000000e+00  4.231144  3.887026  
  1.002500e+00  4.231054  3.886978  
  1.005000e+00  4.230965  3.886930  
  1.007500e+00  4.230878  3.886882  
  1.010000e+00  4.230792  3.886836  
  1.012500e+00  4.230707  3.886790  
  1.015000e+00  4.230623  3.886746  
  1.017500e+00  4.230541  3.886701  
  1.020000e+00  4.230459  3.886658  
  1.022500e+00  4.230379  3.886615  
  1.025000e+00  4.230300  3.886573  
  1.027500e+00  4.230223  3.886532  
  1.030000e+00  4.230146  3.886491  
  1.032500e+00  4.230070  3.886451  
  1.035000e+00  4.229996  3.886412  
  1.037500e+00  4.229922  3.886373  
  1.040000e+00  4.229850  3.886335  
  1.042500e+00  4.229778  3.886298  
  1.045000e+00  4.229708  3.886261  
  1.047500e+00  4.229638  3.886224  
  1.050000e+00  4.229569  3.886188  
  1.052500e+00  4.229502  3.886153  
  1.055000e+00  4.229435  3.886118  
  1.057500e+00  4.229369  3.886084  
  1.060000e+00  4.229304  3.886050  
  1.062500e+00  4.229240  3.886017  
  1.065000e+00  4.229177  3.885984  
  1.067500e+00  4.229115  3.885952  
  1.070000e+00  4.229053  3.885920  
  1.072500e+00  4.228993  3.885889  
  1.075000e+00  4.228933  3.885858  
  1.077500e+00  4.228874  3.885827  
  1.080000e+00  4.228815  3.885797  
  1.082500e+00  4.228758  3.885767  
  1.085000e+00  4.228701  3.885738  
  1.087500e+00  4.228645  3.885709  
  1.090000e+00  4.228590  3.885681  
  1.092500e+00  4.228535  3.885653  
  1.095000e+00  4.228482  3.885625  
  1.097500e+00  4.228428  3.885598  
  1.100000e+00  4.228376  3.885571  
  1.102500e+00  4.228324  3.885545  
  1.105000e+00  4.228273  3.885519  
  1.107500e+00  4.228223  3.885493  
  1.110000e+00  4.228173  3.885467  
  1.112500e+00  4.228124  3.885442  
  1.115000e+00  4.228075  3.885417  
  1.117500e+00  4.228027  3.885393  
  1.120000e+00  4.227980  3.885369  
  1.122500e+00  4.227933  3.885345  
  1.125000e+00  4.227887  3.885322  
  1.127500e+00  4.227841  3.885298  
  1.130000e+00  4.227796  3.885276  
  1.132500e+00  4.227752  3.885253  
  1.135000e+00  4.227708  3.885231  
  1.137500e+00  4.227665  3.885209  
  1.140000e+00  4.227622  3.885187  
  1.142500e+00  4.227580  3.885166  
  1.145000e+00  4.227538  3.885144  
  1.147500e+00  4.227497  3.885124  
  1.150000e+00  4.227456  3.885103  
  1.152500e+00  4.227416  3.885083  
  1.155000e+00  4.227376  3.885062  
  1.157500e+00  4.227337  3.885043  
  1.160000e+00  4.227298  3.885023  
  1.162500e+00  4.227260  3.885004  
  1.165000e+00  4.227222  3.884985  
  1.167500e+00  4.227185  3.884966  
  1.170000e+00  4.227148  3.884947  
  1.172500e+00  4.227112  3.884929  
  1.175000e+00  4.227076  3.884910  
  1.177500e+00  4.227040  3.884892  
  1.180000e+00  4.227005  3.884875  
  1.182500e+00  4.226970  3.884857  
  1.185000e+00  4.226936  3.884840  
  1.187500e+00  4.226902  3.884823  
  1.190000e+00  4.226869  3.884806  
  1.192500e+00  4.226836  3.884789  
  1.195000e+00  4.226803  3.884773  
  1.197500e+00  4.226771  3.884757  
  1.200000e+00  4.226739  3.884740  
  1.202500e+00  4.226707  3.884725  
  1.205000e+00  4.226676  3.884709  
  1.207500e+00  4.226646  3.884693  
  1.210000e+00  4.226615  3.884678  
  1.212500e+00  4.226585  3.884663  
  1.215000e+00  4.226556  3.884648  
  1.217500e+00  4.226526  3.884633  
  1.220000e+00  4.226497  3.884619  
  1.222500e+00  4.226469  3.884604  
  1.225000e+00  4.226441  3.884590  
  1.227500e+00  4.226413  3.884576  
  1.230000e+00  4.226385  3.884562  
  1.232500e+00  4.226358  3.884548  
  1.235000e+00  4.226331  3.884535  
  1.237500e+00  4.226304  3.884521  
  1.240000e+00  4.226278  3.884508  
  1.242500e+00  4.226252  3.884495  
  1.245000e+00  4.226226  3.884482  
  1.247500e+00  4.226201  3.884469  
  1.250000e+00  4.226176  3.884456  
  1.252500e+00  4.226151  3.884444  
  1.255000e+00  4.226126  3.884432  
  1.257500e+00  4.226102  3.884419  
  1.260000e+00  4.226078  3.884407  
  1.262500e+00  4.226055  3.884395  
  1.265000e+00  4.226031  3.884384  
  1.267500e+00  4.226008  3.884372  
  1.270000e+00  4.225985  3.884360  
  1.272500e+00  4.225963  3.884349  
  1.275000e+00  4.225940  3.884338  
  1.277500e+00  4.225918  3.884327  
  1.280000e+00  4.225896  3.884316  
  1.282500e+00  4.225875  3.884305  
  1.285000e+00  4.225854  3.884294  
  1.287500e+00  4.225833  3.884284  
  1.290000e+00  4.225812  3.884273  
  1.292500e+00  4.225791  3.884263  
  1.295000e+00  4.225771  3.884253  
  1.297500e+00  4.225751  3.884242  
  1.300000e+00  4.225731  3.884232  
  1.302500e+00  4.225711  3.884223  
  1.305000e+00  4.225692  3.884213  
  1.307500e+00  4.225673  3.884203  
  1.310000e+00  4.225654  3.884194  
  1.312500e+00  4.225635  3.884184  
  1.315000e+00  4.225617  3.884175  
  1.317500e+00  4.225598  3.884166  
  1.320000e+00  4.225580  3.884156  
  1.322500e+00  4.225562  3.884147  
  1.325000e+00  4.225545  3.884139  
  1.327500e+00  4.225527  3.884130  
  1.330000e+00  4.225510  3.884121  
  1.332500e+00  4.225493  3.884112  
  1.335000e+00  4.225476  3.884104  
  1.337500e+00  4.225459  3.884096  
  1.340000e+00  4.225443  3.884087  
  1.342500e+00  4.225427  3.884079  
  1.345000e+00  4.225411  3.884071  
  1.347500e+00  4.225395  3.884063  
  1.350000e+00  4.225379  3.884055  
  1.352500e+00  4.225363  3.884047  
  1.355000e+00  4.225348  3.884039  
  1.357500e+00  4.225333  3.884032  
  1.360000e+00  4.225318  3.884024  
  1.362500e+00  4.225303  3.884017  
  1.365000e+00  4.225288  3.884009  
  1.367500e+00  4.225274  3.884002  
  1.370000e+00  4.225259  3.883995  
  1.372500e+00  4.225245  3.883988  
  1.375000e+00  4.225231  3.883981  
  1.377500e+00  4.225217  3.883974  
  1.380000e+00  4.225204  3.883967  
  1.382500e+00  4.225190  3.883960  
  1.385000e+00  4.225177  3.883953  
  1.387500e+00  4.225164  3.883946  
  1.390000e+00  4.225151  3.883940  
  1.392500e+00  4.225138  3.883933  
  1.395000e+00  4.225125  3.883927  
  1.397500e+00  4.225112  3.883921  
  1.400000e+00  4.225100  3.883914  
  1.402500e+00  4.225087  3.883908  
  1.405000e+00  4.225075  3.883902  
  1.407500e+00  4.225063  3.883896  
  1.410000e+00  4.225051  3.883890  
  1.412500e+00  4.225039  3.883884  
  1.415000e+00  4.225028  3.883878  
  1.417500e+00  4.225016  3.883872  
  1.420000e+00  4.225005  3.883866  
  1.422500e+00  4.224994  3.883861  
  1.425000e+00  4.224982  3.883855  
  1.427500e+00  4.224971  3.883850  
  1.430000e+00  4.224961  3.883844  
  1.432500e+00  4.224950  3.883839  
  1.435000e+00  4.224939  3.883833  
  1.437500e+00  4.224929  3.883828  
  1.440000e+00  4.224918  3.883823  
  1.442500e+00  4.224908  3.883818  
  1.445000e+00  4.224898  3.883813  
  1.447500e+00  4.224888  3.883807  
  1.450000e+00  4.224878  3.883802  
  1.452500e+00  4.224868  3.883798  
  1.455000e+00  4.224858  3.883793  
  1.457500e+00  4.224849  3.883788  
  1.460000e+00  4.224839  3.883783  
  1.462500e+00  4.224830  3.883778  
  1.465000e+00  4.224821  3.883774  
  1.467500e+00  4.224811  3.883769  
  1.470000e+00  4.224802  3.883764  
  1.472500e+00  4.224793  3.883760  
  1.475000e+00  4.224785  3.883755  
  1.477500e+00  4.224776  3.883751  
  1.480000e+00  4.224767  3.883747  
  1.482500e+00  4.224759  3.883742  
  1.485000e+00  4.224750  3.883738  
  1.487500e+00  4.224742  3.883734  
  1.490000e+00  4.224734  3.883730  
  1.492500e+00  4.224725  3.883726  
  1.495000e+00  4.224717  3.883722  
  1.497500e+00  4.224709  3.883718  
  1.500000e+00  4.224701  3.883714  
  1.502500e+00  4.224694  3.883710  
  1.505000e+00  4.224686  3.883706  
  1.507500e+00  4.224678  3.883702  
  1.510000e+00  4.224671  3.883698  
  1.512500e+00  4.224663  3.883694  
  1.515000e+00  4.224656  3.883691  
  1.517500e+00  4.224649  3.883687  
  1.520000e+00  4.224641  3.883683  
  1.522500e+00  4.224634  3.883680  
  1.525000e+00  4.224627  3.883676  
  1.527500e+00  4.224620  3.883673  
  1.530000e+00  4.224613  3.883669  
  1.532500e+00  4.224607  3.883666  
  1.535000e+00  4.224600  3.883663  
  1.537500e+00  4.224593  3.883659  
  1.540000e+00  4.224587  3.883656  
  1.542500e+00  4.224580  3.883653  
  1.545000e+00  4.224574  3.883649  
  1.547500e+00  4.224567  3.883646  
  1.550000e+00  4.224561  3.883643  
  1.552500e+00  4.224555  3.883640  
  1.555000e+00  4.224549  3.883637  
  1.557500e+00  4.224543  3.883634  
  1.560000e+00  4.224537  3.883631  
  1.562500e+00  4.224531  3.883628  
  1.565000e+00  4.224525  3.883625  
  1.567500e+00  4.224519  3.883622  
  1.570000e+00  4.224513  3.883619  
  1.572500e+00  4.224508  3.883616  
  1.575000e+00  4.224502  3.883613  
  1.577500e+00  4.224497  3.883611  
  1.580000e+00  4.224491  3.883608  
  1.582500e+00  4.224486  3.883605  
  1.585000e+00  4.224480  3.883602  
  1.587500e+00  4.224475  3.883600  
  1.590000e+00  4.224470  3.883597  
  1.592500e+00  4.224465  3.883595  
  1.595000e+00  4.224459  3.883592  
  1.597500e+00  4.224454  3.883590  
  1.600000e+00  4.224449  3.883587  
  1.602500e+00  4.224444  3.883585  
  1.605000e+00  4.224440  3.883582  
  1.607500e+00  4.224435  3.883580  
  1.610000e+00  4.224430  3.883577  
  1.612500e+00  4.224425  3.883575  
  1.615000e+00  4.224421  3.883573  
  1.617500e+00  4.224416  3.883570  
  1.620000e+00  4.224411  3.883568  
  1.622500e+00  4.224407  3.883566  
  1.625000e+00  4.224402  3.883563  
  1.627500e+00  4.224398  3.883561  
  1.630000e+00  4.224394  3.883559  
  1.632500e+00  4.224389  3.883557  
  1.635000e+00  4.224385  3.883555  
  1.637500e+00  4.224381  3.883553  
  1.640000e+00  4.224377  3.883551  
  1.642500e+00  4.224373  3.883548  
  1.645000e+00  4.224368  3.883546  
  1.647500e+00  4.224364  3.883544  
  1.650000e+00  4.224360  3.883542  
  1.652500e+00  4.224357  3.883540  
  1.655000e+00  4.224353  3.883538  
  1.657500e+00  4.224349  3.883537  
  1.660000e+00  4.224345  3.883535  
  1.662500e+00  4.224341  3.883533  
  1.665000e+00  4.224337  3.883531  
  1.667500e+00  4.224334  3.883529  
  1.670000e+00  4.224330  3.883527  
  1.672500e+00  4.224327  3.883525  
  1.675000e+00  4.224323  3.883524  
  1.677500e+00  4.224319  3.883522  
  1.680000e+00  4.224316  3.883520  
  1.682500e+00  4.224313  3.883518  
  1.685000e+00  4.224309  3.883517  
  1.687500e+00  4.224306  3.883515  
  1.690000e+00  4.224303  3.883513  
  1.692500e+00  4.224299  3.883512  
  1.695000e+00  4.224296  3.883510  
  1.697500e+00  4.224293  3.883509  
  1.700000e+00  4.224290  3.883507  
  1.702500e+00  4.224286  3.883505  
  1.705000e+00  4.224283  3.883504  
  1.707500e+00  4.224280  3.883502  
  1.710000e+00  4.224277  3.883501  
  1.712500e+00  4.224274  3.883499  
  1.715000e+00  4.224271  3.883498  
  1.717500e+00  4.224268  3.883496  
  1.720000e+00  4.224265  3.883495  
  1.722500e+00  4.224263  3.883493  
  1.725000e+00  4.224260  3.883492  
  1.727500e+00  4.224257  3.883491  
  1.730000e+00  4.224254  3.883489  
  1.732500e+00  4.224251  3.883488  
  1.735000e+00  4.224249  3.883487  
  1.737500e+00  4.224246  3.883485  
  1.740000e+00  4.224243  3.883484  
  1.742500e+00  4.224241  3.883483  
  1.745000e+00  4.224238  3.883481  
  1.747500e+00  4.224236  3.883480  
  1.750000e+00  4.224233  3.883479  
  1.752500e+00  4.224231  3.883478  
  1.755000e+00  4.224228  3.883476  
  1.757500e+00  4.224226  3.883475  
  1.760000e+00  4.224223  3.883474  
  1.762500e+00  4.224221  3.883473  
  1.765000e+00  4.224219  3.883471  
  1.767500e+00  4.224216  3.883470  
  1.770000e+00  4.224214  3.883469  
  1.772500e+00  4.224212  3.883468  
  1.775000e+00  4.224209  3.883467  
  1.777500e+00  4.224207  3.883466  
  1.780000e+00  4.224205  3.883465  
  1.782500e+00  4.224203  3.883464  
  1.785000e+00  4.224201  3.883463  
  1.787500e+00  4.224198  3.883461  
  1.790000e+00  4.224196  3.883460  
  1.792500e+00  4.224194  3.883459  
  1.795000e+00  4.224192  3.883458  
  1.797500e+00  4.224190  3.883457  
  1.800000e+00  4.224188  3.883456  
  1.802500e+00  4.224186  3.883455  
  1.805000e+00  4.224184  3.883454  
  1.807500e+00  4.224182  3.883453  
  1.810000e+00  4.224180  3.883452  
  1.812500e+00  4.224178  3.883451  
  1.815000e+00  4.224177  3.883451  
  1.817500e+00  4.224175  3.883450  
  1.820000e+00  4.224173  3.883449  
  1.822500e+00  4.224171  3.883448  
  1.825000e+00  4.224169  3.883447  
  1.827500e+00  4.224167  3.883446  
  1.830000e+00  4.224166  3.883445  
  1.832500e+00  4.224164  3.883444  
  1.835000e+00  4.224162  3.883443  
  1.837500e+00  4.224161  3.883443  
  1.840000e+00  4.224159  3.883442  
  1.842500e+00  4.224157  3.883441  
  1.845000e+00  4.224156  3.883440  
  1.847500e+00  4.224154  3.883439  
  1.850000e+00  4.224152  3.883438  
  1.852500e+00  4.224151  3.883438  
  1.855000e+00  4.224149  3.883437  
  1.857500e+00  4.224148  3.883436  
  1.860000e+00  4.224146  3.883435  
  1.862500e+00  4.224145  3.883435  
  1.865000e+00  4.224143  3.883434  
  1.867500e+00  4.224142  3.883433  
  1.870000e+00  4.224140  3.883432  
  1.872500e+00  4.224139  3.883432  
  1.875000e+00  4.224137  3.883431  
  1.877500e+00  4.224136  3.883430  
  1.880000e+00  4.224134  3.883430  
  1.882500e+00  4.224133  3.883429  
  1.885000e+00  4.224132  3.883428  
  1.887500e+00  4.224130  3.883428  
  1.890000e+00  4.224129  3.883427  
  1.892500e+00  4.224128  3.883426  
  1.895000e+00  4.224126  3.883426  
  1.897500e+00  4.224125  3.883425  
  1.900000e+00  4.224124  3.883424  
  1.902500e+00  4.224122  3.883424  
  1.905000e+00  4.224121  3.883423  
  1.907500e+00  4.224120  3.883422  
  1.910000e+00  4.224119  3.883422  
  1.912500e+00  4.224118  3.883421  
  1.915000e+00  4.224116  3.883421  
  1.917500e+00  4.224115  3.883420  
  1.920000e+00  4.224114  3.883419  
  1.922500e+00  4.224113  3.883419  
  1.925000e+00  4.224112  3.883418  
  1.927500e+00  4.224111  3.883418  
  1.930000e+00  4.224109  3.883417  
  1.932500e+00  4.224108  3.883417  
  1.935000e+00  4.224107  3.883416  
  1.937500e+00  4.224106  3.883416  
  1.940000e+00  4.224105  3.883415  
  1.942500e+00  4.224104  3.883414  
  1.945000e+00  4.224103  3.883414  
  1.947500e+00  4.224102  3.883413  
  1.950000e+00  4.224101  3.883413  
  1.952500e+00  4.224100  3.883412  
  1.955000e+00  4.224099  3.883412  
  1.957500e+00  4.224098  3.883411  
  1.960000e+00  4.224097  3.883411  
  1.962500e+00  4.224096  3.883410  
  1.965000e+00  4.224095  3.883410  
  1.967500e+00  4.224094  3.883410  
  1.970000e+00  4.224093  3.883409  
  1.972500e+00  4.224092  3.883409  
  1.975000e+00  4.224091  3.883408  
  1.977500e+00  4.224090  3.883408  
  1.980000e+00  4.224090  3.883407  
  1.982500e+00  4.224089  3.883407  
  1.985000e+00  4.224088  3.883406  
  1.987500e+00  4.224087  3.883406  
  1.990000e+00  4.224086  3.883406  
  1.992500e+00  4.224085  3.883405  
  1.995000e+00  4.224084  3.883405  
  1.997500e+00  4.224084  3.883404  
  2.000000e+00  4.224083  3.883404  
