  0.000000e+00  5.08588992 9.26697335 
  2.500000e-03  5.08588992 9.26693391 
  5.000000e-03  5.08588992 9.26706045 
  7.500000e-03  5.08588992 9.26735303 
  1.000000e-02  5.08588992 9.26772768 
  1.250000e-02  5.08588992 9.26704727 
  1.500000e-02  5.08588992 9.26704344 
  1.750000e-02  5.08588992 9.26727985 
  2.000000e-02  5.08588992 9.26760239 
  2.250000e-02  5.08588992 9.26796203 
  2.500000e-02  5.08588992 9.26744461 
  2.750000e-02  5.08588992 9.26757598 
  3.000000e-02  5.08588992 9.26746061 
  3.250000e-02  5.08588992 9.26738282 
  3.500000e-02  5.08588992 9.26734520 
  3.750000e-02  5.08588992 9.26732426 
  4.000000e-02  5.08588992 9.26730476 
  4.250000e-02  5.08588992 9.26727474 
  4.500000e-02  5.08588992 9.26722154 
  4.750000e-02  5.08588992 9.26726365 
  5.000000e-02  5.08588992 9.26731891 
  5.250000e-02  5.08588992 9.26737024 
  5.500000e-02  5.08588992 9.26741768 
  5.750000e-02  5.08588992 9.26746537 
  6.000000e-02  5.08588992 9.26751815 
  6.250000e-02  5.08588992 9.26758133 
  6.500000e-02  5.08588992 9.26766121 
  6.750000e-02  5.08588992 9.26765724 
  7.000000e-02  5.08588992 9.26764375 
  7.250000e-02  5.08588992 9.26763171 
  7.500000e-02  5.08588992 9.26762031 
  7.750000e-02  5.08588992 9.26760658 
  8.000000e-02  5.08588992 9.26758551 
  8.250000e-02  5.08588992 9.26759649 
  8.500000e-02  5.08588992 9.26761153 
  8.750000e-02  5.08588992 9.26762555 
  9.000000e-02  5.08588992 9.26763837 
  9.250000e-02  5.08588992 9.26765067 
  9.500000e-02  5.08588992 9.26766320 
  9.750000e-02  5.08588992 9.26767673 
  1.000000e-01  5.08588992 9.26769213 
  1.025000e-01  5.08588992 9.26769794 
  1.050000e-01  5.08588992 9.26769377 
  1.075000e-01  5.08588992 9.26768896 
  1.100000e-01  5.08588992 9.26768344 
  1.125000e-01  5.08588992 9.26767554 
  1.150000e-01  5.08588992 9.26767339 
  1.175000e-01  5.08588992 9.26768036 
  1.200000e-01  5.08588992 9.26768871 
  1.225000e-01  5.08588992 9.26769675 
  1.250000e-01  5.08588992 9.26770435 
  1.275000e-01  5.08588992 9.26771170 
  1.300000e-01  5.08588992 9.26771903 
  1.325000e-01  5.08588992 9.26772660 
  1.350000e-01  5.08588992 9.26773440 
  1.375000e-01  5.08588992 9.26774305 
  1.400000e-01  5.08588992 9.26774604 
  1.425000e-01  5.08588992 9.26774714 
  1.450000e-01  5.08588992 9.26774760 
  1.475000e-01  5.08588992 9.26774784 
  1.500000e-01  5.08588992 9.26774800 
  1.525000e-01  5.08588992 9.26775067 
  1.550000e-01  5.08588992 9.26775355 
  1.575000e-01  5.08588992 9.26775624 
  1.600000e-01  5.08588992 9.26775878 
  1.625000e-01  5.08588992 9.26776124 
  1.650000e-01  5.08588992 9.26776369 
  1.675000e-01  5.08588992 9.26776616 
  1.700000e-01  5.08588992 9.26776865 
  1.725000e-01  5.08588992 9.26776954 
  1.750000e-01  5.08588992 9.26776989 
  1.775000e-01  5.08588992 9.26777006 
  1.800000e-01  5.08588992 9.26777017 
  1.825000e-01  5.08588992 9.26777025 
  1.850000e-01  5.08588992 9.26777032 
  1.875000e-01  5.08588992 9.26777038 
  1.900000e-01  5.08588992 9.26777044 
  1.925000e-01  5.08588992 9.26777049 
  1.950000e-01  5.08588992 9.26777054 
  1.975000e-01  5.08588992 9.26777059 
  2.000000e-01  5.08588992 9.26777064 
  2.025000e-01  5.08588992 9.26777068 
  2.050000e-01  5.08588992 9.26777073 
  2.075000e-01  5.08588992 9.26777077 
  2.100000e-01  5.08588992 9.26777081 
  2.125000e-01  5.08588992 9.26777086 
  2.150000e-01  5.08588992 9.26777090 
  2.175000e-01  5.08588992 9.26777095 
  2.200000e-01  5.08588992 9.26777099 
  2.225000e-01  5.08588992 9.26777104 
  2.250000e-01  5.08588992 9.26777108 
  2.275000e-01  5.08588992 9.26777113 
  2.300000e-01  5.08588992 9.26777117 
  2.325000e-01  5.08588992 9.26777122 
  2.350000e-01  5.08588992 9.26777126 
  2.375000e-01  5.08588992 9.26777131 
  2.400000e-01  5.08588992 9.26777135 
  2.425000e-01  5.08588992 9.26777140 
  2.450000e-01  5.08588992 9.26777144 
  2.475000e-01  5.08588992 9.26777148 
  2.500000e-01  5.08588992 9.26777153 
  2.525000e-01  5.08588992 9.26777157 
  2.550000e-01  5.08588992 9.26777162 
  2.575000e-01  5.08588992 9.26777166 
  2.600000e-01  5.08588992 9.26777170 
  2.625000e-01  5.08588992 9.26777175 
  2.650000e-01  5.08588992 9.26777179 
  2.675000e-01  5.08588992 9.26777183 
  2.700000e-01  5.08588992 9.26777188 
  2.725000e-01  5.08588992 9.26777192 
  2.750000e-01  5.08588992 9.26777196 
  2.775000e-01  5.08588992 9.26777200 
  2.800000e-01  5.08588992 9.26777204 
  2.825000e-01  5.08588992 9.26777209 
  2.850000e-01  5.08588992 9.26777213 
  2.875000e-01  5.08588992 9.26777217 
  2.900000e-01  5.08588992 9.26777221 
  2.925000e-01  5.08588992 9.26777225 
  2.950000e-01  5.08588992 9.26777229 
  2.975000e-01  5.08588992 9.26777233 
  3.000000e-01  5.08588992 9.26777236 
  3.025000e-01  5.08588992 9.26777240 
  3.050000e-01  5.08588992 9.26777244 
  3.075000e-01  5.08588992 9.26777248 
  3.100000e-01  5.08588992 9.26777251 
  3.125000e-01  5.08588992 9.26777255 
  3.150000e-01  5.08588992 9.26777259 
  3.175000e-01  5.08588992 9.26777262 
  3.200000e-01  5.08588992 9.26777265 
  3.225000e-01  5.08588992 9.26777269 
  3.250000e-01  5.08588992 9.26777272 
  3.275000e-01  5.08588992 9.26777275 
  3.300000e-01  5.08588992 9.26777278 
  3.325000e-01  5.08588992 9.26777281 
  3.350000e-01  5.08588992 9.26777284 
  3.375000e-01  5.08588992 9.26777287 
  3.400000e-01  5.08588992 9.26777290 
  3.425000e-01  5.08588992 9.26777293 
  3.450000e-01  5.08588992 9.26777295 
  3.475000e-01  5.08588992 9.26777298 
  3.500000e-01  5.08588992 9.26777300 
  3.525000e-01  5.08588992 9.26777302 
  3.550000e-01  5.08588992 9.26777305 
  3.575000e-01  5.08588992 9.26777307 
  3.600000e-01  5.08588992 9.26777309 
  3.625000e-01  5.08588992 9.26777311 
  3.650000e-01  5.08588992 9.26777313 
  3.675000e-01  5.08588992 9.26777315 
  3.700000e-01  5.08588992 9.26777316 
  3.725000e-01  5.08588992 9.26777318 
  3.750000e-01  5.08588992 9.26777320 
  3.775000e-01  5.08588992 9.26777321 
  3.800000e-01  5.08588992 9.26777322 
  3.825000e-01  5.08588992 9.26777324 
  3.850000e-01  5.08588992 9.26777325 
  3.875000e-01  5.08588992 9.26777326 
  3.900000e-01  5.08588992 9.26777327 
  3.925000e-01  5.08588992 9.26777329 
  3.950000e-01  5.08588992 9.26777330 
  3.975000e-01  5.08588992 9.26777331 
  4.000000e-01  5.08588992 9.26777332 
  4.025000e-01  5.08588992 9.26777333 
  4.050000e-01  5.08588992 9.26777333 
  4.075000e-01  5.08588992 9.26777334 
  4.100000e-01  5.08588992 9.26777335 
  4.125000e-01  5.08588992 9.26777336 
  4.150000e-01  5.08588992 9.26777337 
  4.175000e-01  5.08588992 9.26777337 
  4.200000e-01  5.08588992 9.26777338 
  4.225000e-01  5.08588992 9.26777339 
  4.250000e-01  5.08588992 9.26777339 
  4.275000e-01  5.08588992 9.26777340 
  4.300000e-01  5.08588992 9.26777341 
  4.325000e-01  5.08588992 9.26777341 
  4.350000e-01  5.08588992 9.26777342 
  4.375000e-01  5.08588992 9.26777343 
  4.400000e-01  5.08588992 9.26777343 
  4.425000e-01  5.08588992 9.26777344 
  4.450000e-01  5.08588992 9.26777344 
  4.475000e-01  5.08588992 9.26777345 
  4.500000e-01  5.08588992 9.26777346 
  4.525000e-01  5.08588992 9.26777346 
  4.550000e-01  5.08588992 9.26777347 
  4.575000e-01  5.08588992 9.26777348 
  4.600000e-01  5.08588992 9.26777348 
  4.625000e-01  5.08588992 9.26777349 
  4.650000e-01  5.08588992 9.26777350 
  4.675000e-01  5.08588992 9.26777351 
  4.700000e-01  5.08588992 9.26777351 
  4.725000e-01  5.08588992 9.26777352 
  4.750000e-01  5.08588992 9.26777353 
  4.775000e-01  5.08588992 9.26777353 
  4.800000e-01  5.08588992 9.26777354 
  4.825000e-01  5.08588992 9.26777355 
  4.850000e-01  5.08588992 9.26777356 
  4.875000e-01  5.08588992 9.26777357 
  4.900000e-01  5.08588992 9.26777357 
  4.925000e-01  5.08588992 9.26777358 
  4.950000e-01  5.08588992 9.26777359 
  4.975000e-01  5.08588992 9.26777360 
  5.000000e-01  5.08588992 9.26777361 
  5.025000e-01  5.08588992 9.26777362 
  5.050000e-01  5.08588992 9.26777363 
  5.075000e-01  5.08588992 9.26777363 
  5.100000e-01  5.08588992 9.26777364 
  5.125000e-01  5.08588992 9.26777365 
  5.150000e-01  5.08588992 9.26777366 
  5.175000e-01  5.08588992 9.26777367 
  5.200000e-01  5.08588992 9.26777368 
  5.225000e-01  5.08588992 9.26777369 
  5.250000e-01  5.08588992 9.26777370 
  5.275000e-01  5.08588992 9.26777371 
  5.300000e-01  5.08588992 9.26777371 
  5.325000e-01  5.08588992 9.26777372 
  5.350000e-01  5.08588992 9.26777373 
  5.375000e-01  5.08588992 9.26777374 
  5.400000e-01  5.08588992 9.26777375 
  5.425000e-01  5.08588992 9.26777376 
  5.450000e-01  5.08588992 9.26777377 
  5.475000e-01  5.08588992 9.26777378 
  5.500000e-01  5.08588992 9.26777379 
  5.525000e-01  5.08588992 9.26777379 
  5.550000e-01  5.08588992 9.26777380 
  5.575000e-01  5.08588992 9.26777381 
  5.600000e-01  5.08588992 9.26777382 
  5.625000e-01  5.08588992 9.26777383 
  5.650000e-01  5.08588992 9.26777384 
  5.675000e-01  5.08588992 9.26777384 
  5.700000e-01  5.08588992 9.26777385 
  5.725000e-01  5.08588992 9.26777386 
  5.750000e-01  5.08588992 9.26777387 
  5.775000e-01  5.08588992 9.26777388 
  5.800000e-01  5.08588992 9.26777388 
  5.825000e-01  5.08588992 9.26777389 
  5.850000e-01  5.08588992 9.26777390 
  5.875000e-01  5.08588992 9.26777390 
  5.900000e-01  5.08588992 9.26777391 
  5.925000e-01  5.08588992 9.26777392 
  5.950000e-01  5.08588992 9.26777392 
  5.975000e-01  5.08588992 9.26777393 
  6.000000e-01  5.08588992 9.26777394 
  6.025000e-01  5.08588992 9.26777394 
  6.050000e-01  5.08588992 9.26777395 
  6.075000e-01  5.08588992 9.26777395 
  6.100000e-01  5.08588992 9.26777396 
  6.125000e-01  5.08588992 9.26777396 
  6.150000e-01  5.08588992 9.26777397 
  6.175000e-01  5.08588992 9.26777397 
  6.200000e-01  5.08588992 9.26777398 
  6.225000e-01  5.08588992 9.26777398 
  6.250000e-01  5.08588992 9.26777399 
  6.275000e-01  5.08588992 9.26777399 
  6.300000e-01  5.08588992 9.26777400 
  6.325000e-01  5.08588992 9.26777400 
  6.350000e-01  5.08588992 9.26777400 
  6.375000e-01  5.08588992 9.26777401 
  6.400000e-01  5.08588992 9.26777401 
  6.425000e-01  5.08588992 9.26777402 
  6.450000e-01  5.08588992 9.26777402 
  6.475000e-01  5.08588992 9.26777402 
  6.500000e-01  5.08588992 9.26777402 
  6.525000e-01  5.08588992 9.26777403 
  6.550000e-01  5.08588992 9.26777403 
  6.575000e-01  5.08588992 9.26777403 
  6.600000e-01  5.08588992 9.26777404 
  6.625000e-01  5.08588992 9.26777404 
  6.650000e-01  5.08588992 9.26777404 
  6.675000e-01  5.08588992 9.26777404 
  6.700000e-01  5.08588992 9.26777404 
  6.725000e-01  5.08588992 9.26777405 
  6.750000e-01  5.08588992 9.26777405 
  6.775000e-01  5.08588992 9.26777405 
  6.800000e-01  5.08588992 9.26777405 
  6.825000e-01  5.08588992 9.26777405 
  6.850000e-01  5.08588992 9.26777405 
  6.875000e-01  5.08588992 9.26777405 
  6.900000e-01  5.08588992 9.26777406 
  6.925000e-01  5.08588992 9.26777406 
  6.950000e-01  5.08588992 9.26777406 
  6.975000e-01  5.08588992 9.26777406 
  7.000000e-01  5.08588992 9.26777406 
  7.025000e-01  5.08588992 9.26777406 
  7.050000e-01  5.08588992 9.26777406 
  7.075000e-01  5.08588992 9.26777406 
  7.100000e-01  5.08588992 9.26777406 
  7.125000e-01  5.08588992 9.26777406 
  7.150000e-01  5.08588992 9.26777406 
  7.175000e-01  5.08588992 9.26777406 
  7.200000e-01  5.08588992 9.26777406 
  7.225000e-01  5.08588992 9.26777406 
  7.250000e-01  5.08588992 9.26777406 
  7.275000e-01  5.08588992 9.26777406 
  7.300000e-01  5.08588992 9.26777406 
  7.325000e-01  5.08588992 9.26777406 
  7.350000e-01  5.08588992 9.26777406 
  7.375000e-01  5.08588992 9.26777406 
  7.400000e-01  5.08588992 9.26777406 
  7.425000e-01  5.08588992 9.26777406 
  7.450000e-01  5.08588992 9.26777406 
  7.475000e-01  5.08588992 9.26777406 
  7.500000e-01  5.08588992 9.26777406 
  7.525000e-01  5.08588992 9.26777406 
  7.550000e-01  5.08588992 9.26777406 
  7.575000e-01  5.08588992 9.26777406 
  7.600000e-01  5.08588992 9.26777406 
  7.625000e-01  5.08588992 9.26777406 
  7.650000e-01  5.08588992 9.26777406 
  7.675000e-01  5.08588992 9.26777406 
  7.700000e-01  5.08588992 9.26777406 
  7.725000e-01  5.08588992 9.26777406 
  7.750000e-01  5.08588992 9.26777406 
  7.775000e-01  5.08588992 9.26777405 
  7.800000e-01  5.08588992 9.26777405 
  7.825000e-01  5.08588992 9.26777405 
  7.850000e-01  5.08588992 9.26777405 
  7.875000e-01  5.08588992 9.26777405 
  7.900000e-01  5.08588992 9.26777405 
  7.925000e-01  5.08588992 9.26777405 
  7.950000e-01  5.08588992 9.26777405 
  7.975000e-01  5.08588992 9.26777405 
  8.000000e-01  5.08588992 9.26777405 
  8.025000e-01  5.08588992 9.26777405 
  8.050000e-01  5.08588992 9.26777405 
  8.075000e-01  5.08588992 9.26777405 
  8.100000e-01  5.08588992 9.26777405 
  8.125000e-01  5.08588992 9.26777405 
  8.150000e-01  5.08588992 9.26777404 
  8.175000e-01  5.08588992 9.26777404 
  8.200000e-01  5.08588992 9.26777404 
  8.225000e-01  5.08588992 9.26777404 
  8.250000e-01  5.08588992 9.26777404 
  8.275000e-01  5.08588992 9.26777404 
  8.300000e-01  5.08588992 9.26777404 
  8.325000e-01  5.08588992 9.26777404 
  8.350000e-01  5.08588992 9.26777404 
  8.375000e-01  5.08588992 9.26777404 
  8.400000e-01  5.08588992 9.26777404 
  8.425000e-01  5.08588992 9.26777404 
  8.450000e-01  5.08588992 9.26777404 
  8.475000e-01  5.08588992 9.26777404 
  8.500000e-01  5.08588992 9.26777403 
  8.525000e-01  5.08588992 9.26777403 
  8.550000e-01  5.08588992 9.26777403 
  8.575000e-01  5.08588992 9.26777403 
  8.600000e-01  5.08588992 9.26777403 
  8.625000e-01  5.08588992 9.26777403 
  8.650000e-01  5.08588992 9.26777403 
  8.675000e-01  5.08588992 9.26777403 
  8.700000e-01  5.08588992 9.26777403 
  8.725000e-01  5.08588992 9.26777403 
  8.750000e-01  5.08588992 9.26777403 
  8.775000e-01  5.08588992 9.26777403 
  8.800000e-01  5.08588992 9.26777403 
  8.825000e-01  5.08588992 9.26777403 
  8.850000e-01  5.08588992 9.26777403 
  8.875000e-01  5.08588992 9.26777402 
  8.900000e-01  5.08588992 9.26777402 
  8.925000e-01  5.08588992 9.26777402 
  8.950000e-01  5.08588992 9.26777402 
  8.975000e-01  5.08588992 9.26777402 
  9.000000e-01  5.08588992 9.26777402 
  9.025000e-01  5.08588992 9.26777402 
  9.050000e-01  5.08588992 9.26777402 
  9.075000e-01  5.08588992 9.26777402 
  9.100000e-01  5.08588992 9.26777402 
  9.125000e-01  5.08588992 9.26777402 
  9.150000e-01  5.08588992 9.26777402 
  9.175000e-01  5.08588992 9.26777402 
  9.200000e-01  5.08588992 9.26777402 
  9.225000e-01  5.08588992 9.26777402 
  9.250000e-01  5.08588992 9.26777402 
  9.275000e-01  5.08588992 9.26777402 
  9.300000e-01  5.08588992 9.26777402 
  9.325000e-01  5.08588992 9.26777401 
  9.350000e-01  5.08588992 9.26777401 
  9.375000e-01  5.08588992 9.26777401 
  9.400000e-01  5.08588992 9.26777401 
  9.425000e-01  5.08588992 9.26777401 
  9.450000e-01  5.08588992 9.26777401 
  9.475000e-01  5.08588992 9.26777401 
  9.500000e-01  5.08588992 9.26777401 
  9.525000e-01  5.08588992 9.26777401 
  9.550000e-01  5.08588992 9.26777401 
  9.575000e-01  5.08588992 9.26777401 
  9.600000e-01  5.08588992 9.26777401 
  9.625000e-01  5.08588992 9.26777401 
  9.650000e-01  5.08588992 9.26777401 
  9.675000e-01  5.08588992 9.26777401 
  9.700000e-01  5.08588992 9.26777401 
  9.725000e-01  5.08588992 9.26777401 
  9.750000e-01  5.08588992 9.26777401 
  9.775000e-01  5.08588992 9.26777401 
  9.800000e-01  5.08588992 9.26777401 
  9.825000e-01  5.08588992 9.26777401 
  9.850000e-01  5.08588992 9.26777401 
  9.875000e-01  5.08588992 9.26777401 
  9.900000e-01  5.08588992 9.26777401 
  9.925000e-01  5.08588992 9.26777401 
  9.950000e-01  5.08588992 9.26777401 
  9.975000e-01  5.08588992 9.26777400 
  1.000000e+00  5.08588992 9.26777400 
  1.002500e+00  5.08588992 9.26777400 
  1.005000e+00  5.08588992 9.26777400 
  1.007500e+00  5.08588992 9.26777400 
  1.010000e+00  5.08588992 9.26777400 
  1.012500e+00  5.08588992 9.26777400 
  1.015000e+00  5.08588992 9.26777400 
  1.017500e+00  5.08588992 9.26777400 
  1.020000e+00  5.08588992 9.26777400 
  1.022500e+00  5.08588992 9.26777400 
  1.025000e+00  5.08588992 9.26777400 
  1.027500e+00  5.08588992 9.26777400 
  1.030000e+00  5.08588992 9.26777400 
  1.032500e+00  5.08588992 9.26777400 
  1.035000e+00  5.08588992 9.26777400 
  1.037500e+00  5.08588992 9.26777400 
  1.040000e+00  5.08588992 9.26777400 
  1.042500e+00  5.08588992 9.26777400 
  1.045000e+00  5.08588992 9.26777400 
  1.047500e+00  5.08588992 9.26777400 
  1.050000e+00  5.08588992 9.26777400 
  1.052500e+00  5.08588992 9.26777400 
  1.055000e+00  5.08588992 9.26777400 
  1.057500e+00  5.08588992 9.26777400 
  1.060000e+00  5.08588992 9.26777400 
  1.062500e+00  5.08588992 9.26777400 
  1.065000e+00  5.08588992 9.26777400 
  1.067500e+00  5.08588992 9.26777400 
  1.070000e+00  5.08588992 9.26777400 
  1.072500e+00  5.08588992 9.26777400 
  1.075000e+00  5.08588992 9.26777400 
  1.077500e+00  5.08588992 9.26777400 
  1.080000e+00  5.08588992 9.26777400 
  1.082500e+00  5.08588992 9.26777400 
  1.085000e+00  5.08588992 9.26777400 
  1.087500e+00  5.08588992 9.26777400 
  1.090000e+00  5.08588992 9.26777400 
  1.092500e+00  5.08588992 9.26777400 
  1.095000e+00  5.08588992 9.26777400 
  1.097500e+00  5.08588992 9.26777400 
  1.100000e+00  5.08588992 9.26777400 
  1.102500e+00  5.08588992 9.26777400 
  1.105000e+00  5.08588992 9.26777400 
  1.107500e+00  5.08588992 9.26777400 
  1.110000e+00  5.08588992 9.26777400 
  1.112500e+00  5.08588992 9.26777400 
  1.115000e+00  5.08588992 9.26777400 
  1.117500e+00  5.08588992 9.26777400 
  1.120000e+00  5.08588992 9.26777400 
  1.122500e+00  5.08588992 9.26777400 
  1.125000e+00  5.08588992 9.26777400 
  1.127500e+00  5.08588992 9.26777400 
  1.130000e+00  5.08588992 9.26777400 
  1.132500e+00  5.08588992 9.26777400 
  1.135000e+00  5.08588992 9.26777400 
  1.137500e+00  5.08588992 9.26777400 
  1.140000e+00  5.08588992 9.26777400 
  1.142500e+00  5.08588992 9.26777400 
  1.145000e+00  5.08588992 9.26777399 
  1.147500e+00  5.08588992 9.26777399 
  1.150000e+00  5.08588992 9.26777399 
  1.152500e+00  5.08588992 9.26777399 
  1.155000e+00  5.08588992 9.26777399 
  1.157500e+00  5.08588992 9.26777399 
  1.160000e+00  5.08588992 9.26777399 
  1.162500e+00  5.08588992 9.26777399 
  1.165000e+00  5.08588992 9.26777399 
  1.167500e+00  5.08588992 9.26777399 
  1.170000e+00  5.08588992 9.26777399 
  1.172500e+00  5.08588992 9.26777399 
  1.175000e+00  5.08588992 9.26777399 
  1.177500e+00  5.08588992 9.26777399 
  1.180000e+00  5.08588992 9.26777399 
  1.182500e+00  5.08588992 9.26777399 
  1.185000e+00  5.08588992 9.26777399 
  1.187500e+00  5.08588992 9.26777399 
  1.190000e+00  5.08588992 9.26777399 
  1.192500e+00  5.08588992 9.26777399 
  1.195000e+00  5.08588992 9.26777399 
  1.197500e+00  5.08588992 9.26777399 
  1.200000e+00  5.08588992 9.26777399 
  1.202500e+00  5.08588992 9.26777399 
  1.205000e+00  5.08588992 9.26777399 
  1.207500e+00  5.08588992 9.26777399 
  1.210000e+00  5.08588992 9.26777399 
  1.212500e+00  5.08588992 9.26777399 
  1.215000e+00  5.08588992 9.26777399 
  1.217500e+00  5.08588992 9.26777399 
  1.220000e+00  5.08588992 9.26777399 
  1.222500e+00  5.08588992 9.26777399 
  1.225000e+00  5.08588992 9.26777399 
  1.227500e+00  5.08588992 9.26777399 
  1.230000e+00  5.08588992 9.26777399 
  1.232500e+00  5.08588992 9.26777399 
  1.235000e+00  5.08588992 9.26777399 
  1.237500e+00  5.08588992 9.26777399 
  1.240000e+00  5.08588992 9.26777399 
  1.242500e+00  5.08588992 9.26777399 
  1.245000e+00  5.08588992 9.26777399 
  1.247500e+00  5.08588992 9.26777399 
  1.250000e+00  5.08588992 9.26777399 
  1.252500e+00  5.08588992 9.26777399 
  1.255000e+00  5.08588992 9.26777399 
  1.257500e+00  5.08588992 9.26777399 
  1.260000e+00  5.08588992 9.26777399 
  1.262500e+00  5.08588992 9.26777399 
  1.265000e+00  5.08588992 9.26777399 
  1.267500e+00  5.08588992 9.26777399 
  1.270000e+00  5.08588992 9.26777399 
  1.272500e+00  5.08588992 9.26777399 
  1.275000e+00  5.08588992 9.26777399 
  1.277500e+00  5.08588992 9.26777399 
  1.280000e+00  5.08588992 9.26777399 
  1.282500e+00  5.08588992 9.26777399 
  1.285000e+00  5.08588992 9.26777399 
  1.287500e+00  5.08588992 9.26777399 
  1.290000e+00  5.08588992 9.26777399 
  1.292500e+00  5.08588992 9.26777399 
  1.295000e+00  5.08588992 9.26777399 
  1.297500e+00  5.08588992 9.26777399 
  1.300000e+00  5.08588992 9.26777399 
  1.302500e+00  5.08588992 9.26777399 
  1.305000e+00  5.08588992 9.26777399 
  1.307500e+00  5.08588992 9.26777399 
  1.310000e+00  5.08588992 9.26777399 
  1.312500e+00  5.08588992 9.26777399 
  1.315000e+00  5.08588992 9.26777399 
  1.317500e+00  5.08588992 9.26777399 
  1.320000e+00  5.08588992 9.26777399 
  1.322500e+00  5.08588992 9.26777399 
  1.325000e+00  5.08588992 9.26777399 
  1.327500e+00  5.08588992 9.26777399 
  1.330000e+00  5.08588992 9.26777399 
  1.332500e+00  5.08588992 9.26777399 
  1.335000e+00  5.08588992 9.26777399 
  1.337500e+00  5.08588992 9.26777399 
  1.340000e+00  5.08588992 9.26777399 
  1.342500e+00  5.08588992 9.26777399 
  1.345000e+00  5.08588992 9.26777399 
  1.347500e+00  5.08588992 9.26777399 
  1.350000e+00  5.08588992 9.26777399 
  1.352500e+00  5.08588992 9.26777399 
  1.355000e+00  5.08588992 9.26777399 
  1.357500e+00  5.08588992 9.26777399 
  1.360000e+00  5.08588992 9.26777399 
  1.362500e+00  5.08588992 9.26777399 
  1.365000e+00  5.08588992 9.26777399 
  1.367500e+00  5.08588992 9.26777399 
  1.370000e+00  5.08588992 9.26777399 
  1.372500e+00  5.08588992 9.26777399 
  1.375000e+00  5.08588992 9.26777399 
  1.377500e+00  5.08588992 9.26777399 
  1.380000e+00  5.08588992 9.26777399 
  1.382500e+00  5.08588992 9.26777399 
  1.385000e+00  5.08588992 9.26777399 
  1.387500e+00  5.08588992 9.26777399 
  1.390000e+00  5.08588992 9.26777399 
  1.392500e+00  5.08588992 9.26777399 
  1.395000e+00  5.08588992 9.26777399 
  1.397500e+00  5.08588992 9.26777399 
  1.400000e+00  5.08588992 9.26777399 
  1.402500e+00  5.08588992 9.26777399 
  1.405000e+00  5.08588992 9.26777399 
  1.407500e+00  5.08588992 9.26777399 
  1.410000e+00  5.08588992 9.26777399 
  1.412500e+00  5.08588992 9.26777399 
  1.415000e+00  5.08588992 9.26777399 
  1.417500e+00  5.08588992 9.26777399 
  1.420000e+00  5.08588992 9.26777399 
  1.422500e+00  5.08588992 9.26777399 
  1.425000e+00  5.08588992 9.26777399 
  1.427500e+00  5.08588992 9.26777399 
  1.430000e+00  5.08588992 9.26777399 
  1.432500e+00  5.08588992 9.26777399 
  1.435000e+00  5.08588992 9.26777399 
  1.437500e+00  5.08588992 9.26777399 
  1.440000e+00  5.08588992 9.26777399 
  1.442500e+00  5.08588992 9.26777399 
  1.445000e+00  5.08588992 9.26777399 
  1.447500e+00  5.08588992 9.26777399 
  1.450000e+00  5.08588992 9.26777399 
  1.452500e+00  5.08588992 9.26777399 
  1.455000e+00  5.08588992 9.26777399 
  1.457500e+00  5.08588992 9.26777399 
  1.460000e+00  5.08588992 9.26777399 
  1.462500e+00  5.08588992 9.26777399 
  1.465000e+00  5.08588992 9.26777399 
  1.467500e+00  5.08588992 9.26777399 
  1.470000e+00  5.08588992 9.26777399 
  1.472500e+00  5.08588992 9.26777399 
  1.475000e+00  5.08588992 9.26777399 
  1.477500e+00  5.08588992 9.26777399 
  1.480000e+00  5.08588992 9.26777399 
  1.482500e+00  5.08588992 9.26777399 
  1.485000e+00  5.08588992 9.26777399 
  1.487500e+00  5.08588992 9.26777399 
  1.490000e+00  5.08588992 9.26777399 
  1.492500e+00  5.08588992 9.26777399 
  1.495000e+00  5.08588992 9.26777399 
  1.497500e+00  5.08588992 9.26777399 
  1.500000e+00  5.08588992 9.26777399 
  1.502500e+00  5.08588992 9.26777399 
  1.505000e+00  5.08588992 9.26777399 
  1.507500e+00  5.08588992 9.26777399 
  1.510000e+00  5.08588992 9.26777399 
  1.512500e+00  5.08588992 9.26777400 
  1.515000e+00  5.08588992 9.26777400 
  1.517500e+00  5.08588992 9.26777400 
  1.520000e+00  5.08588992 9.26777400 
  1.522500e+00  5.08588992 9.26777400 
  1.525000e+00  5.08588992 9.26777400 
  1.527500e+00  5.08588992 9.26777400 
  1.530000e+00  5.08588992 9.26777400 
  1.532500e+00  5.08588992 9.26777400 
  1.535000e+00  5.08588992 9.26777400 
  1.537500e+00  5.08588992 9.26777400 
  1.540000e+00  5.08588992 9.26777400 
  1.542500e+00  5.08588992 9.26777400 
  1.545000e+00  5.08588992 9.26777400 
  1.547500e+00  5.08588992 9.26777400 
  1.550000e+00  5.08588992 9.26777400 
  1.552500e+00  5.08588992 9.26777400 
  1.555000e+00  5.08588992 9.26777400 
  1.557500e+00  5.08588992 9.26777400 
  1.560000e+00  5.08588992 9.26777400 
  1.562500e+00  5.08588992 9.26777400 
  1.565000e+00  5.08588992 9.26777400 
  1.567500e+00  5.08588992 9.26777400 
  1.570000e+00  5.08588992 9.26777400 
  1.572500e+00  5.08588992 9.26777400 
  1.575000e+00  5.08588992 9.26777400 
  1.577500e+00  5.08588992 9.26777400 
  1.580000e+00  5.08588992 9.26777400 
  1.582500e+00  5.08588992 9.26777400 
  1.585000e+00  5.08588992 9.26777400 
  1.587500e+00  5.08588992 9.26777400 
  1.590000e+00  5.08588992 9.26777400 
  1.592500e+00  5.08588992 9.26777400 
  1.595000e+00  5.08588992 9.26777400 
  1.597500e+00  5.08588992 9.26777400 
  1.600000e+00  5.08588992 9.26777400 
  1.602500e+00  5.08588992 9.26777400 
  1.605000e+00  5.08588992 9.26777400 
  1.607500e+00  5.08588992 9.26777400 
  1.610000e+00  5.08588992 9.26777400 
  1.612500e+00  5.08588992 9.26777400 
  1.615000e+00  5.08588992 9.26777400 
  1.617500e+00  5.08588992 9.26777400 
  1.620000e+00  5.08588992 9.26777400 
  1.622500e+00  5.08588992 9.26777400 
  1.625000e+00  5.08588992 9.26777400 
  1.627500e+00  5.08588992 9.26777400 
  1.630000e+00  5.08588992 9.26777400 
  1.632500e+00  5.08588992 9.26777400 
  1.635000e+00  5.08588992 9.26777400 
  1.637500e+00  5.08588992 9.26777400 
  1.640000e+00  5.08588992 9.26777400 
  1.642500e+00  5.08588992 9.26777400 
  1.645000e+00  5.08588992 9.26777400 
  1.647500e+00  5.08588992 9.26777400 
  1.650000e+00  5.08588992 9.26777400 
  1.652500e+00  5.08588992 9.26777400 
  1.655000e+00  5.08588992 9.26777400 
  1.657500e+00  5.08588992 9.26777400 
  1.660000e+00  5.08588992 9.26777400 
  1.662500e+00  5.08588992 9.26777400 
  1.665000e+00  5.08588992 9.26777400 
  1.667500e+00  5.08588992 9.26777400 
  1.670000e+00  5.08588992 9.26777400 
  1.672500e+00  5.08588992 9.26777400 
  1.675000e+00  5.08588992 9.26777400 
  1.677500e+00  5.08588992 9.26777400 
  1.680000e+00  5.08588992 9.26777400 
  1.682500e+00  5.08588992 9.26777400 
  1.685000e+00  5.08588992 9.26777400 
  1.687500e+00  5.08588992 9.26777400 
  1.690000e+00  5.08588992 9.26777400 
  1.692500e+00  5.08588992 9.26777400 
  1.695000e+00  5.08588992 9.26777400 
  1.697500e+00  5.08588992 9.26777400 
  1.700000e+00  5.08588992 9.26777400 
  1.702500e+00  5.08588992 9.26777400 
  1.705000e+00  5.08588992 9.26777400 
  1.707500e+00  5.08588992 9.26777400 
  1.710000e+00  5.08588992 9.26777400 
  1.712500e+00  5.08588992 9.26777400 
  1.715000e+00  5.08588992 9.26777400 
  1.717500e+00  5.08588992 9.26777400 
  1.720000e+00  5.08588992 9.26777400 
  1.722500e+00  5.08588992 9.26777400 
  1.725000e+00  5.08588992 9.26777400 
  1.727500e+00  5.08588992 9.26777400 
  1.730000e+00  5.08588992 9.26777400 
  1.732500e+00  5.08588992 9.26777400 
  1.735000e+00  5.08588992 9.26777400 
  1.737500e+00  5.08588992 9.26777400 
  1.740000e+00  5.08588992 9.26777400 
  1.742500e+00  5.08588992 9.26777400 
  1.745000e+00  5.08588992 9.26777400 
  1.747500e+00  5.08588992 9.26777400 
  1.750000e+00  5.08588992 9.26777400 
  1.752500e+00  5.08588992 9.26777400 
  1.755000e+00  5.08588992 9.26777400 
  1.757500e+00  5.08588992 9.26777400 
  1.760000e+00  5.08588992 9.26777400 
  1.762500e+00  5.08588992 9.26777400 
  1.765000e+00  5.08588992 9.26777400 
  1.767500e+00  5.08588992 9.26777400 
  1.770000e+00  5.08588992 9.26777400 
  1.772500e+00  5.08588992 9.26777400 
  1.775000e+00  5.08588992 9.26777400 
  1.777500e+00  5.08588992 9.26777400 
  1.780000e+00  5.08588992 9.26777400 
  1.782500e+00  5.08588992 9.26777400 
  1.785000e+00  5.08588992 9.26777400 
  1.787500e+00  5.08588992 9.26777400 
  1.790000e+00  5.08588992 9.26777400 
  1.792500e+00  5.08588992 9.26777400 
  1.795000e+00  5.08588992 9.26777400 
  1.797500e+00  5.08588992 9.26777400 
  1.800000e+00  5.08588992 9.26777400 
  1.802500e+00  5.08588992 9.26777400 
  1.805000e+00  5.08588992 9.26777400 
  1.807500e+00  5.08588992 9.26777400 
  1.810000e+00  5.08588992 9.26777400 
  1.812500e+00  5.08588992 9.26777400 
  1.815000e+00  5.08588992 9.26777400 
  1.817500e+00  5.08588992 9.26777400 
  1.820000e+00  5.08588992 9.26777400 
  1.822500e+00  5.08588992 9.26777400 
  1.825000e+00  5.08588992 9.26777400 
  1.827500e+00  5.08588992 9.26777400 
  1.830000e+00  5.08588992 9.26777400 
  1.832500e+00  5.08588992 9.26777400 
  1.835000e+00  5.08588992 9.26777400 
  1.837500e+00  5.08588992 9.26777400 
  1.840000e+00  5.08588992 9.26777400 
  1.842500e+00  5.08588992 9.26777400 
  1.845000e+00  5.08588992 9.26777400 
  1.847500e+00  5.08588992 9.26777400 
  1.850000e+00  5.08588992 9.26777400 
  1.852500e+00  5.08588992 9.26777400 
  1.855000e+00  5.08588992 9.26777400 
  1.857500e+00  5.08588992 9.26777400 
  1.860000e+00  5.08588992 9.26777400 
  1.862500e+00  5.08588992 9.26777400 
  1.865000e+00  5.08588992 9.26777400 
  1.867500e+00  5.08588992 9.26777400 
  1.870000e+00  5.08588992 9.26777400 
  1.872500e+00  5.08588992 9.26777400 
  1.875000e+00  5.08588992 9.26777400 
  1.877500e+00  5.08588992 9.26777400 
  1.880000e+00  5.08588992 9.26777400 
  1.882500e+00  5.08588992 9.26777400 
  1.885000e+00  5.08588992 9.26777400 
  1.887500e+00  5.08588992 9.26777400 
  1.890000e+00  5.08588992 9.26777400 
  1.892500e+00  5.08588992 9.26777400 
  1.895000e+00  5.08588992 9.26777400 
  1.897500e+00  5.08588992 9.26777400 
  1.900000e+00  5.08588992 9.26777400 
  1.902500e+00  5.08588992 9.26777400 
  1.905000e+00  5.08588992 9.26777400 
  1.907500e+00  5.08588992 9.26777400 
  1.910000e+00  5.08588992 9.26777400 
  1.912500e+00  5.08588992 9.26777400 
  1.915000e+00  5.08588992 9.26777400 
  1.917500e+00  5.08588992 9.26777400 
  1.920000e+00  5.08588992 9.26777400 
  1.922500e+00  5.08588992 9.26777400 
  1.925000e+00  5.08588992 9.26777400 
  1.927500e+00  5.08588992 9.26777400 
  1.930000e+00  5.08588992 9.26777400 
  1.932500e+00  5.08588992 9.26777400 
  1.935000e+00  5.08588992 9.26777400 
  1.937500e+00  5.08588992 9.26777400 
  1.940000e+00  5.08588992 9.26777400 
  1.942500e+00  5.08588992 9.26777400 
  1.945000e+00  5.08588992 9.26777400 
  1.947500e+00  5.08588992 9.26777400 
  1.950000e+00  5.08588992 9.26777400 
  1.952500e+00  5.08588992 9.26777400 
  1.955000e+00  5.08588992 9.26777400 
  1.957500e+00  5.08588992 9.26777400 
  1.960000e+00  5.08588992 9.26777400 
  1.962500e+00  5.08588992 9.26777400 
  1.965000e+00  5.08588992 9.26777400 
  1.967500e+00  5.08588992 9.26777400 
  1.970000e+00  5.08588992 9.26777400 
  1.972500e+00  5.08588992 9.26777400 
  1.975000e+00  5.08588992 9.26777400 
  1.977500e+00  5.08588992 9.26777400 
  1.980000e+00  5.08588992 9.26777400 
  1.982500e+00  5.08588992 9.26777400 
  1.985000e+00  5.08588992 9.26777400 
  1.987500e+00  5.08588992 9.26777400 
  1.990000e+00  5.08588992 9.26777400 
  1.992500e+00  5.08588992 9.26777400 
  1.995000e+00  5.08588992 9.26777400 
  1.997500e+00  5.08588992 9.26777400 
  2.000000e+00  5.08588992 9.26777400 
