  0.000000e+00  15.102713  15.102713
  1.250000e-03  14.091585  14.091585
  2.500000e-03  13.064745  13.661848 
  3.750000e-03  12.219799  12.990999 
  5.000000e-03  11.589538  12.350665 
  6.250000e-03  11.055157  11.762238 
  7.500000e-03  10.582774  11.226150 
  8.750000e-03  10.185473  10.749175 
  1.000000e-02  9.865795  10.338567 
  1.125000e-02  9.607439  9.992238 
  1.250000e-02  9.391054  9.699693 
  1.375000e-02  9.203167  9.449197 
  1.500000e-02  9.036208  9.231396 
  1.625000e-02  8.885990  9.039458 
  1.750000e-02  8.749866  8.868426 
  1.875000e-02  8.626006  8.714721 
  2.000000e-02  8.513121  8.575744 
  2.125000e-02  8.414807  8.457012 
  2.250000e-02  8.322155  8.341333 
  2.375000e-02  8.235527  8.235984 
  2.500000e-02  8.154632  8.139049 
  2.625000e-02  8.078758  8.049431 
  2.750000e-02  8.007392  7.966180 
  2.875000e-02  7.940205  7.888545 
  3.000000e-02  7.876935  7.815933 
  3.125000e-02  7.817297  7.747857 
  3.250000e-02  7.764713  7.689972 
  3.375000e-02  7.712863  7.629222 
  3.500000e-02  7.662652  7.572412 
  3.625000e-02  7.614636  7.518613 
  3.750000e-02  7.568771  7.467597 
  3.875000e-02  7.524920  7.419091 
  4.000000e-02  7.482923  7.372858 
  4.125000e-02  7.442624  7.328686 
  4.250000e-02  7.403870  7.286383 
  4.375000e-02  7.366514  7.245774 
  4.500000e-02  7.330415  7.206701 
  4.625000e-02  7.298546  7.174164 
  4.750000e-02  7.265861  7.137265 
  4.875000e-02  7.233207  7.102066 
  5.000000e-02  7.201239  7.067882 
  5.125000e-02  7.170059  7.034722 
  5.250000e-02  7.139693  7.002521 
  5.375000e-02  7.110152  6.971235 
  5.500000e-02  7.081439  6.940837 
  5.625000e-02  7.053556  6.911302 
  5.750000e-02  7.026493  6.882613 
  5.875000e-02  7.000235  6.854750 
  6.000000e-02  6.974758  6.827694 
  6.125000e-02  6.950035  6.801424 
  6.250000e-02  6.926039  6.775916 
  6.375000e-02  6.902739  6.751145 
  6.500000e-02  6.882669  6.731452 
  6.625000e-02  6.861755  6.707596 
  6.750000e-02  6.840650  6.684943 
  6.875000e-02  6.819968  6.662858 
  7.000000e-02  6.799797  6.641406 
  7.125000e-02  6.780152  6.620550 
  7.250000e-02  6.761026  6.600266 
  7.375000e-02  6.742403  6.580529 
  7.500000e-02  6.724264  6.561318 
  7.625000e-02  6.706588  6.542610 
  7.750000e-02  6.689353  6.524385 
  7.875000e-02  6.672539  6.506622 
  8.000000e-02  6.656124  6.489300 
  8.125000e-02  6.640090  6.472399 
  8.250000e-02  6.624420  6.455900 
  8.375000e-02  6.609095  6.439785 
  8.500000e-02  6.594099  6.424036 
  8.625000e-02  6.579415  6.408635 
  8.750000e-02  6.565028  6.393565 
  8.875000e-02  6.550923  6.378811 
  9.000000e-02  6.537087  6.364357 
  9.125000e-02  6.523505  6.350187 
  9.250000e-02  6.510165  6.336288 
  9.375000e-02  6.497055  6.322646 
  9.500000e-02  6.484162  6.309247 
  9.625000e-02  6.471476  6.296079 
  9.750000e-02  6.458985  6.283130 
  9.875000e-02  6.446680  6.270389 
  1.000000e-01  6.434552  6.257843 
  1.012500e-01  6.422590  6.245484 
  1.025000e-01  6.410786  6.233301 
  1.037500e-01  6.399132  6.221284 
  1.050000e-01  6.387620  6.209425 
  1.062500e-01  6.376243  6.197714 
  1.075000e-01  6.364992  6.186143 
  1.087500e-01  6.353863  6.174705 
  1.100000e-01  6.342847  6.163393 
  1.112500e-01  6.331940  6.152198 
  1.125000e-01  6.321134  6.141115 
  1.137500e-01  6.310426  6.130137 
  1.150000e-01  6.299809  6.119259 
  1.162500e-01  6.289279  6.108474 
  1.175000e-01  6.278832  6.097777 
  1.187500e-01  6.268463  6.087163 
  1.200000e-01  6.258167  6.076628 
  1.212500e-01  6.247942  6.066167 
  1.225000e-01  6.237784  6.055776 
  1.237500e-01  6.227688  6.045451 
  1.250000e-01  6.217653  6.035188 
  1.262500e-01  6.207676  6.024985 
  1.275000e-01  6.197753  6.014837 
  1.287500e-01  6.187882  6.004741 
  1.300000e-01  6.178061  5.994696 
  1.312500e-01  6.168287  5.984699 
  1.325000e-01  6.158559  5.974746 
  1.337500e-01  6.148875  5.964837 
  1.350000e-01  6.139232  5.954969 
  1.362500e-01  6.129630  5.945140 
  1.375000e-01  6.120068  5.935348 
  1.387500e-01  6.110543  5.925593 
  1.400000e-01  6.101054  5.915872 
  1.412500e-01  6.091601  5.906185 
  1.425000e-01  6.082183  5.896530 
  1.437500e-01  6.072799  5.886907 
  1.450000e-01  6.063447  5.877314 
  1.462500e-01  6.054128  5.867752 
  1.475000e-01  6.044840  5.858218 
  1.487500e-01  6.035584  5.848713 
  1.500000e-01  6.026358  5.839236 
  1.512500e-01  6.017163  5.829786 
  1.525000e-01  6.007998  5.820364 
  1.537500e-01  5.998862  5.810970 
  1.550000e-01  5.989756  5.801602 
  1.562500e-01  5.980679  5.792261 
  1.575000e-01  5.971632  5.782946 
  1.587500e-01  5.962613  5.773658 
  1.600000e-01  5.953624  5.764397 
  1.612500e-01  5.944663  5.755163 
  1.625000e-01  5.935731  5.745955 
  1.637500e-01  5.926829  5.736774 
  1.650000e-01  5.917955  5.727620 
  1.662500e-01  5.909110  5.718493 
  1.675000e-01  5.900293  5.709393 
  1.687500e-01  5.891506  5.700321 
  1.700000e-01  5.882748  5.691275 
  1.712500e-01  5.874018  5.682258 
  1.725000e-01  5.865318  5.673268 
  1.737500e-01  5.856646  5.664306 
  1.750000e-01  5.848003  5.655372 
  1.762500e-01  5.839390  5.646466 
  1.775000e-01  5.830805  5.637588 
  1.787500e-01  5.822249  5.628739 
  1.800000e-01  5.813722  5.619918 
  1.812500e-01  5.805224  5.611126 
  1.825000e-01  5.796755  5.602362 
  1.837500e-01  5.788315  5.593628 
  1.850000e-01  5.779903  5.584922 
  1.862500e-01  5.771519  5.576244 
  1.875000e-01  5.763164  5.567596 
  1.887500e-01  5.754838  5.558976 
  1.900000e-01  5.746539  5.550386 
  1.912500e-01  5.738269  5.541824 
  1.925000e-01  5.730026  5.533290 
  1.937500e-01  5.721811  5.524786 
  1.950000e-01  5.713623  5.516310 
  1.962500e-01  5.705463  5.507862 
  1.975000e-01  5.697330  5.499443 
  1.987500e-01  5.689224  5.491052 
  2.000000e-01  5.681144  5.482690 
  2.012500e-01  5.673091  5.474355 
  2.025000e-01  5.665064  5.466048 
  2.037500e-01  5.657064  5.457769 
  2.050000e-01  5.649088  5.449517 
  2.062500e-01  5.641139  5.441293 
  2.075000e-01  5.633215  5.433096 
  2.087500e-01  5.625316  5.424926 
  2.100000e-01  5.617442  5.416783 
  2.112500e-01  5.609592  5.408667 
  2.125000e-01  5.601767  5.400577 
  2.137500e-01  5.593967  5.392513 
  2.150000e-01  5.586190  5.384476 
  2.162500e-01  5.578437  5.376465 
  2.175000e-01  5.570708  5.368479 
  2.187500e-01  5.563003  5.360520 
  2.200000e-01  5.555321  5.352586 
  2.212500e-01  5.547662  5.344678 
  2.225000e-01  5.540026  5.336795 
  2.237500e-01  5.532414  5.328937 
  2.250000e-01  5.523487  5.319326 
  2.262500e-01  5.515285  5.311423 
  2.275000e-01  5.507599  5.303439 
  2.287500e-01  5.500025  5.295650 
  2.300000e-01  5.492504  5.287901 
  2.312500e-01  5.485015  5.280184 
  2.325000e-01  5.477550  5.272492 
  2.337500e-01  5.470110  5.264826 
  2.350000e-01  5.461413  5.255478 
  2.362500e-01  5.453404  5.247777 
  2.375000e-01  5.445898  5.239989 
  2.387500e-01  5.438501  5.232395 
  2.400000e-01  5.431159  5.224845 
  2.412500e-01  5.423851  5.217328 
  2.425000e-01  5.416570  5.209839 
  2.437500e-01  5.409316  5.202378 
  2.450000e-01  5.400857  5.193299 
  2.462500e-01  5.393055  5.185817 
  2.475000e-01  5.385749  5.178243 
  2.487500e-01  5.378550  5.170864 
  2.500000e-01  5.371406  5.163531 
  2.512500e-01  5.364299  5.156233 
  2.525000e-01  5.357222  5.148966 
  2.537500e-01  5.350174  5.141729 
  2.550000e-01  5.341974  5.132940 
  2.562500e-01  5.334400  5.125699 
  2.575000e-01  5.327314  5.118360 
  2.587500e-01  5.320335  5.111220 
  2.600000e-01  5.313414  5.104127 
  2.612500e-01  5.306531  5.097073 
  2.625000e-01  5.298535  5.088512 
  2.637500e-01  5.291147  5.081468 
  2.650000e-01  5.284244  5.074323 
  2.662500e-01  5.277445  5.067378 
  2.675000e-01  5.270703  5.060482 
  2.687500e-01  5.264002  5.053628 
  2.700000e-01  5.257338  5.046810 
  2.712500e-01  5.249609  5.038546 
  2.725000e-01  5.242457  5.031753 
  2.737500e-01  5.235784  5.024854 
  2.750000e-01  5.229216  5.018160 
  2.762500e-01  5.222709  5.011519 
  2.775000e-01  5.216246  5.004921 
  2.787500e-01  5.208754  4.996920 
  2.800000e-01  5.201820  4.990361 
  2.812500e-01  5.195362  4.983693 
  2.825000e-01  5.189007  4.977230 
  2.837500e-01  5.182713  4.970822 
  2.850000e-01  5.176464  4.964459 
  2.862500e-01  5.169225  4.956740 
  2.875000e-01  5.162519  4.950426 
  2.887500e-01  5.156285  4.943999 
  2.900000e-01  5.150153  4.937779 
  2.912500e-01  5.144083  4.931616 
  2.925000e-01  5.137056  4.924135 
  2.937500e-01  5.130545  4.918033 
  2.950000e-01  5.124503  4.911815 
  2.962500e-01  5.118562  4.905804 
  2.975000e-01  5.112681  4.899850 
  2.987500e-01  5.106847  4.893943 
  3.000000e-01  5.100085  4.886758 
  3.012500e-01  5.093815  4.880915 
  3.025000e-01  5.088008  4.874952 
  3.037500e-01  5.082300  4.869197 
  3.050000e-01  5.076652  4.863500 
  3.062500e-01  5.070106  4.856557 
  3.075000e-01  5.064037  4.850934 
  3.087500e-01  5.058426  4.845185 
  3.100000e-01  5.052911  4.839644 
  3.112500e-01  5.047455  4.834159 
  3.125000e-01  5.041124  4.827458 
  3.137500e-01  5.035252  4.822050 
  3.150000e-01  5.029833  4.816511 
  3.162500e-01  5.024507  4.811179 
  3.175000e-01  5.019239  4.805903 
  3.187500e-01  5.013121  4.799441 
  3.200000e-01  5.007443  4.794245 
  3.212500e-01  5.002212  4.788913 
  3.225000e-01  4.997073  4.783788 
  3.237500e-01  4.991114  4.777510 
  3.250000e-01  4.985584  4.772478 
  3.262500e-01  4.980498  4.767305 
  3.275000e-01  4.975502  4.762338 
  3.287500e-01  4.970559  4.757424 
  3.300000e-01  4.964805  4.751374 
  3.312500e-01  4.959461  4.746542 
  3.325000e-01  4.954554  4.741565 
  3.337500e-01  4.949733  4.736793 
  3.350000e-01  4.944130  4.730917 
  3.362500e-01  4.938925  4.726239 
  3.375000e-01  4.934155  4.721413 
  3.387500e-01  4.929469  4.716790 
  3.400000e-01  4.924833  4.712216 
  3.412500e-01  4.919422  4.706551 
  3.425000e-01  4.914392  4.702061 
  3.437500e-01  4.909789  4.697417 
  3.450000e-01  4.905266  4.692974 
  3.462500e-01  4.899995  4.687472 
  3.475000e-01  4.895094  4.683123 
  3.487500e-01  4.890618  4.678618 
  3.500000e-01  4.886220  4.674313 
  3.512500e-01  4.881087  4.668965 
  3.525000e-01  4.876312  4.664752 
  3.537500e-01  4.871958  4.660380 
  3.550000e-01  4.867678  4.656205 
  3.562500e-01  4.863445  4.652075 
  3.575000e-01  4.858485  4.646917 
  3.587500e-01  4.853866  4.642871 
  3.600000e-01  4.849661  4.638660 
  3.612500e-01  4.845528  4.634645 
  3.625000e-01  4.840694  4.629630 
  3.637500e-01  4.836192  4.625710 
  3.650000e-01  4.832100  4.621623 
  3.662500e-01  4.828080  4.617729 
  3.675000e-01  4.823369  4.612851 
  3.687500e-01  4.818980  4.609051 
  3.700000e-01  4.814998  4.605081 
  3.712500e-01  4.811084  4.601303 
  3.725000e-01  4.806493  4.596560 
  3.737500e-01  4.802214  4.592875 
  3.750000e-01  4.798337  4.589019 
  3.762500e-01  4.794527  4.585353 
  3.775000e-01  4.790054  4.580740 
  3.787500e-01  4.785883  4.577168 
  3.800000e-01  4.782109  4.573422 
  3.812500e-01  4.778401  4.569866 
  3.825000e-01  4.774043  4.565379 
  3.837500e-01  4.769976  4.561916 
  3.850000e-01  4.766304  4.558278 
  3.862500e-01  4.762020  4.553878 
  3.875000e-01  4.758023  4.550489 
  3.887500e-01  4.754421  4.546926 
  3.900000e-01  4.750883  4.543552 
  3.912500e-01  4.746716  4.539275 
  3.925000e-01  4.742826  4.535994 
  3.937500e-01  4.739323  4.532535 
  3.950000e-01  4.735881  4.529263 
  3.962500e-01  4.731825  4.525106 
  3.975000e-01  4.728035  4.521928 
  3.987500e-01  4.724629  4.518571 
  4.000000e-01  4.721284  4.515401 
  4.012500e-01  4.717335  4.511358 
  4.025000e-01  4.713646  4.508283 
  4.037500e-01  4.710337  4.505028 
  4.050000e-01  4.706459  4.501065 
  4.062500e-01  4.702836  4.498060 
  4.075000e-01  4.699595  4.494875 
  4.087500e-01  4.696412  4.491875 
  4.100000e-01  4.692644  4.488027 
  4.112500e-01  4.689123  4.485122 
  4.125000e-01  4.685976  4.482036 
  4.137500e-01  4.682886  4.479132 
  4.150000e-01  4.679224  4.475397 
  4.162500e-01  4.675799  4.472590 
  4.175000e-01  4.672746  4.469601 
  4.187500e-01  4.669153  4.465943 
  4.200000e-01  4.665794  4.463204 
  4.212500e-01  4.662808  4.460285 
  4.225000e-01  4.659878  4.457547 
  4.237500e-01  4.656391  4.453999 
  4.250000e-01  4.653134  4.451358 
  4.262500e-01  4.650240  4.448535 
  4.275000e-01  4.646824  4.445066 
  4.287500e-01  4.643630  4.442491 
  4.300000e-01  4.640802  4.439736 
  4.312500e-01  4.637459  4.436344 
  4.325000e-01  4.634335  4.433839 
  4.337500e-01  4.631574  4.431153 
  4.350000e-01  4.628867  4.428646 
  4.362500e-01  4.625629  4.425362 
  4.375000e-01  4.622604  4.422954 
  4.387500e-01  4.619936  4.420363 
  4.400000e-01  4.616769  4.417157 
  4.412500e-01  4.613809  4.414815 
  4.425000e-01  4.611206  4.412293 
  4.437500e-01  4.608658  4.409948 
  4.450000e-01  4.605595  4.406847 
  4.462500e-01  4.602736  4.404603 
  4.475000e-01  4.600227  4.402177 
  4.487500e-01  4.597233  4.399152 
  4.500000e-01  4.594438  4.396972 
  4.512500e-01  4.591995  4.394613 
  4.525000e-01  4.589071  4.391662 
  4.537500e-01  4.586345  4.389551 
  4.550000e-01  4.583967  4.387259 
  4.562500e-01  4.581114  4.384383 
  4.575000e-01  4.578455  4.382337 
  4.587500e-01  4.576141  4.380112 
  4.600000e-01  4.573878  4.378060 
  4.612500e-01  4.571127  4.375288 
  4.625000e-01  4.568564  4.373335 
  4.637500e-01  4.566342  4.371202 
  4.650000e-01  4.563659  4.368503 
  4.662500e-01  4.561159  4.366615 
  4.675000e-01  4.559001  4.364548 
  4.687500e-01  4.556386  4.361919 
  4.700000e-01  4.553954  4.360098 
  4.712500e-01  4.551860  4.358097 
  4.725000e-01  4.549314  4.355539 
  4.737500e-01  4.546947  4.353781 
  4.750000e-01  4.544915  4.351844 
  4.762500e-01  4.542437  4.349358 
  4.775000e-01  4.540135  4.347662 
  4.787500e-01  4.538164  4.345789 
  4.800000e-01  4.535753  4.343373 
  4.812500e-01  4.533515  4.341740 
  4.825000e-01  4.531607  4.339930 
  4.837500e-01  4.529746  4.338287 
  4.850000e-01  4.527430  4.335966 
  4.862500e-01  4.525284  4.334422 
  4.875000e-01  4.523463  4.332700 
  4.887500e-01  4.521210  4.330445 
  4.900000e-01  4.519124  4.328960 
  4.912500e-01  4.517362  4.327299 
  4.925000e-01  4.515172  4.325108 
  4.937500e-01  4.513149  4.323684 
  4.950000e-01  4.511447  4.322084 
  4.962500e-01  4.509319  4.319957 
  4.975000e-01  4.507355  4.318590 
  4.987500e-01  4.505709  4.317048 
  5.000000e-01  4.503643  4.314986 
  5.012500e-01  4.501737  4.313674 
  5.025000e-01  4.500148  4.312188 
  5.037500e-01  4.498142  4.310189 
  5.050000e-01  4.496294  4.308933 
  5.062500e-01  4.494760  4.307504 
  5.075000e-01  4.492813  4.305565 
  5.087500e-01  4.491023  4.304363 
  5.100000e-01  4.489544  4.302990 
  5.112500e-01  4.487655  4.301110 
  5.125000e-01  4.485921  4.299962 
  5.137500e-01  4.484496  4.298643 
  5.150000e-01  4.482664  4.296821 
  5.162500e-01  4.480985  4.295726 
  5.175000e-01  4.479613  4.294460 
  5.187500e-01  4.477836  4.292694 
  5.200000e-01  4.476212  4.291650 
  5.212500e-01  4.474891  4.290436 
  5.225000e-01  4.473168  4.288725 
  5.237500e-01  4.471597  4.287730 
  5.250000e-01  4.469892  4.285933 
  5.262500e-01  4.468343  4.284953 
  5.275000e-01  4.467098  4.283817 
  5.287500e-01  4.465459  4.282192 
  5.300000e-01  4.463969  4.281272 
  5.312500e-01  4.462775  4.280186 
  5.325000e-01  4.461186  4.278614 
  5.337500e-01  4.459746  4.277739 
  5.350000e-01  4.458598  4.276699 
  5.362500e-01  4.457061  4.275178 
  5.375000e-01  4.455669  4.274348 
  5.387500e-01  4.454569  4.273356 
  5.400000e-01  4.453080  4.271881 
  5.412500e-01  4.451737  4.271097 
  5.425000e-01  4.450683  4.270151 
  5.437500e-01  4.449241  4.268722 
  5.450000e-01  4.447945  4.267981 
  5.462500e-01  4.446936  4.267078 
  5.475000e-01  4.445539  4.265695 
  5.487500e-01  4.444288  4.264994 
  5.500000e-01  4.443321  4.264133 
  5.512500e-01  4.441968  4.262793 
  5.525000e-01  4.440760  4.262132 
  5.537500e-01  4.439834  4.261311 
  5.550000e-01  4.438524  4.260013 
  5.562500e-01  4.437358  4.259389 
  5.575000e-01  4.436472  4.258607 
  5.587500e-01  4.435203  4.257349 
  5.600000e-01  4.434077  4.256761 
  5.612500e-01  4.432818  4.255417 
  5.625000e-01  4.431708  4.254836 
  5.637500e-01  4.430877  4.254110 
  5.650000e-01  4.429670  4.252914 
  5.662500e-01  4.428605  4.252380 
  5.675000e-01  4.427813  4.251691 
  5.687500e-01  4.426644  4.250533 
  5.700000e-01  4.425616  4.250030 
  5.712500e-01  4.424859  4.249374 
  5.725000e-01  4.423728  4.248253 
  5.737500e-01  4.422737  4.247782 
  5.750000e-01  4.422015  4.247161 
  5.762500e-01  4.420919  4.246073 
  5.775000e-01  4.419965  4.245635 
  5.787500e-01  4.419278  4.245046 
  5.800000e-01  4.418216  4.243991 
  5.812500e-01  4.417297  4.243582 
  5.825000e-01  4.416241  4.242441 
  5.837500e-01  4.415333  4.242035 
  5.850000e-01  4.414692  4.241492 
  5.862500e-01  4.413681  4.240486 
  5.875000e-01  4.412813  4.240120 
  5.887500e-01  4.412204  4.239607 
  5.900000e-01  4.411225  4.238633 
  5.912500e-01  4.410388  4.238291 
  5.925000e-01  4.409807  4.237806 
  5.937500e-01  4.408860  4.236861 
  5.950000e-01  4.408053  4.236545 
  5.962500e-01  4.407502  4.236087 
  5.975000e-01  4.406584  4.235169 
  5.987500e-01  4.405808  4.234879 
  6.000000e-01  4.404891  4.233876 
  6.012500e-01  4.404123  4.233585 
  6.025000e-01  4.403612  4.233166 
  6.037500e-01  4.402736  4.232287 
  6.050000e-01  4.402004  4.232032 
  6.062500e-01  4.401520  4.231638 
  6.075000e-01  4.400671  4.230786 
  6.087500e-01  4.399965  4.230551 
  6.100000e-01  4.399506  4.230180 
  6.112500e-01  4.398683  4.229352 
  6.125000e-01  4.398004  4.229139 
  6.137500e-01  4.397180  4.228227 
  6.150000e-01  4.396507  4.228012 
  6.162500e-01  4.396082  4.227673 
  6.175000e-01  4.395297  4.226879 
  6.187500e-01  4.394656  4.226696 
  6.200000e-01  4.394257  4.226380 
  6.212500e-01  4.393495  4.225609 
  6.225000e-01  4.392878  4.225443 
  6.237500e-01  4.392500  4.225146 
  6.250000e-01  4.391761  4.224396 
  6.262500e-01  4.391167  4.224249 
  6.275000e-01  4.390812  4.223972 
  6.287500e-01  4.390095  4.223241 
  6.300000e-01  4.389524  4.223112 
  6.312500e-01  4.388803  4.222298 
  6.325000e-01  4.388236  4.222163 
  6.337500e-01  4.387908  4.221914 
  6.350000e-01  4.387221  4.221209 
  6.362500e-01  4.386683  4.221103 
  6.375000e-01  4.386376  4.220872 
  6.387500e-01  4.385709  4.220187 
  6.400000e-01  4.385190  4.220094 
  6.412500e-01  4.384901  4.219878 
  6.425000e-01  4.384254  4.219210 
  6.437500e-01  4.383754  4.219132 
  6.450000e-01  4.383101  4.218384 
  6.462500e-01  4.382603  4.218300 
  6.475000e-01  4.382339  4.218107 
  6.487500e-01  4.381717  4.217461 
  6.500000e-01  4.381247  4.217403 
  6.512500e-01  4.381001  4.217227 
  6.525000e-01  4.380397  4.216597 
  6.537500e-01  4.379943  4.216551 
  6.550000e-01  4.379713  4.216388 
  6.562500e-01  4.379127  4.215773 
  6.575000e-01  4.378691  4.215740 
  6.587500e-01  4.378096  4.215046 
  6.600000e-01  4.377660  4.215005 
  6.612500e-01  4.377451  4.214862 
  6.625000e-01  4.376886  4.214265 
  6.637500e-01  4.376476  4.214249 
  6.650000e-01  4.376284  4.214120 
  6.662500e-01  4.375734  4.213537 
  6.675000e-01  4.375338  4.213530 
  6.687500e-01  4.375160  4.213412 
  6.700000e-01  4.374625  4.212842 
  6.712500e-01  4.374245  4.212846 
  6.725000e-01  4.373701  4.212200 
  6.737500e-01  4.373320  4.212195 
  6.750000e-01  4.373158  4.212093 
  6.762500e-01  4.372643  4.211538 
  6.775000e-01  4.372285  4.211557 
  6.787500e-01  4.372139  4.211468 
  6.800000e-01  4.371636  4.210925 
  6.812500e-01  4.371291  4.210951 
  6.825000e-01  4.370779  4.210334 
  6.837500e-01  4.370432  4.210350 
  6.850000e-01  4.370299  4.210273 
  6.862500e-01  4.369815  4.209746 
  6.875000e-01  4.369489  4.209784 
  6.887500e-01  4.369373  4.209720 
  6.900000e-01  4.368900  4.209202 
  6.912500e-01  4.368587  4.209247 
  6.925000e-01  4.368481  4.209192 
  6.937500e-01  4.368021  4.208684 
  6.950000e-01  4.367720  4.208738 
  6.962500e-01  4.367248  4.208157 
  6.975000e-01  4.366945  4.208201 
  6.987500e-01  4.366852  4.208158 
  7.000000e-01  4.366406  4.207660 
  7.012500e-01  4.366123  4.207725 
  7.025000e-01  4.366043  4.207692 
  7.037500e-01  4.365607  4.207204 
  7.050000e-01  4.365335  4.207274 
  7.062500e-01  4.365264  4.207248 
  7.075000e-01  4.364839  4.206769 
  7.087500e-01  4.364578  4.206845 
  7.100000e-01  4.364140  4.206295 
  7.112500e-01  4.363874  4.206361 
  7.125000e-01  4.363814  4.206346 
  7.137500e-01  4.363401  4.205875 
  7.150000e-01  4.363155  4.205959 
  7.162500e-01  4.363107  4.205954 
  7.175000e-01  4.362702  4.205491 
  7.187500e-01  4.362466  4.205580 
  7.200000e-01  4.362049  4.205049 
  7.212500e-01  4.361807  4.205126 
  7.225000e-01  4.361766  4.205127 
  7.237500e-01  4.361373  4.204673 
  7.250000e-01  4.361150  4.204770 
  7.262500e-01  4.361121  4.204780 
  7.275000e-01  4.360736  4.204333 
  7.287500e-01  4.360522  4.204433 
  7.300000e-01  4.360501  4.204449 
  7.312500e-01  4.360125  4.204009 
  7.325000e-01  4.359920  4.204115 
  7.337500e-01  4.359529  4.203607 
  7.350000e-01  4.359318  4.203702 
  7.362500e-01  4.359305  4.203725 
  7.375000e-01  4.358938  4.203290 
  7.387500e-01  4.358745  4.203403 
  7.400000e-01  4.358741  4.203434 
  7.412500e-01  4.358382  4.203006 
  7.425000e-01  4.358196  4.203121 
  7.437500e-01  4.357822  4.202629 
  7.450000e-01  4.357630  4.202731 
  7.462500e-01  4.357631  4.202767 
  7.475000e-01  4.357281  4.202345 
  7.487500e-01  4.357106  4.202466 
  7.500000e-01  4.357117  4.202509 
  7.512500e-01  4.356773  4.202092 
  7.525000e-01  4.356606  4.202216 
  7.537500e-01  4.356624  4.202264 
  7.550000e-01  4.356287  4.201852 
  7.562500e-01  4.356127  4.201980 
  7.575000e-01  4.355773  4.201506 
  7.587500e-01  4.355606  4.201621 
  7.600000e-01  4.355629  4.201675 
  7.612500e-01  4.355299  4.201267 
  7.625000e-01  4.355149  4.201399 
  7.637500e-01  4.355180  4.201459 
  7.650000e-01  4.354856  4.201057 
  7.662500e-01  4.354712  4.201191 
  7.675000e-01  4.354372  4.200728 
  7.687500e-01  4.354220  4.200849 
  7.700000e-01  4.354254  4.200912 
  7.712500e-01  4.353936  4.200514 
  7.725000e-01  4.353801  4.200652 
  7.737500e-01  4.353844  4.200722 
  7.750000e-01  4.353532  4.200328 
  7.762500e-01  4.353402  4.200468 
  7.775000e-01  4.353074  4.200016 
  7.787500e-01  4.352936  4.200143 
  7.800000e-01  4.352982  4.200215 
  7.812500e-01  4.352676  4.199825 
  7.825000e-01  4.352555  4.199969 
  7.837500e-01  4.352609  4.200048 
  7.850000e-01  4.352308  4.199662 
  7.862500e-01  4.352192  4.199807 
  7.875000e-01  4.352252  4.199889 
  7.887500e-01  4.351956  4.199507 
  7.900000e-01  4.351846  4.199656 
  7.912500e-01  4.351532  4.199216 
  7.925000e-01  4.351414  4.199352 
  7.937500e-01  4.351476  4.199437 
  7.950000e-01  4.351184  4.199057 
  7.962500e-01  4.351082  4.199209 
  7.975000e-01  4.351151  4.199299 
  7.987500e-01  4.350864  4.198923 
  8.000000e-01  4.350766  4.199075 
  8.012500e-01  4.350461  4.198644 
  8.025000e-01  4.350354  4.198783 
  8.037500e-01  4.350425  4.198875 
  8.050000e-01  4.350142  4.198501 
  8.062500e-01  4.350050  4.198657 
  8.075000e-01  4.350128  4.198754 
  8.087500e-01  4.349850  4.198383 
  8.100000e-01  4.349763  4.198540 
  8.112500e-01  4.349466  4.198116 
  8.125000e-01  4.349370  4.198259 
  8.137500e-01  4.349449  4.198357 
  8.150000e-01  4.349174  4.197989 
  8.162500e-01  4.349093  4.198148 
  8.175000e-01  4.349180  4.198252 
  8.187500e-01  4.348909  4.197887 
  8.200000e-01  4.348832  4.198047 
  8.212500e-01  4.348543  4.197629 
  8.225000e-01  4.348457  4.197776 
  8.237500e-01  4.348544  4.197881 
  8.250000e-01  4.348277  4.197518 
  8.262500e-01  4.348206  4.197680 
  8.275000e-01  4.348300  4.197791 
  8.287500e-01  4.348037  4.197430 
  8.300000e-01  4.347970  4.197593 
  8.312500e-01  4.348068  4.197706 
  8.325000e-01  4.347808  4.197348 
  8.337500e-01  4.347745  4.197514 
  8.350000e-01  4.347466  4.197104 
  8.362500e-01  4.347394  4.197256 
  8.375000e-01  4.347492  4.197371 
  8.387500e-01  4.347235  4.197013 
  8.400000e-01  4.347177  4.197180 
  8.412500e-01  4.347282  4.197300 
  8.425000e-01  4.347028  4.196945 
  8.437500e-01  4.346974  4.197112 
  8.450000e-01  4.346700  4.196708 
  8.462500e-01  4.346636  4.196862 
  8.475000e-01  4.346739  4.196980 
  8.487500e-01  4.346488  4.196628 
  8.500000e-01  4.346438  4.196797 
  8.512500e-01  4.346549  4.196920 
  8.525000e-01  4.346300  4.196569 
  8.537500e-01  4.346254  4.196739 
  8.550000e-01  4.345986  4.196340 
  8.562500e-01  4.345929  4.196496 
  8.575000e-01  4.346039  4.196619 
  8.587500e-01  4.345793  4.196270 
  8.600000e-01  4.345751  4.196441 
  8.612500e-01  4.345867  4.196569 
  8.625000e-01  4.345623  4.196221 
  8.637500e-01  4.345585  4.196393 
  8.650000e-01  4.345322  4.195998 
  8.662500e-01  4.345273  4.196157 
  8.675000e-01  4.345388  4.196285 
  8.687500e-01  4.345147  4.195938 
  8.700000e-01  4.345112  4.196111 
  8.712500e-01  4.345233  4.196245 
  8.725000e-01  4.344995  4.195900 
  8.737500e-01  4.344963  4.196073 
  8.750000e-01  4.344705  4.195683 
  8.762500e-01  4.344663  4.195843 
  8.775000e-01  4.344783  4.195976 
  8.787500e-01  4.344547  4.195632 
  8.800000e-01  4.344519  4.195807 
  8.812500e-01  4.344645  4.195944 
  8.825000e-01  4.344411  4.195602 
  8.837500e-01  4.344386  4.195777 
  8.850000e-01  4.344132  4.195391 
  8.862500e-01  4.344097  4.195553 
  8.875000e-01  4.344222  4.195689 
  8.887500e-01  4.343990  4.195348 
  8.900000e-01  4.343968  4.195525 
  8.912500e-01  4.344099  4.195666 
  8.925000e-01  4.343869  4.195327 
  8.937500e-01  4.343851  4.195504 
  8.950000e-01  4.343601  4.195120 
  8.962500e-01  4.343571  4.195284 
  8.975000e-01  4.343700  4.195425 
  8.987500e-01  4.343472  4.195086 
  9.000000e-01  4.343457  4.195264 
  9.012500e-01  4.343592  4.195409 
  9.025000e-01  4.343366  4.195072 
  9.037500e-01  4.343354  4.195250 
  9.050000e-01  4.343107  4.194870 
  9.062500e-01  4.343083  4.195036 
  9.075000e-01  4.343217  4.195180 
  9.087500e-01  4.342992  4.194843 
  9.100000e-01  4.342982  4.195023 
  9.112500e-01  4.343122  4.195172 
  9.125000e-01  4.342899  4.194836 
  9.137500e-01  4.342892  4.195016 
  9.150000e-01  4.342649  4.194639 
  9.162500e-01  4.342631  4.194806 
  9.175000e-01  4.342768  4.194953 
  9.187500e-01  4.342547  4.194618 
  9.200000e-01  4.342542  4.194800 
  9.212500e-01  4.342685  4.194952 
  9.225000e-01  4.342466  4.194618 
  9.237500e-01  4.342464  4.194799 
  9.250000e-01  4.342224  4.194425 
  9.262500e-01  4.342211  4.194593 
  9.275000e-01  4.342352  4.194744 
  9.287500e-01  4.342134  4.194411 
  9.300000e-01  4.342134  4.194593 
  9.312500e-01  4.342281  4.194749 
  9.325000e-01  4.342065  4.194417 
  9.337500e-01  4.342068  4.194599 
  9.350000e-01  4.341830  4.194228 
  9.362500e-01  4.341822  4.194397 
  9.375000e-01  4.341966  4.194551 
  9.387500e-01  4.341751  4.194220 
  9.400000e-01  4.341756  4.194403 
  9.412500e-01  4.341519  4.194032 
  9.425000e-01  4.341514  4.194202 
  9.437500e-01  4.341660  4.194358 
  9.450000e-01  4.341446  4.194028 
  9.462500e-01  4.341453  4.194210 
  9.475000e-01  4.341603  4.194369 
  9.487500e-01  4.341392  4.194040 
  9.500000e-01  4.341401  4.194224 
  9.512500e-01  4.341168  4.193856 
  9.525000e-01  4.341166  4.194027 
  9.537500e-01  4.341315  4.194185 
  9.550000e-01  4.341104  4.193856 
  9.562500e-01  4.341116  4.194041 
  9.575000e-01  4.341271  4.194204 
  9.587500e-01  4.341062  4.193875 
  9.600000e-01  4.341076  4.194061 
  9.612500e-01  4.340845  4.193695 
  9.625000e-01  4.340848  4.193867 
  9.637500e-01  4.341000  4.194029 
  9.650000e-01  4.340791  4.193701 
  9.662500e-01  4.340808  4.193887 
  9.675000e-01  4.340966  4.194053 
  9.687500e-01  4.340759  4.193726 
  9.700000e-01  4.340777  4.193912 
  9.712500e-01  4.340548  4.193549 
  9.725000e-01  4.340555  4.193722 
  9.737500e-01  4.340710  4.193886 
  9.750000e-01  4.340504  4.193559 
  9.762500e-01  4.340524  4.193746 
  9.775000e-01  4.340685  4.193915 
  9.787500e-01  4.340480  4.193589 
  9.800000e-01  4.340502  4.193776 
  9.812500e-01  4.340275  4.193415 
  9.825000e-01  4.340286  4.193589 
  9.837500e-01  4.340443  4.193756 
  9.850000e-01  4.340239  4.193430 
  9.862500e-01  4.340263  4.193618 
  9.875000e-01  4.340037  4.193257 
  9.887500e-01  4.340050  4.193432 
  9.900000e-01  4.340208  4.193600 
  9.912500e-01  4.340004  4.193275 
  9.925000e-01  4.340030  4.193462 
  9.937500e-01  4.340193  4.193633 
  9.950000e-01  4.339992  4.193310 
  9.962500e-01  4.340019  4.193498 
  9.975000e-01  4.339795  4.193140 
  9.987500e-01  4.339811  4.193315 
  1.000000e+00  4.339972  4.193485 
  1.001250e+00  4.339770  4.193161 
  1.002500e+00  4.339800  4.193350 
  1.003750e+00  4.339967  4.193525 
  1.005000e+00  4.339767  4.193201 
  1.006250e+00  4.339798  4.193391 
  1.007500e+00  4.339576  4.193034 
  1.008750e+00  4.339595  4.193210 
  1.010000e+00  4.339759  4.193383 
  1.011250e+00  4.339559  4.193060 
  1.012500e+00  4.339592  4.193250 
  1.013750e+00  4.339370  4.192894 
  1.015000e+00  4.339392  4.193070 
  1.016250e+00  4.339556  4.193245 
  1.017500e+00  4.339357  4.192923 
  1.018750e+00  4.339391  4.193112 
  1.020000e+00  4.339560  4.193289 
  1.021250e+00  4.339363  4.192968 
  1.022500e+00  4.339399  4.193157 
  1.023750e+00  4.339179  4.192804 
  1.025000e+00  4.339203  4.192981 
  1.026250e+00  4.339370  4.193157 
  1.027500e+00  4.339173  4.192835 
  1.028750e+00  4.339211  4.193027 
  1.030000e+00  4.339383  4.193207 
  1.031250e+00  4.339187  4.192886 
  1.032500e+00  4.339227  4.193077 
  1.033750e+00  4.339008  4.192724 
  1.035000e+00  4.339035  4.192902 
  1.036250e+00  4.339204  4.193081 
  1.037500e+00  4.339009  4.192760 
  1.038750e+00  4.339050  4.192952 
  1.040000e+00  4.338831  4.192600 
  1.041250e+00  4.338860  4.192779 
  1.042500e+00  4.339030  4.192959 
  1.043750e+00  4.338835  4.192638 
  1.045000e+00  4.338877  4.192829 
  1.046250e+00  4.339051  4.193012 
  1.047500e+00  4.338858  4.192693 
  1.048750e+00  4.338901  4.192884 
  1.050000e+00  4.338684  4.192535 
  1.051250e+00  4.338716  4.192713 
  1.052500e+00  4.338887  4.192895 
  1.053750e+00  4.338694  4.192575 
  1.055000e+00  4.338739  4.192768 
  1.056250e+00  4.338916  4.192954 
  1.057500e+00  4.338724  4.192635 
  1.058750e+00  4.338771  4.192828 
  1.060000e+00  4.338555  4.192479 
  1.061250e+00  4.338590  4.192659 
  1.062500e+00  4.338763  4.192843 
  1.063750e+00  4.338571  4.192523 
  1.065000e+00  4.338619  4.192717 
  1.066250e+00  4.338403  4.192368 
  1.067500e+00  4.338440  4.192549 
  1.068750e+00  4.338613  4.192734 
  1.070000e+00  4.338422  4.192415 
  1.071250e+00  4.338471  4.192608 
  1.072500e+00  4.338649  4.192796 
  1.073750e+00  4.338459  4.192478 
  1.075000e+00  4.338510  4.192672 
  1.076250e+00  4.338296  4.192325 
  1.077500e+00  4.338334  4.192506 
  1.078750e+00  4.338510  4.192693 
  1.080000e+00  4.338319  4.192374 
  1.081250e+00  4.338371  4.192569 
  1.082500e+00  4.338157  4.192222 
  1.083750e+00  4.338197  4.192403 
  1.085000e+00  4.338374  4.192592 
  1.086250e+00  4.338184  4.192274 
  1.087500e+00  4.338236  4.192468 
  1.088750e+00  4.338417  4.192658 
  1.090000e+00  4.338229  4.192341 
  1.091250e+00  4.338283  4.192536 
  1.092500e+00  4.338071  4.192191 
  1.093750e+00  4.338113  4.192373 
  1.095000e+00  4.338291  4.192563 
  1.096250e+00  4.338102  4.192244 
  1.097500e+00  4.338158  4.192441 
  1.098750e+00  4.337945  4.192095 
  1.100000e+00  4.337989  4.192278 
  1.101250e+00  4.338168  4.192469 
  1.102500e+00  4.337979  4.192152 
  1.103750e+00  4.338036  4.192347 
  1.105000e+00  4.338219  4.192540 
  1.106250e+00  4.338033  4.192224 
  1.107500e+00  4.338090  4.192419 
  1.108750e+00  4.337879  4.192076 
  1.110000e+00  4.337925  4.192259 
  1.111250e+00  4.338105  4.192452 
  1.112500e+00  4.337918  4.192134 
  1.113750e+00  4.337977  4.192331 
  1.115000e+00  4.337765  4.191987 
  1.116250e+00  4.337813  4.192171 
  1.117500e+00  4.337994  4.192365 
  1.118750e+00  4.337807  4.192048 
  1.120000e+00  4.337867  4.192244 
  1.121250e+00  4.338052  4.192440 
  1.122500e+00  4.337867  4.192125 
  1.123750e+00  4.337928  4.192321 
  1.125000e+00  4.337718  4.191979 
  1.126250e+00  4.337767  4.192163 
  1.127500e+00  4.337949  4.192359 
  1.128750e+00  4.337764  4.192042 
  1.130000e+00  4.337826  4.192240 
  1.131250e+00  4.337616  4.191897 
  1.132500e+00  4.337666  4.192082 
  1.133750e+00  4.337849  4.192278 
  1.135000e+00  4.337664  4.191963 
  1.136250e+00  4.337727  4.192160 
  1.137500e+00  4.337914  4.192358 
  1.138750e+00  4.337731  4.192043 
  1.140000e+00  4.337795  4.192241 
  1.141250e+00  4.337586  4.191900 
  1.142500e+00  4.337638  4.192085 
  1.143750e+00  4.337822  4.192283 
  1.145000e+00  4.337638  4.191966 
  1.146250e+00  4.337703  4.192166 
  1.147500e+00  4.337494  4.191825 
  1.148750e+00  4.337548  4.192010 
  1.150000e+00  4.337733  4.192209 
  1.151250e+00  4.337549  4.191894 
  1.152500e+00  4.337615  4.192092 
  1.153750e+00  4.337804  4.192293 
  1.155000e+00  4.337622  4.191978 
  1.156250e+00  4.337689  4.192177 
  1.157500e+00  4.337481  4.191838 
  1.158750e+00  4.337536  4.192024 
  1.160000e+00  4.337722  4.192224 
  1.161250e+00  4.337539  4.191908 
  1.162500e+00  4.337607  4.192108 
  1.163750e+00  4.337399  4.191768 
  1.165000e+00  4.337456  4.191955 
  1.166250e+00  4.337642  4.192156 
  1.167500e+00  4.337459  4.191841 
  1.168750e+00  4.337528  4.192040 
  1.170000e+00  4.337321  4.191702 
  1.171250e+00  4.337377  4.191888 
  1.172500e+00  4.337564  4.192089 
  1.173750e+00  4.337382  4.191775 
  1.175000e+00  4.337451  4.191973 
  1.176250e+00  4.337643  4.192178 
  1.177500e+00  4.337462  4.191864 
  1.178750e+00  4.337532  4.192063 
  1.180000e+00  4.337326  4.191726 
  1.181250e+00  4.337384  4.191913 
  1.182500e+00  4.337573  4.192116 
  1.183750e+00  4.337391  4.191801 
  1.185000e+00  4.337463  4.192002 
  1.186250e+00  4.337256  4.191664 
  1.187500e+00  4.337316  4.191852 
  1.188750e+00  4.337505  4.192056 
  1.190000e+00  4.337324  4.191742 
  1.191250e+00  4.337396  4.191942 
  1.192500e+00  4.337590  4.192148 
  1.193750e+00  4.337410  4.191835 
  1.195000e+00  4.337483  4.192035 
  1.196250e+00  4.337278  4.191699 
  1.197500e+00  4.337339  4.191887 
  1.198750e+00  4.337529  4.192092 
  1.200000e+00  4.337348  4.191777 
  1.201250e+00  4.337423  4.191980 
  1.202500e+00  4.337217  4.191642 
  1.203750e+00  4.337280  4.191832 
  1.205000e+00  4.337470  4.192038 
  1.206250e+00  4.337290  4.191724 
  1.207500e+00  4.337364  4.191925 
  1.208750e+00  4.337159  4.191589 
  1.210000e+00  4.337222  4.191778 
  1.211250e+00  4.337412  4.191984 
  1.212500e+00  4.337232  4.191670 
  1.213750e+00  4.337308  4.191871 
  1.215000e+00  4.337503  4.192081 
  1.216250e+00  4.337324  4.191767 
  1.217500e+00  4.337401  4.191969 
  1.218750e+00  4.337197  4.191634 
  1.220000e+00  4.337261  4.191823 
  1.221250e+00  4.337453  4.192032 
  1.222500e+00  4.337274  4.191717 
  1.223750e+00  4.337351  4.191921 
  1.225000e+00  4.337147  4.191585 
  1.226250e+00  4.337212  4.191775 
  1.227500e+00  4.337405  4.191984 
  1.228750e+00  4.337225  4.191670 
  1.230000e+00  4.337303  4.191873 
  1.231250e+00  4.337099  4.191539 
  1.232500e+00  4.337165  4.191728 
  1.233750e+00  4.337357  4.191937 
  1.235000e+00  4.337179  4.191624 
  1.236250e+00  4.337257  4.191826 
  1.237500e+00  4.337053  4.191492 
  1.238750e+00  4.337120  4.191682 
  1.240000e+00  4.337312  4.191892 
  1.241250e+00  4.337134  4.191578 
  1.242500e+00  4.337213  4.191781 
  1.243750e+00  4.337411  4.191994 
  1.245000e+00  4.337234  4.191681 
  1.246250e+00  4.337314  4.191884 
  1.247500e+00  4.337111  4.191550 
  1.248750e+00  4.337179  4.191741 
  1.250000e+00  4.337373  4.191953 
  1.251250e+00  4.337195  4.191638 
  1.252500e+00  4.337277  4.191843 
  1.253750e+00  4.337073  4.191509 
  1.255000e+00  4.337142  4.191701 
  1.256250e+00  4.337337  4.191913 
  1.257500e+00  4.337159  4.191600 
  1.258750e+00  4.337241  4.191804 
  1.260000e+00  4.337038  4.191471 
  1.261250e+00  4.337108  4.191662 
  1.262500e+00  4.337302  4.191874 
  1.263750e+00  4.337125  4.191561 
  1.265000e+00  4.337207  4.191765 
  1.266250e+00  4.337004  4.191433 
  1.267500e+00  4.337074  4.191624 
  1.268750e+00  4.337269  4.191837 
  1.270000e+00  4.337092  4.191524 
  1.271250e+00  4.337175  4.191728 
  1.272500e+00  4.337375  4.191944 
  1.273750e+00  4.337199  4.191631 
  1.275000e+00  4.337283  4.191836 
  1.276250e+00  4.337081  4.191504 
  1.277500e+00  4.337152  4.191696 
  1.278750e+00  4.337349  4.191911 
  1.280000e+00  4.337172  4.191597 
  1.281250e+00  4.337257  4.191803 
  1.282500e+00  4.337054  4.191470 
  1.283750e+00  4.337127  4.191664 
  1.285000e+00  4.337324  4.191879 
  1.286250e+00  4.337147  4.191566 
  1.287500e+00  4.337232  4.191771 
  1.288750e+00  4.337030  4.191440 
  1.290000e+00  4.337103  4.191632 
  1.291250e+00  4.337300  4.191848 
  1.292500e+00  4.337124  4.191535 
  1.293750e+00  4.337209  4.191741 
  1.295000e+00  4.337007  4.191409 
  1.296250e+00  4.337081  4.191602 
  1.297500e+00  4.337278  4.191818 
  1.298750e+00  4.337102  4.191506 
  1.300000e+00  4.337188  4.191711 
  1.301250e+00  4.337390  4.191930 
  1.302500e+00  4.337215  4.191617 
  1.303750e+00  4.337302  4.191823 
  1.305000e+00  4.337101  4.191492 
  1.306250e+00  4.337176  4.191686 
  1.307500e+00  4.337374  4.191904 
  1.308750e+00  4.337199  4.191590 
  1.310000e+00  4.337287  4.191798 
  1.311250e+00  4.337085  4.191466 
  1.312500e+00  4.337161  4.191661 
  1.313750e+00  4.337360  4.191880 
  1.315000e+00  4.337184  4.191567 
  1.316250e+00  4.337273  4.191774 
  1.317500e+00  4.337072  4.191443 
  1.318750e+00  4.337147  4.191637 
  1.320000e+00  4.337346  4.191856 
  1.321250e+00  4.337171  4.191543 
  1.322500e+00  4.337260  4.191750 
  1.323750e+00  4.337059  4.191420 
  1.325000e+00  4.337135  4.191614 
  1.326250e+00  4.337334  4.191833 
  1.327500e+00  4.337159  4.191521 
  1.328750e+00  4.337248  4.191728 
  1.330000e+00  4.337048  4.191398 
  1.331250e+00  4.337125  4.191592 
  1.332500e+00  4.337324  4.191812 
  1.333750e+00  4.337149  4.191499 
  1.335000e+00  4.337239  4.191707 
  1.336250e+00  4.337038  4.191377 
  1.337500e+00  4.337116  4.191572 
  1.338750e+00  4.337315  4.191792 
  1.340000e+00  4.337141  4.191479 
  1.341250e+00  4.337231  4.191687 
  1.342500e+00  4.337436  4.191910 
  1.343750e+00  4.337262  4.191597 
  1.345000e+00  4.337354  4.191805 
  1.346250e+00  4.337154  4.191476 
  1.347500e+00  4.337232  4.191672 
  1.348750e+00  4.337434  4.191894 
  1.350000e+00  4.337259  4.191580 
  1.351250e+00  4.337352  4.191790 
  1.352500e+00  4.337151  4.191459 
  1.353750e+00  4.337231  4.191656 
  1.355000e+00  4.337433  4.191879 
  1.356250e+00  4.337258  4.191566 
  1.357500e+00  4.337351  4.191775 
  1.358750e+00  4.337151  4.191446 
  1.360000e+00  4.337231  4.191642 
  1.361250e+00  4.337432  4.191864 
  1.362500e+00  4.337258  4.191552 
  1.363750e+00  4.337351  4.191761 
  1.365000e+00  4.337151  4.191432 
  1.366250e+00  4.337231  4.191629 
  1.367500e+00  4.337433  4.191851 
  1.368750e+00  4.337259  4.191539 
  1.370000e+00  4.337352  4.191748 
  1.371250e+00  4.337153  4.191420 
  1.372500e+00  4.337234  4.191616 
  1.373750e+00  4.337435  4.191839 
  1.375000e+00  4.337262  4.191527 
  1.376250e+00  4.337356  4.191736 
  1.377500e+00  4.337156  4.191408 
  1.378750e+00  4.337237  4.191605 
  1.380000e+00  4.337439  4.191829 
  1.381250e+00  4.337266  4.191516 
  1.382500e+00  4.337360  4.191726 
  1.383750e+00  4.337161  4.191398 
  1.385000e+00  4.337243  4.191595 
  1.386250e+00  4.337445  4.191819 
  1.387500e+00  4.337272  4.191507 
  1.388750e+00  4.337367  4.191717 
  1.390000e+00  4.337168  4.191389 
  1.391250e+00  4.337250  4.191586 
  1.392500e+00  4.337453  4.191811 
  1.393750e+00  4.337280  4.191499 
  1.395000e+00  4.337375  4.191709 
  1.396250e+00  4.337176  4.191381 
  1.397500e+00  4.337259  4.191579 
  1.398750e+00  4.337462  4.191804 
  1.400000e+00  4.337289  4.191492 
  1.401250e+00  4.337385  4.191702 
  1.402500e+00  4.337186  4.191375 
  1.403750e+00  4.337269  4.191573 
  1.405000e+00  4.337473  4.191799 
  1.406250e+00  4.337300  4.191486 
  1.407500e+00  4.337397  4.191697 
  1.408750e+00  4.337605  4.191926 
  1.410000e+00  4.337433  4.191613 
  1.411250e+00  4.337531  4.191824 
  1.412500e+00  4.337332  4.191497 
  1.413750e+00  4.337416  4.191696 
  1.415000e+00  4.337621  4.191923 
  1.416250e+00  4.337449  4.191610 
  1.417500e+00  4.337547  4.191823 
  1.418750e+00  4.337348  4.191494 
  1.420000e+00  4.337433  4.191694 
  1.421250e+00  4.337638  4.191923 
  1.422500e+00  4.337466  4.191610 
  1.423750e+00  4.337564  4.191822 
  1.425000e+00  4.337366  4.191494 
  1.426250e+00  4.337451  4.191694 
  1.427500e+00  4.337656  4.191922 
  1.428750e+00  4.337484  4.191609 
  1.430000e+00  4.337582  4.191822 
  1.431250e+00  4.337384  4.191495 
  1.432500e+00  4.337470  4.191694 
  1.433750e+00  4.337675  4.191923 
  1.435000e+00  4.337503  4.191610 
  1.436250e+00  4.337602  4.191823 
  1.437500e+00  4.337404  4.191496 
  1.438750e+00  4.337490  4.191696 
  1.440000e+00  4.337695  4.191925 
  1.441250e+00  4.337523  4.191612 
  1.442500e+00  4.337623  4.191825 
  1.443750e+00  4.337425  4.191498 
  1.445000e+00  4.337511  4.191699 
  1.446250e+00  4.337717  4.191928 
  1.447500e+00  4.337545  4.191615 
  1.448750e+00  4.337645  4.191828 
  1.450000e+00  4.337447  4.191502 
  1.451250e+00  4.337534  4.191702 
  1.452500e+00  4.337740  4.191932 
  1.453750e+00  4.337569  4.191620 
  1.455000e+00  4.337669  4.191833 
  1.456250e+00  4.337471  4.191506 
  1.457500e+00  4.337559  4.191707 
  1.458750e+00  4.337765  4.191938 
  1.460000e+00  4.337594  4.191625 
  1.461250e+00  4.337695  4.191839 
  1.462500e+00  4.337497  4.191512 
  1.463750e+00  4.337585  4.191714 
  1.465000e+00  4.337792  4.191944 
  1.466250e+00  4.337620  4.191632 
  1.467500e+00  4.337722  4.191846 
  1.468750e+00  4.337524  4.191519 
  1.470000e+00  4.337612  4.191721 
  1.471250e+00  4.337819  4.191952 
  1.472500e+00  4.337648  4.191640 
  1.473750e+00  4.337750  4.191854 
  1.475000e+00  4.337552  4.191528 
  1.476250e+00  4.337641  4.191730 
  1.477500e+00  4.337848  4.191961 
  1.478750e+00  4.337678  4.191649 
  1.480000e+00  4.337780  4.191863 
  1.481250e+00  4.337582  4.191537 
  1.482500e+00  4.337672  4.191739 
  1.483750e+00  4.337879  4.191971 
  1.485000e+00  4.337708  4.191659 
  1.486250e+00  4.337811  4.191874 
  1.487500e+00  4.337614  4.191548 
  1.488750e+00  4.337703  4.191750 
  1.490000e+00  4.337911  4.191983 
  1.491250e+00  4.337740  4.191670 
  1.492500e+00  4.337843  4.191885 
  1.493750e+00  4.337646  4.191559 
  1.495000e+00  4.337736  4.191762 
  1.496250e+00  4.337944  4.191995 
  1.497500e+00  4.337774  4.191683 
  1.498750e+00  4.337877  4.191898 
  1.500000e+00  4.337680  4.191572 
  1.501250e+00  4.337771  4.191775 
  1.502500e+00  4.337979  4.192009 
  1.503750e+00  4.337809  4.191696 
  1.505000e+00  4.337913  4.191912 
  1.506250e+00  4.337716  4.191586 
  1.507500e+00  4.337807  4.191790 
  1.508750e+00  4.337607  4.191465 
  1.510000e+00  4.337697  4.191668 
  1.511250e+00  4.337905  4.191901 
  1.512500e+00  4.337734  4.191588 
  1.513750e+00  4.337838  4.191803 
  1.515000e+00  4.337641  4.191479 
  1.516250e+00  4.337732  4.191681 
  1.517500e+00  4.337939  4.191914 
  1.518750e+00  4.337770  4.191602 
  1.520000e+00  4.337874  4.191817 
  1.521250e+00  4.337678  4.191493 
  1.522500e+00  4.337769  4.191696 
  1.523750e+00  4.337978  4.191931 
  1.525000e+00  4.337808  4.191618 
  1.526250e+00  4.337913  4.191834 
  1.527500e+00  4.337716  4.191509 
  1.528750e+00  4.337808  4.191713 
  1.530000e+00  4.338017  4.191948 
  1.531250e+00  4.337847  4.191636 
  1.532500e+00  4.337953  4.191852 
  1.533750e+00  4.337756  4.191527 
  1.535000e+00  4.337849  4.191731 
  1.536250e+00  4.338059  4.191967 
  1.537500e+00  4.337889  4.191654 
  1.538750e+00  4.337995  4.191871 
  1.540000e+00  4.337798  4.191546 
  1.541250e+00  4.337891  4.191751 
  1.542500e+00  4.338101  4.191987 
  1.543750e+00  4.337932  4.191674 
  1.545000e+00  4.338038  4.191892 
  1.546250e+00  4.337841  4.191567 
  1.547500e+00  4.337935  4.191772 
  1.548750e+00  4.338145  4.192009 
  1.550000e+00  4.337976  4.191696 
  1.551250e+00  4.338082  4.191913 
  1.552500e+00  4.337886  4.191588 
  1.553750e+00  4.337980  4.191794 
  1.555000e+00  4.338190  4.192031 
  1.556250e+00  4.338021  4.191718 
  1.557500e+00  4.338128  4.191936 
  1.558750e+00  4.337932  4.191611 
  1.560000e+00  4.338026  4.191817 
  1.561250e+00  4.338237  4.192054 
  1.562500e+00  4.338068  4.191741 
  1.563750e+00  4.338175  4.191960 
  1.565000e+00  4.337979  4.191635 
  1.566250e+00  4.338074  4.191841 
  1.567500e+00  4.338285  4.192079 
  1.568750e+00  4.338116  4.191766 
  1.570000e+00  4.338224  4.191985 
  1.571250e+00  4.338028  4.191660 
  1.572500e+00  4.338123  4.191867 
  1.573750e+00  4.338334  4.192105 
  1.575000e+00  4.338165  4.191792 
  1.576250e+00  4.338273  4.192011 
  1.577500e+00  4.338078  4.191686 
  1.578750e+00  4.338173  4.191893 
  1.580000e+00  4.337975  4.191570 
  1.581250e+00  4.338068  4.191776 
  1.582500e+00  4.338279  4.192014 
  1.583750e+00  4.338110  4.191701 
  1.585000e+00  4.338218  4.191919 
  1.586250e+00  4.338023  4.191595 
  1.587500e+00  4.338118  4.191801 
  1.588750e+00  4.338328  4.192039 
  1.590000e+00  4.338160  4.191727 
  1.591250e+00  4.338269  4.191946 
  1.592500e+00  4.338074  4.191622 
  1.593750e+00  4.338169  4.191829 
  1.595000e+00  4.338381  4.192068 
  1.596250e+00  4.338212  4.191755 
  1.597500e+00  4.338322  4.191975 
  1.598750e+00  4.338126  4.191650 
  1.600000e+00  4.338223  4.191858 
  1.601250e+00  4.338435  4.192098 
  1.602500e+00  4.338266  4.191785 
  1.603750e+00  4.338376  4.192005 
  1.605000e+00  4.338181  4.191681 
  1.606250e+00  4.338278  4.191889 
  1.607500e+00  4.338490  4.192129 
  1.608750e+00  4.338322  4.191816 
  1.610000e+00  4.338432  4.192037 
  1.611250e+00  4.338237  4.191712 
  1.612500e+00  4.338334  4.191921 
  1.613750e+00  4.338547  4.192162 
  1.615000e+00  4.338379  4.191848 
  1.616250e+00  4.338489  4.192069 
  1.617500e+00  4.338294  4.191745 
  1.618750e+00  4.338392  4.191954 
  1.620000e+00  4.338194  4.191631 
  1.621250e+00  4.338290  4.191839 
  1.622500e+00  4.338502  4.192080 
  1.623750e+00  4.338334  4.191766 
  1.625000e+00  4.338444  4.191986 
  1.626250e+00  4.338249  4.191663 
  1.627500e+00  4.338347  4.191871 
  1.628750e+00  4.338559  4.192111 
  1.630000e+00  4.338392  4.191799 
  1.631250e+00  4.338502  4.192019 
  1.632500e+00  4.338308  4.191696 
  1.633750e+00  4.338405  4.191905 
  1.635000e+00  4.338619  4.192147 
  1.636250e+00  4.338451  4.191833 
  1.637500e+00  4.338563  4.192055 
  1.638750e+00  4.338368  4.191731 
  1.640000e+00  4.338466  4.191941 
  1.641250e+00  4.338680  4.192183 
  1.642500e+00  4.338512  4.191870 
  1.643750e+00  4.338624  4.192092 
  1.645000e+00  4.338430  4.191768 
  1.646250e+00  4.338529  4.191978 
  1.647500e+00  4.338743  4.192221 
  1.648750e+00  4.338575  4.191908 
  1.650000e+00  4.338687  4.192130 
  1.651250e+00  4.338493  4.191806 
  1.652500e+00  4.338592  4.192017 
  1.653750e+00  4.338395  4.191694 
  1.655000e+00  4.338493  4.191903 
  1.656250e+00  4.338707  4.192147 
  1.657500e+00  4.338539  4.191833 
  1.658750e+00  4.338651  4.192054 
  1.660000e+00  4.338457  4.191732 
  1.661250e+00  4.338556  4.191941 
  1.662500e+00  4.338769  4.192183 
  1.663750e+00  4.338603  4.191871 
  1.665000e+00  4.338715  4.192093 
  1.666250e+00  4.338521  4.191770 
  1.667500e+00  4.338621  4.191981 
  1.668750e+00  4.338835  4.192225 
  1.670000e+00  4.338668  4.191911 
  1.671250e+00  4.338781  4.192134 
  1.672500e+00  4.338587  4.191811 
  1.673750e+00  4.338687  4.192022 
  1.675000e+00  4.338903  4.192267 
  1.676250e+00  4.338736  4.191953 
  1.677500e+00  4.338849  4.192177 
  1.678750e+00  4.338655  4.191853 
  1.680000e+00  4.338756  4.192065 
  1.681250e+00  4.338559  4.191742 
  1.682500e+00  4.338658  4.191953 
  1.683750e+00  4.338873  4.192198 
  1.685000e+00  4.338706  4.191884 
  1.686250e+00  4.338819  4.192107 
  1.687500e+00  4.338626  4.191785 
  1.688750e+00  4.338726  4.191995 
  1.690000e+00  4.338940  4.192239 
  1.691250e+00  4.338774  4.191927 
  1.692500e+00  4.338888  4.192150 
  1.693750e+00  4.338695  4.191828 
  1.695000e+00  4.338796  4.192039 
  1.696250e+00  4.339011  4.192285 
  1.697500e+00  4.338845  4.191971 
  1.698750e+00  4.338959  4.192196 
  1.700000e+00  4.338765  4.191872 
  1.701250e+00  4.338867  4.192085 
  1.702500e+00  4.339083  4.192331 
  1.703750e+00  4.338917  4.192017 
  1.705000e+00  4.339032  4.192243 
  1.706250e+00  4.338838  4.191919 
  1.707500e+00  4.338940  4.192132 
  1.708750e+00  4.338744  4.191810 
  1.710000e+00  4.338844  4.192022 
  1.711250e+00  4.339060  4.192269 
  1.712500e+00  4.338893  4.191954 
  1.713750e+00  4.339008  4.192179 
  1.715000e+00  4.338815  4.191857 
  1.716250e+00  4.338917  4.192069 
  1.717500e+00  4.339133  4.192314 
  1.718750e+00  4.338967  4.192002 
  1.720000e+00  4.339082  4.192227 
  1.721250e+00  4.338889  4.191904 
  1.722500e+00  4.338991  4.192117 
  1.723750e+00  4.339208  4.192365 
  1.725000e+00  4.339042  4.192050 
  1.726250e+00  4.339158  4.192277 
  1.727500e+00  4.338965  4.191953 
  1.728750e+00  4.339068  4.192168 
  1.730000e+00  4.338872  4.191845 
  1.731250e+00  4.338973  4.192059 
  1.732500e+00  4.339190  4.192306 
  1.733750e+00  4.339023  4.191992 
  1.735000e+00  4.339139  4.192217 
  1.736250e+00  4.338946  4.191895 
  1.737500e+00  4.339049  4.192108 
  1.738750e+00  4.339266  4.192355 
  1.740000e+00  4.339100  4.192043 
  1.741250e+00  4.339217  4.192268 
  1.742500e+00  4.339024  4.191946 
  1.743750e+00  4.339127  4.192160 
  1.745000e+00  4.339345  4.192409 
  1.746250e+00  4.339179  4.192094 
  1.747500e+00  4.339296  4.192322 
  1.748750e+00  4.339103  4.191998 
  1.750000e+00  4.339207  4.192214 
  1.751250e+00  4.339011  4.191892 
  1.752500e+00  4.339114  4.192106 
  1.753750e+00  4.339331  4.192355 
  1.755000e+00  4.339165  4.192040 
  1.756250e+00  4.339282  4.192267 
  1.757500e+00  4.339090  4.191945 
  1.758750e+00  4.339194  4.192159 
  1.760000e+00  4.339411  4.192407 
  1.761250e+00  4.339246  4.192094 
  1.762500e+00  4.339363  4.192321 
  1.763750e+00  4.339171  4.191999 
  1.765000e+00  4.339275  4.192214 
  1.766250e+00  4.339493  4.192464 
  1.767500e+00  4.339328  4.192150 
  1.768750e+00  4.339446  4.192378 
  1.770000e+00  4.339253  4.192055 
  1.771250e+00  4.339358  4.192271 
  1.772500e+00  4.339163  4.191949 
  1.773750e+00  4.339266  4.192165 
  1.775000e+00  4.339485  4.192415 
  1.776250e+00  4.339319  4.192100 
  1.777500e+00  4.339437  4.192328 
  1.778750e+00  4.339245  4.192006 
  1.780000e+00  4.339350  4.192221 
  1.781250e+00  4.339568  4.192471 
  1.782500e+00  4.339403  4.192158 
  1.783750e+00  4.339521  4.192386 
  1.785000e+00  4.339329  4.192063 
  1.786250e+00  4.339435  4.192280 
  1.787500e+00  4.339240  4.191958 
  1.788750e+00  4.339344  4.192174 
  1.790000e+00  4.339562  4.192425 
  1.791250e+00  4.339397  4.192110 
  1.792500e+00  4.339516  4.192339 
  1.793750e+00  4.339324  4.192017 
  1.795000e+00  4.339429  4.192233 
  1.796250e+00  4.339647  4.192483 
  1.797500e+00  4.339483  4.192170 
  1.798750e+00  4.339602  4.192398 
  1.800000e+00  4.339410  4.192076 
  1.801250e+00  4.339516  4.192293 
  1.802500e+00  4.339736  4.192545 
  1.803750e+00  4.339571  4.192230 
  1.805000e+00  4.339691  4.192461 
  1.806250e+00  4.339499  4.192137 
  1.807500e+00  4.339605  4.192356 
  1.808750e+00  4.339411  4.192034 
  1.810000e+00  4.339516  4.192252 
  1.811250e+00  4.339735  4.192504 
  1.812500e+00  4.339570  4.192189 
  1.813750e+00  4.339690  4.192418 
  1.815000e+00  4.339499  4.192096 
  1.816250e+00  4.339605  4.192313 
  1.817500e+00  4.339824  4.192565 
  1.818750e+00  4.339661  4.192251 
  1.820000e+00  4.339780  4.192481 
  1.821250e+00  4.339589  4.192159 
  1.822500e+00  4.339696  4.192378 
  1.823750e+00  4.339501  4.192056 
  1.825000e+00  4.339607  4.192274 
  1.826250e+00  4.339827  4.192527 
  1.827500e+00  4.339662  4.192212 
  1.828750e+00  4.339783  4.192442 
  1.830000e+00  4.339591  4.192120 
  1.831250e+00  4.339698  4.192338 
  1.832500e+00  4.339918  4.192590 
  1.833750e+00  4.339755  4.192277 
  1.835000e+00  4.339875  4.192508 
  1.836250e+00  4.339684  4.192185 
  1.837500e+00  4.339792  4.192405 
  1.838750e+00  4.339597  4.192083 
  1.840000e+00  4.339704  4.192302 
  1.841250e+00  4.339924  4.192556 
  1.842500e+00  4.339760  4.192241 
  1.843750e+00  4.339881  4.192472 
  1.845000e+00  4.339690  4.192150 
  1.846250e+00  4.339797  4.192368 
  1.847500e+00  4.340018  4.192621 
  1.848750e+00  4.339855  4.192308 
  1.850000e+00  4.339976  4.192539 
  1.851250e+00  4.339785  4.192217 
  1.852500e+00  4.339893  4.192437 
  1.853750e+00  4.339699  4.192116 
  1.855000e+00  4.339806  4.192336 
  1.856250e+00  4.340027  4.192590 
  1.857500e+00  4.339863  4.192274 
  1.858750e+00  4.339984  4.192506 
  1.860000e+00  4.339794  4.192185 
  1.861250e+00  4.339902  4.192404 
  1.862500e+00  4.340123  4.192658 
  1.863750e+00  4.339960  4.192344 
  1.865000e+00  4.340082  4.192576 
  1.866250e+00  4.339891  4.192254 
  1.867500e+00  4.340000  4.192475 
  1.868750e+00  4.339806  4.192154 
  1.870000e+00  4.339914  4.192374 
  1.871250e+00  4.340135  4.192629 
  1.872500e+00  4.339971  4.192314 
  1.873750e+00  4.340094  4.192547 
  1.875000e+00  4.339903  4.192225 
  1.876250e+00  4.340012  4.192445 
  1.877500e+00  4.340233  4.192700 
  1.878750e+00  4.340071  4.192386 
  1.880000e+00  4.340193  4.192619 
  1.881250e+00  4.340003  4.192297 
  1.882500e+00  4.340112  4.192519 
  1.883750e+00  4.339919  4.192197 
  1.885000e+00  4.340027  4.192419 
  1.886250e+00  4.340249  4.192674 
  1.887500e+00  4.340086  4.192359 
  1.888750e+00  4.340209  4.192592 
  1.890000e+00  4.340018  4.192270 
  1.891250e+00  4.340128  4.192492 
  1.892500e+00  4.339935  4.192172 
  1.893750e+00  4.340043  4.192392 
  1.895000e+00  4.340265  4.192647 
  1.896250e+00  4.340102  4.192332 
  1.897500e+00  4.340225  4.192566 
  1.898750e+00  4.340035  4.192244 
  1.900000e+00  4.340144  4.192466 
  1.901250e+00  4.340366  4.192722 
  1.902500e+00  4.340204  4.192408 
  1.903750e+00  4.340328  4.192642 
  1.905000e+00  4.340138  4.192320 
  1.906250e+00  4.340248  4.192543 
  1.907500e+00  4.340055  4.192221 
  1.908750e+00  4.340164  4.192444 
  1.910000e+00  4.340387  4.192701 
  1.911250e+00  4.340224  4.192385 
  1.912500e+00  4.340348  4.192620 
  1.913750e+00  4.340158  4.192298 
  1.915000e+00  4.340268  4.192520 
  1.916250e+00  4.340491  4.192777 
  1.917500e+00  4.340329  4.192463 
  1.918750e+00  4.340453  4.192698 
  1.920000e+00  4.340264  4.192376 
  1.921250e+00  4.340375  4.192600 
  1.922500e+00  4.340182  4.192278 
  1.923750e+00  4.340292  4.192502 
  1.925000e+00  4.340515  4.192760 
  1.926250e+00  4.340352  4.192444 
  1.927500e+00  4.340477  4.192679 
  1.928750e+00  4.340287  4.192357 
  1.930000e+00  4.340399  4.192581 
  1.931250e+00  4.340207  4.192261 
  1.932500e+00  4.340316  4.192483 
  1.933750e+00  4.340539  4.192740 
  1.935000e+00  4.340377  4.192425 
  1.936250e+00  4.340501  4.192661 
  1.937500e+00  4.340312  4.192339 
  1.938750e+00  4.340423  4.192563 
  1.940000e+00  4.340647  4.192821 
  1.941250e+00  4.340485  4.192506 
  1.942500e+00  4.340610  4.192742 
  1.943750e+00  4.340421  4.192420 
  1.945000e+00  4.340533  4.192646 
  1.946250e+00  4.340341  4.192324 
  1.947500e+00  4.340451  4.192549 
  1.948750e+00  4.340676  4.192808 
  1.950000e+00  4.340513  4.192492 
  1.951250e+00  4.340639  4.192729 
  1.952500e+00  4.340450  4.192407 
  1.953750e+00  4.340562  4.192631 
  1.955000e+00  4.340370  4.192311 
  1.956250e+00  4.340480  4.192535 
  1.957500e+00  4.340704  4.192794 
  1.958750e+00  4.340543  4.192478 
  1.960000e+00  4.340668  4.192715 
  1.961250e+00  4.340479  4.192394 
  1.962500e+00  4.340591  4.192619 
  1.963750e+00  4.340816  4.192878 
  1.965000e+00  4.340655  4.192563 
  1.966250e+00  4.340781  4.192800 
  1.967500e+00  4.340592  4.192478 
  1.968750e+00  4.340705  4.192705 
  1.970000e+00  4.340513  4.192383 
  1.971250e+00  4.340624  4.192610 
  1.972500e+00  4.340850  4.192870 
  1.973750e+00  4.340688  4.192553 
  1.975000e+00  4.340814  4.192792 
  1.976250e+00  4.340626  4.192470 
  1.977500e+00  4.340739  4.192696 
  1.978750e+00  4.340548  4.192376 
  1.980000e+00  4.340659  4.192601 
  1.981250e+00  4.340883  4.192861 
  1.982500e+00  4.340722  4.192545 
  1.983750e+00  4.340849  4.192783 
  1.985000e+00  4.340660  4.192462 
  1.986250e+00  4.340773  4.192688 
  1.987500e+00  4.340999  4.192948 
  1.988750e+00  4.340838  4.192633 
  1.990000e+00  4.340965  4.192872 
  1.991250e+00  4.340777  4.192550 
  1.992500e+00  4.340890  4.192778 
  1.993750e+00  4.340699  4.192456 
  1.995000e+00  4.340812  4.192684 
  1.996250e+00  4.341038  4.192945 
  1.997500e+00  4.340877  4.192629 
  1.998750e+00  4.341004  4.192868 
  2.000000e+00  4.340816  4.192547 
