  0.000000e+00  15.102713  15.102713
  1.000000e-02  13.948762  13.948762
  2.000000e-02  12.707161  13.852006 
  3.000000e-02  11.720400  13.186131 
  4.000000e-02  10.912318  12.179123 
  5.000000e-02  10.212123  11.137169 
  6.000000e-02  9.673735  10.274552 
  7.000000e-02  9.300211  9.711347 
  8.000000e-02  9.044828  9.380814 
  9.000000e-02  8.845668  9.209272 
  1.000000e-01  8.656456  9.121896 
  1.100000e-01  8.417087  9.502387 
  1.200000e-01  8.175933  9.590183 
  1.300000e-01  7.971980  9.451558 
  1.400000e-01  7.799279  9.280329 
  1.500000e-01  7.656832  9.032984 
  1.600000e-01  7.536904  8.751601 
  1.700000e-01  7.426844  8.208235 
  1.800000e-01  7.320541  7.815484 
  1.900000e-01  7.219873  7.531830 
  2.000000e-01  7.124960  7.338564 
  2.100000e-01  7.042042  7.246191 
  2.200000e-01  6.967723  7.204688 
  2.300000e-01  6.897692  7.183557 
  2.400000e-01  6.814513  7.390332 
  2.500000e-01  6.727072  7.454437 
  2.600000e-01  6.643199  7.426593 
  2.700000e-01  6.567151  7.325481 
  2.800000e-01  6.498743  7.174258 
  2.900000e-01  6.435456  7.005100 
  3.000000e-01  6.373783  6.687154 
  3.100000e-01  6.313639  6.452623 
  3.200000e-01  6.257688  6.285130 
  3.300000e-01  6.208342  6.181894 
  3.400000e-01  6.166291  6.132623 
  3.500000e-01  6.130895  6.118165 
  3.600000e-01  6.096370  6.257062 
  3.700000e-01  6.065507  6.303232 
  3.800000e-01  6.040131  6.302019 
  3.900000e-01  6.020320  6.261483 
  4.000000e-01  6.004022  6.192367 
  4.100000e-01  5.987830  6.110265 
  4.200000e-01  5.968132  6.030829 
  4.300000e-01  5.941120  5.844211 
  4.400000e-01  5.905001  5.705551 
  4.500000e-01  5.859616  5.605843 
  4.600000e-01  5.805545  5.540631 
  4.700000e-01  5.743651  5.502461 
  4.800000e-01  5.675125  5.480408 
  4.900000e-01  5.601614  5.462830 
  5.000000e-01  5.521930  5.564571 
  5.100000e-01  5.440353  5.581513 
  5.200000e-01  5.360069  5.548676 
  5.300000e-01  5.283027  5.478655 
  5.400000e-01  5.210101  5.386168 
  5.500000e-01  5.141719  5.236998 
  5.600000e-01  5.078154  5.111613 
  5.700000e-01  5.019955  5.007761 
  5.800000e-01  4.967455  4.928327 
  5.900000e-01  4.920470  4.872136 
  6.000000e-01  4.878329  4.833549 
  6.100000e-01  4.840139  4.804093 
  6.200000e-01  4.803112  4.865703 
  6.300000e-01  4.767770  4.874636 
  6.400000e-01  4.734517  4.852747 
  6.500000e-01  4.703454  4.805895 
  6.600000e-01  4.674306  4.741901 
  6.700000e-01  4.646659  4.671970 
  6.800000e-01  4.620208  4.607784 
  6.900000e-01  4.594793  4.501009 
  7.000000e-01  4.570534  4.417836 
  7.100000e-01  4.547682  4.356861 
  7.200000e-01  4.526338  4.316311 
  7.300000e-01  4.506385  4.291672 
  7.400000e-01  4.487584  4.276122 
  7.500000e-01  4.468880  4.323172 
  7.600000e-01  4.450689  4.332036 
  7.700000e-01  4.433295  4.320229 
  7.800000e-01  4.416756  4.292143 
  7.900000e-01  4.400893  4.253738 
  8.000000e-01  4.385435  4.213061 
  8.100000e-01  4.370119  4.134714 
  8.200000e-01  4.354834  4.073875 
  8.300000e-01  4.339677  4.028807 
  8.400000e-01  4.324786  3.998986 
  8.500000e-01  4.310272  3.981870 
  8.600000e-01  4.296240  3.972849 
  8.700000e-01  4.282626  3.989702 
  8.800000e-01  4.269610  4.013389 
  8.900000e-01  4.257755  4.015490 
  9.000000e-01  4.247506  4.003522 
  9.100000e-01  4.239118  3.981121 
  9.200000e-01  4.232667  3.953412 
  9.300000e-01  4.228106  3.926440 
  9.400000e-01  4.225296  3.879149 
  9.500000e-01  4.224074  3.844710 
  9.600000e-01  4.224255  3.821555 
  9.700000e-01  4.225597  3.808456 
  9.800000e-01  4.227804  3.803011 
  9.900000e-01  4.230390  3.836068 
  1.000000e+00  4.233197  3.851538 
  1.010000e+00  4.236131  3.857655 
  1.020000e+00  4.239112  3.855461 
  1.030000e+00  4.242052  3.847061 
  1.040000e+00  4.244856  3.835056 
  1.050000e+00  4.247421  3.809657 
  1.060000e+00  4.249686  3.778005 
  1.070000e+00  4.251690  3.759182 
  1.080000e+00  4.253483  3.750465 
  1.090000e+00  4.255083  3.749616 
  1.100000e+00  4.256478  3.754162 
  1.110000e+00  4.257608  3.771763 
  1.120000e+00  4.258451  3.794271 
  1.130000e+00  4.259081  3.806107 
  1.140000e+00  4.259562  3.809866 
  1.150000e+00  4.259924  3.807128 
  1.160000e+00  4.260168  3.800195 
  1.170000e+00  4.260266  3.783329 
  1.180000e+00  4.260202  3.762044 
  1.190000e+00  4.260007  3.749104 
  1.200000e+00  4.259722  3.742804 
  1.210000e+00  4.259369  3.742149 
  1.220000e+00  4.258953  3.745324 
  1.230000e+00  4.258461  3.756218 
  1.240000e+00  4.257898  3.766121 
  1.250000e+00  4.257279  3.778598 
  1.260000e+00  4.256649  3.783587 
  1.270000e+00  4.256040  3.783696 
  1.280000e+00  4.255465  3.776473 
  1.290000e+00  4.254923  3.768071 
  1.300000e+00  4.254414  3.759889 
  1.310000e+00  4.253940  3.753218 
  1.320000e+00  4.253497  3.745742 
  1.330000e+00  4.253081  3.742362 
  1.340000e+00  4.252676  3.741746 
  1.350000e+00  4.252252  3.747676 
  1.360000e+00  4.251779  3.753632 
  1.370000e+00  4.251234  3.758673 
  1.380000e+00  4.250600  3.761999 
  1.390000e+00  4.249868  3.763227 
  1.400000e+00  4.249030  3.762436 
  1.410000e+00  4.248084  3.760059 
  1.420000e+00  4.247033  3.756727 
  1.430000e+00  4.245884  3.753113 
  1.440000e+00  4.244653  3.749800 
  1.450000e+00  4.243357  3.747192 
  1.460000e+00  4.242018  3.745477 
  1.470000e+00  4.240657  3.744638 
  1.480000e+00  4.239294  3.744495 
  1.490000e+00  4.237946  3.744773 
  1.500000e+00  4.236629  3.745171 
  1.510000e+00  4.235358  3.745424 
  1.520000e+00  4.234141  3.745346 
  1.530000e+00  4.232988  3.744844 
  1.540000e+00  4.231904  3.743923 
  1.550000e+00  4.230891  3.742662 
  1.560000e+00  4.229951  3.741188 
  1.570000e+00  4.229083  3.739641 
  1.580000e+00  4.228287  3.738149 
  1.590000e+00  4.227558  3.736807 
  1.600000e+00  4.226897  3.735667 
  1.610000e+00  4.226299  3.734739 
  1.620000e+00  4.225761  3.733997 
  1.630000e+00  4.225282  3.733394 
  1.640000e+00  4.224857  3.732871 
  1.650000e+00  4.224484  3.732378 
  1.660000e+00  4.224159  3.731873 
  1.670000e+00  4.223878  3.731333 
  1.680000e+00  4.223638  3.730756 
  1.690000e+00  4.223435  3.730152 
  1.700000e+00  4.223264  3.729542 
  1.710000e+00  4.223120  3.728949 
  1.720000e+00  4.222998  3.728397 
  1.730000e+00  4.222896  3.727900 
  1.740000e+00  4.222807  3.727468 
  1.750000e+00  4.222729  3.727100 
  1.760000e+00  4.222659  3.726789 
  1.770000e+00  4.222594  3.726521 
  1.780000e+00  4.222532  3.726284 
  1.790000e+00  4.222473  3.726065 
  1.800000e+00  4.222417  3.725853 
  1.810000e+00  4.222364  3.725641 
  1.820000e+00  4.222316  3.725428 
  1.830000e+00  4.222273  3.725216 
  1.840000e+00  4.222237  3.725007 
  1.850000e+00  4.222209  3.724806 
  1.860000e+00  4.222191  3.724620 
  1.870000e+00  4.222183  3.724451 
  1.880000e+00  4.222187  3.724301 
  1.890000e+00  4.222201  3.724172 
  1.900000e+00  4.222226  3.724063 
  1.910000e+00  4.222262  3.723971 
  1.920000e+00  4.222306  3.723893 
  1.930000e+00  4.222357  3.723826 
  1.940000e+00  4.222414  3.723769 
  1.950000e+00  4.222474  3.723719 
  1.960000e+00  4.222536  3.723675 
  1.970000e+00  4.222599  3.723637 
  1.980000e+00  4.222660  3.723605 
  1.990000e+00  4.222718  3.723579 
  2.000000e+00  4.222771  3.723559 
