  0.000000e+00  15.102713  15.102713
  5.000000e-03  13.989941  13.989941
  1.000000e-02  12.800582  13.824972 
  1.500000e-02  11.821839  13.019018 
  2.000000e-02  11.031729  11.988232 
  2.500000e-02  10.356932  11.046325 
  3.000000e-02  9.820835  10.235901 
  3.500000e-02  9.434236  9.674114 
  4.000000e-02  9.161905  9.336113 
  4.500000e-02  8.947694  9.131333 
  5.000000e-02  8.750384  8.985643 
  5.500000e-02  8.527182  9.249561 
  6.000000e-02  8.303977  9.280278 
  6.500000e-02  8.102360  9.170090 
  7.000000e-02  7.930772  8.963914 
  7.500000e-02  7.786860  8.697806 
  8.000000e-02  7.663356  8.412876 
  8.500000e-02  7.549455  7.922177 
  9.000000e-02  7.440104  7.565232 
  9.500000e-02  7.335702  7.304489 
  1.000000e-01  7.238385  7.129055 
  1.050000e-01  7.149165  7.023819 
  1.100000e-01  7.067091  6.965797 
  1.150000e-01  6.990158  6.928201 
  1.200000e-01  6.909613  7.055178 
  1.250000e-01  6.829625  7.075303 
  1.300000e-01  6.753387  7.030917 
  1.350000e-01  6.682506  6.938335 
  1.400000e-01  6.616726  6.813823 
  1.450000e-01  6.554760  6.678227 
  1.500000e-01  6.494642  6.439741 
  1.550000e-01  6.435986  6.261533 
  1.600000e-01  6.379737  6.130052 
  1.650000e-01  6.326933  6.041413 
  1.700000e-01  6.278075  5.988865 
  1.750000e-01  6.233235  5.961217 
  1.800000e-01  6.192458  5.944668 
  1.850000e-01  6.154259  6.006822 
  1.900000e-01  6.120181  6.017153 
  1.950000e-01  6.091086  5.997511 
  2.000000e-01  6.066925  5.955432 
  2.050000e-01  6.046706  5.898952 
  2.100000e-01  6.028847  5.838356 
  2.150000e-01  6.011477  5.720919 
  2.200000e-01  5.993005  5.635352 
  2.250000e-01  5.972416  5.572872 
  2.300000e-01  5.949051  5.530317 
  2.350000e-01  5.922527  5.503544 
  2.400000e-01  5.892770  5.486795 
  2.450000e-01  5.860065  5.473826 
  2.500000e-01  5.825019  5.459627 
  2.550000e-01  5.787805  5.492293 
  2.600000e-01  5.749798  5.488469 
  2.650000e-01  5.711987  5.461919 
  2.700000e-01  5.674949  5.420220 
  2.750000e-01  5.638916  5.371362 
  2.800000e-01  5.603921  5.295609 
  2.850000e-01  5.569916  5.230645 
  2.900000e-01  5.536914  5.176558 
  2.950000e-01  5.504912  5.134032 
  3.000000e-01  5.473840  5.102200 
  3.050000e-01  5.443564  5.078490 
  3.100000e-01  5.413936  5.059393 
  3.150000e-01  5.384840  5.040970 
  3.200000e-01  5.356100  5.033216 
  3.250000e-01  5.327688  5.025246 
  3.300000e-01  5.299701  5.003690 
  3.350000e-01  5.272174  4.973776 
  3.400000e-01  5.245096  4.939901 
  3.450000e-01  5.218453  4.895516 
  3.500000e-01  5.192222  4.846107 
  3.550000e-01  5.166404  4.802643 
  3.600000e-01  5.141036  4.765469 
  3.650000e-01  5.116153  4.734658 
  3.700000e-01  5.091776  4.709372 
  3.750000e-01  5.067913  4.687991 
  3.800000e-01  5.044564  4.668988 
  3.850000e-01  5.021735  4.650460 
  3.900000e-01  4.999369  4.641723 
  3.950000e-01  4.977463  4.635963 
  4.000000e-01  4.956098  4.618118 
  4.050000e-01  4.935293  4.590004 
  4.100000e-01  4.915005  4.559408 
  4.150000e-01  4.895195  4.522194 
  4.200000e-01  4.875816  4.489925 
  4.250000e-01  4.856841  4.461934 
  4.300000e-01  4.838251  4.438275 
  4.350000e-01  4.820027  4.418450 
  4.400000e-01  4.802157  4.401353 
  4.450000e-01  4.784635  4.385736 
  4.500000e-01  4.767427  4.378452 
  4.550000e-01  4.750562  4.368407 
  4.600000e-01  4.734076  4.355168 
  4.650000e-01  4.718000  4.338728 
  4.700000e-01  4.702354  4.319596 
  4.750000e-01  4.687143  4.298691 
  4.800000e-01  4.672365  4.277121 
  4.850000e-01  4.658012  4.255944 
  4.900000e-01  4.644070  4.235987 
  4.950000e-01  4.630527  4.217751 
  5.000000e-01  4.617364  4.201387 
  5.050000e-01  4.604562  4.186742 
  5.100000e-01  4.592103  4.173455 
  5.150000e-01  4.579967  4.161062 
  5.200000e-01  4.568139  4.149099 
  5.250000e-01  4.556607  4.137188 
  5.300000e-01  4.545358  4.125080 
  5.350000e-01  4.534384  4.112674 
  5.400000e-01  4.523678  4.099999 
  5.450000e-01  4.513231  4.087183 
  5.500000e-01  4.503036  4.074402 
  5.550000e-01  4.493086  4.061843 
  5.600000e-01  4.483376  4.049662 
  5.650000e-01  4.473898  4.037966 
  5.700000e-01  4.464647  4.026799 
  5.750000e-01  4.455618  4.016153 
  5.800000e-01  4.446807  4.005971 
  5.850000e-01  4.438209  3.996176 
  5.900000e-01  4.429821  3.986682 
  5.950000e-01  4.421639  3.977413 
  6.000000e-01  4.413660  3.968312 
  6.050000e-01  4.405882  3.959349 
  6.100000e-01  4.398302  3.950516 
  6.150000e-01  4.390918  3.941827 
  6.200000e-01  4.383729  3.933306 
  6.250000e-01  4.376732  3.924984 
  6.300000e-01  4.369927  3.916889 
  6.350000e-01  4.363313  3.909040 
  6.400000e-01  4.356889  3.901450 
  6.450000e-01  4.350654  3.894119 
  6.500000e-01  4.344609  3.887040 
  6.550000e-01  4.338754  3.880201 
  6.600000e-01  4.333089  3.873587 
  6.650000e-01  4.327614  3.867182 
  6.700000e-01  4.322328  3.860975 
  6.750000e-01  4.317232  3.854957 
  6.800000e-01  4.312324  3.849125 
  6.850000e-01  4.307603  3.843478 
  6.900000e-01  4.303066  3.838016 
  6.950000e-01  4.298713  3.832743 
  7.000000e-01  4.294539  3.827661 
  7.050000e-01  4.290542  3.822771 
  7.100000e-01  4.286718  3.818073 
  7.150000e-01  4.283064  3.813565 
  7.200000e-01  4.279576  3.809243 
  7.250000e-01  4.276248  3.805103 
  7.300000e-01  4.273078  3.801137 
  7.350000e-01  4.270060  3.797340 
  7.400000e-01  4.267190  3.793706 
  7.450000e-01  4.264463  3.790230 
  7.500000e-01  4.261876  3.786907 
  7.550000e-01  4.259422  3.783733 
  7.600000e-01  4.257098  3.780704 
  7.650000e-01  4.254898  3.777817 
  7.700000e-01  4.252819  3.775068 
  7.750000e-01  4.250854  3.772454 
  7.800000e-01  4.249000  3.769971 
  7.850000e-01  4.247252  3.767615 
  7.900000e-01  4.245605  3.765380 
  7.950000e-01  4.244055  3.763264 
  8.000000e-01  4.242597  3.761260 
  8.050000e-01  4.241228  3.759364 
  8.100000e-01  4.239941  3.757571 
  8.150000e-01  4.238735  3.755877 
  8.200000e-01  4.237604  3.754277 
  8.250000e-01  4.236544  3.752767 
  8.300000e-01  4.235552  3.751344 
  8.350000e-01  4.234624  3.750003 
  8.400000e-01  4.233757  3.748740 
  8.450000e-01  4.232948  3.747553 
  8.500000e-01  4.232192  3.746437 
  8.550000e-01  4.231487  3.745389 
  8.600000e-01  4.230830  3.744407 
  8.650000e-01  4.230217  3.743485 
  8.700000e-01  4.229648  3.742622 
  8.750000e-01  4.229117  3.741814 
  8.800000e-01  4.228624  3.741059 
  8.850000e-01  4.228166  3.740352 
  8.900000e-01  4.227741  3.739691 
  8.950000e-01  4.227346  3.739075 
  9.000000e-01  4.226979  3.738499 
  9.050000e-01  4.226639  3.737962 
  9.100000e-01  4.226323  3.737461 
  9.150000e-01  4.226031  3.736994 
  9.200000e-01  4.225759  3.736560 
  9.250000e-01  4.225508  3.736156 
  9.300000e-01  4.225275  3.735779 
  9.350000e-01  4.225059  3.735430 
  9.400000e-01  4.224859  3.735105 
  9.450000e-01  4.224674  3.734803 
  9.500000e-01  4.224503  3.734522 
  9.550000e-01  4.224344  3.734262 
  9.600000e-01  4.224197  3.734020 
  9.650000e-01  4.224060  3.733796 
  9.700000e-01  4.223934  3.733588 
  9.750000e-01  4.223817  3.733395 
  9.800000e-01  4.223708  3.733217 
  9.850000e-01  4.223608  3.733051 
  9.900000e-01  4.223514  3.732898 
  9.950000e-01  4.223428  3.732757 
  1.000000e+00  4.223347  3.732625 
  1.005000e+00  4.223273  3.732504 
  1.010000e+00  4.223203  3.732392 
  1.015000e+00  4.223138  3.732288 
  1.020000e+00  4.223078  3.732192 
  1.025000e+00  4.223022  3.732104 
  1.030000e+00  4.222970  3.732022 
  1.035000e+00  4.222921  3.731946 
  1.040000e+00  4.222875  3.731876 
  1.045000e+00  4.222833  3.731812 
  1.050000e+00  4.222793  3.731752 
  1.055000e+00  4.222755  3.731696 
  1.060000e+00  4.222720  3.731645 
  1.065000e+00  4.222686  3.731598 
  1.070000e+00  4.222655  3.731554 
  1.075000e+00  4.222626  3.731513 
  1.080000e+00  4.222598  3.731475 
  1.085000e+00  4.222571  3.731441 
  1.090000e+00  4.222546  3.731408 
  1.095000e+00  4.222522  3.731378 
  1.100000e+00  4.222500  3.731350 
  1.105000e+00  4.222478  3.731324 
  1.110000e+00  4.222458  3.731299 
  1.115000e+00  4.222438  3.731277 
  1.120000e+00  4.222419  3.731256 
  1.125000e+00  4.222401  3.731236 
  1.130000e+00  4.222384  3.731217 
  1.135000e+00  4.222367  3.731200 
  1.140000e+00  4.222351  3.731184 
  1.145000e+00  4.222336  3.731169 
  1.150000e+00  4.222321  3.731154 
  1.155000e+00  4.222306  3.731141 
  1.160000e+00  4.222292  3.731128 
  1.165000e+00  4.222279  3.731116 
  1.170000e+00  4.222266  3.731105 
  1.175000e+00  4.222253  3.731094 
  1.180000e+00  4.222240  3.731084 
  1.185000e+00  4.222228  3.731074 
  1.190000e+00  4.222217  3.731065 
  1.195000e+00  4.222205  3.731056 
  1.200000e+00  4.222194  3.731048 
  1.205000e+00  4.222183  3.731040 
  1.210000e+00  4.222173  3.731032 
  1.215000e+00  4.222162  3.731025 
  1.220000e+00  4.222152  3.731018 
  1.225000e+00  4.222143  3.731011 
  1.230000e+00  4.222133  3.731005 
  1.235000e+00  4.222124  3.730999 
  1.240000e+00  4.222114  3.730992 
  1.245000e+00  4.222105  3.730987 
  1.250000e+00  4.222097  3.730981 
  1.255000e+00  4.222088  3.730976 
  1.260000e+00  4.222080  3.730970 
  1.265000e+00  4.222071  3.730965 
  1.270000e+00  4.222063  3.730960 
  1.275000e+00  4.222056  3.730956 
  1.280000e+00  4.222048  3.730951 
  1.285000e+00  4.222040  3.730946 
  1.290000e+00  4.222033  3.730942 
  1.295000e+00  4.222026  3.730938 
  1.300000e+00  4.222018  3.730934 
  1.305000e+00  4.222012  3.730930 
  1.310000e+00  4.222005  3.730926 
  1.315000e+00  4.221998  3.730922 
  1.320000e+00  4.221991  3.730919 
  1.325000e+00  4.221985  3.730915 
  1.330000e+00  4.221979  3.730911 
  1.335000e+00  4.221973  3.730908 
  1.340000e+00  4.221967  3.730905 
  1.345000e+00  4.221961  3.730902 
  1.350000e+00  4.221955  3.730898 
  1.355000e+00  4.221949  3.730895 
  1.360000e+00  4.221944  3.730892 
  1.365000e+00  4.221938  3.730890 
  1.370000e+00  4.221933  3.730887 
  1.375000e+00  4.221928  3.730884 
  1.380000e+00  4.221923  3.730881 
  1.385000e+00  4.221918  3.730879 
  1.390000e+00  4.221913  3.730876 
  1.395000e+00  4.221908  3.730873 
  1.400000e+00  4.221903  3.730871 
  1.405000e+00  4.221899  3.730869 
  1.410000e+00  4.221894  3.730866 
  1.415000e+00  4.221890  3.730864 
  1.420000e+00  4.221885  3.730862 
  1.425000e+00  4.221881  3.730860 
  1.430000e+00  4.221877  3.730857 
  1.435000e+00  4.221873  3.730855 
  1.440000e+00  4.221869  3.730853 
  1.445000e+00  4.221865  3.730851 
  1.450000e+00  4.221861  3.730849 
  1.455000e+00  4.221857  3.730848 
  1.460000e+00  4.221854  3.730846 
  1.465000e+00  4.221850  3.730844 
  1.470000e+00  4.221847  3.730842 
  1.475000e+00  4.221843  3.730840 
  1.480000e+00  4.221840  3.730839 
  1.485000e+00  4.221837  3.730837 
  1.490000e+00  4.221833  3.730836 
  1.495000e+00  4.221830  3.730834 
  1.500000e+00  4.221827  3.730832 
  1.505000e+00  4.221824  3.730831 
  1.510000e+00  4.221821  3.730830 
  1.515000e+00  4.221818  3.730828 
  1.520000e+00  4.221815  3.730827 
  1.525000e+00  4.221813  3.730825 
  1.530000e+00  4.221810  3.730824 
  1.535000e+00  4.221807  3.730823 
  1.540000e+00  4.221805  3.730821 
  1.545000e+00  4.221802  3.730820 
  1.550000e+00  4.221799  3.730819 
  1.555000e+00  4.221797  3.730818 
  1.560000e+00  4.221795  3.730817 
  1.565000e+00  4.221792  3.730815 
  1.570000e+00  4.221790  3.730814 
  1.575000e+00  4.221788  3.730813 
  1.580000e+00  4.221785  3.730812 
  1.585000e+00  4.221783  3.730811 
  1.590000e+00  4.221781  3.730810 
  1.595000e+00  4.221779  3.730809 
  1.600000e+00  4.221777  3.730808 
  1.605000e+00  4.221775  3.730807 
  1.610000e+00  4.221773  3.730806 
  1.615000e+00  4.221771  3.730805 
  1.620000e+00  4.221769  3.730804 
  1.625000e+00  4.221767  3.730803 
  1.630000e+00  4.221766  3.730803 
  1.635000e+00  4.221764  3.730802 
  1.640000e+00  4.221762  3.730801 
  1.645000e+00  4.221760  3.730800 
  1.650000e+00  4.221759  3.730799 
  1.655000e+00  4.221757  3.730799 
  1.660000e+00  4.221755  3.730798 
  1.665000e+00  4.221754  3.730797 
  1.670000e+00  4.221752  3.730796 
  1.675000e+00  4.221751  3.730796 
  1.680000e+00  4.221749  3.730795 
  1.685000e+00  4.221748  3.730794 
  1.690000e+00  4.221747  3.730794 
  1.695000e+00  4.221745  3.730793 
  1.700000e+00  4.221744  3.730792 
  1.705000e+00  4.221742  3.730792 
  1.710000e+00  4.221741  3.730791 
  1.715000e+00  4.221740  3.730790 
  1.720000e+00  4.221739  3.730790 
  1.725000e+00  4.221737  3.730789 
  1.730000e+00  4.221736  3.730789 
  1.735000e+00  4.221735  3.730788 
  1.740000e+00  4.221734  3.730788 
  1.745000e+00  4.221733  3.730787 
  1.750000e+00  4.221732  3.730786 
  1.755000e+00  4.221731  3.730786 
  1.760000e+00  4.221730  3.730785 
  1.765000e+00  4.221728  3.730785 
  1.770000e+00  4.221727  3.730784 
  1.775000e+00  4.221726  3.730784 
  1.780000e+00  4.221725  3.730784 
  1.785000e+00  4.221725  3.730783 
  1.790000e+00  4.221724  3.730783 
  1.795000e+00  4.221723  3.730782 
  1.800000e+00  4.221722  3.730782 
  1.805000e+00  4.221721  3.730781 
  1.810000e+00  4.221720  3.730781 
  1.815000e+00  4.221719  3.730781 
  1.820000e+00  4.221718  3.730780 
  1.825000e+00  4.221718  3.730780 
  1.830000e+00  4.221717  3.730779 
  1.835000e+00  4.221716  3.730779 
  1.840000e+00  4.221715  3.730779 
  1.845000e+00  4.221714  3.730778 
  1.850000e+00  4.221714  3.730778 
  1.855000e+00  4.221713  3.730778 
  1.860000e+00  4.221712  3.730777 
  1.865000e+00  4.221712  3.730777 
  1.870000e+00  4.221711  3.730777 
  1.875000e+00  4.221710  3.730776 
  1.880000e+00  4.221710  3.730776 
  1.885000e+00  4.221709  3.730776 
  1.890000e+00  4.221708  3.730775 
  1.895000e+00  4.221708  3.730775 
  1.900000e+00  4.221707  3.730775 
  1.905000e+00  4.221707  3.730774 
  1.910000e+00  4.221706  3.730774 
  1.915000e+00  4.221705  3.730774 
  1.920000e+00  4.221705  3.730774 
  1.925000e+00  4.221704  3.730773 
  1.930000e+00  4.221704  3.730773 
  1.935000e+00  4.221703  3.730773 
  1.940000e+00  4.221703  3.730773 
  1.945000e+00  4.221702  3.730772 
  1.950000e+00  4.221702  3.730772 
  1.955000e+00  4.221701  3.730772 
  1.960000e+00  4.221701  3.730772 
  1.965000e+00  4.221700  3.730772 
  1.970000e+00  4.221700  3.730771 
  1.975000e+00  4.221699  3.730771 
  1.980000e+00  4.221699  3.730771 
  1.985000e+00  4.221699  3.730771 
  1.990000e+00  4.221698  3.730770 
  1.995000e+00  4.221698  3.730770 
  2.000000e+00  4.221697  3.730770 
