  0.000000e+00  15.102713  15.102713
  2.500000e-03  14.030452  14.030452
  5.000000e-03  12.919767  13.896934 
  7.500000e-03  11.980365  13.128522 
  1.000000e-02  11.267885  12.216721 
  1.250000e-02  10.639457  11.220999 
  1.500000e-02  10.108001  10.402465 
  1.750000e-02  9.698657  9.781728 
  2.000000e-02  9.396560  9.374939 
  2.250000e-02  9.162898  9.125133 
  2.500000e-02  8.961143  8.944107 
  2.750000e-02  8.777539  8.846263 
  3.000000e-02  8.587351  9.004662 
  3.250000e-02  8.404711  8.986666 
  3.500000e-02  8.239164  8.865875 
  3.750000e-02  8.094219  8.679582 
  4.000000e-02  7.968510  8.455737 
  4.250000e-02  7.857715  8.222151 
  4.500000e-02  7.756846  8.004891 
  4.750000e-02  7.659879  7.663561 
  5.000000e-02  7.566116  7.410838 
  5.250000e-02  7.477329  7.229244 
  5.500000e-02  7.395276  7.107458 
  5.750000e-02  7.320254  7.032911 
  6.000000e-02  7.251179  6.990040 
  6.250000e-02  7.186507  6.961832 
  6.500000e-02  7.125091  6.932636 
  6.750000e-02  7.064317  6.980435 
  7.000000e-02  7.005646  6.971935 
  7.250000e-02  6.949998  6.926835 
  7.500000e-02  6.897562  6.856470 
  7.750000e-02  6.847936  6.771499 
  8.000000e-02  6.800495  6.684129 
  8.250000e-02  6.754568  6.552440 
  8.500000e-02  6.709944  6.449169 
  8.750000e-02  6.666819  6.369275 
  9.000000e-02  6.625496  6.310483 
  9.250000e-02  6.586192  6.269521 
  9.500000e-02  6.549018  6.241671 
  9.750000e-02  6.514036  6.221383 
  1.000000e-01  6.481306  6.203428 
  1.025000e-01  6.450751  6.196088 
  1.050000e-01  6.422357  6.188513 
  1.075000e-01  6.396133  6.167244 
  1.100000e-01  6.371882  6.138244 
  1.125000e-01  6.349262  6.105350 
  1.150000e-01  6.327893  6.060544 
  1.175000e-01  6.307383  6.009336 
  1.200000e-01  6.287426  5.967807 
  1.225000e-01  6.267837  5.934804 
  1.250000e-01  6.248513  5.909249 
  1.275000e-01  6.229401  5.889676 
  1.300000e-01  6.210475  5.874182 
  1.325000e-01  6.191728  5.860708 
  1.350000e-01  6.173166  5.847732 
  1.375000e-01  6.154797  5.833274 
  1.400000e-01  6.136583  5.824313 
  1.425000e-01  6.118537  5.810820 
  1.450000e-01  6.100656  5.793283 
  1.475000e-01  6.082922  5.772616 
  1.500000e-01  6.065309  5.749950 
  1.525000e-01  6.047801  5.723511 
  1.550000e-01  6.030375  5.699426 
  1.575000e-01  6.013017  5.677490 
  1.600000e-01  5.995724  5.657642 
  1.625000e-01  5.978490  5.639654 
  1.650000e-01  5.961309  5.623109 
  1.675000e-01  5.944179  5.607483 
  1.700000e-01  5.927096  5.592257 
  1.725000e-01  5.910051  5.578892 
  1.750000e-01  5.893050  5.564270 
  1.775000e-01  5.876097  5.548350 
  1.800000e-01  5.859196  5.531277 
  1.825000e-01  5.842351  5.513329 
  1.850000e-01  5.825565  5.494863 
  1.875000e-01  5.808842  5.476245 
  1.900000e-01  5.792184  5.457794 
  1.925000e-01  5.775597  5.439734 
  1.950000e-01  5.759084  5.422188 
  1.975000e-01  5.742651  5.405173 
  2.000000e-01  5.726302  5.388630 
  2.025000e-01  5.710041  5.372449 
  2.050000e-01  5.693873  5.356501 
  2.075000e-01  5.677801  5.340664 
  2.100000e-01  5.661830  5.324842 
  2.125000e-01  5.645960  5.308974 
  2.150000e-01  5.630195  5.293038 
  2.175000e-01  5.614535  5.277042 
  2.200000e-01  5.598980  5.261019 
  2.225000e-01  5.583530  5.245011 
  2.250000e-01  5.568183  5.229065 
  2.275000e-01  5.552938  5.213220 
  2.300000e-01  5.537794  5.197505 
  2.325000e-01  5.522747  5.181934 
  2.350000e-01  5.507796  5.166511 
  2.375000e-01  5.492940  5.151226 
  2.400000e-01  5.478175  5.136066 
  2.425000e-01  5.463499  5.121013 
  2.450000e-01  5.448911  5.106050 
  2.475000e-01  5.434409  5.091165 
  2.500000e-01  5.419990  5.076346 
  2.525000e-01  5.405653  5.061590 
  2.550000e-01  5.391397  5.046896 
  2.575000e-01  5.377219  5.032267 
  2.600000e-01  5.363119  5.017707 
  2.625000e-01  5.349096  5.003222 
  2.650000e-01  5.335148  4.988815 
  2.675000e-01  5.321275  4.974490 
  2.700000e-01  5.307478  4.960251 
  2.725000e-01  5.293755  4.946096 
  2.750000e-01  5.280107  4.932027 
  2.775000e-01  5.266536  4.918042 
  2.800000e-01  5.253041  4.904142 
  2.825000e-01  5.239624  4.890325 
  2.850000e-01  5.226286  4.876592 
  2.875000e-01  5.213030  4.862943 
  2.900000e-01  5.199856  4.849380 
  2.925000e-01  5.186768  4.835907 
  2.950000e-01  5.173767  4.822525 
  2.975000e-01  5.160856  4.809237 
  3.000000e-01  5.148038  4.796049 
  3.025000e-01  5.135316  4.782961 
  3.050000e-01  5.122692  4.769979 
  3.075000e-01  5.110169  4.757105 
  3.100000e-01  5.097751  4.744343 
  3.125000e-01  5.085441  4.731694 
  3.150000e-01  5.073242  4.719161 
  3.175000e-01  5.061157  4.706748 
  3.200000e-01  5.049188  4.694456 
  3.225000e-01  5.037339  4.682287 
  3.250000e-01  5.025612  4.670245 
  3.275000e-01  5.014009  4.658331 
  3.300000e-01  5.002534  4.646547 
  3.325000e-01  4.991188  4.634895 
  3.350000e-01  4.979974  4.623377 
  3.375000e-01  4.968892  4.611995 
  3.400000e-01  4.957944  4.600750 
  3.425000e-01  4.947131  4.589643 
  3.450000e-01  4.936455  4.578674 
  3.475000e-01  4.925916  4.567845 
  3.500000e-01  4.915514  4.557155 
  3.525000e-01  4.905250  4.546606 
  3.550000e-01  4.895122  4.536195 
  3.575000e-01  4.885132  4.525924 
  3.600000e-01  4.875278  4.515792 
  3.625000e-01  4.865559  4.505797 
  3.650000e-01  4.855975  4.495939 
  3.675000e-01  4.846524  4.486217 
  3.700000e-01  4.837205  4.476629 
  3.725000e-01  4.828016  4.467175 
  3.750000e-01  4.818956  4.457852 
  3.775000e-01  4.810022  4.448660 
  3.800000e-01  4.801213  4.439595 
  3.825000e-01  4.792527  4.430657 
  3.850000e-01  4.783961  4.421844 
  3.875000e-01  4.775514  4.413153 
  3.900000e-01  4.767182  4.404583 
  3.925000e-01  4.758964  4.396130 
  3.950000e-01  4.750858  4.387794 
  3.975000e-01  4.742860  4.379572 
  4.000000e-01  4.734969  4.371462 
  4.025000e-01  4.727183  4.363461 
  4.050000e-01  4.719499  4.355567 
  4.075000e-01  4.711914  4.347779 
  4.100000e-01  4.704426  4.340093 
  4.125000e-01  4.697034  4.332508 
  4.150000e-01  4.689735  4.325022 
  4.175000e-01  4.682526  4.317632 
  4.200000e-01  4.675407  4.310337 
  4.225000e-01  4.668374  4.303134 
  4.250000e-01  4.661425  4.296022 
  4.275000e-01  4.654560  4.288998 
  4.300000e-01  4.647775  4.282060 
  4.325000e-01  4.641070  4.275208 
  4.350000e-01  4.634443  4.268439 
  4.375000e-01  4.627892  4.261751 
  4.400000e-01  4.621415  4.255144 
  4.425000e-01  4.615011  4.248614 
  4.450000e-01  4.608680  4.242162 
  4.475000e-01  4.602418  4.235786 
  4.500000e-01  4.596226  4.229484 
  4.525000e-01  4.590103  4.223255 
  4.550000e-01  4.584046  4.217099 
  4.575000e-01  4.578056  4.211013 
  4.600000e-01  4.572131  4.204997 
  4.625000e-01  4.566271  4.199051 
  4.650000e-01  4.560474  4.193173 
  4.675000e-01  4.554741  4.187363 
  4.700000e-01  4.549070  4.181619 
  4.725000e-01  4.543462  4.175942 
  4.750000e-01  4.537914  4.170330 
  4.775000e-01  4.532429  4.164784 
  4.800000e-01  4.527003  4.159303 
  4.825000e-01  4.521639  4.153886 
  4.850000e-01  4.516334  4.148533 
  4.875000e-01  4.511090  4.143243 
  4.900000e-01  4.505905  4.138018 
  4.925000e-01  4.500781  4.132855 
  4.950000e-01  4.495715  4.127756 
  4.975000e-01  4.490710  4.122720 
  5.000000e-01  4.485764  4.117747 
  5.025000e-01  4.480878  4.112837 
  5.050000e-01  4.476051  4.107990 
  5.075000e-01  4.471284  4.103206 
  5.100000e-01  4.466577  4.098485 
  5.125000e-01  4.461930  4.093827 
  5.150000e-01  4.457342  4.089232 
  5.175000e-01  4.452815  4.084700 
  5.200000e-01  4.448347  4.080231 
  5.225000e-01  4.443940  4.075825 
  5.250000e-01  4.439593  4.071483 
  5.275000e-01  4.435307  4.067204 
  5.300000e-01  4.431081  4.062988 
  5.325000e-01  4.426915  4.058836 
  5.350000e-01  4.422810  4.054747 
  5.375000e-01  4.418766  4.050721 
  5.400000e-01  4.414782  4.046759 
  5.425000e-01  4.410859  4.042860 
  5.450000e-01  4.406996  4.039025 
  5.475000e-01  4.403194  4.035253 
  5.500000e-01  4.399453  4.031544 
  5.525000e-01  4.395772  4.027899 
  5.550000e-01  4.392152  4.024316 
  5.575000e-01  4.388592  4.020796 
  5.600000e-01  4.385091  4.017339 
  5.625000e-01  4.381651  4.013944 
  5.650000e-01  4.378270  4.010611 
  5.675000e-01  4.374949  4.007340 
  5.700000e-01  4.371687  4.004131 
  5.725000e-01  4.368484  4.000983 
  5.750000e-01  4.365339  3.997895 
  5.775000e-01  4.362252  3.994869 
  5.800000e-01  4.359223  3.991902 
  5.825000e-01  4.356252  3.988995 
  5.850000e-01  4.353337  3.986147 
  5.875000e-01  4.350479  3.983358 
  5.900000e-01  4.347676  3.980627 
  5.925000e-01  4.344930  3.977953 
  5.950000e-01  4.342238  3.975337 
  5.975000e-01  4.339600  3.972777 
  6.000000e-01  4.337016  3.970272 
  6.025000e-01  4.334486  3.967823 
  6.050000e-01  4.332007  3.965428 
  6.075000e-01  4.329581  3.963087 
  6.100000e-01  4.327206  3.960800 
  6.125000e-01  4.324882  3.958564 
  6.150000e-01  4.322607  3.956380 
  6.175000e-01  4.320382  3.954247 
  6.200000e-01  4.318205  3.952165 
  6.225000e-01  4.316076  3.950131 
  6.250000e-01  4.313994  3.948146 
  6.275000e-01  4.311958  3.946209 
  6.300000e-01  4.309968  3.944320 
  6.325000e-01  4.308022  3.942476 
  6.350000e-01  4.306121  3.940677 
  6.375000e-01  4.304263  3.938924 
  6.400000e-01  4.302447  3.937214 
  6.425000e-01  4.300673  3.935547 
  6.450000e-01  4.298940  3.933922 
  6.475000e-01  4.297247  3.932338 
  6.500000e-01  4.295594  3.930795 
  6.525000e-01  4.293979  3.929292 
  6.550000e-01  4.292403  3.927827 
  6.575000e-01  4.290863  3.926401 
  6.600000e-01  4.289360  3.925012 
  6.625000e-01  4.287892  3.923659 
  6.650000e-01  4.286460  3.922342 
  6.675000e-01  4.285061  3.921060 
  6.700000e-01  4.283696  3.919811 
  6.725000e-01  4.282364  3.918597 
  6.750000e-01  4.281063  3.917414 
  6.775000e-01  4.279794  3.916264 
  6.800000e-01  4.278556  3.915144 
  6.825000e-01  4.277347  3.914055 
  6.850000e-01  4.276167  3.912995 
  6.875000e-01  4.275016  3.911964 
  6.900000e-01  4.273893  3.910962 
  6.925000e-01  4.272798  3.909987 
  6.950000e-01  4.271728  3.909038 
  6.975000e-01  4.270685  3.908116 
  7.000000e-01  4.269667  3.907219 
  7.025000e-01  4.268674  3.906346 
  7.050000e-01  4.267704  3.905498 
  7.075000e-01  4.266759  3.904674 
  7.100000e-01  4.265836  3.903872 
  7.125000e-01  4.264936  3.903092 
  7.150000e-01  4.264057  3.902334 
  7.175000e-01  4.263200  3.901598 
  7.200000e-01  4.262363  3.900882 
  7.225000e-01  4.261547  3.900185 
  7.250000e-01  4.260750  3.899508 
  7.275000e-01  4.259973  3.898851 
  7.300000e-01  4.259214  3.898211 
  7.325000e-01  4.258474  3.897589 
  7.350000e-01  4.257751  3.896985 
  7.375000e-01  4.257046  3.896398 
  7.400000e-01  4.256357  3.895827 
  7.425000e-01  4.255685  3.895271 
  7.450000e-01  4.255029  3.894732 
  7.475000e-01  4.254389  3.894207 
  7.500000e-01  4.253764  3.893698 
  7.525000e-01  4.253153  3.893202 
  7.550000e-01  4.252557  3.892720 
  7.575000e-01  4.251976  3.892252 
  7.600000e-01  4.251407  3.891796 
  7.625000e-01  4.250852  3.891353 
  7.650000e-01  4.250310  3.890923 
  7.675000e-01  4.249781  3.890504 
  7.700000e-01  4.249264  3.890097 
  7.725000e-01  4.248759  3.889702 
  7.750000e-01  4.248265  3.889317 
  7.775000e-01  4.247783  3.888943 
  7.800000e-01  4.247312  3.888579 
  7.825000e-01  4.246851  3.888225 
  7.850000e-01  4.246402  3.887880 
  7.875000e-01  4.245962  3.887546 
  7.900000e-01  4.245532  3.887220 
  7.925000e-01  4.245112  3.886903 
  7.950000e-01  4.244701  3.886595 
  7.975000e-01  4.244300  3.886295 
  8.000000e-01  4.243907  3.886003 
  8.025000e-01  4.243523  3.885719 
  8.050000e-01  4.243148  3.885442 
  8.075000e-01  4.242781  3.885173 
  8.100000e-01  4.242421  3.884911 
  8.125000e-01  4.242070  3.884656 
  8.150000e-01  4.241726  3.884408 
  8.175000e-01  4.241390  3.884166 
  8.200000e-01  4.241061  3.883931 
  8.225000e-01  4.240739  3.883702 
  8.250000e-01  4.240424  3.883479 
  8.275000e-01  4.240115  3.883262 
  8.300000e-01  4.239813  3.883050 
  8.325000e-01  4.239517  3.882844 
  8.350000e-01  4.239228  3.882643 
  8.375000e-01  4.238944  3.882447 
  8.400000e-01  4.238667  3.882256 
  8.425000e-01  4.238395  3.882070 
  8.450000e-01  4.238128  3.881889 
  8.475000e-01  4.237867  3.881712 
  8.500000e-01  4.237612  3.881540 
  8.525000e-01  4.237361  3.881372 
  8.550000e-01  4.237116  3.881208 
  8.575000e-01  4.236875  3.881048 
  8.600000e-01  4.236639  3.880892 
  8.625000e-01  4.236408  3.880740 
  8.650000e-01  4.236181  3.880591 
  8.675000e-01  4.235959  3.880447 
  8.700000e-01  4.235741  3.880305 
  8.725000e-01  4.235528  3.880167 
  8.750000e-01  4.235318  3.880033 
  8.775000e-01  4.235113  3.879901 
  8.800000e-01  4.234911  3.879773 
  8.825000e-01  4.234713  3.879647 
  8.850000e-01  4.234519  3.879525 
  8.875000e-01  4.234329  3.879405 
  8.900000e-01  4.234142  3.879288 
  8.925000e-01  4.233958  3.879174 
  8.950000e-01  4.233778  3.879062 
  8.975000e-01  4.233601  3.878953 
  9.000000e-01  4.233428  3.878846 
  9.025000e-01  4.233257  3.878742 
  9.050000e-01  4.233090  3.878640 
  9.075000e-01  4.232925  3.878540 
  9.100000e-01  4.232764  3.878443 
  9.125000e-01  4.232605  3.878347 
  9.150000e-01  4.232449  3.878254 
  9.175000e-01  4.232296  3.878162 
  9.200000e-01  4.232146  3.878073 
  9.225000e-01  4.231998  3.877985 
  9.250000e-01  4.231853  3.877900 
  9.275000e-01  4.231710  3.877816 
  9.300000e-01  4.231570  3.877733 
  9.325000e-01  4.231432  3.877653 
  9.350000e-01  4.231296  3.877574 
  9.375000e-01  4.231163  3.877497 
  9.400000e-01  4.231032  3.877421 
  9.425000e-01  4.230903  3.877347 
  9.450000e-01  4.230776  3.877274 
  9.475000e-01  4.230651  3.877203 
  9.500000e-01  4.230528  3.877133 
  9.525000e-01  4.230408  3.877064 
  9.550000e-01  4.230289  3.876997 
  9.575000e-01  4.230172  3.876931 
  9.600000e-01  4.230057  3.876867 
  9.625000e-01  4.229944  3.876803 
  9.650000e-01  4.229833  3.876741 
  9.675000e-01  4.229723  3.876680 
  9.700000e-01  4.229615  3.876620 
  9.725000e-01  4.229509  3.876561 
  9.750000e-01  4.229404  3.876503 
  9.775000e-01  4.229302  3.876446 
  9.800000e-01  4.229200  3.876391 
  9.825000e-01  4.229100  3.876336 
  9.850000e-01  4.229002  3.876282 
  9.875000e-01  4.228905  3.876229 
  9.900000e-01  4.228810  3.876177 
  9.925000e-01  4.228716  3.876126 
  9.950000e-01  4.228624  3.876076 
  9.975000e-01  4.228532  3.876027 
  1.000000e+00  4.228443  3.875979 
  1.002500e+00  4.228354  3.875931 
  1.005000e+00  4.228267  3.875884 
  1.007500e+00  4.228181  3.875838 
  1.010000e+00  4.228097  3.875793 
  1.012500e+00  4.228013  3.875749 
  1.015000e+00  4.227931  3.875705 
  1.017500e+00  4.227850  3.875662 
  1.020000e+00  4.227770  3.875619 
  1.022500e+00  4.227691  3.875578 
  1.025000e+00  4.227614  3.875537 
  1.027500e+00  4.227537  3.875496 
  1.030000e+00  4.227462  3.875457 
  1.032500e+00  4.227388  3.875418 
  1.035000e+00  4.227314  3.875379 
  1.037500e+00  4.227242  3.875341 
  1.040000e+00  4.227171  3.875304 
  1.042500e+00  4.227100  3.875267 
  1.045000e+00  4.227031  3.875231 
  1.047500e+00  4.226963  3.875195 
  1.050000e+00  4.226895  3.875160 
  1.052500e+00  4.226829  3.875125 
  1.055000e+00  4.226763  3.875091 
  1.057500e+00  4.226698  3.875058 
  1.060000e+00  4.226634  3.875025 
  1.062500e+00  4.226571  3.874992 
  1.065000e+00  4.226509  3.874960 
  1.067500e+00  4.226448  3.874928 
  1.070000e+00  4.226387  3.874897 
  1.072500e+00  4.226328  3.874866 
  1.075000e+00  4.226269  3.874836 
  1.077500e+00  4.226210  3.874806 
  1.080000e+00  4.226153  3.874776 
  1.082500e+00  4.226096  3.874747 
  1.085000e+00  4.226041  3.874719 
  1.087500e+00  4.225985  3.874690 
  1.090000e+00  4.225931  3.874663 
  1.092500e+00  4.225877  3.874635 
  1.095000e+00  4.225824  3.874608 
  1.097500e+00  4.225772  3.874581 
  1.100000e+00  4.225720  3.874555 
  1.102500e+00  4.225669  3.874529 
  1.105000e+00  4.225619  3.874503 
  1.107500e+00  4.225569  3.874478 
  1.110000e+00  4.225520  3.874453 
  1.112500e+00  4.225471  3.874428 
  1.115000e+00  4.225424  3.874404 
  1.117500e+00  4.225376  3.874380 
  1.120000e+00  4.225330  3.874356 
  1.122500e+00  4.225284  3.874332 
  1.125000e+00  4.225238  3.874309 
  1.127500e+00  4.225193  3.874287 
  1.130000e+00  4.225149  3.874264 
  1.132500e+00  4.225105  3.874242 
  1.135000e+00  4.225062  3.874220 
  1.137500e+00  4.225019  3.874198 
  1.140000e+00  4.224977  3.874177 
  1.142500e+00  4.224935  3.874156 
  1.145000e+00  4.224894  3.874135 
  1.147500e+00  4.224854  3.874114 
  1.150000e+00  4.224813  3.874094 
  1.152500e+00  4.224774  3.874074 
  1.155000e+00  4.224735  3.874054 
  1.157500e+00  4.224696  3.874035 
  1.160000e+00  4.224658  3.874015 
  1.162500e+00  4.224620  3.873996 
  1.165000e+00  4.224583  3.873977 
  1.167500e+00  4.224546  3.873959 
  1.170000e+00  4.224510  3.873940 
  1.172500e+00  4.224474  3.873922 
  1.175000e+00  4.224438  3.873904 
  1.177500e+00  4.224403  3.873887 
  1.180000e+00  4.224368  3.873869 
  1.182500e+00  4.224334  3.873852 
  1.185000e+00  4.224300  3.873835 
  1.187500e+00  4.224267  3.873818 
  1.190000e+00  4.224234  3.873801 
  1.192500e+00  4.224201  3.873785 
  1.195000e+00  4.224169  3.873769 
  1.197500e+00  4.224137  3.873753 
  1.200000e+00  4.224106  3.873737 
  1.202500e+00  4.224075  3.873721 
  1.205000e+00  4.224044  3.873706 
  1.207500e+00  4.224014  3.873690 
  1.210000e+00  4.223984  3.873675 
  1.212500e+00  4.223954  3.873660 
  1.215000e+00  4.223925  3.873645 
  1.217500e+00  4.223896  3.873631 
  1.220000e+00  4.223868  3.873617 
  1.222500e+00  4.223839  3.873602 
  1.225000e+00  4.223811  3.873588 
  1.227500e+00  4.223784  3.873574 
  1.230000e+00  4.223757  3.873561 
  1.232500e+00  4.223730  3.873547 
  1.235000e+00  4.223703  3.873534 
  1.237500e+00  4.223677  3.873520 
  1.240000e+00  4.223651  3.873507 
  1.242500e+00  4.223625  3.873494 
  1.245000e+00  4.223600  3.873482 
  1.247500e+00  4.223575  3.873469 
  1.250000e+00  4.223550  3.873456 
  1.252500e+00  4.223526  3.873444 
  1.255000e+00  4.223501  3.873432 
  1.257500e+00  4.223477  3.873420 
  1.260000e+00  4.223454  3.873408 
  1.262500e+00  4.223430  3.873396 
  1.265000e+00  4.223407  3.873385 
  1.267500e+00  4.223385  3.873373 
  1.270000e+00  4.223362  3.873362 
  1.272500e+00  4.223340  3.873350 
  1.275000e+00  4.223318  3.873339 
  1.277500e+00  4.223296  3.873328 
  1.280000e+00  4.223274  3.873318 
  1.282500e+00  4.223253  3.873307 
  1.285000e+00  4.223232  3.873296 
  1.287500e+00  4.223211  3.873286 
  1.290000e+00  4.223191  3.873275 
  1.292500e+00  4.223171  3.873265 
  1.295000e+00  4.223151  3.873255 
  1.297500e+00  4.223131  3.873245 
  1.300000e+00  4.223111  3.873235 
  1.302500e+00  4.223092  3.873226 
  1.305000e+00  4.223073  3.873216 
  1.307500e+00  4.223054  3.873206 
  1.310000e+00  4.223035  3.873197 
  1.312500e+00  4.223017  3.873188 
  1.315000e+00  4.222998  3.873178 
  1.317500e+00  4.222980  3.873169 
  1.320000e+00  4.222962  3.873160 
  1.322500e+00  4.222945  3.873151 
  1.325000e+00  4.222927  3.873143 
  1.327500e+00  4.222910  3.873134 
  1.330000e+00  4.222893  3.873125 
  1.332500e+00  4.222876  3.873117 
  1.335000e+00  4.222860  3.873108 
  1.337500e+00  4.222843  3.873100 
  1.340000e+00  4.222827  3.873092 
  1.342500e+00  4.222811  3.873084 
  1.345000e+00  4.222795  3.873076 
  1.347500e+00  4.222779  3.873068 
  1.350000e+00  4.222764  3.873060 
  1.352500e+00  4.222748  3.873052 
  1.355000e+00  4.222733  3.873045 
  1.357500e+00  4.222718  3.873037 
  1.360000e+00  4.222703  3.873030 
  1.362500e+00  4.222689  3.873022 
  1.365000e+00  4.222674  3.873015 
  1.367500e+00  4.222660  3.873008 
  1.370000e+00  4.222646  3.873001 
  1.372500e+00  4.222632  3.872994 
  1.375000e+00  4.222618  3.872987 
  1.377500e+00  4.222604  3.872980 
  1.380000e+00  4.222591  3.872973 
  1.382500e+00  4.222577  3.872966 
  1.385000e+00  4.222564  3.872959 
  1.387500e+00  4.222551  3.872953 
  1.390000e+00  4.222538  3.872946 
  1.392500e+00  4.222525  3.872940 
  1.395000e+00  4.222513  3.872934 
  1.397500e+00  4.222500  3.872927 
  1.400000e+00  4.222488  3.872921 
  1.402500e+00  4.222476  3.872915 
  1.405000e+00  4.222464  3.872909 
  1.407500e+00  4.222452  3.872903 
  1.410000e+00  4.222440  3.872897 
  1.412500e+00  4.222428  3.872891 
  1.415000e+00  4.222417  3.872885 
  1.417500e+00  4.222406  3.872880 
  1.420000e+00  4.222394  3.872874 
  1.422500e+00  4.222383  3.872868 
  1.425000e+00  4.222372  3.872863 
  1.427500e+00  4.222361  3.872857 
  1.430000e+00  4.222351  3.872852 
  1.432500e+00  4.222340  3.872847 
  1.435000e+00  4.222329  3.872841 
  1.437500e+00  4.222319  3.872836 
  1.440000e+00  4.222309  3.872831 
  1.442500e+00  4.222299  3.872826 
  1.445000e+00  4.222289  3.872821 
  1.447500e+00  4.222279  3.872816 
  1.450000e+00  4.222269  3.872811 
  1.452500e+00  4.222259  3.872806 
  1.455000e+00  4.222250  3.872801 
  1.457500e+00  4.222240  3.872796 
  1.460000e+00  4.222231  3.872792 
  1.462500e+00  4.222222  3.872787 
  1.465000e+00  4.222213  3.872782 
  1.467500e+00  4.222203  3.872778 
  1.470000e+00  4.222195  3.872773 
  1.472500e+00  4.222186  3.872769 
  1.475000e+00  4.222177  3.872764 
  1.477500e+00  4.222168  3.872760 
  1.480000e+00  4.222160  3.872756 
  1.482500e+00  4.222151  3.872752 
  1.485000e+00  4.222143  3.872747 
  1.487500e+00  4.222135  3.872743 
  1.490000e+00  4.222127  3.872739 
  1.492500e+00  4.222119  3.872735 
  1.495000e+00  4.222111  3.872731 
  1.497500e+00  4.222103  3.872727 
  1.500000e+00  4.222095  3.872723 
  1.502500e+00  4.222087  3.872719 
  1.505000e+00  4.222080  3.872715 
  1.507500e+00  4.222072  3.872712 
  1.510000e+00  4.222065  3.872708 
  1.512500e+00  4.222057  3.872704 
  1.515000e+00  4.222050  3.872701 
  1.517500e+00  4.222043  3.872697 
  1.520000e+00  4.222036  3.872693 
  1.522500e+00  4.222029  3.872690 
  1.525000e+00  4.222022  3.872686 
  1.527500e+00  4.222015  3.872683 
  1.530000e+00  4.222008  3.872679 
  1.532500e+00  4.222001  3.872676 
  1.535000e+00  4.221995  3.872673 
  1.537500e+00  4.221988  3.872669 
  1.540000e+00  4.221982  3.872666 
  1.542500e+00  4.221975  3.872663 
  1.545000e+00  4.221969  3.872660 
  1.547500e+00  4.221963  3.872657 
  1.550000e+00  4.221956  3.872654 
  1.552500e+00  4.221950  3.872650 
  1.555000e+00  4.221944  3.872647 
  1.557500e+00  4.221938  3.872644 
  1.560000e+00  4.221932  3.872641 
  1.562500e+00  4.221927  3.872639 
  1.565000e+00  4.221921  3.872636 
  1.567500e+00  4.221915  3.872633 
  1.570000e+00  4.221909  3.872630 
  1.572500e+00  4.221904  3.872627 
  1.575000e+00  4.221898  3.872624 
  1.577500e+00  4.221893  3.872622 
  1.580000e+00  4.221887  3.872619 
  1.582500e+00  4.221882  3.872616 
  1.585000e+00  4.221877  3.872614 
  1.587500e+00  4.221872  3.872611 
  1.590000e+00  4.221866  3.872608 
  1.592500e+00  4.221861  3.872606 
  1.595000e+00  4.221856  3.872603 
  1.597500e+00  4.221851  3.872601 
  1.600000e+00  4.221846  3.872598 
  1.602500e+00  4.221841  3.872596 
  1.605000e+00  4.221837  3.872593 
  1.607500e+00  4.221832  3.872591 
  1.610000e+00  4.221827  3.872589 
  1.612500e+00  4.221822  3.872586 
  1.615000e+00  4.221818  3.872584 
  1.617500e+00  4.221813  3.872582 
  1.620000e+00  4.221809  3.872579 
  1.622500e+00  4.221804  3.872577 
  1.625000e+00  4.221800  3.872575 
  1.627500e+00  4.221796  3.872573 
  1.630000e+00  4.221791  3.872571 
  1.632500e+00  4.221787  3.872569 
  1.635000e+00  4.221783  3.872566 
  1.637500e+00  4.221779  3.872564 
  1.640000e+00  4.221775  3.872562 
  1.642500e+00  4.221771  3.872560 
  1.645000e+00  4.221767  3.872558 
  1.647500e+00  4.221763  3.872556 
  1.650000e+00  4.221759  3.872554 
  1.652500e+00  4.221755  3.872552 
  1.655000e+00  4.221751  3.872550 
  1.657500e+00  4.221747  3.872548 
  1.660000e+00  4.221743  3.872547 
  1.662500e+00  4.221740  3.872545 
  1.665000e+00  4.221736  3.872543 
  1.667500e+00  4.221732  3.872541 
  1.670000e+00  4.221729  3.872539 
  1.672500e+00  4.221725  3.872538 
  1.675000e+00  4.221722  3.872536 
  1.677500e+00  4.221718  3.872534 
  1.680000e+00  4.221715  3.872532 
  1.682500e+00  4.221711  3.872531 
  1.685000e+00  4.221708  3.872529 
  1.687500e+00  4.221705  3.872527 
  1.690000e+00  4.221701  3.872526 
  1.692500e+00  4.221698  3.872524 
  1.695000e+00  4.221695  3.872522 
  1.697500e+00  4.221692  3.872521 
  1.700000e+00  4.221689  3.872519 
  1.702500e+00  4.221686  3.872518 
  1.705000e+00  4.221683  3.872516 
  1.707500e+00  4.221680  3.872515 
  1.710000e+00  4.221677  3.872513 
  1.712500e+00  4.221674  3.872512 
  1.715000e+00  4.221671  3.872510 
  1.717500e+00  4.221668  3.872509 
  1.720000e+00  4.221665  3.872507 
  1.722500e+00  4.221662  3.872506 
  1.725000e+00  4.221659  3.872505 
  1.727500e+00  4.221657  3.872503 
  1.730000e+00  4.221654  3.872502 
  1.732500e+00  4.221651  3.872501 
  1.735000e+00  4.221649  3.872499 
  1.737500e+00  4.221646  3.872498 
  1.740000e+00  4.221643  3.872497 
  1.742500e+00  4.221641  3.872495 
  1.745000e+00  4.221638  3.872494 
  1.747500e+00  4.221636  3.872493 
  1.750000e+00  4.221633  3.872492 
  1.752500e+00  4.221631  3.872490 
  1.755000e+00  4.221628  3.872489 
  1.757500e+00  4.221626  3.872488 
  1.760000e+00  4.221623  3.872487 
  1.762500e+00  4.221621  3.872485 
  1.765000e+00  4.221619  3.872484 
  1.767500e+00  4.221616  3.872483 
  1.770000e+00  4.221614  3.872482 
  1.772500e+00  4.221612  3.872481 
  1.775000e+00  4.221610  3.872480 
  1.777500e+00  4.221607  3.872479 
  1.780000e+00  4.221605  3.872478 
  1.782500e+00  4.221603  3.872477 
  1.785000e+00  4.221601  3.872476 
  1.787500e+00  4.221599  3.872474 
  1.790000e+00  4.221597  3.872473 
  1.792500e+00  4.221595  3.872472 
  1.795000e+00  4.221593  3.872471 
  1.797500e+00  4.221591  3.872470 
  1.800000e+00  4.221589  3.872469 
  1.802500e+00  4.221587  3.872468 
  1.805000e+00  4.221585  3.872467 
  1.807500e+00  4.221583  3.872466 
  1.810000e+00  4.221581  3.872466 
  1.812500e+00  4.221579  3.872465 
  1.815000e+00  4.221577  3.872464 
  1.817500e+00  4.221575  3.872463 
  1.820000e+00  4.221574  3.872462 
  1.822500e+00  4.221572  3.872461 
  1.825000e+00  4.221570  3.872460 
  1.827500e+00  4.221568  3.872459 
  1.830000e+00  4.221567  3.872458 
  1.832500e+00  4.221565  3.872458 
  1.835000e+00  4.221563  3.872457 
  1.837500e+00  4.221562  3.872456 
  1.840000e+00  4.221560  3.872455 
  1.842500e+00  4.221558  3.872454 
  1.845000e+00  4.221557  3.872453 
  1.847500e+00  4.221555  3.872453 
  1.850000e+00  4.221553  3.872452 
  1.852500e+00  4.221552  3.872451 
  1.855000e+00  4.221550  3.872450 
  1.857500e+00  4.221549  3.872449 
  1.860000e+00  4.221547  3.872449 
  1.862500e+00  4.221546  3.872448 
  1.865000e+00  4.221544  3.872447 
  1.867500e+00  4.221543  3.872447 
  1.870000e+00  4.221541  3.872446 
  1.872500e+00  4.221540  3.872445 
  1.875000e+00  4.221539  3.872444 
  1.877500e+00  4.221537  3.872444 
  1.880000e+00  4.221536  3.872443 
  1.882500e+00  4.221534  3.872442 
  1.885000e+00  4.221533  3.872442 
  1.887500e+00  4.221532  3.872441 
  1.890000e+00  4.221530  3.872440 
  1.892500e+00  4.221529  3.872440 
  1.895000e+00  4.221528  3.872439 
  1.897500e+00  4.221527  3.872438 
  1.900000e+00  4.221525  3.872438 
  1.902500e+00  4.221524  3.872437 
  1.905000e+00  4.221523  3.872437 
  1.907500e+00  4.221522  3.872436 
  1.910000e+00  4.221520  3.872435 
  1.912500e+00  4.221519  3.872435 
  1.915000e+00  4.221518  3.872434 
  1.917500e+00  4.221517  3.872434 
  1.920000e+00  4.221516  3.872433 
  1.922500e+00  4.221515  3.872432 
  1.925000e+00  4.221513  3.872432 
  1.927500e+00  4.221512  3.872431 
  1.930000e+00  4.221511  3.872431 
  1.932500e+00  4.221510  3.872430 
  1.935000e+00  4.221509  3.872430 
  1.937500e+00  4.221508  3.872429 
  1.940000e+00  4.221507  3.872429 
  1.942500e+00  4.221506  3.872428 
  1.945000e+00  4.221505  3.872428 
  1.947500e+00  4.221504  3.872427 
  1.950000e+00  4.221503  3.872427 
  1.952500e+00  4.221502  3.872426 
  1.955000e+00  4.221501  3.872426 
  1.957500e+00  4.221500  3.872425 
  1.960000e+00  4.221499  3.872425 
  1.962500e+00  4.221498  3.872424 
  1.965000e+00  4.221497  3.872424 
  1.967500e+00  4.221496  3.872423 
  1.970000e+00  4.221495  3.872423 
  1.972500e+00  4.221494  3.872422 
  1.975000e+00  4.221493  3.872422 
  1.977500e+00  4.221492  3.872422 
  1.980000e+00  4.221492  3.872421 
  1.982500e+00  4.221491  3.872421 
  1.985000e+00  4.221490  3.872420 
  1.987500e+00  4.221489  3.872420 
  1.990000e+00  4.221488  3.872419 
  1.992500e+00  4.221487  3.872419 
  1.995000e+00  4.221487  3.872419 
  1.997500e+00  4.221486  3.872418 
  2.000000e+00  4.221485  3.872418 
