  2.500000e-03  138.094891  138.145067
  3.750000e-03  137.811886  137.932854
  5.000000e-03  137.548242  137.710611
  6.250000e-03  137.283744  137.472133
  7.500000e-03  136.998937  137.209169
  8.750000e-03  136.679165  136.913953
  1.000000e-02  136.316007  136.580613
  1.125000e-02  135.906062  136.204724
  1.250000e-02  135.447837  135.782586
  1.375000e-02  134.938923  135.310752
  1.500000e-02  134.374960  134.785756
  1.625000e-02  133.750411  134.204027
  1.750000e-02  133.060213  133.562112
  1.875000e-02  132.301371  132.857320
  2.000000e-02  131.474109  132.088709
  2.125000e-02  130.582551  131.258069
  2.250000e-02  129.634939  130.370556
  2.375000e-02  128.643324  129.434744
  2.500000e-02  127.622658  128.462099
  2.625000e-02  126.589393  127.466029
  2.750000e-02  125.559829  126.460710
  2.875000e-02  124.548564  125.459914
  3.000000e-02  123.567335  124.475994
  3.125000e-02  122.624448  123.519143
  3.250000e-02  121.724821  122.596973
  3.375000e-02  120.870494  121.714423
  3.500000e-02  120.061397  120.873964
  3.625000e-02  119.296109  120.076042
  3.750000e-02  118.572471  119.319646
  3.875000e-02  117.888006  118.602902
  4.000000e-02  117.240181  117.923562
  4.125000e-02  116.626556  117.279338
  4.250000e-02  116.044860  116.668079
  4.375000e-02  115.493015  116.087822
  4.500000e-02  114.969128  115.536786
  4.625000e-02  114.471469  115.013335
  4.750000e-02  113.998453  114.515940
  4.875000e-02  113.548622  114.043146
  5.000000e-02  113.120617  113.593558
  5.125000e-02  112.713165  113.165825
  5.250000e-02  112.325061  112.758648
  5.375000e-02  111.955155  112.370781
  5.500000e-02  111.602354  112.001040
  5.625000e-02  111.265617  111.648307
  5.750000e-02  110.943966  111.311536
  5.875000e-02  110.636484  110.989753
  6.000000e-02  110.342319  110.682058
  6.125000e-02  110.060681  110.387616
  6.250000e-02  109.790840  110.105656
  6.375000e-02  109.532120  109.835462
  6.500000e-02  109.283892  109.576365
  6.625000e-02  109.045567  109.327743
  6.750000e-02  108.816592  109.089009
  6.875000e-02  108.596444  108.859612
  7.000000e-02  108.384630  108.639031
  7.125000e-02  108.180680  108.426772
  7.250000e-02  107.984148  108.222369
  7.375000e-02  107.794611  108.025378
  7.500000e-02  107.611666  107.835377
  7.625000e-02  107.434930  107.651966
  7.750000e-02  107.264040  107.474765
  7.875000e-02  107.098652  107.303412
  8.000000e-02  106.938437  107.137562
  8.125000e-02  106.783083  106.976889
  8.250000e-02  106.632292  106.821079
  8.375000e-02  106.485780  106.669836
  8.500000e-02  106.343275  106.522872
  8.625000e-02  106.204513  106.379915
  8.750000e-02  106.069241  106.240701
  8.875000e-02  105.937215  106.104976
  9.000000e-02  105.808195  105.972493
  9.125000e-02  105.681950  105.843011
  9.250000e-02  105.558250  105.716296
  9.375000e-02  105.436871  105.592117
  9.500000e-02  105.317587  105.470246
  9.625000e-02  105.200178  105.350456
  9.750000e-02  105.084418  105.232520
  9.875000e-02  104.970082  105.116212
  1.000000e-01  104.856938  105.001298
  1.012500e-01  104.744750  104.887545
  1.025000e-01  104.633274  104.774708
  1.037500e-01  104.522252  104.662537
  1.050000e-01  104.411418  104.550768
  1.062500e-01  104.300485  104.439123
  1.075000e-01  104.189150  104.327308
  1.087500e-01  104.077083  104.215006
  1.100000e-01  103.963929  104.101876
  1.112500e-01  103.849297  103.987546
  1.125000e-01  103.732758  103.871610
  1.137500e-01  103.613840  103.753619
  1.150000e-01  103.492014  103.633080
  1.162500e-01  103.366694  103.509442
  1.175000e-01  103.237224  103.382093
  1.187500e-01  103.102873  103.250353
  1.200000e-01  102.962828  103.113468
  1.212500e-01  102.816185  102.970600
  1.225000e-01  102.661955  102.820835
  1.237500e-01  102.499065  102.663179
  1.250000e-01  102.326374  102.496576
  1.262500e-01  102.142705  102.319928
  1.275000e-01  101.946889  102.132137
  1.287500e-01  101.737837  101.932163
  1.300000e-01  101.514634  101.719098
  1.312500e-01  101.276655  101.492268
  1.325000e-01  101.023695  101.251337
  1.337500e-01  100.756095  100.996413
  1.350000e-01  100.474838  100.728137
  1.362500e-01  100.181592  100.447723
  1.375000e-01  99.878664  100.156939
  1.387500e-01  99.568861  99.858018
  1.400000e-01  99.255267  99.553500
  1.412500e-01  98.940966  99.246033
  1.425000e-01  98.628764  98.938158
  1.437500e-01  98.320949  98.632117
  1.450000e-01  98.019136  98.329705
  1.462500e-01  97.724202  98.032178
  1.475000e-01  97.436306  97.740219
  1.487500e-01  97.154973  97.453950
  1.500000e-01  96.879219  97.172978
  1.512500e-01  96.607664  96.896459
  1.525000e-01  96.338654  96.623177
  1.537500e-01  96.070338  96.351619
  1.550000e-01  95.800729  96.080045
  1.562500e-01  95.527752  95.806554
  1.575000e-01  95.249268  95.529137
  1.587500e-01  94.963106  95.245720
  1.600000e-01  94.667100  94.954219
  1.612500e-01  94.359136  94.652579
  1.625000e-01  94.037227  94.338849
  1.637500e-01  93.699608  94.011258
  1.650000e-01  93.344859  93.668322
  1.662500e-01  92.972062  93.308972
  1.675000e-01  92.580963  92.932691
  1.687500e-01  92.172132  92.539654
  1.700000e-01  91.747094  92.130841
  1.712500e-01  91.308384  91.708102
  1.725000e-01  90.859511  91.274151
  1.737500e-01  90.404804  90.832460
  1.750000e-01  89.949140  90.387080
  1.762500e-01  89.497598  89.942382
  1.775000e-01  89.055072  89.502763
  1.787500e-01  88.625919  89.072361
  1.800000e-01  88.213686  88.654812
  1.812500e-01  87.820950  88.253073
  1.825000e-01  87.449288  87.869333
  1.837500e-01  87.099342  87.504997
  1.850000e-01  86.770975  87.160732
  1.862500e-01  86.463446  86.836566
  1.875000e-01  86.175602  86.532004
  1.887500e-01  85.906044  86.246158
  1.900000e-01  85.653260  85.977876
  1.912500e-01  85.415719  85.725849
  1.925000e-01  85.191941  85.488704
  1.937500e-01  84.980533  85.265076
  1.950000e-01  84.780210  85.053655
  1.962500e-01  84.589805  84.853214
  1.975000e-01  84.408266  84.662628
  1.987500e-01  84.234656  84.480877
  2.000000e-01  84.068137  84.307043
  2.012500e-01  83.907969  84.140306
  2.025000e-01  83.753495  83.979937
  2.037500e-01  83.604135  83.825285
  2.050000e-01  83.459378  83.675776
  2.062500e-01  83.318772  83.530898
  2.075000e-01  83.181917  83.390200
  2.087500e-01  83.048464  83.253282
  2.100000e-01  82.918102  83.119790
  2.112500e-01  82.790559  82.989412
  2.125000e-01  82.665595  82.861871
  2.137500e-01  82.542998  82.736925
  2.150000e-01  82.422580  82.614359
  2.162500e-01  82.304176  82.493983
  2.175000e-01  82.187640  82.375629
  2.187500e-01  82.072841  82.259150
  2.200000e-01  81.959665  82.144414
  2.212500e-01  81.848010  82.031305
  2.225000e-01  81.737783  81.919719
  2.237500e-01  81.628903  81.809564
  2.250000e-01  81.521298  81.700758
  2.262500e-01  81.414902  81.593227
  2.275000e-01  81.309658  81.486906
  2.287500e-01  81.205512  81.381736
  2.300000e-01  81.102417  81.277665
  2.312500e-01  81.000333  81.174645
  2.325000e-01  80.899221  81.072633
  2.337500e-01  80.799048  80.971593
  2.350000e-01  80.699784  80.871490
  2.362500e-01  80.601404  80.772296
  2.375000e-01  80.503886  80.673984
  2.387500e-01  80.407209  80.576531
  2.400000e-01  80.311357  80.479918
  2.412500e-01  80.216317  80.384129
  2.425000e-01  80.122078  80.289150
  2.437500e-01  80.028632  80.194969
  2.450000e-01  79.935972  80.101579
  2.462500e-01  79.844095  80.008973
  2.475000e-01  79.753000  79.917147
  2.487500e-01  79.662686  79.826099
  2.500000e-01  79.573157  79.735829
  2.512500e-01  79.484415  79.646340
  2.525000e-01  79.396467  79.557634
  2.537500e-01  79.309318  79.469716
  2.550000e-01  79.222976  79.382593
  2.562500e-01  79.137449  79.296270
  2.575000e-01  79.052747  79.210757
  2.587500e-01  78.968879  79.126062
  2.600000e-01  78.885855  79.042193
  2.612500e-01  78.803685  78.959161
  2.625000e-01  78.722378  78.876975
  2.637500e-01  78.641944  78.795645
  2.650000e-01  78.562393  78.715180
  2.662500e-01  78.483732  78.635589
  2.675000e-01  78.405971  78.556882
  2.687500e-01  78.329116  78.479066
  2.700000e-01  78.253174  78.402149
  2.712500e-01  78.178150  78.326138
  2.725000e-01  78.104048  78.251038
  2.737500e-01  78.030874  78.176855
  2.750000e-01  77.958627  78.103592
  2.762500e-01  77.887312  78.031253
  2.775000e-01  77.816927  77.959840
  2.787500e-01  77.747472  77.889353
  2.800000e-01  77.678945  77.819793
  2.812500e-01  77.611344  77.751159
  2.825000e-01  77.544665  77.683448
  2.837500e-01  77.478904  77.616656
  2.850000e-01  77.414055  77.550782
  2.862500e-01  77.350111  77.485818
  2.875000e-01  77.287066  77.421760
  2.887500e-01  77.224912  77.358600
  2.900000e-01  77.163640  77.296332
  2.912500e-01  77.103242  77.234947
  2.925000e-01  77.043707  77.174437
  2.937500e-01  76.985025  77.114791
  2.950000e-01  76.927186  77.056000
  2.962500e-01  76.870179  76.998053
  2.975000e-01  76.813991  76.940940
  2.987500e-01  76.758611  76.884649
  3.000000e-01  76.704027  76.829168
  3.012500e-01  76.650226  76.774485
  3.025000e-01  76.597196  76.720587
  3.037500e-01  76.544923  76.667463
  3.050000e-01  76.493395  76.615099
  3.062500e-01  76.442599  76.563481
  3.075000e-01  76.392521  76.512598
  3.087500e-01  76.343148  76.462436
  3.100000e-01  76.294467  76.412981
  3.112500e-01  76.246464  76.364220
  3.125000e-01  76.199127  76.316140
  3.137500e-01  76.152441  76.268727
  3.150000e-01  76.106394  76.221968
  3.162500e-01  76.060973  76.175850
  3.175000e-01  76.016164  76.130360
  3.187500e-01  75.971954  76.085484
  3.200000e-01  75.928332  76.041210
  3.212500e-01  75.885283  75.997525
  3.225000e-01  75.842796  75.954416
  3.237500e-01  75.800858  75.911870
  3.250000e-01  75.759458  75.869875
  3.262500e-01  75.718582  75.828418
  3.275000e-01  75.678219  75.787489
  3.287500e-01  75.638358  75.747074
  3.300000e-01  75.598986  75.707162
  3.312500e-01  75.560094  75.667742
  3.325000e-01  75.521669  75.628801
  3.337500e-01  75.483701  75.590330
  3.350000e-01  75.446178  75.552317
  3.362500e-01  75.409092  75.514752
  3.375000e-01  75.372430  75.477623
  3.387500e-01  75.336184  75.440921
  3.400000e-01  75.300343  75.404635
  3.412500e-01  75.264898  75.368755
  3.425000e-01  75.229839  75.333273
  3.437500e-01  75.195157  75.298178
  3.450000e-01  75.160843  75.263460
  3.462500e-01  75.126888  75.229112
  3.475000e-01  75.093283  75.195124
  3.487500e-01  75.060020  75.161486
  3.500000e-01  75.027091  75.128192
  3.512500e-01  74.994486  75.095232
  3.525000e-01  74.962199  75.062598
  3.537500e-01  74.930222  75.030282
  3.550000e-01  74.898547  74.998277
  3.562500e-01  74.867166  74.966574
  3.575000e-01  74.836072  74.935167
  3.587500e-01  74.805259  74.904048
  3.600000e-01  74.774718  74.873209
  3.612500e-01  74.744445  74.842644
  3.625000e-01  74.714430  74.812347
  3.637500e-01  74.684670  74.782310
  3.650000e-01  74.655155  74.752526
  3.662500e-01  74.625882  74.722990
  3.675000e-01  74.596843  74.693696
  3.687500e-01  74.568033  74.664636
  3.700000e-01  74.539446  74.635806
  3.712500e-01  74.511075  74.607199
  3.725000e-01  74.482917  74.578810
  3.737500e-01  74.454964  74.550632
  3.750000e-01  74.427212  74.522662
  3.762500e-01  74.399656  74.494893
  3.775000e-01  74.372291  74.467319
  3.787500e-01  74.345111  74.439937
  3.800000e-01  74.318112  74.412741
  3.812500e-01  74.291289  74.385727
  3.825000e-01  74.264638  74.358888
  3.837500e-01  74.238154  74.332222
  3.850000e-01  74.211832  74.305723
  3.862500e-01  74.185668  74.279387
  3.875000e-01  74.159659  74.253209
  3.887500e-01  74.133799  74.227186
  3.900000e-01  74.108086  74.201314
  3.912500e-01  74.082514  74.175588
  3.925000e-01  74.057081  74.150004
  3.937500e-01  74.031783  74.124558
  3.950000e-01  74.006615  74.099248
  3.962500e-01  73.981575  74.074069
  3.975000e-01  73.956659  74.049018
  3.987500e-01  73.931864  74.024091
  4.000000e-01  73.907186  73.999285
  4.012500e-01  73.882623  73.974598
  4.025000e-01  73.858171  73.950024
  4.037500e-01  73.833828  73.925563
  4.050000e-01  73.809589  73.901210
  4.062500e-01  73.785454  73.876962
  4.075000e-01  73.761419  73.852818
  4.087500e-01  73.737481  73.828774
  4.100000e-01  73.713638  73.804828
  4.112500e-01  73.689887  73.780976
  4.125000e-01  73.666226  73.757218
  4.137500e-01  73.642653  73.733549
  4.150000e-01  73.619166  73.709968
  4.162500e-01  73.595762  73.686473
  4.175000e-01  73.572439  73.663062
  4.187500e-01  73.549195  73.639732
  4.200000e-01  73.526029  73.616482
  4.212500e-01  73.502938  73.593309
  4.225000e-01  73.479921  73.570212
  4.237500e-01  73.456976  73.547189
  4.250000e-01  73.434102  73.524238
  4.262500e-01  73.411296  73.501357
  4.275000e-01  73.388558  73.478546
  4.287500e-01  73.365886  73.455802
  4.300000e-01  73.343279  73.433125
  4.312500e-01  73.320734  73.410512
  4.325000e-01  73.298252  73.387962
  4.337500e-01  73.275831  73.365475
  4.350000e-01  73.253469  73.343049
  4.362500e-01  73.231166  73.320682
  4.375000e-01  73.208920  73.298374
  4.387500e-01  73.186731  73.276124
  4.400000e-01  73.164598  73.253931
  4.412500e-01  73.142520  73.231794
  4.425000e-01  73.120496  73.209711
  4.437500e-01  73.098525  73.187683
  4.450000e-01  73.076607  73.165708
  4.462500e-01  73.054740  73.143786
  4.475000e-01  73.032925  73.121916
  4.487500e-01  73.011160  73.100096
  4.500000e-01  72.989445  73.078328
  4.512500e-01  72.967780  73.056610
  4.525000e-01  72.946164  73.034941
  4.537500e-01  72.924595  73.013321
  4.550000e-01  72.903075  72.991749
  4.562500e-01  72.881603  72.970226
  4.575000e-01  72.860177  72.948750
  4.587500e-01  72.838799  72.927321
  4.600000e-01  72.817466  72.905940
  4.612500e-01  72.796180  72.884604
  4.625000e-01  72.774939  72.863315
  4.637500e-01  72.753744  72.842071
  4.650000e-01  72.732594  72.820873
  4.662500e-01  72.711488  72.799720
  4.675000e-01  72.690428  72.778612
  4.687500e-01  72.669411  72.757548
  4.700000e-01  72.648438  72.736529
  4.712500e-01  72.627510  72.715554
  4.725000e-01  72.606624  72.694623
  4.737500e-01  72.585782  72.673735
  4.750000e-01  72.564984  72.652890
  4.762500e-01  72.544228  72.632089
  4.775000e-01  72.523514  72.611331
  4.787500e-01  72.502843  72.590615
  4.800000e-01  72.482215  72.569942
  4.812500e-01  72.461628  72.549311
  4.825000e-01  72.441084  72.528722
  4.837500e-01  72.420581  72.508175
  4.850000e-01  72.400119  72.487670
  4.862500e-01  72.379698  72.467206
  4.875000e-01  72.359319  72.446784
  4.887500e-01  72.338981  72.426402
  4.900000e-01  72.318683  72.406062
  4.912500e-01  72.298425  72.385762
  4.925000e-01  72.278208  72.365503
  4.937500e-01  72.258031  72.345284
  4.950000e-01  72.237894  72.325105
  4.962500e-01  72.217796  72.304966
  4.975000e-01  72.197738  72.284866
  4.987500e-01  72.177719  72.264806
  5.000000e-01  72.157739  72.244786
  5.012500e-01  72.137798  72.224805
  5.025000e-01  72.117896  72.204862
  5.037500e-01  72.098033  72.184959
  5.050000e-01  72.078208  72.165094
  5.062500e-01  72.058421  72.145267
  5.075000e-01  72.038673  72.125479
  5.087500e-01  72.018962  72.105729
  5.100000e-01  71.999289  72.086017
  5.112500e-01  71.979654  72.066343
  5.125000e-01  71.960056  72.046707
  5.137500e-01  71.940496  72.027108
  5.150000e-01  71.920974  72.007547
  5.162500e-01  71.901488  71.988023
  5.175000e-01  71.882040  71.968537
  5.187500e-01  71.862629  71.949088
  5.200000e-01  71.843255  71.929676
  5.212500e-01  71.823918  71.910301
  5.225000e-01  71.804618  71.890963
  5.237500e-01  71.785355  71.871662
  5.250000e-01  71.766129  71.852398
  5.262500e-01  71.746939  71.833172
  5.275000e-01  71.727787  71.813982
  5.287500e-01  71.708672  71.794829
  5.300000e-01  71.689595  71.775714
  5.312500e-01  71.670554  71.756636
  5.325000e-01  71.651551  71.737595
  5.337500e-01  71.632585  71.718591
  5.350000e-01  71.613656  71.699624
  5.362500e-01  71.594765  71.680696
  5.375000e-01  71.575912  71.661804
  5.387500e-01  71.557097  71.642951
  5.400000e-01  71.538320  71.624136
  5.412500e-01  71.519581  71.605359
  5.425000e-01  71.500881  71.586620
  5.437500e-01  71.482219  71.567919
  5.450000e-01  71.463596  71.549257
  5.462500e-01  71.445013  71.530634
  5.475000e-01  71.426468  71.512051
  5.487500e-01  71.407963  71.493506
  5.500000e-01  71.389498  71.475001
  5.512500e-01  71.371073  71.456536
  5.525000e-01  71.352688  71.438111
  5.537500e-01  71.334344  71.419727
  5.550000e-01  71.316041  71.401383
  5.562500e-01  71.297779  71.383079
  5.575000e-01  71.279558  71.364817
  5.587500e-01  71.261378  71.346596
  5.600000e-01  71.243241  71.328417
  5.612500e-01  71.225145  71.310280
  5.625000e-01  71.207092  71.292185
  5.637500e-01  71.189082  71.274132
  5.650000e-01  71.171114  71.256122
  5.662500e-01  71.153190  71.238154
  5.675000e-01  71.135309  71.220230
  5.687500e-01  71.117471  71.202349
  5.700000e-01  71.099677  71.184512
  5.712500e-01  71.081927  71.166718
  5.725000e-01  71.064222  71.148968
  5.737500e-01  71.046560  71.131263
  5.750000e-01  71.028944  71.113602
  5.762500e-01  71.011372  71.095986
  5.775000e-01  70.993844  71.078414
  5.787500e-01  70.976362  71.060887
  5.800000e-01  70.958925  71.043405
  5.812500e-01  70.941534  71.025968
  5.825000e-01  70.924187  71.008577
  5.837500e-01  70.906886  70.991231
  5.850000e-01  70.889631  70.973930
  5.862500e-01  70.872422  70.956675
  5.875000e-01  70.855258  70.939466
  5.887500e-01  70.838140  70.922303
  5.900000e-01  70.821068  70.905185
  5.912500e-01  70.804042  70.888113
  5.925000e-01  70.787061  70.871087
  5.937500e-01  70.770127  70.854107
  5.950000e-01  70.753239  70.837173
  5.962500e-01  70.736397  70.820286
  5.975000e-01  70.719601  70.803444
  5.987500e-01  70.702851  70.786648
  6.000000e-01  70.686146  70.769898
  6.012500e-01  70.669488  70.753195
  6.025000e-01  70.652876  70.736537
  6.037500e-01  70.636311  70.719925
  6.050000e-01  70.619791  70.703360
  6.062500e-01  70.603317  70.686840
  6.075000e-01  70.586889  70.670367
  6.087500e-01  70.570507  70.653939
  6.100000e-01  70.554171  70.637558
  6.112500e-01  70.537881  70.621222
  6.125000e-01  70.521637  70.604933
  6.137500e-01  70.505439  70.588689
  6.150000e-01  70.489287  70.572492
  6.162500e-01  70.473181  70.556340
  6.175000e-01  70.457121  70.540235
  6.187500e-01  70.441107  70.524175
  6.200000e-01  70.425139  70.508162
  6.212500e-01  70.409217  70.492194
  6.225000e-01  70.393341  70.476273
  6.237500e-01  70.377511  70.460398
  6.250000e-01  70.361728  70.444569
  6.262500e-01  70.345991  70.428786
  6.275000e-01  70.330301  70.413050
  6.287500e-01  70.314657  70.397360
  6.300000e-01  70.299059  70.381717
  6.312500e-01  70.283509  70.366120
  6.325000e-01  70.268005  70.350570
  6.337500e-01  70.252548  70.335067
  6.350000e-01  70.237138  70.319611
  6.362500e-01  70.221775  70.304202
  6.375000e-01  70.206460  70.288840
  6.387500e-01  70.191192  70.273525
  6.400000e-01  70.175972  70.258258
  6.412500e-01  70.160800  70.243039
  6.425000e-01  70.145676  70.227867
  6.437500e-01  70.130600  70.212744
  6.450000e-01  70.115572  70.197669
  6.462500e-01  70.100593  70.182642
  6.475000e-01  70.085663  70.167664
  6.487500e-01  70.070782  70.152734
  6.500000e-01  70.055950  70.137854
  6.512500e-01  70.041167  70.123022
  6.525000e-01  70.026434  70.108240
  6.537500e-01  70.011750  70.093508
  6.550000e-01  69.997117  70.078825
  6.562500e-01  69.982533  70.064192
  6.575000e-01  69.968000  70.049610
  6.587500e-01  69.953518  70.035077
  6.600000e-01  69.939086  70.020596
  6.612500e-01  69.924705  70.006164
  6.625000e-01  69.910375  69.991784
  6.637500e-01  69.896095  69.977454
  6.650000e-01  69.881868  69.963176
  6.662500e-01  69.867691  69.948949
  6.675000e-01  69.853566  69.934773
  6.687500e-01  69.839493  69.920649
  6.700000e-01  69.825471  69.906576
  6.712500e-01  69.811502  69.892555
  6.725000e-01  69.797584  69.878586
  6.737500e-01  69.783717  69.864669
  6.750000e-01  69.769903  69.850803
  6.762500e-01  69.756141  69.836990
  6.775000e-01  69.742431  69.823228
  6.787500e-01  69.728773  69.809519
  6.800000e-01  69.715167  69.795861
  6.812500e-01  69.701612  69.782255
  6.825000e-01  69.688110  69.768702
  6.837500e-01  69.674660  69.755200
  6.850000e-01  69.661261  69.741750
  6.862500e-01  69.647914  69.728352
  6.875000e-01  69.634619  69.715006
  6.887500e-01  69.621376  69.701711
  6.900000e-01  69.608183  69.688468
  6.912500e-01  69.595042  69.675277
  6.925000e-01  69.581953  69.662136
  6.937500e-01  69.568914  69.649047
  6.950000e-01  69.555926  69.636009
  6.962500e-01  69.542989  69.623021
  6.975000e-01  69.530102  69.610085
  6.987500e-01  69.517266  69.597199
  7.000000e-01  69.504480  69.584363
  7.012500e-01  69.491743  69.571577
  7.025000e-01  69.479057  69.558842
  7.037500e-01  69.466420  69.546156
  7.050000e-01  69.453832  69.533519
  7.062500e-01  69.441294  69.520932
  7.075000e-01  69.428804  69.508395
  7.087500e-01  69.416364  69.495906
  7.100000e-01  69.403971  69.483465
  7.112500e-01  69.391627  69.471074
  7.125000e-01  69.379331  69.458730
  7.137500e-01  69.367083  69.446435
  7.150000e-01  69.354882  69.434187
  7.162500e-01  69.342729  69.421987
  7.175000e-01  69.330623  69.409834
  7.187500e-01  69.318563  69.397729
  7.200000e-01  69.306551  69.385670
  7.212500e-01  69.294585  69.373659
  7.225000e-01  69.282665  69.361693
  7.237500e-01  69.270792  69.349775
  7.250000e-01  69.258964  69.337902
  7.262500e-01  69.247183  69.326075
  7.275000e-01  69.235447  69.314294
  7.287500e-01  69.223756  69.302559
  7.300000e-01  69.212110  69.290869
  7.312500e-01  69.200510  69.279224
  7.325000e-01  69.188954  69.267624
  7.337500e-01  69.177444  69.256070
  7.350000e-01  69.165978  69.244560
  7.362500e-01  69.154556  69.233095
  7.375000e-01  69.143179  69.221674
  7.387500e-01  69.131846  69.210298
  7.400000e-01  69.120558  69.198966
  7.412500e-01  69.109313  69.187678
  7.425000e-01  69.098112  69.176434
  7.437500e-01  69.086956  69.165235
  7.450000e-01  69.075843  69.154079
  7.462500e-01  69.064774  69.142967
  7.475000e-01  69.053749  69.131899
  7.487500e-01  69.042767  69.120874
  7.500000e-01  69.031829  69.109893
  7.512500e-01  69.020934  69.098956
  7.525000e-01  69.010083  69.088062
  7.537500e-01  68.999275  69.077212
  7.550000e-01  68.988510  69.066405
  7.562500e-01  68.977789  69.055641
  7.575000e-01  68.967111  69.044921
  7.587500e-01  68.956476  69.034244
  7.600000e-01  68.945885  69.023610
  7.612500e-01  68.935336  69.013019
  7.625000e-01  68.924831  69.002472
  7.637500e-01  68.914369  68.991968
  7.650000e-01  68.903950  68.981506
  7.662500e-01  68.893574  68.971088
  7.675000e-01  68.883240  68.960713
  7.687500e-01  68.872950  68.950380
  7.700000e-01  68.862703  68.940091
  7.712500e-01  68.852498  68.929844
  7.725000e-01  68.842336  68.919641
  7.737500e-01  68.832217  68.909479
  7.750000e-01  68.822141  68.899361
  7.762500e-01  68.812107  68.889285
  7.775000e-01  68.802115  68.879252
  7.787500e-01  68.792166  68.869261
  7.800000e-01  68.782259  68.859313
  7.812500e-01  68.772395  68.849407
  7.825000e-01  68.762572  68.839543
  7.837500e-01  68.752792  68.829722
  7.850000e-01  68.743053  68.819942
  7.862500e-01  68.733357  68.810204
  7.875000e-01  68.723702  68.800508
  7.887500e-01  68.714088  68.790854
  7.900000e-01  68.704516  68.781241
  7.912500e-01  68.694985  68.771669
  7.925000e-01  68.685495  68.762139
  7.937500e-01  68.676046  68.752650
  7.950000e-01  68.666638  68.743201
  7.962500e-01  68.657270  68.733794
  7.975000e-01  68.647943  68.724427
  7.987500e-01  68.638656  68.715101
  8.000000e-01  68.629410  68.705814
  8.012500e-01  68.620203  68.696568
  8.025000e-01  68.611035  68.687362
  8.037500e-01  68.601908  68.678195
  8.050000e-01  68.592819  68.669068
  8.062500e-01  68.583770  68.659980
  8.075000e-01  68.574759  68.650931
  8.087500e-01  68.565787  68.641921
  8.100000e-01  68.556853  68.632949
  8.112500e-01  68.547958  68.624016
  8.125000e-01  68.539100  68.615121
  8.137500e-01  68.530280  68.606264
  8.150000e-01  68.521498  68.597445
  8.162500e-01  68.512753  68.588663
  8.175000e-01  68.504045  68.579919
  8.187500e-01  68.495374  68.571211
  8.200000e-01  68.486739  68.562541
  8.212500e-01  68.478141  68.553907
  8.225000e-01  68.469579  68.545309
  8.237500e-01  68.461052  68.536747
  8.250000e-01  68.452562  68.528222
  8.262500e-01  68.444107  68.519732
  8.275000e-01  68.435687  68.511277
  8.287500e-01  68.427301  68.502857
  8.300000e-01  68.418951  68.494473
  8.312500e-01  68.410635  68.486123
  8.325000e-01  68.402354  68.477808
  8.337500e-01  68.394106  68.469527
  8.350000e-01  68.385893  68.461280
  8.362500e-01  68.377713  68.453067
  8.375000e-01  68.369567  68.444888
  8.387500e-01  68.361453  68.436742
  8.400000e-01  68.353373  68.428630
  8.412500e-01  68.345326  68.420550
  8.425000e-01  68.337312  68.412504
  8.437500e-01  68.329330  68.404490
  8.450000e-01  68.321380  68.396508
  8.462500e-01  68.313463  68.388559
  8.475000e-01  68.305577  68.380643
  8.487500e-01  68.297723  68.372758
  8.500000e-01  68.289901  68.364905
  8.512500e-01  68.282111  68.357083
  8.525000e-01  68.274352  68.349293
  8.537500e-01  68.266624  68.341535
  8.550000e-01  68.258927  68.333808
  8.562500e-01  68.251261  68.326112
  8.575000e-01  68.243626  68.318446
  8.587500e-01  68.236022  68.310812
  8.600000e-01  68.228448  68.303208
  8.612500e-01  68.220905  68.295635
  8.625000e-01  68.213392  68.288092
  8.637500e-01  68.205909  68.280580
  8.650000e-01  68.198456  68.273098
  8.662500e-01  68.191034  68.265646
  8.675000e-01  68.183641  68.258224
  8.687500e-01  68.176279  68.250832
  8.700000e-01  68.168946  68.243470
  8.712500e-01  68.161642  68.236138
  8.725000e-01  68.154369  68.228835
  8.737500e-01  68.147125  68.221562
  8.750000e-01  68.139910  68.214319
  8.762500e-01  68.132725  68.207105
  8.775000e-01  68.125569  68.199920
  8.787500e-01  68.118442  68.192765
  8.800000e-01  68.111344  68.185639
  8.812500e-01  68.104276  68.178542
  8.825000e-01  68.097236  68.171474
  8.837500e-01  68.090226  68.164435
  8.850000e-01  68.083244  68.157425
  8.862500e-01  68.076292  68.150445
  8.875000e-01  68.069368  68.143492
  8.887500e-01  68.062473  68.136569
  8.900000e-01  68.055606  68.129675
  8.912500e-01  68.048769  68.122809
  8.925000e-01  68.041959  68.115972
  8.937500e-01  68.035179  68.109163
  8.950000e-01  68.028426  68.102383
  8.962500e-01  68.021702  68.095631
  8.975000e-01  68.015007  68.088908
  8.987500e-01  68.008339  68.082213
  9.000000e-01  68.001700  68.075546
  9.012500e-01  67.995089  68.068908
  9.025000e-01  67.988506  68.062297
  9.037500e-01  67.981951  68.055715
  9.050000e-01  67.975424  68.049160
  9.062500e-01  67.968925  68.042634
  9.075000e-01  67.962453  68.036135
  9.087500e-01  67.956009  68.029664
  9.100000e-01  67.949593  68.023220
  9.112500e-01  67.943204  68.016804
  9.125000e-01  67.936842  68.010416
  9.137500e-01  67.930508  68.004055
  9.150000e-01  67.924201  67.997721
  9.162500e-01  67.917921  67.991415
  9.175000e-01  67.911668  67.985136
  9.187500e-01  67.905442  67.978883
  9.200000e-01  67.899243  67.972658
  9.212500e-01  67.893071  67.966459
  9.225000e-01  67.886925  67.960287
  9.237500e-01  67.880806  67.954142
  9.250000e-01  67.874713  67.948023
  9.262500e-01  67.868646  67.941931
  9.275000e-01  67.862606  67.935865
  9.287500e-01  67.856592  67.929825
  9.300000e-01  67.850603  67.923811
  9.312500e-01  67.844640  67.917823
  9.325000e-01  67.838703  67.911861
  9.337500e-01  67.832792  67.905924
  9.350000e-01  67.826906  67.900013
  9.362500e-01  67.821045  67.894128
  9.375000e-01  67.815209  67.888267
  9.387500e-01  67.809399  67.882432
  9.400000e-01  67.803613  67.876622
  9.412500e-01  67.797852  67.870836
  9.425000e-01  67.792115  67.865076
  9.437500e-01  67.786404  67.859340
  9.450000e-01  67.780716  67.853628
  9.462500e-01  67.775052  67.847941
  9.475000e-01  67.769413  67.842278
  9.487500e-01  67.763798  67.836639
  9.500000e-01  67.758206  67.831024
  9.512500e-01  67.752638  67.825433
  9.525000e-01  67.747093  67.819865
  9.537500e-01  67.741572  67.814321
  9.550000e-01  67.736074  67.808800
  9.562500e-01  67.730599  67.803303
  9.575000e-01  67.725147  67.797828
  9.587500e-01  67.719718  67.792377
  9.600000e-01  67.714311  67.786948
  9.612500e-01  67.708927  67.781542
  9.625000e-01  67.703565  67.776158
  9.637500e-01  67.698226  67.770796
  9.650000e-01  67.692908  67.765457
  9.662500e-01  67.687613  67.760140
  9.675000e-01  67.682339  67.754845
  9.687500e-01  67.677087  67.749572
  9.700000e-01  67.671856  67.744320
  9.712500e-01  67.666647  67.739090
  9.725000e-01  67.661459  67.733881
  9.737500e-01  67.656293  67.728694
  9.750000e-01  67.651147  67.723528
  9.762500e-01  67.646022  67.718382
  9.775000e-01  67.640918  67.713258
  9.787500e-01  67.635835  67.708154
  9.800000e-01  67.630772  67.703071
  9.812500e-01  67.625729  67.698009
  9.825000e-01  67.620707  67.692967
  9.837500e-01  67.615705  67.687945
  9.850000e-01  67.610723  67.682944
  9.862500e-01  67.605761  67.677962
  9.875000e-01  67.600819  67.673000
  9.887500e-01  67.595896  67.668059
  9.900000e-01  67.590994  67.663137
  9.912500e-01  67.586110  67.658234
  9.925000e-01  67.581246  67.653351
  9.937500e-01  67.576402  67.648488
  9.950000e-01  67.571576  67.643643
  9.962500e-01  67.566770  67.638818
  9.975000e-01  67.561982  67.634012
  9.987500e-01  67.557214  67.629226
  1.000000e+00  67.552464  67.624458
  1.001250e+00  67.547734  67.619708
  1.002500e+00  67.543021  67.614978
  1.003750e+00  67.538328  67.610266
  1.005000e+00  67.533653  67.605573
  1.006250e+00  67.528996  67.600898
  1.007500e+00  67.524358  67.596242
  1.008750e+00  67.519738  67.591604
  1.010000e+00  67.515136  67.586984
  1.011250e+00  67.510552  67.582383
  1.012500e+00  67.505986  67.577800
  1.013750e+00  67.501438  67.573234
  1.015000e+00  67.496908  67.568687
  1.016250e+00  67.492396  67.564157
  1.017500e+00  67.487902  67.559646
  1.018750e+00  67.483425  67.555152
  1.020000e+00  67.478966  67.550676
  1.021250e+00  67.474525  67.546217
  1.022500e+00  67.470101  67.541776
  1.023750e+00  67.465695  67.537353
  1.025000e+00  67.461306  67.532947
  1.026250e+00  67.456934  67.528558
  1.027500e+00  67.452580  67.524187
  1.028750e+00  67.448243  67.519833
  1.030000e+00  67.443923  67.515496
  1.031250e+00  67.439620  67.511177
  1.032500e+00  67.435335  67.506875
  1.033750e+00  67.431066  67.502589
  1.035000e+00  67.426815  67.498321
  1.036250e+00  67.422580  67.494070
  1.037500e+00  67.418362  67.489836
  1.038750e+00  67.414162  67.485619
  1.040000e+00  67.409978  67.481418
  1.041250e+00  67.405810  67.477235
  1.042500e+00  67.401660  67.473068
  1.043750e+00  67.397526  67.468918
  1.045000e+00  67.393409  67.464785
  1.046250e+00  67.389309  67.460668
  1.047500e+00  67.385225  67.456568
  1.048750e+00  67.381157  67.452484
  1.050000e+00  67.377106  67.448417
  1.051250e+00  67.373072  67.444366
  1.052500e+00  67.369053  67.440332
  1.053750e+00  67.365052  67.436314
  1.055000e+00  67.361066  67.432313
  1.056250e+00  67.357097  67.428328
  1.057500e+00  67.353144  67.424359
  1.058750e+00  67.349207  67.420406
  1.060000e+00  67.345286  67.416470
  1.061250e+00  67.341381  67.412549
  1.062500e+00  67.337493  67.408645
  1.063750e+00  67.333620  67.404756
  1.065000e+00  67.329763  67.400884
  1.066250e+00  67.325922  67.397028
  1.067500e+00  67.322097  67.393187
  1.068750e+00  67.318288  67.389362
  1.070000e+00  67.314494  67.385553
  1.071250e+00  67.310716  67.381760
  1.072500e+00  67.306954  67.377983
  1.073750e+00  67.303208  67.374221
  1.075000e+00  67.299477  67.370475
  1.076250e+00  67.295761  67.366744
  1.077500e+00  67.292061  67.363029
  1.078750e+00  67.288376  67.359329
  1.080000e+00  67.284707  67.355644
  1.081250e+00  67.281053  67.351975
  1.082500e+00  67.277414  67.348322
  1.083750e+00  67.273790  67.344683
  1.085000e+00  67.270181  67.341060
  1.086250e+00  67.266588  67.337451
  1.087500e+00  67.263009  67.333858
  1.088750e+00  67.259446  67.330280
  1.090000e+00  67.255897  67.326716
  1.091250e+00  67.252363  67.323168
  1.092500e+00  67.248844  67.319634
  1.093750e+00  67.245339  67.316115
  1.095000e+00  67.241849  67.312611
  1.096250e+00  67.238374  67.309122
  1.097500e+00  67.234913  67.305646
  1.098750e+00  67.231467  67.302186
  1.100000e+00  67.228035  67.298740
  1.101250e+00  67.224617  67.295308
  1.102500e+00  67.221213  67.291891
  1.103750e+00  67.217824  67.288488
  1.105000e+00  67.214449  67.285099
  1.106250e+00  67.211088  67.281724
  1.107500e+00  67.207741  67.278363
  1.108750e+00  67.204407  67.275016
  1.110000e+00  67.201088  67.271683
  1.111250e+00  67.197782  67.268364
  1.112500e+00  67.194490  67.265058
  1.113750e+00  67.191212  67.261767
  1.115000e+00  67.187947  67.258489
  1.116250e+00  67.184696  67.255224
  1.117500e+00  67.181458  67.251973
  1.118750e+00  67.178234  67.248736
  1.120000e+00  67.175022  67.245512
  1.121250e+00  67.171824  67.242301
  1.122500e+00  67.168639  67.239103
  1.123750e+00  67.165467  67.235918
  1.125000e+00  67.162309  67.232747
  1.126250e+00  67.159163  67.229588
  1.127500e+00  67.156030  67.226442
  1.128750e+00  67.152909  67.223310
  1.130000e+00  67.149802  67.220190
  1.131250e+00  67.146707  67.217082
  1.132500e+00  67.143624  67.213988
  1.133750e+00  67.140554  67.210905
  1.135000e+00  67.137497  67.207836
  1.136250e+00  67.134452  67.204779
  1.137500e+00  67.131419  67.201734
  1.138750e+00  67.128398  67.198701
  1.140000e+00  67.125389  67.195681
  1.141250e+00  67.122393  67.192672
  1.142500e+00  67.119408  67.189676
  1.143750e+00  67.116436  67.186692
  1.145000e+00  67.113475  67.183719
  1.146250e+00  67.110526  67.180759
  1.147500e+00  67.107589  67.177810
  1.148750e+00  67.104663  67.174873
  1.150000e+00  67.101749  67.171948
  1.151250e+00  67.098846  67.169034
  1.152500e+00  67.095955  67.166131
  1.153750e+00  67.093075  67.163240
  1.155000e+00  67.090207  67.160361
  1.156250e+00  67.087349  67.157493
  1.157500e+00  67.084503  67.154636
  1.158750e+00  67.081668  67.151790
  1.160000e+00  67.078844  67.148955
  1.161250e+00  67.076031  67.146131
  1.162500e+00  67.073229  67.143318
  1.163750e+00  67.070437  67.140516
  1.165000e+00  67.067656  67.137725
  1.166250e+00  67.064886  67.134944
  1.167500e+00  67.062127  67.132175
  1.168750e+00  67.059378  67.129416
  1.170000e+00  67.056640  67.126667
  1.171250e+00  67.053912  67.123929
  1.172500e+00  67.051195  67.121202
  1.173750e+00  67.048488  67.118484
  1.175000e+00  67.045791  67.115777
  1.176250e+00  67.043104  67.113081
  1.177500e+00  67.040427  67.110394
  1.178750e+00  67.037761  67.107718
  1.180000e+00  67.035104  67.105052
  1.181250e+00  67.032458  67.102396
  1.182500e+00  67.029821  67.099749
  1.183750e+00  67.027195  67.097113
  1.185000e+00  67.024578  67.094486
  1.186250e+00  67.021970  67.091870
  1.187500e+00  67.019373  67.089263
  1.188750e+00  67.016785  67.086665
  1.190000e+00  67.014207  67.084078
  1.191250e+00  67.011638  67.081500
  1.192500e+00  67.009078  67.078931
  1.193750e+00  67.006528  67.076372
  1.195000e+00  67.003988  67.073822
  1.196250e+00  67.001457  67.071282
  1.197500e+00  66.998935  67.068751
  1.198750e+00  66.996422  67.066229
  1.200000e+00  66.993918  67.063717
  1.201250e+00  66.991424  67.061213
  1.202500e+00  66.988938  67.058719
  1.203750e+00  66.986462  67.056234
  1.205000e+00  66.983995  67.053758
  1.206250e+00  66.981536  67.051291
  1.207500e+00  66.979086  67.048832
  1.208750e+00  66.976646  67.046383
  1.210000e+00  66.974214  67.043943
  1.211250e+00  66.971791  67.041511
  1.212500e+00  66.969376  67.039088
  1.213750e+00  66.966970  67.036674
  1.215000e+00  66.964573  67.034268
  1.216250e+00  66.962185  67.031871
  1.217500e+00  66.959805  67.029483
  1.218750e+00  66.957433  67.027103
  1.220000e+00  66.955070  67.024732
  1.221250e+00  66.952715  67.022369
  1.222500e+00  66.950369  67.020015
  1.223750e+00  66.948031  67.017669
  1.225000e+00  66.945702  67.015331
  1.226250e+00  66.943381  67.013002
  1.227500e+00  66.941068  67.010681
  1.228750e+00  66.938763  67.008368
  1.230000e+00  66.936466  67.006063
  1.231250e+00  66.934178  67.003767
  1.232500e+00  66.931897  67.001479
  1.233750e+00  66.929625  66.999199
  1.235000e+00  66.927361  66.996926
  1.236250e+00  66.925105  66.994662
  1.237500e+00  66.922856  66.992406
  1.238750e+00  66.920616  66.990158
  1.240000e+00  66.918384  66.987918
  1.241250e+00  66.916159  66.985686
  1.242500e+00  66.913942  66.983462
  1.243750e+00  66.911733  66.981245
  1.245000e+00  66.909532  66.979037
  1.246250e+00  66.907339  66.976836
  1.247500e+00  66.905153  66.974643
  1.248750e+00  66.902975  66.972457
  1.250000e+00  66.900805  66.970280
  1.251250e+00  66.898643  66.968109
  1.252500e+00  66.896488  66.965947
  1.253750e+00  66.894340  66.963792
  1.255000e+00  66.892201  66.961645
  1.256250e+00  66.890068  66.959506
  1.257500e+00  66.887943  66.957373
  1.258750e+00  66.885826  66.955249
  1.260000e+00  66.883716  66.953132
  1.261250e+00  66.881614  66.951022
  1.262500e+00  66.879519  66.948920
  1.263750e+00  66.877431  66.946825
  1.265000e+00  66.875351  66.944738
  1.266250e+00  66.873278  66.942658
  1.267500e+00  66.871212  66.940585
  1.268750e+00  66.869154  66.938519
  1.270000e+00  66.867103  66.936461
  1.271250e+00  66.865059  66.934410
  1.272500e+00  66.863022  66.932367
  1.273750e+00  66.860993  66.930330
  1.275000e+00  66.858970  66.928301
  1.276250e+00  66.856955  66.926279
  1.277500e+00  66.854947  66.924263
  1.278750e+00  66.852946  66.922256
  1.280000e+00  66.850952  66.920255
  1.281250e+00  66.848965  66.918261
  1.282500e+00  66.846985  66.916274
  1.283750e+00  66.845012  66.914294
  1.285000e+00  66.843046  66.912322
  1.286250e+00  66.841087  66.910356
  1.287500e+00  66.839135  66.908397
  1.288750e+00  66.837190  66.906445
  1.290000e+00  66.835252  66.904500
  1.291250e+00  66.833320  66.902562
  1.292500e+00  66.831395  66.900631
  1.293750e+00  66.829478  66.898706
  1.295000e+00  66.827567  66.896788
  1.296250e+00  66.825662  66.894878
  1.297500e+00  66.823765  66.892974
  1.298750e+00  66.821874  66.891076
  1.300000e+00  66.819990  66.889186
  1.301250e+00  66.818112  66.887302
  1.302500e+00  66.816242  66.885424
  1.303750e+00  66.814378  66.883554
  1.305000e+00  66.812520  66.881690
  1.306250e+00  66.810669  66.879832
  1.307500e+00  66.808825  66.877982
  1.308750e+00  66.806987  66.876137
  1.310000e+00  66.805155  66.874300
  1.311250e+00  66.803331  66.872469
  1.312500e+00  66.801512  66.870644
  1.313750e+00  66.799700  66.868826
  1.315000e+00  66.797895  66.867014
  1.316250e+00  66.796096  66.865209
  1.317500e+00  66.794303  66.863410
  1.318750e+00  66.792517  66.861617
  1.320000e+00  66.790737  66.859831
  1.321250e+00  66.788963  66.858051
  1.322500e+00  66.787196  66.856278
  1.323750e+00  66.785435  66.854510
  1.325000e+00  66.783680  66.852749
  1.326250e+00  66.781931  66.850995
  1.327500e+00  66.780189  66.849246
  1.328750e+00  66.778453  66.847504
  1.330000e+00  66.776723  66.845768
  1.331250e+00  66.774999  66.844038
  1.332500e+00  66.773281  66.842314
  1.333750e+00  66.771569  66.840597
  1.335000e+00  66.769863  66.838885
  1.336250e+00  66.768164  66.837179
  1.337500e+00  66.766470  66.835480
  1.338750e+00  66.764782  66.833786
  1.340000e+00  66.763101  66.832099
  1.341250e+00  66.761425  66.830417
  1.342500e+00  66.759755  66.828742
  1.343750e+00  66.758092  66.827072
  1.345000e+00  66.756434  66.825409
  1.346250e+00  66.754781  66.823751
  1.347500e+00  66.753135  66.822099
  1.348750e+00  66.751495  66.820453
  1.350000e+00  66.749860  66.818812
  1.351250e+00  66.748231  66.817178
  1.352500e+00  66.746608  66.815549
  1.353750e+00  66.744990  66.813926
  1.355000e+00  66.743379  66.812308
  1.356250e+00  66.741773  66.810697
  1.357500e+00  66.740172  66.809091
  1.358750e+00  66.738577  66.807491
  1.360000e+00  66.736988  66.805896
  1.361250e+00  66.735404  66.804307
  1.362500e+00  66.733826  66.802723
  1.363750e+00  66.732254  66.801145
  1.365000e+00  66.730687  66.799573
  1.366250e+00  66.729125  66.798006
  1.367500e+00  66.727569  66.796444
  1.368750e+00  66.726018  66.794888
  1.370000e+00  66.724473  66.793338
  1.371250e+00  66.722933  66.791793
  1.372500e+00  66.721398  66.790253
  1.373750e+00  66.719869  66.788718
  1.375000e+00  66.718345  66.787189
  1.376250e+00  66.716827  66.785665
  1.377500e+00  66.715313  66.784147
  1.378750e+00  66.713805  66.782634
  1.380000e+00  66.712302  66.781126
  1.381250e+00  66.710805  66.779623
  1.382500e+00  66.709312  66.778126
  1.383750e+00  66.707825  66.776633
  1.385000e+00  66.706343  66.775146
  1.386250e+00  66.704866  66.773664
  1.387500e+00  66.703394  66.772187
  1.388750e+00  66.701927  66.770715
  1.390000e+00  66.700465  66.769248
  1.391250e+00  66.699008  66.767786
  1.392500e+00  66.697556  66.766329
  1.393750e+00  66.696109  66.764878
  1.395000e+00  66.694667  66.763431
  1.396250e+00  66.693230  66.761989
  1.397500e+00  66.691798  66.760552
  1.398750e+00  66.690370  66.759120
  1.400000e+00  66.688948  66.757692
  1.401250e+00  66.687530  66.756270
  1.402500e+00  66.686117  66.754852
  1.403750e+00  66.684709  66.753440
  1.405000e+00  66.683306  66.752032
  1.406250e+00  66.681907  66.750628
  1.407500e+00  66.680513  66.749230
  1.408750e+00  66.679124  66.747836
  1.410000e+00  66.677740  66.746447
  1.411250e+00  66.676360  66.745063
  1.412500e+00  66.674984  66.743683
  1.413750e+00  66.673614  66.742308
  1.415000e+00  66.672248  66.740937
  1.416250e+00  66.670886  66.739571
  1.417500e+00  66.669529  66.738210
  1.418750e+00  66.668177  66.736853
  1.420000e+00  66.666829  66.735500
  1.421250e+00  66.665485  66.734153
  1.422500e+00  66.664146  66.732809
  1.423750e+00  66.662811  66.731470
  1.425000e+00  66.661481  66.730136
  1.426250e+00  66.660155  66.728805
  1.427500e+00  66.658834  66.727480
  1.428750e+00  66.657517  66.726158
  1.430000e+00  66.656204  66.724841
  1.431250e+00  66.654895  66.723528
  1.432500e+00  66.653591  66.722220
  1.433750e+00  66.652291  66.720916
  1.435000e+00  66.650995  66.719616
  1.436250e+00  66.649704  66.718320
  1.437500e+00  66.648416  66.717029
  1.438750e+00  66.647133  66.715741
  1.440000e+00  66.645854  66.714458
  1.441250e+00  66.644579  66.713179
  1.442500e+00  66.643308  66.711904
  1.443750e+00  66.642041  66.710634
  1.445000e+00  66.640779  66.709367
  1.446250e+00  66.639520  66.708104
  1.447500e+00  66.638266  66.706846
  1.448750e+00  66.637015  66.705592
  1.450000e+00  66.635769  66.704341
  1.451250e+00  66.634526  66.703095
  1.452500e+00  66.633287  66.701852
  1.453750e+00  66.632053  66.700614
  1.455000e+00  66.630822  66.699379
  1.456250e+00  66.629595  66.698148
  1.457500e+00  66.628372  66.696921
  1.458750e+00  66.627153  66.695699
  1.460000e+00  66.625938  66.694480
  1.461250e+00  66.624726  66.693264
  1.462500e+00  66.623518  66.692053
  1.463750e+00  66.622315  66.690845
  1.465000e+00  66.621115  66.689642
  1.466250e+00  66.619918  66.688442
  1.467500e+00  66.618726  66.687245
  1.468750e+00  66.617537  66.686053
  1.470000e+00  66.616351  66.684864
  1.471250e+00  66.615170  66.683679
  1.472500e+00  66.613992  66.682497
  1.473750e+00  66.612818  66.681319
  1.475000e+00  66.611647  66.680145
  1.476250e+00  66.610480  66.678975
  1.477500e+00  66.609317  66.677808
  1.478750e+00  66.608157  66.676645
  1.480000e+00  66.607001  66.675485
  1.481250e+00  66.605848  66.674329
  1.482500e+00  66.604699  66.673176
  1.483750e+00  66.603553  66.672027
  1.485000e+00  66.602411  66.670881
  1.486250e+00  66.601272  66.669739
  1.487500e+00  66.600137  66.668601
  1.488750e+00  66.599005  66.667465
  1.490000e+00  66.597877  66.666334
  1.491250e+00  66.596752  66.665205
  1.492500e+00  66.595630  66.664081
  1.493750e+00  66.594512  66.662959
  1.495000e+00  66.593397  66.661841
  1.496250e+00  66.592286  66.660726
  1.497500e+00  66.591178  66.659615
  1.498750e+00  66.590073  66.658507
  1.500000e+00  66.588972  66.657402
  1.501250e+00  66.587874  66.656301
  1.502500e+00  66.586779  66.655203
  1.503750e+00  66.585687  66.654108
  1.505000e+00  66.584599  66.653016
  1.506250e+00  66.583513  66.651928
  1.507500e+00  66.582432  66.650843
  1.508750e+00  66.581353  66.649761
  1.510000e+00  66.580277  66.648683
  1.511250e+00  66.579205  66.647607
  1.512500e+00  66.578136  66.646535
  1.513750e+00  66.577070  66.645466
  1.515000e+00  66.576007  66.644400
  1.516250e+00  66.574947  66.643337
  1.517500e+00  66.573891  66.642277
  1.518750e+00  66.572837  66.641221
  1.520000e+00  66.571787  66.640167
  1.521250e+00  66.570739  66.639117
  1.522500e+00  66.569695  66.638070
  1.523750e+00  66.568654  66.637026
  1.525000e+00  66.567616  66.635984
  1.526250e+00  66.566580  66.634946
  1.527500e+00  66.565548  66.633911
  1.528750e+00  66.564519  66.632879
  1.530000e+00  66.563493  66.631850
  1.531250e+00  66.562470  66.630824
  1.532500e+00  66.561450  66.629801
  1.533750e+00  66.560432  66.628781
  1.535000e+00  66.559418  66.627763
  1.536250e+00  66.558407  66.626749
  1.537500e+00  66.557398  66.625738
  1.538750e+00  66.556392  66.624729
  1.540000e+00  66.555390  66.623724
  1.541250e+00  66.554390  66.622721
  1.542500e+00  66.553393  66.621721
  1.543750e+00  66.552399  66.620725
  1.545000e+00  66.551408  66.619731
  1.546250e+00  66.550419  66.618739
  1.547500e+00  66.549434  66.617751
  1.548750e+00  66.548451  66.616766
  1.550000e+00  66.547471  66.615783
  1.551250e+00  66.546494  66.614803
  1.552500e+00  66.545520  66.613826
  1.553750e+00  66.544548  66.612852
  1.555000e+00  66.543580  66.611880
  1.556250e+00  66.542614  66.610912
  1.557500e+00  66.541650  66.609946
  1.558750e+00  66.540690  66.608983
  1.560000e+00  66.539732  66.608022
  1.561250e+00  66.538777  66.607064
  1.562500e+00  66.537825  66.606109
  1.563750e+00  66.536875  66.605157
  1.565000e+00  66.535928  66.604207
  1.566250e+00  66.534984  66.603261
  1.567500e+00  66.534042  66.602316
  1.568750e+00  66.533103  66.601375
  1.570000e+00  66.532167  66.600436
  1.571250e+00  66.531233  66.599500
  1.572500e+00  66.530302  66.598566
  1.573750e+00  66.529374  66.597635
  1.575000e+00  66.528448  66.596707
  1.576250e+00  66.527525  66.595781
  1.577500e+00  66.526604  66.594858
  1.578750e+00  66.525686  66.593938
  1.580000e+00  66.524771  66.593020
  1.581250e+00  66.523858  66.592104
  1.582500e+00  66.522948  66.591192
  1.583750e+00  66.522040  66.590281
  1.585000e+00  66.521135  66.589374
  1.586250e+00  66.520232  66.588469
  1.587500e+00  66.519332  66.587566
  1.588750e+00  66.518435  66.586666
  1.590000e+00  66.517540  66.585769
  1.591250e+00  66.516647  66.584874
  1.592500e+00  66.515757  66.583981
  1.593750e+00  66.514870  66.583091
  1.595000e+00  66.513985  66.582204
  1.596250e+00  66.513102  66.581319
  1.597500e+00  66.512222  66.580437
  1.598750e+00  66.511345  66.579557
  1.600000e+00  66.510470  66.578679
  1.601250e+00  66.509597  66.577804
  1.602500e+00  66.508727  66.576931
  1.603750e+00  66.507859  66.576061
  1.605000e+00  66.506993  66.575193
  1.606250e+00  66.506130  66.574328
  1.607500e+00  66.505270  66.573465
  1.608750e+00  66.504412  66.572605
  1.610000e+00  66.503556  66.571747
  1.611250e+00  66.502703  66.570891
  1.612500e+00  66.501852  66.570038
  1.613750e+00  66.501003  66.569187
  1.615000e+00  66.500157  66.568338
  1.616250e+00  66.499313  66.567492
  1.617500e+00  66.498472  66.566648
  1.618750e+00  66.497633  66.565807
  1.620000e+00  66.496796  66.564968
  1.621250e+00  66.495961  66.564131
  1.622500e+00  66.495129  66.563297
  1.623750e+00  66.494299  66.562465
  1.625000e+00  66.493472  66.561635
  1.626250e+00  66.492647  66.560808
  1.627500e+00  66.491824  66.559983
  1.628750e+00  66.491003  66.559160
  1.630000e+00  66.490185  66.558339
  1.631250e+00  66.489369  66.557521
  1.632500e+00  66.488555  66.556705
  1.633750e+00  66.487744  66.555891
  1.635000e+00  66.486935  66.555080
  1.636250e+00  66.486128  66.554271
  1.637500e+00  66.485323  66.553464
  1.638750e+00  66.484521  66.552660
  1.640000e+00  66.483721  66.551857
  1.641250e+00  66.482923  66.551057
  1.642500e+00  66.482127  66.550259
  1.643750e+00  66.481334  66.549464
  1.645000e+00  66.480543  66.548670
  1.646250e+00  66.479754  66.547879
  1.647500e+00  66.478967  66.547090
  1.648750e+00  66.478182  66.546303
  1.650000e+00  66.477400  66.545519
  1.651250e+00  66.476619  66.544736
  1.652500e+00  66.475841  66.543956
  1.653750e+00  66.475066  66.543178
  1.655000e+00  66.474292  66.542402
  1.656250e+00  66.473520  66.541629
  1.657500e+00  66.472751  66.540857
  1.658750e+00  66.471984  66.540088
  1.660000e+00  66.471219  66.539321
  1.661250e+00  66.470456  66.538556
  1.662500e+00  66.469695  66.537793
  1.663750e+00  66.468936  66.537032
  1.665000e+00  66.468180  66.536274
  1.666250e+00  66.467425  66.535517
  1.667500e+00  66.466673  66.534763
  1.668750e+00  66.465923  66.534010
  1.670000e+00  66.465175  66.533260
  1.671250e+00  66.464429  66.532512
  1.672500e+00  66.463685  66.531766
  1.673750e+00  66.462943  66.531022
  1.675000e+00  66.462203  66.530281
  1.676250e+00  66.461465  66.529541
  1.677500e+00  66.460730  66.528803
  1.678750e+00  66.459996  66.528068
  1.680000e+00  66.459265  66.527334
  1.681250e+00  66.458535  66.526603
  1.682500e+00  66.457808  66.525873
  1.683750e+00  66.457082  66.525146
  1.685000e+00  66.456359  66.524421
  1.686250e+00  66.455638  66.523697
  1.687500e+00  66.454919  66.522976
  1.688750e+00  66.454201  66.522257
  1.690000e+00  66.453486  66.521540
  1.691250e+00  66.452773  66.520825
  1.692500e+00  66.452062  66.520111
  1.693750e+00  66.451352  66.519400
  1.695000e+00  66.450645  66.518691
  1.696250e+00  66.449940  66.517984
  1.697500e+00  66.449237  66.517279
  1.698750e+00  66.448535  66.516575
  1.700000e+00  66.447836  66.515874
  1.701250e+00  66.447139  66.515175
  1.702500e+00  66.446443  66.514478
  1.703750e+00  66.445750  66.513782
  1.705000e+00  66.445058  66.513089
  1.706250e+00  66.444369  66.512397
  1.707500e+00  66.443681  66.511708
  1.708750e+00  66.442995  66.511020
  1.710000e+00  66.442311  66.510334
  1.711250e+00  66.441630  66.509651
  1.712500e+00  66.440950  66.508969
  1.713750e+00  66.440272  66.508289
  1.715000e+00  66.439595  66.507611
  1.716250e+00  66.438921  66.506935
  1.717500e+00  66.438249  66.506261
  1.718750e+00  66.437578  66.505588
  1.720000e+00  66.436910  66.504918
  1.721250e+00  66.436243  66.504249
  1.722500e+00  66.435578  66.503583
  1.723750e+00  66.434915  66.502918
  1.725000e+00  66.434254  66.502255
  1.726250e+00  66.433595  66.501594
  1.727500e+00  66.432937  66.500935
  1.728750e+00  66.432282  66.500277
  1.730000e+00  66.431628  66.499622
  1.731250e+00  66.430976  66.498968
  1.732500e+00  66.430326  66.498316
  1.733750e+00  66.429678  66.497666
  1.735000e+00  66.429032  66.497018
  1.736250e+00  66.428387  66.496372
  1.737500e+00  66.427744  66.495727
  1.738750e+00  66.427103  66.495085
  1.740000e+00  66.426464  66.494444
  1.741250e+00  66.425827  66.493804
  1.742500e+00  66.425191  66.493167
  1.743750e+00  66.424557  66.492531
  1.745000e+00  66.423925  66.491898
  1.746250e+00  66.423295  66.491266
  1.747500e+00  66.422666  66.490635
  1.748750e+00  66.422039  66.490007
  1.750000e+00  66.421414  66.489380
  1.751250e+00  66.420791  66.488755
  1.752500e+00  66.420169  66.488132
  1.753750e+00  66.419550  66.487510
  1.755000e+00  66.418932  66.486891
  1.756250e+00  66.418315  66.486273
  1.757500e+00  66.417701  66.485656
  1.758750e+00  66.417088  66.485042
  1.760000e+00  66.416476  66.484429
  1.761250e+00  66.415867  66.483818
  1.762500e+00  66.415259  66.483208
  1.763750e+00  66.414653  66.482600
  1.765000e+00  66.414049  66.481994
  1.766250e+00  66.413446  66.481390
  1.767500e+00  66.412845  66.480787
  1.768750e+00  66.412245  66.480186
  1.770000e+00  66.411648  66.479587
  1.771250e+00  66.411052  66.478989
  1.772500e+00  66.410457  66.478393
  1.773750e+00  66.409865  66.477799
  1.775000e+00  66.409273  66.477206
  1.776250e+00  66.408684  66.476615
  1.777500e+00  66.408096  66.476026
  1.778750e+00  66.407510  66.475438
  1.780000e+00  66.406925  66.474852
  1.781250e+00  66.406343  66.474267
  1.782500e+00  66.405761  66.473684
  1.783750e+00  66.405181  66.473103
  1.785000e+00  66.404603  66.472523
  1.786250e+00  66.404027  66.471945
  1.787500e+00  66.403452  66.471369
  1.788750e+00  66.402879  66.470794
  1.790000e+00  66.402307  66.470221
  1.791250e+00  66.401737  66.469649
  1.792500e+00  66.401168  66.469079
  1.793750e+00  66.400601  66.468510
  1.795000e+00  66.400036  66.467943
  1.796250e+00  66.399472  66.467378
  1.797500e+00  66.398909  66.466814
  1.798750e+00  66.398349  66.466252
  1.800000e+00  66.397789  66.465691
  1.801250e+00  66.397232  66.465132
  1.802500e+00  66.396675  66.464574
  1.803750e+00  66.396121  66.464018
  1.805000e+00  66.395568  66.463463
  1.806250e+00  66.395016  66.462910
  1.807500e+00  66.394466  66.462359
  1.808750e+00  66.393917  66.461808
  1.810000e+00  66.393370  66.461260
  1.811250e+00  66.392825  66.460713
  1.812500e+00  66.392280  66.460167
  1.813750e+00  66.391738  66.459623
  1.815000e+00  66.391197  66.459081
  1.816250e+00  66.390657  66.458539
  1.817500e+00  66.390119  66.458000
  1.818750e+00  66.389582  66.457462
  1.820000e+00  66.389047  66.456925
  1.821250e+00  66.388513  66.456390
  1.822500e+00  66.387981  66.455856
  1.823750e+00  66.387450  66.455324
  1.825000e+00  66.386920  66.454793
  1.826250e+00  66.386392  66.454263
  1.827500e+00  66.385865  66.453735
  1.828750e+00  66.385340  66.453209
  1.830000e+00  66.384817  66.452683
  1.831250e+00  66.384294  66.452160
  1.832500e+00  66.383773  66.451637
  1.833750e+00  66.383254  66.451116
  1.835000e+00  66.382736  66.450597
  1.836250e+00  66.382219  66.450079
  1.837500e+00  66.381703  66.449562
  1.838750e+00  66.381190  66.449047
  1.840000e+00  66.380677  66.448533
  1.841250e+00  66.380166  66.448020
  1.842500e+00  66.379656  66.447509
  1.843750e+00  66.379147  66.446999
  1.845000e+00  66.378640  66.446491
  1.846250e+00  66.378135  66.445984
  1.847500e+00  66.377630  66.445478
  1.848750e+00  66.377127  66.444974
  1.850000e+00  66.376625  66.444471
  1.851250e+00  66.376125  66.443969
  1.852500e+00  66.375626  66.443469
  1.853750e+00  66.375128  66.442970
  1.855000e+00  66.374632  66.442472
  1.856250e+00  66.374137  66.441976
  1.857500e+00  66.373643  66.441481
  1.858750e+00  66.373151  66.440987
  1.860000e+00  66.372660  66.440495
  1.861250e+00  66.372170  66.440004
  1.862500e+00  66.371681  66.439514
  1.863750e+00  66.371194  66.439025
  1.865000e+00  66.370708  66.438538
  1.866250e+00  66.370223  66.438052
  1.867500e+00  66.369740  66.437567
  1.868750e+00  66.369258  66.437084
  1.870000e+00  66.368777  66.436602
  1.871250e+00  66.368298  66.436121
  1.872500e+00  66.367819  66.435642
  1.873750e+00  66.367342  66.435163
  1.875000e+00  66.366866  66.434686
  1.876250e+00  66.366392  66.434211
  1.877500e+00  66.365918  66.433736
  1.878750e+00  66.365446  66.433263
  1.880000e+00  66.364975  66.432791
  1.881250e+00  66.364506  66.432320
  1.882500e+00  66.364037  66.431850
  1.883750e+00  66.363570  66.431382
  1.885000e+00  66.363104  66.430915
  1.886250e+00  66.362639  66.430449
  1.887500e+00  66.362176  66.429984
  1.888750e+00  66.361714  66.429520
  1.890000e+00  66.361252  66.429058
  1.891250e+00  66.360792  66.428597
  1.892500e+00  66.360334  66.428137
  1.893750e+00  66.359876  66.427678
  1.895000e+00  66.359420  66.427221
  1.896250e+00  66.358964  66.426764
  1.897500e+00  66.358510  66.426309
  1.898750e+00  66.358057  66.425855
  1.900000e+00  66.357606  66.425402
  1.901250e+00  66.357155  66.424950
  1.902500e+00  66.356706  66.424500
  1.903750e+00  66.356257  66.424050
  1.905000e+00  66.355810  66.423602
  1.906250e+00  66.355364  66.423155
  1.907500e+00  66.354919  66.422709
  1.908750e+00  66.354476  66.422264
  1.910000e+00  66.354033  66.421821
  1.911250e+00  66.353592  66.421378
  1.912500e+00  66.353151  66.420937
  1.913750e+00  66.352712  66.420496
  1.915000e+00  66.352274  66.420057
  1.916250e+00  66.351837  66.419619
  1.917500e+00  66.351401  66.419182
  1.918750e+00  66.350966  66.418746
  1.920000e+00  66.350533  66.418311
  1.921250e+00  66.350100  66.417878
  1.922500e+00  66.349668  66.417445
  1.923750e+00  66.349238  66.417014
  1.925000e+00  66.348809  66.416583
  1.926250e+00  66.348380  66.416154
  1.927500e+00  66.347953  66.415726
  1.928750e+00  66.347527  66.415298
  1.930000e+00  66.347102  66.414872
  1.931250e+00  66.346678  66.414447
  1.932500e+00  66.346255  66.414023
  1.933750e+00  66.345833  66.413600
  1.935000e+00  66.345412  66.413178
  1.936250e+00  66.344993  66.412758
  1.937500e+00  66.344574  66.412338
  1.938750e+00  66.344156  66.411919
  1.940000e+00  66.343739  66.411501
  1.941250e+00  66.343324  66.411085
  1.942500e+00  66.342909  66.410669
  1.943750e+00  66.342496  66.410254
  1.945000e+00  66.342083  66.409841
  1.946250e+00  66.341671  66.409428
  1.947500e+00  66.341261  66.409017
  1.948750e+00  66.340851  66.408606
  1.950000e+00  66.340443  66.408197
  1.951250e+00  66.340035  66.407788
  1.952500e+00  66.339629  66.407381
  1.953750e+00  66.339223  66.406974
  1.955000e+00  66.338819  66.406569
  1.956250e+00  66.338415  66.406164
  1.957500e+00  66.338012  66.405761
  1.958750e+00  66.337611  66.405358
  1.960000e+00  66.337210  66.404956
  1.961250e+00  66.336811  66.404556
  1.962500e+00  66.336412  66.404156
  1.963750e+00  66.336014  66.403758
  1.965000e+00  66.335618  66.403360
  1.966250e+00  66.335222  66.402963
  1.967500e+00  66.334827  66.402567
  1.968750e+00  66.334433  66.402173
  1.970000e+00  66.334040  66.401779
  1.971250e+00  66.333648  66.401386
  1.972500e+00  66.333257  66.400994
  1.973750e+00  66.332867  66.400603
  1.975000e+00  66.332478  66.400213
  1.976250e+00  66.332090  66.399824
  1.977500e+00  66.331702  66.399435
  1.978750e+00  66.331316  66.399048
  1.980000e+00  66.330930  66.398662
  1.981250e+00  66.330546  66.398276
  1.982500e+00  66.330162  66.397892
  1.983750e+00  66.329780  66.397508
  1.985000e+00  66.329398  66.397126
  1.986250e+00  66.329017  66.396744
  1.987500e+00  66.328637  66.396363
  1.988750e+00  66.328258  66.395983
  1.990000e+00  66.327880  66.395604
  1.991250e+00  66.327502  66.395226
  1.992500e+00  66.327126  66.394848
  1.993750e+00  66.326751  66.394472
  1.995000e+00  66.326376  66.394097
  1.996250e+00  66.326002  66.393722
  1.997500e+00  66.325629  66.393348
  1.998750e+00  66.325257  66.392975
  2.000000e+00  66.324886  66.392603
