  5.000000e-03  7.92410692 29.02380778 
  7.500000e-03  7.92410692 29.02393799 
  1.000000e-02  7.92410692 29.02403983 
  1.250000e-02  7.92410692 29.02413588 
  1.500000e-02  7.92410692 29.02423062 
  1.750000e-02  7.92410692 29.02432447 
  2.000000e-02  7.92410692 29.02441713 
  2.250000e-02  7.92410692 29.02450975 
  2.500000e-02  7.92410692 29.02460650 
  2.750000e-02  7.92410692 29.02471334 
  3.000000e-02  7.92410692 29.02483342 
  3.250000e-02  7.92410692 29.02496163 
  3.500000e-02  7.92410692 29.02508191 
  3.750000e-02  7.92410692 29.02516939 
  4.000000e-02  7.92410692 29.02519758 
  4.250000e-02  7.92410692 29.02514975 
  4.500000e-02  7.92410692 29.02503054 
  4.750000e-02  7.92410692 29.02486999 
  5.000000e-02  7.92410692 29.02471212 
  5.250000e-02  7.92410692 29.02459236 
  5.500000e-02  7.92410692 29.02452305 
  5.750000e-02  7.92410692 29.02449782 
  6.000000e-02  7.92410692 29.02450396 
  6.250000e-02  7.92410692 29.02452965 
  6.500000e-02  7.92410692 29.02456560 
  6.750000e-02  7.92410692 29.02460510 
  7.000000e-02  7.92410692 29.02464383 
  7.250000e-02  7.92410692 29.02467922 
  7.500000e-02  7.92410692 29.02470989 
  7.750000e-02  7.92410692 29.02473535 
  8.000000e-02  7.92410692 29.02475586 
  8.250000e-02  7.92410692 29.02477209 
  8.500000e-02  7.92410692 29.02478493 
  8.750000e-02  7.92410692 29.02479525 
  9.000000e-02  7.92410692 29.02480386 
  9.250000e-02  7.92410692 29.02481144 
  9.500000e-02  7.92410692 29.02481850 
  9.750000e-02  7.92410692 29.02482534 
  1.000000e-01  7.92410692 29.02483211 
  1.025000e-01  7.92410692 29.02483882 
  1.050000e-01  7.92410692 29.02484545 
  1.075000e-01  7.92410692 29.02485193 
  1.100000e-01  7.92410692 29.02485825 
  1.125000e-01  7.92410692 29.02486441 
  1.150000e-01  7.92410692 29.02487047 
  1.175000e-01  7.92410692 29.02487650 
  1.200000e-01  7.92410692 29.02488262 
  1.225000e-01  7.92410692 29.02488895 
  1.250000e-01  7.92410692 29.02489566 
  1.275000e-01  7.92410692 29.02490293 
  1.300000e-01  7.92410692 29.02491096 
  1.325000e-01  7.92410692 29.02492000 
  1.350000e-01  7.92410692 29.02493036 
  1.375000e-01  7.92410692 29.02494242 
  1.400000e-01  7.92410692 29.02495665 
  1.425000e-01  7.92410692 29.02497362 
  1.450000e-01  7.92410692 29.02499396 
  1.475000e-01  7.92410692 29.02501836 
  1.500000e-01  7.92410692 29.02504743 
  1.525000e-01  7.92410692 29.02508153 
  1.550000e-01  7.92410692 29.02512053 
  1.575000e-01  7.92410692 29.02516339 
  1.600000e-01  7.92410692 29.02520787 
  1.625000e-01  7.92410692 29.02525037 
  1.650000e-01  7.92410692 29.02528627 
  1.675000e-01  7.92410692 29.02531101 
  1.700000e-01  7.92410692 29.02532160 
  1.725000e-01  7.92410692 29.02531819 
  1.750000e-01  7.92410692 29.02530472 
  1.775000e-01  7.92410692 29.02528827 
  1.800000e-01  7.92410692 29.02527699 
  1.825000e-01  7.92410692 29.02527760 
  1.850000e-01  7.92410692 29.02529373 
  1.875000e-01  7.92410692 29.02532576 
  1.900000e-01  7.92410692 29.02537172 
  1.925000e-01  7.92410692 29.02542803 
  1.950000e-01  7.92410692 29.02548977 
  1.975000e-01  7.92410692 29.02555070 
  2.000000e-01  7.92410692 29.02560367 
  2.025000e-01  7.92410692 29.02564172 
  2.050000e-01  7.92410692 29.02565978 
  2.075000e-01  7.92410692 29.02565621 
  2.100000e-01  7.92410692 29.02563356 
  2.125000e-01  7.92410692 29.02559798 
  2.150000e-01  7.92410692 29.02555734 
  2.175000e-01  7.92410692 29.02551884 
  2.200000e-01  7.92410692 29.02548721 
  2.225000e-01  7.92410692 29.02546422 
  2.250000e-01  7.92410692 29.02544932 
  2.275000e-01  7.92410692 29.02544086 
  2.300000e-01  7.92410692 29.02543696 
  2.325000e-01  7.92410692 29.02543606 
  2.350000e-01  7.92410692 29.02543699 
  2.375000e-01  7.92410692 29.02543896 
  2.400000e-01  7.92410692 29.02544145 
  2.425000e-01  7.92410692 29.02544418 
  2.450000e-01  7.92410692 29.02544697 
  2.475000e-01  7.92410692 29.02544970 
  2.500000e-01  7.92410692 29.02545231 
  2.525000e-01  7.92410692 29.02545477 
  2.550000e-01  7.92410692 29.02545707 
  2.575000e-01  7.92410692 29.02545925 
  2.600000e-01  7.92410692 29.02546134 
  2.625000e-01  7.92410692 29.02546339 
  2.650000e-01  7.92410692 29.02546545 
  2.675000e-01  7.92410692 29.02546754 
  2.700000e-01  7.92410692 29.02546967 
  2.725000e-01  7.92410692 29.02547184 
  2.750000e-01  7.92410692 29.02547404 
  2.775000e-01  7.92410692 29.02547627 
  2.800000e-01  7.92410692 29.02547852 
  2.825000e-01  7.92410692 29.02548078 
  2.850000e-01  7.92410692 29.02548304 
  2.875000e-01  7.92410692 29.02548530 
  2.900000e-01  7.92410692 29.02548754 
  2.925000e-01  7.92410692 29.02548975 
  2.950000e-01  7.92410692 29.02549193 
  2.975000e-01  7.92410692 29.02549406 
  3.000000e-01  7.92410692 29.02549614 
  3.025000e-01  7.92410692 29.02549816 
  3.050000e-01  7.92410692 29.02550011 
  3.075000e-01  7.92410692 29.02550199 
  3.100000e-01  7.92410692 29.02550379 
  3.125000e-01  7.92410692 29.02550552 
  3.150000e-01  7.92410692 29.02550716 
  3.175000e-01  7.92410692 29.02550873 
  3.200000e-01  7.92410692 29.02551024 
  3.225000e-01  7.92410692 29.02551168 
  3.250000e-01  7.92410692 29.02551308 
  3.275000e-01  7.92410692 29.02551444 
  3.300000e-01  7.92410692 29.02551578 
  3.325000e-01  7.92410692 29.02551710 
  3.350000e-01  7.92410692 29.02551841 
  3.375000e-01  7.92410692 29.02551971 
  3.400000e-01  7.92410692 29.02552101 
  3.425000e-01  7.92410692 29.02552230 
  3.450000e-01  7.92410692 29.02552358 
  3.475000e-01  7.92410692 29.02552484 
  3.500000e-01  7.92410692 29.02552608 
  3.525000e-01  7.92410692 29.02552729 
  3.550000e-01  7.92410692 29.02552846 
  3.575000e-01  7.92410692 29.02552959 
  3.600000e-01  7.92410692 29.02553068 
  3.625000e-01  7.92410692 29.02553172 
  3.650000e-01  7.92410692 29.02553270 
  3.675000e-01  7.92410692 29.02553363 
  3.700000e-01  7.92410692 29.02553451 
  3.725000e-01  7.92410692 29.02553533 
  3.750000e-01  7.92410692 29.02553610 
  3.775000e-01  7.92410692 29.02553681 
  3.800000e-01  7.92410692 29.02553747 
  3.825000e-01  7.92410692 29.02553807 
  3.850000e-01  7.92410692 29.02553863 
  3.875000e-01  7.92410692 29.02553913 
  3.900000e-01  7.92410692 29.02553959 
  3.925000e-01  7.92410692 29.02554001 
  3.950000e-01  7.92410692 29.02554038 
  3.975000e-01  7.92410692 29.02554071 
  4.000000e-01  7.92410692 29.02554100 
  4.025000e-01  7.92410692 29.02554126 
  4.050000e-01  7.92410692 29.02554148 
  4.075000e-01  7.92410692 29.02554167 
  4.100000e-01  7.92410692 29.02554182 
  4.125000e-01  7.92410692 29.02554195 
  4.150000e-01  7.92410692 29.02554205 
  4.175000e-01  7.92410692 29.02554213 
  4.200000e-01  7.92410692 29.02554218 
  4.225000e-01  7.92410692 29.02554221 
  4.250000e-01  7.92410692 29.02554221 
  4.275000e-01  7.92410692 29.02554220 
  4.300000e-01  7.92410692 29.02554217 
  4.325000e-01  7.92410692 29.02554212 
  4.350000e-01  7.92410692 29.02554206 
  4.375000e-01  7.92410692 29.02554198 
  4.400000e-01  7.92410692 29.02554188 
  4.425000e-01  7.92410692 29.02554178 
  4.450000e-01  7.92410692 29.02554166 
  4.475000e-01  7.92410692 29.02554153 
  4.500000e-01  7.92410692 29.02554138 
  4.525000e-01  7.92410692 29.02554123 
  4.550000e-01  7.92410692 29.02554107 
  4.575000e-01  7.92410692 29.02554090 
  4.600000e-01  7.92410692 29.02554072 
  4.625000e-01  7.92410692 29.02554054 
  4.650000e-01  7.92410692 29.02554034 
  4.675000e-01  7.92410692 29.02554014 
  4.700000e-01  7.92410692 29.02553993 
  4.725000e-01  7.92410692 29.02553972 
  4.750000e-01  7.92410692 29.02553950 
  4.775000e-01  7.92410692 29.02553927 
  4.800000e-01  7.92410692 29.02553904 
  4.825000e-01  7.92410692 29.02553881 
  4.850000e-01  7.92410692 29.02553857 
  4.875000e-01  7.92410692 29.02553832 
  4.900000e-01  7.92410692 29.02553808 
  4.925000e-01  7.92410692 29.02553782 
  4.950000e-01  7.92410692 29.02553757 
  4.975000e-01  7.92410692 29.02553731 
  5.000000e-01  7.92410692 29.02553705 
  5.025000e-01  7.92410692 29.02553679 
  5.050000e-01  7.92410692 29.02553653 
  5.075000e-01  7.92410692 29.02553626 
  5.100000e-01  7.92410692 29.02553599 
  5.125000e-01  7.92410692 29.02553573 
  5.150000e-01  7.92410692 29.02553546 
  5.175000e-01  7.92410692 29.02553519 
  5.200000e-01  7.92410692 29.02553491 
  5.225000e-01  7.92410692 29.02553464 
  5.250000e-01  7.92410692 29.02553437 
  5.275000e-01  7.92410692 29.02553410 
  5.300000e-01  7.92410692 29.02553382 
  5.325000e-01  7.92410692 29.02553355 
  5.350000e-01  7.92410692 29.02553328 
  5.375000e-01  7.92410692 29.02553300 
  5.400000e-01  7.92410692 29.02553273 
  5.425000e-01  7.92410692 29.02553246 
  5.450000e-01  7.92410692 29.02553219 
  5.475000e-01  7.92410692 29.02553192 
  5.500000e-01  7.92410692 29.02553164 
  5.525000e-01  7.92410692 29.02553137 
  5.550000e-01  7.92410692 29.02553110 
  5.575000e-01  7.92410692 29.02553083 
  5.600000e-01  7.92410692 29.02553056 
  5.625000e-01  7.92410692 29.02553029 
  5.650000e-01  7.92410692 29.02553002 
  5.675000e-01  7.92410692 29.02552975 
  5.700000e-01  7.92410692 29.02552949 
  5.725000e-01  7.92410692 29.02552922 
  5.750000e-01  7.92410692 29.02552895 
  5.775000e-01  7.92410692 29.02552868 
  5.800000e-01  7.92410692 29.02552841 
  5.825000e-01  7.92410692 29.02552815 
  5.850000e-01  7.92410692 29.02552788 
  5.875000e-01  7.92410692 29.02552762 
  5.900000e-01  7.92410692 29.02552735 
  5.925000e-01  7.92410692 29.02552709 
  5.950000e-01  7.92410692 29.02552682 
  5.975000e-01  7.92410692 29.02552656 
  6.000000e-01  7.92410692 29.02552630 
  6.025000e-01  7.92410692 29.02552604 
  6.050000e-01  7.92410692 29.02552577 
  6.075000e-01  7.92410692 29.02552551 
  6.100000e-01  7.92410692 29.02552526 
  6.125000e-01  7.92410692 29.02552500 
  6.150000e-01  7.92410692 29.02552474 
  6.175000e-01  7.92410692 29.02552449 
  6.200000e-01  7.92410692 29.02552423 
  6.225000e-01  7.92410692 29.02552398 
  6.250000e-01  7.92410692 29.02552373 
  6.275000e-01  7.92410692 29.02552348 
  6.300000e-01  7.92410692 29.02552323 
  6.325000e-01  7.92410692 29.02552298 
  6.350000e-01  7.92410692 29.02552274 
  6.375000e-01  7.92410692 29.02552249 
  6.400000e-01  7.92410692 29.02552225 
  6.425000e-01  7.92410692 29.02552201 
  6.450000e-01  7.92410692 29.02552177 
  6.475000e-01  7.92410692 29.02552153 
  6.500000e-01  7.92410692 29.02552129 
  6.525000e-01  7.92410692 29.02552106 
  6.550000e-01  7.92410692 29.02552083 
  6.575000e-01  7.92410692 29.02552059 
  6.600000e-01  7.92410692 29.02552036 
  6.625000e-01  7.92410692 29.02552013 
  6.650000e-01  7.92410692 29.02551990 
  6.675000e-01  7.92410692 29.02551968 
  6.700000e-01  7.92410692 29.02551945 
  6.725000e-01  7.92410692 29.02551922 
  6.750000e-01  7.92410692 29.02551900 
  6.775000e-01  7.92410692 29.02551878 
  6.800000e-01  7.92410692 29.02551856 
  6.825000e-01  7.92410692 29.02551834 
  6.850000e-01  7.92410692 29.02551812 
  6.875000e-01  7.92410692 29.02551790 
  6.900000e-01  7.92410692 29.02551768 
  6.925000e-01  7.92410692 29.02551747 
  6.950000e-01  7.92410692 29.02551725 
  6.975000e-01  7.92410692 29.02551704 
  7.000000e-01  7.92410692 29.02551683 
  7.025000e-01  7.92410692 29.02551662 
  7.050000e-01  7.92410692 29.02551641 
  7.075000e-01  7.92410692 29.02551621 
  7.100000e-01  7.92410692 29.02551600 
  7.125000e-01  7.92410692 29.02551580 
  7.150000e-01  7.92410692 29.02551560 
  7.175000e-01  7.92410692 29.02551540 
  7.200000e-01  7.92410692 29.02551520 
  7.225000e-01  7.92410692 29.02551501 
  7.250000e-01  7.92410692 29.02551482 
  7.275000e-01  7.92410692 29.02551463 
  7.300000e-01  7.92410692 29.02551444 
  7.325000e-01  7.92410692 29.02551425 
  7.350000e-01  7.92410692 29.02551407 
  7.375000e-01  7.92410692 29.02551389 
  7.400000e-01  7.92410692 29.02551371 
  7.425000e-01  7.92410692 29.02551353 
  7.450000e-01  7.92410692 29.02551336 
  7.475000e-01  7.92410692 29.02551318 
  7.500000e-01  7.92410692 29.02551301 
  7.525000e-01  7.92410692 29.02551285 
  7.550000e-01  7.92410692 29.02551268 
  7.575000e-01  7.92410692 29.02551252 
  7.600000e-01  7.92410692 29.02551235 
  7.625000e-01  7.92410692 29.02551219 
  7.650000e-01  7.92410692 29.02551204 
  7.675000e-01  7.92410692 29.02551188 
  7.700000e-01  7.92410692 29.02551173 
  7.725000e-01  7.92410692 29.02551158 
  7.750000e-01  7.92410692 29.02551143 
  7.775000e-01  7.92410692 29.02551128 
  7.800000e-01  7.92410692 29.02551113 
  7.825000e-01  7.92410692 29.02551098 
  7.850000e-01  7.92410692 29.02551084 
  7.875000e-01  7.92410692 29.02551070 
  7.900000e-01  7.92410692 29.02551056 
  7.925000e-01  7.92410692 29.02551042 
  7.950000e-01  7.92410692 29.02551028 
  7.975000e-01  7.92410692 29.02551015 
  8.000000e-01  7.92410692 29.02551001 
  8.025000e-01  7.92410692 29.02550988 
  8.050000e-01  7.92410692 29.02550975 
  8.075000e-01  7.92410692 29.02550962 
  8.100000e-01  7.92410692 29.02550949 
  8.125000e-01  7.92410692 29.02550936 
  8.150000e-01  7.92410692 29.02550924 
  8.175000e-01  7.92410692 29.02550911 
  8.200000e-01  7.92410692 29.02550899 
  8.225000e-01  7.92410692 29.02550887 
  8.250000e-01  7.92410692 29.02550875 
  8.275000e-01  7.92410692 29.02550864 
  8.300000e-01  7.92410692 29.02550852 
  8.325000e-01  7.92410692 29.02550841 
  8.350000e-01  7.92410692 29.02550830 
  8.375000e-01  7.92410692 29.02550819 
  8.400000e-01  7.92410692 29.02550808 
  8.425000e-01  7.92410692 29.02550797 
  8.450000e-01  7.92410692 29.02550787 
  8.475000e-01  7.92410692 29.02550776 
  8.500000e-01  7.92410692 29.02550766 
  8.525000e-01  7.92410692 29.02550756 
  8.550000e-01  7.92410692 29.02550747 
  8.575000e-01  7.92410692 29.02550737 
  8.600000e-01  7.92410692 29.02550728 
  8.625000e-01  7.92410692 29.02550718 
  8.650000e-01  7.92410692 29.02550709 
  8.675000e-01  7.92410692 29.02550700 
  8.700000e-01  7.92410692 29.02550691 
  8.725000e-01  7.92410692 29.02550683 
  8.750000e-01  7.92410692 29.02550674 
  8.775000e-01  7.92410692 29.02550666 
  8.800000e-01  7.92410692 29.02550658 
  8.825000e-01  7.92410692 29.02550650 
  8.850000e-01  7.92410692 29.02550642 
  8.875000e-01  7.92410692 29.02550634 
  8.900000e-01  7.92410692 29.02550626 
  8.925000e-01  7.92410692 29.02550619 
  8.950000e-01  7.92410692 29.02550611 
  8.975000e-01  7.92410692 29.02550604 
  9.000000e-01  7.92410692 29.02550597 
  9.025000e-01  7.92410692 29.02550590 
  9.050000e-01  7.92410692 29.02550582 
  9.075000e-01  7.92410692 29.02550576 
  9.100000e-01  7.92410692 29.02550569 
  9.125000e-01  7.92410692 29.02550562 
  9.150000e-01  7.92410692 29.02550556 
  9.175000e-01  7.92410692 29.02550549 
  9.200000e-01  7.92410692 29.02550543 
  9.225000e-01  7.92410692 29.02550536 
  9.250000e-01  7.92410692 29.02550530 
  9.275000e-01  7.92410692 29.02550524 
  9.300000e-01  7.92410692 29.02550518 
  9.325000e-01  7.92410692 29.02550512 
  9.350000e-01  7.92410692 29.02550506 
  9.375000e-01  7.92410692 29.02550500 
  9.400000e-01  7.92410692 29.02550495 
  9.425000e-01  7.92410692 29.02550489 
  9.450000e-01  7.92410692 29.02550484 
  9.475000e-01  7.92410692 29.02550479 
  9.500000e-01  7.92410692 29.02550473 
  9.525000e-01  7.92410692 29.02550468 
  9.550000e-01  7.92410692 29.02550463 
  9.575000e-01  7.92410692 29.02550458 
  9.600000e-01  7.92410692 29.02550453 
  9.625000e-01  7.92410692 29.02550448 
  9.650000e-01  7.92410692 29.02550444 
  9.675000e-01  7.92410692 29.02550439 
  9.700000e-01  7.92410692 29.02550435 
  9.725000e-01  7.92410692 29.02550430 
  9.750000e-01  7.92410692 29.02550426 
  9.775000e-01  7.92410692 29.02550421 
  9.800000e-01  7.92410692 29.02550417 
  9.825000e-01  7.92410692 29.02550413 
  9.850000e-01  7.92410692 29.02550409 
  9.875000e-01  7.92410692 29.02550405 
  9.900000e-01  7.92410692 29.02550401 
  9.925000e-01  7.92410692 29.02550398 
  9.950000e-01  7.92410692 29.02550394 
  9.975000e-01  7.92410692 29.02550390 
  1.000000e+00  7.92410692 29.02550387 
  1.002500e+00  7.92410692 29.02550383 
  1.005000e+00  7.92410692 29.02550380 
  1.007500e+00  7.92410692 29.02550377 
  1.010000e+00  7.92410692 29.02550373 
  1.012500e+00  7.92410692 29.02550370 
  1.015000e+00  7.92410692 29.02550367 
  1.017500e+00  7.92410692 29.02550364 
  1.020000e+00  7.92410692 29.02550361 
  1.022500e+00  7.92410692 29.02550358 
  1.025000e+00  7.92410692 29.02550355 
  1.027500e+00  7.92410692 29.02550352 
  1.030000e+00  7.92410692 29.02550349 
  1.032500e+00  7.92410692 29.02550346 
  1.035000e+00  7.92410692 29.02550344 
  1.037500e+00  7.92410692 29.02550341 
  1.040000e+00  7.92410692 29.02550338 
  1.042500e+00  7.92410692 29.02550336 
  1.045000e+00  7.92410692 29.02550333 
  1.047500e+00  7.92410692 29.02550331 
  1.050000e+00  7.92410692 29.02550328 
  1.052500e+00  7.92410692 29.02550326 
  1.055000e+00  7.92410692 29.02550323 
  1.057500e+00  7.92410692 29.02550321 
  1.060000e+00  7.92410692 29.02550319 
  1.062500e+00  7.92410692 29.02550317 
  1.065000e+00  7.92410692 29.02550314 
  1.067500e+00  7.92410692 29.02550312 
  1.070000e+00  7.92410692 29.02550310 
  1.072500e+00  7.92410692 29.02550308 
  1.075000e+00  7.92410692 29.02550306 
  1.077500e+00  7.92410692 29.02550304 
  1.080000e+00  7.92410692 29.02550302 
  1.082500e+00  7.92410692 29.02550300 
  1.085000e+00  7.92410692 29.02550298 
  1.087500e+00  7.92410692 29.02550296 
  1.090000e+00  7.92410692 29.02550294 
  1.092500e+00  7.92410692 29.02550292 
  1.095000e+00  7.92410692 29.02550290 
  1.097500e+00  7.92410692 29.02550288 
  1.100000e+00  7.92410692 29.02550287 
  1.102500e+00  7.92410692 29.02550285 
  1.105000e+00  7.92410692 29.02550283 
  1.107500e+00  7.92410692 29.02550282 
  1.110000e+00  7.92410692 29.02550280 
  1.112500e+00  7.92410692 29.02550279 
  1.115000e+00  7.92410692 29.02550277 
  1.117500e+00  7.92410692 29.02550275 
  1.120000e+00  7.92410692 29.02550274 
  1.122500e+00  7.92410692 29.02550273 
  1.125000e+00  7.92410692 29.02550271 
  1.127500e+00  7.92410692 29.02550270 
  1.130000e+00  7.92410692 29.02550268 
  1.132500e+00  7.92410692 29.02550267 
  1.135000e+00  7.92410692 29.02550266 
  1.137500e+00  7.92410692 29.02550265 
  1.140000e+00  7.92410692 29.02550263 
  1.142500e+00  7.92410692 29.02550262 
  1.145000e+00  7.92410692 29.02550261 
  1.147500e+00  7.92410692 29.02550260 
  1.150000e+00  7.92410692 29.02550259 
  1.152500e+00  7.92410692 29.02550258 
  1.155000e+00  7.92410692 29.02550257 
  1.157500e+00  7.92410692 29.02550256 
  1.160000e+00  7.92410692 29.02550255 
  1.162500e+00  7.92410692 29.02550254 
  1.165000e+00  7.92410692 29.02550253 
  1.167500e+00  7.92410692 29.02550252 
  1.170000e+00  7.92410692 29.02550251 
  1.172500e+00  7.92410692 29.02550250 
  1.175000e+00  7.92410692 29.02550249 
  1.177500e+00  7.92410692 29.02550248 
  1.180000e+00  7.92410692 29.02550248 
  1.182500e+00  7.92410692 29.02550247 
  1.185000e+00  7.92410692 29.02550246 
  1.187500e+00  7.92410692 29.02550245 
  1.190000e+00  7.92410692 29.02550245 
  1.192500e+00  7.92410692 29.02550244 
  1.195000e+00  7.92410692 29.02550243 
  1.197500e+00  7.92410692 29.02550243 
  1.200000e+00  7.92410692 29.02550242 
  1.202500e+00  7.92410692 29.02550241 
  1.205000e+00  7.92410692 29.02550241 
  1.207500e+00  7.92410692 29.02550240 
  1.210000e+00  7.92410692 29.02550240 
  1.212500e+00  7.92410692 29.02550239 
  1.215000e+00  7.92410692 29.02550238 
  1.217500e+00  7.92410692 29.02550238 
  1.220000e+00  7.92410692 29.02550237 
  1.222500e+00  7.92410692 29.02550237 
  1.225000e+00  7.92410692 29.02550236 
  1.227500e+00  7.92410692 29.02550236 
  1.230000e+00  7.92410692 29.02550236 
  1.232500e+00  7.92410692 29.02550235 
  1.235000e+00  7.92410692 29.02550235 
  1.237500e+00  7.92410692 29.02550234 
  1.240000e+00  7.92410692 29.02550234 
  1.242500e+00  7.92410692 29.02550233 
  1.245000e+00  7.92410692 29.02550233 
  1.247500e+00  7.92410692 29.02550233 
  1.250000e+00  7.92410692 29.02550232 
  1.252500e+00  7.92410692 29.02550232 
  1.255000e+00  7.92410692 29.02550231 
  1.257500e+00  7.92410692 29.02550231 
  1.260000e+00  7.92410692 29.02550231 
  1.262500e+00  7.92410692 29.02550230 
  1.265000e+00  7.92410692 29.02550230 
  1.267500e+00  7.92410692 29.02550230 
  1.270000e+00  7.92410692 29.02550229 
  1.272500e+00  7.92410692 29.02550229 
  1.275000e+00  7.92410692 29.02550229 
  1.277500e+00  7.92410692 29.02550228 
  1.280000e+00  7.92410692 29.02550228 
  1.282500e+00  7.92410692 29.02550228 
  1.285000e+00  7.92410692 29.02550227 
  1.287500e+00  7.92410692 29.02550227 
  1.290000e+00  7.92410692 29.02550227 
  1.292500e+00  7.92410692 29.02550227 
  1.295000e+00  7.92410692 29.02550226 
  1.297500e+00  7.92410692 29.02550226 
  1.300000e+00  7.92410692 29.02550226 
  1.302500e+00  7.92410692 29.02550225 
  1.305000e+00  7.92410692 29.02550225 
  1.307500e+00  7.92410692 29.02550225 
  1.310000e+00  7.92410692 29.02550225 
  1.312500e+00  7.92410692 29.02550224 
  1.315000e+00  7.92410692 29.02550224 
  1.317500e+00  7.92410692 29.02550224 
  1.320000e+00  7.92410692 29.02550224 
  1.322500e+00  7.92410692 29.02550224 
  1.325000e+00  7.92410692 29.02550223 
  1.327500e+00  7.92410692 29.02550223 
  1.330000e+00  7.92410692 29.02550223 
  1.332500e+00  7.92410692 29.02550223 
  1.335000e+00  7.92410692 29.02550222 
  1.337500e+00  7.92410692 29.02550222 
  1.340000e+00  7.92410692 29.02550222 
  1.342500e+00  7.92410692 29.02550222 
  1.345000e+00  7.92410692 29.02550222 
  1.347500e+00  7.92410692 29.02550222 
  1.350000e+00  7.92410692 29.02550221 
  1.352500e+00  7.92410692 29.02550221 
  1.355000e+00  7.92410692 29.02550221 
  1.357500e+00  7.92410692 29.02550221 
  1.360000e+00  7.92410692 29.02550221 
  1.362500e+00  7.92410692 29.02550221 
  1.365000e+00  7.92410692 29.02550220 
  1.367500e+00  7.92410692 29.02550220 
  1.370000e+00  7.92410692 29.02550220 
  1.372500e+00  7.92410692 29.02550220 
  1.375000e+00  7.92410692 29.02550220 
  1.377500e+00  7.92410692 29.02550220 
  1.380000e+00  7.92410692 29.02550220 
  1.382500e+00  7.92410692 29.02550219 
  1.385000e+00  7.92410692 29.02550219 
  1.387500e+00  7.92410692 29.02550219 
  1.390000e+00  7.92410692 29.02550219 
  1.392500e+00  7.92410692 29.02550219 
  1.395000e+00  7.92410692 29.02550219 
  1.397500e+00  7.92410692 29.02550219 
  1.400000e+00  7.92410692 29.02550219 
  1.402500e+00  7.92410692 29.02550218 
  1.405000e+00  7.92410692 29.02550218 
  1.407500e+00  7.92410692 29.02550218 
  1.410000e+00  7.92410692 29.02550218 
  1.412500e+00  7.92410692 29.02550218 
  1.415000e+00  7.92410692 29.02550218 
  1.417500e+00  7.92410692 29.02550218 
  1.420000e+00  7.92410692 29.02550218 
  1.422500e+00  7.92410692 29.02550218 
  1.425000e+00  7.92410692 29.02550218 
  1.427500e+00  7.92410692 29.02550218 
  1.430000e+00  7.92410692 29.02550218 
  1.432500e+00  7.92410692 29.02550218 
  1.435000e+00  7.92410692 29.02550217 
  1.437500e+00  7.92410692 29.02550217 
  1.440000e+00  7.92410692 29.02550217 
  1.442500e+00  7.92410692 29.02550217 
  1.445000e+00  7.92410692 29.02550217 
  1.447500e+00  7.92410692 29.02550217 
  1.450000e+00  7.92410692 29.02550217 
  1.452500e+00  7.92410692 29.02550217 
  1.455000e+00  7.92410692 29.02550217 
  1.457500e+00  7.92410692 29.02550217 
  1.460000e+00  7.92410692 29.02550217 
  1.462500e+00  7.92410692 29.02550217 
  1.465000e+00  7.92410692 29.02550217 
  1.467500e+00  7.92410692 29.02550217 
  1.470000e+00  7.92410692 29.02550217 
  1.472500e+00  7.92410692 29.02550217 
  1.475000e+00  7.92410692 29.02550217 
  1.477500e+00  7.92410692 29.02550217 
  1.480000e+00  7.92410692 29.02550217 
  1.482500e+00  7.92410692 29.02550217 
  1.485000e+00  7.92410692 29.02550217 
  1.487500e+00  7.92410692 29.02550217 
  1.490000e+00  7.92410692 29.02550217 
  1.492500e+00  7.92410692 29.02550217 
  1.495000e+00  7.92410692 29.02550217 
  1.497500e+00  7.92410692 29.02550217 
  1.500000e+00  7.92410692 29.02550217 
  1.502500e+00  7.92410692 29.02550217 
  1.505000e+00  7.92410692 29.02550217 
  1.507500e+00  7.92410692 29.02550217 
  1.510000e+00  7.92410692 29.02550217 
  1.512500e+00  7.92410692 29.02550217 
  1.515000e+00  7.92410692 29.02550217 
  1.517500e+00  7.92410692 29.02550217 
  1.520000e+00  7.92410692 29.02550217 
  1.522500e+00  7.92410692 29.02550217 
  1.525000e+00  7.92410692 29.02550217 
  1.527500e+00  7.92410692 29.02550217 
  1.530000e+00  7.92410692 29.02550217 
  1.532500e+00  7.92410692 29.02550217 
  1.535000e+00  7.92410692 29.02550217 
  1.537500e+00  7.92410692 29.02550217 
  1.540000e+00  7.92410692 29.02550217 
  1.542500e+00  7.92410692 29.02550217 
  1.545000e+00  7.92410692 29.02550217 
  1.547500e+00  7.92410692 29.02550217 
  1.550000e+00  7.92410692 29.02550217 
  1.552500e+00  7.92410692 29.02550217 
  1.555000e+00  7.92410692 29.02550217 
  1.557500e+00  7.92410692 29.02550217 
  1.560000e+00  7.92410692 29.02550217 
  1.562500e+00  7.92410692 29.02550217 
  1.565000e+00  7.92410692 29.02550217 
  1.567500e+00  7.92410692 29.02550217 
  1.570000e+00  7.92410692 29.02550217 
  1.572500e+00  7.92410692 29.02550217 
  1.575000e+00  7.92410692 29.02550217 
  1.577500e+00  7.92410692 29.02550217 
  1.580000e+00  7.92410692 29.02550217 
  1.582500e+00  7.92410692 29.02550217 
  1.585000e+00  7.92410692 29.02550217 
  1.587500e+00  7.92410692 29.02550217 
  1.590000e+00  7.92410692 29.02550217 
  1.592500e+00  7.92410692 29.02550217 
  1.595000e+00  7.92410692 29.02550217 
  1.597500e+00  7.92410692 29.02550217 
  1.600000e+00  7.92410692 29.02550217 
  1.602500e+00  7.92410692 29.02550217 
  1.605000e+00  7.92410692 29.02550217 
  1.607500e+00  7.92410692 29.02550217 
  1.610000e+00  7.92410692 29.02550217 
  1.612500e+00  7.92410692 29.02550217 
  1.615000e+00  7.92410692 29.02550217 
  1.617500e+00  7.92410692 29.02550217 
  1.620000e+00  7.92410692 29.02550217 
  1.622500e+00  7.92410692 29.02550217 
  1.625000e+00  7.92410692 29.02550217 
  1.627500e+00  7.92410692 29.02550217 
  1.630000e+00  7.92410692 29.02550218 
  1.632500e+00  7.92410692 29.02550218 
  1.635000e+00  7.92410692 29.02550218 
  1.637500e+00  7.92410692 29.02550218 
  1.640000e+00  7.92410692 29.02550218 
  1.642500e+00  7.92410692 29.02550218 
  1.645000e+00  7.92410692 29.02550218 
  1.647500e+00  7.92410692 29.02550218 
  1.650000e+00  7.92410692 29.02550218 
  1.652500e+00  7.92410692 29.02550218 
  1.655000e+00  7.92410692 29.02550218 
  1.657500e+00  7.92410692 29.02550218 
  1.660000e+00  7.92410692 29.02550218 
  1.662500e+00  7.92410692 29.02550218 
  1.665000e+00  7.92410692 29.02550218 
  1.667500e+00  7.92410692 29.02550218 
  1.670000e+00  7.92410692 29.02550218 
  1.672500e+00  7.92410692 29.02550218 
  1.675000e+00  7.92410692 29.02550218 
  1.677500e+00  7.92410692 29.02550218 
  1.680000e+00  7.92410692 29.02550218 
  1.682500e+00  7.92410692 29.02550218 
  1.685000e+00  7.92410692 29.02550218 
  1.687500e+00  7.92410692 29.02550218 
  1.690000e+00  7.92410692 29.02550218 
  1.692500e+00  7.92410692 29.02550218 
  1.695000e+00  7.92410692 29.02550218 
  1.697500e+00  7.92410692 29.02550219 
  1.700000e+00  7.92410692 29.02550219 
  1.702500e+00  7.92410692 29.02550219 
  1.705000e+00  7.92410692 29.02550219 
  1.707500e+00  7.92410692 29.02550219 
  1.710000e+00  7.92410692 29.02550219 
  1.712500e+00  7.92410692 29.02550219 
  1.715000e+00  7.92410692 29.02550219 
  1.717500e+00  7.92410692 29.02550219 
  1.720000e+00  7.92410692 29.02550219 
  1.722500e+00  7.92410692 29.02550219 
  1.725000e+00  7.92410692 29.02550219 
  1.727500e+00  7.92410692 29.02550219 
  1.730000e+00  7.92410692 29.02550219 
  1.732500e+00  7.92410692 29.02550219 
  1.735000e+00  7.92410692 29.02550219 
  1.737500e+00  7.92410692 29.02550219 
  1.740000e+00  7.92410692 29.02550219 
  1.742500e+00  7.92410692 29.02550219 
  1.745000e+00  7.92410692 29.02550219 
  1.747500e+00  7.92410692 29.02550219 
  1.750000e+00  7.92410692 29.02550219 
  1.752500e+00  7.92410692 29.02550219 
  1.755000e+00  7.92410692 29.02550219 
  1.757500e+00  7.92410692 29.02550220 
  1.760000e+00  7.92410692 29.02550220 
  1.762500e+00  7.92410692 29.02550220 
  1.765000e+00  7.92410692 29.02550220 
  1.767500e+00  7.92410692 29.02550220 
  1.770000e+00  7.92410692 29.02550220 
  1.772500e+00  7.92410692 29.02550220 
  1.775000e+00  7.92410692 29.02550220 
  1.777500e+00  7.92410692 29.02550220 
  1.780000e+00  7.92410692 29.02550220 
  1.782500e+00  7.92410692 29.02550220 
  1.785000e+00  7.92410692 29.02550220 
  1.787500e+00  7.92410692 29.02550220 
  1.790000e+00  7.92410692 29.02550220 
  1.792500e+00  7.92410692 29.02550220 
  1.795000e+00  7.92410692 29.02550220 
  1.797500e+00  7.92410692 29.02550220 
  1.800000e+00  7.92410692 29.02550220 
  1.802500e+00  7.92410692 29.02550220 
  1.805000e+00  7.92410692 29.02550220 
  1.807500e+00  7.92410692 29.02550220 
  1.810000e+00  7.92410692 29.02550220 
  1.812500e+00  7.92410692 29.02550220 
  1.815000e+00  7.92410692 29.02550220 
  1.817500e+00  7.92410692 29.02550220 
  1.820000e+00  7.92410692 29.02550220 
  1.822500e+00  7.92410692 29.02550221 
  1.825000e+00  7.92410692 29.02550221 
  1.827500e+00  7.92410692 29.02550221 
  1.830000e+00  7.92410692 29.02550221 
  1.832500e+00  7.92410692 29.02550221 
  1.835000e+00  7.92410692 29.02550221 
  1.837500e+00  7.92410692 29.02550221 
  1.840000e+00  7.92410692 29.02550221 
  1.842500e+00  7.92410692 29.02550221 
  1.845000e+00  7.92410692 29.02550221 
  1.847500e+00  7.92410692 29.02550221 
  1.850000e+00  7.92410692 29.02550221 
  1.852500e+00  7.92410692 29.02550221 
  1.855000e+00  7.92410692 29.02550221 
  1.857500e+00  7.92410692 29.02550221 
  1.860000e+00  7.92410692 29.02550221 
  1.862500e+00  7.92410692 29.02550221 
  1.865000e+00  7.92410692 29.02550221 
  1.867500e+00  7.92410692 29.02550221 
  1.870000e+00  7.92410692 29.02550221 
  1.872500e+00  7.92410692 29.02550221 
  1.875000e+00  7.92410692 29.02550221 
  1.877500e+00  7.92410692 29.02550221 
  1.880000e+00  7.92410692 29.02550221 
  1.882500e+00  7.92410692 29.02550221 
  1.885000e+00  7.92410692 29.02550221 
  1.887500e+00  7.92410692 29.02550221 
  1.890000e+00  7.92410692 29.02550221 
  1.892500e+00  7.92410692 29.02550221 
  1.895000e+00  7.92410692 29.02550222 
  1.897500e+00  7.92410692 29.02550222 
  1.900000e+00  7.92410692 29.02550222 
  1.902500e+00  7.92410692 29.02550222 
  1.905000e+00  7.92410692 29.02550222 
  1.907500e+00  7.92410692 29.02550222 
  1.910000e+00  7.92410692 29.02550222 
  1.912500e+00  7.92410692 29.02550222 
  1.915000e+00  7.92410692 29.02550222 
  1.917500e+00  7.92410692 29.02550222 
  1.920000e+00  7.92410692 29.02550222 
  1.922500e+00  7.92410692 29.02550222 
  1.925000e+00  7.92410692 29.02550222 
  1.927500e+00  7.92410692 29.02550222 
  1.930000e+00  7.92410692 29.02550222 
  1.932500e+00  7.92410692 29.02550222 
  1.935000e+00  7.92410692 29.02550222 
  1.937500e+00  7.92410692 29.02550222 
  1.940000e+00  7.92410692 29.02550222 
  1.942500e+00  7.92410692 29.02550222 
  1.945000e+00  7.92410692 29.02550222 
  1.947500e+00  7.92410692 29.02550222 
  1.950000e+00  7.92410692 29.02550222 
  1.952500e+00  7.92410692 29.02550222 
  1.955000e+00  7.92410692 29.02550222 
  1.957500e+00  7.92410692 29.02550222 
  1.960000e+00  7.92410692 29.02550222 
  1.962500e+00  7.92410692 29.02550222 
  1.965000e+00  7.92410692 29.02550222 
  1.967500e+00  7.92410692 29.02550222 
  1.970000e+00  7.92410692 29.02550222 
  1.972500e+00  7.92410692 29.02550222 
  1.975000e+00  7.92410692 29.02550222 
  1.977500e+00  7.92410692 29.02550222 
  1.980000e+00  7.92410692 29.02550222 
  1.982500e+00  7.92410692 29.02550222 
  1.985000e+00  7.92410692 29.02550222 
  1.987500e+00  7.92410692 29.02550222 
  1.990000e+00  7.92410692 29.02550222 
  1.992500e+00  7.92410692 29.02550222 
  1.995000e+00  7.92410692 29.02550222 
  1.997500e+00  7.92410692 29.02550222 
  2.000000e+00  7.92410692 29.02550222 
