  5.000000e-03  138.012230  138.124137
  7.500000e-03  137.669936  137.914841
  1.000000e-02  137.325771  137.678012
  1.250000e-02  136.942028  137.398125
  1.500000e-02  136.481457  137.057946
  1.750000e-02  135.913529  136.640055
  2.000000e-02  135.217352  136.128324
  2.250000e-02  134.380551  135.507697
  2.500000e-02  133.395272  134.764676
  2.750000e-02  132.255716  133.889427
  3.000000e-02  130.960617  132.878737
  3.250000e-02  129.519737  131.738215
  3.500000e-02  127.959625  130.482680
  3.750000e-02  126.324012  129.134902
  4.000000e-02  124.667820  127.723388
  4.250000e-02  123.047014  126.279558
  4.500000e-02  121.507367  124.834441
  4.750000e-02  120.075493  123.415787
  5.000000e-02  118.756711  122.046648
  5.250000e-02  117.542007  120.744366
  5.500000e-02  116.418598  119.518221
  5.750000e-02  115.375767  118.368263
  6.000000e-02  114.405283  117.288701
  6.250000e-02  113.500984  116.272963
  6.500000e-02  112.658793  115.315977
  6.750000e-02  111.875842  114.414033
  7.000000e-02  111.149205  113.564584
  7.250000e-02  110.475615  112.766257
  7.500000e-02  109.851947  112.018377
  7.750000e-02  109.275431  111.320171
  8.000000e-02  108.743419  110.670328
  8.250000e-02  108.253141  110.066970
  8.500000e-02  107.801687  109.507761
  8.750000e-02  107.386058  108.989986
  9.000000e-02  107.003165  108.510667
  9.250000e-02  106.649835  108.066725
  9.500000e-02  106.322886  107.655121
  9.750000e-02  106.019234  107.272940
  1.000000e-01  105.736005  106.917419
  1.025000e-01  105.470582  106.585945
  1.050000e-01  105.220612  106.276051
  1.075000e-01  104.983969  105.985402
  1.100000e-01  104.758694  105.711772
  1.125000e-01  104.542935  105.453028
  1.150000e-01  104.334881  105.207103
  1.175000e-01  104.132713  104.971972
  1.200000e-01  103.934565  104.745625
  1.225000e-01  103.738486  104.526039
  1.250000e-01  103.542414  104.311147
  1.275000e-01  103.344139  104.098807
  1.300000e-01  103.141262  103.886758
  1.325000e-01  102.931148  103.672576
  1.350000e-01  102.710861  103.453620
  1.375000e-01  102.477096  103.226978
  1.400000e-01  102.226116  102.989420
  1.425000e-01  101.953733  102.737386
  1.450000e-01  101.655379  102.467028
  1.475000e-01  101.326333  102.174356
  1.500000e-01  100.962183  101.855521
  1.525000e-01  100.559546  101.507270
  1.550000e-01  100.117005  101.127511
  1.575000e-01  99.636013  100.715869
  1.600000e-01  99.121370  100.274000
  1.625000e-01  98.580864  99.805456
  1.650000e-01  98.023936  99.315054
  1.675000e-01  97.459704  98.807919
  1.700000e-01  96.895030  98.288503
  1.725000e-01  96.333190  97.759827
  1.750000e-01  95.773317  97.223072
  1.775000e-01  95.210576  96.677531
  1.800000e-01  94.637077  96.120884
  1.825000e-01  94.043549  95.549669
  1.850000e-01  93.421466  94.959872
  1.875000e-01  92.765075  94.347725
  1.900000e-01  92.072953  93.710837
  1.925000e-01  91.349023  93.049452
  1.950000e-01  90.602906  92.367316
  1.975000e-01  89.849239  91.671713
  2.000000e-01  89.105745  90.972602
  2.025000e-01  88.390382  90.281201
  2.050000e-01  87.718447  89.608448
  2.075000e-01  87.100493  88.963739
  2.100000e-01  86.541444  88.354137
  2.125000e-01  86.040837  87.784097
  2.150000e-01  85.593915  87.255604
  2.175000e-01  85.193273  86.768542
  2.200000e-01  84.830653  86.321105
  2.225000e-01  84.498390  85.910166
  2.250000e-01  84.190160  85.531704
  2.275000e-01  83.901077  85.181300
  2.300000e-01  83.627444  84.854642
  2.325000e-01  83.366458  84.547877
  2.350000e-01  83.115968  84.257766
  2.375000e-01  82.874308  83.981667
  2.400000e-01  82.640148  83.717453
  2.425000e-01  82.412406  83.463419
  2.450000e-01  82.190203  83.218205
  2.475000e-01  81.972857  82.980723
  2.500000e-01  81.759873  82.750102
  2.525000e-01  81.550920  82.525627
  2.550000e-01  81.345787  82.306713
  2.575000e-01  81.144330  82.092867
  2.600000e-01  80.946429  81.883677
  2.625000e-01  80.751971  81.678794
  2.650000e-01  80.560833  81.477927
  2.675000e-01  80.372895  81.280827
  2.700000e-01  80.188045  81.087284
  2.725000e-01  80.006189  80.897122
  2.750000e-01  79.827249  80.710193
  2.775000e-01  79.651169  80.526372
  2.800000e-01  79.477908  80.345563
  2.825000e-01  79.307441  80.167691
  2.850000e-01  79.139758  79.992705
  2.875000e-01  78.974866  79.820574
  2.900000e-01  78.812792  79.651291
  2.925000e-01  78.653582  79.484861
  2.950000e-01  78.497299  79.321310
  2.975000e-01  78.344020  79.160672
  3.000000e-01  78.193834  79.002994
  3.025000e-01  78.046833  78.848331
  3.050000e-01  77.903110  78.696742
  3.075000e-01  77.762753  78.548292
  3.100000e-01  77.625839  78.403044
  3.125000e-01  77.492436  78.261060
  3.150000e-01  77.362595  78.122400
  3.175000e-01  77.236350  77.987113
  3.200000e-01  77.113716  77.855243
  3.225000e-01  76.994689  77.726819
  3.250000e-01  76.879243  77.601860
  3.275000e-01  76.767332  77.480370
  3.300000e-01  76.658893  77.362338
  3.325000e-01  76.553846  77.247737
  3.350000e-01  76.452094  77.136526
  3.375000e-01  76.353532  77.028651
  3.400000e-01  76.258046  76.924044
  3.425000e-01  76.165515  76.822625
  3.450000e-01  76.075816  76.724306
  3.475000e-01  75.988825  76.628987
  3.500000e-01  75.904416  76.536564
  3.525000e-01  75.822467  76.446930
  3.550000e-01  75.742858  76.359970
  3.575000e-01  75.665472  76.275571
  3.600000e-01  75.590194  76.193617
  3.625000e-01  75.516915  76.113995
  3.650000e-01  75.445530  76.036591
  3.675000e-01  75.375936  75.961295
  3.700000e-01  75.308038  75.887998
  3.725000e-01  75.241742  75.816596
  3.750000e-01  75.176961  75.746989
  3.775000e-01  75.113611  75.679079
  3.800000e-01  75.051613  75.612775
  3.825000e-01  74.990892  75.547987
  3.850000e-01  74.931377  75.484633
  3.875000e-01  74.873000  75.422631
  3.900000e-01  74.815700  75.361907
  3.925000e-01  74.759414  75.302389
  3.950000e-01  74.704088  75.244009
  3.975000e-01  74.649666  75.186704
  4.000000e-01  74.596099  75.130413
  4.025000e-01  74.543338  75.075079
  4.050000e-01  74.491338  75.020647
  4.075000e-01  74.440055  74.967068
  4.100000e-01  74.389448  74.914292
  4.125000e-01  74.339479  74.862274
  4.150000e-01  74.290111  74.810970
  4.175000e-01  74.241308  74.760341
  4.200000e-01  74.193038  74.710347
  4.225000e-01  74.145269  74.660951
  4.250000e-01  74.097972  74.612119
  4.275000e-01  74.051118  74.563818
  4.300000e-01  74.004682  74.516017
  4.325000e-01  73.958637  74.468687
  4.350000e-01  73.912961  74.421801
  4.375000e-01  73.867632  74.375331
  4.400000e-01  73.822630  74.329254
  4.425000e-01  73.777934  74.283547
  4.450000e-01  73.733527  74.238188
  4.475000e-01  73.689392  74.193157
  4.500000e-01  73.645514  74.148434
  4.525000e-01  73.601879  74.104003
  4.550000e-01  73.558472  74.059845
  4.575000e-01  73.515282  74.015947
  4.600000e-01  73.472298  73.972294
  4.625000e-01  73.429508  73.928872
  4.650000e-01  73.386904  73.885669
  4.675000e-01  73.344477  73.842675
  4.700000e-01  73.302220  73.799878
  4.725000e-01  73.260125  73.757270
  4.750000e-01  73.218187  73.714842
  4.775000e-01  73.176400  73.672587
  4.800000e-01  73.134759  73.630497
  4.825000e-01  73.093261  73.588566
  4.850000e-01  73.051901  73.546790
  4.875000e-01  73.010676  73.505162
  4.900000e-01  72.969585  73.463680
  4.925000e-01  72.928625  73.422339
  4.950000e-01  72.887794  73.381136
  4.975000e-01  72.847092  73.340069
  5.000000e-01  72.806516  73.299135
  5.025000e-01  72.766066  73.258333
  5.050000e-01  72.725742  73.217661
  5.075000e-01  72.685544  73.177118
  5.100000e-01  72.645470  73.136704
  5.125000e-01  72.605521  73.096416
  5.150000e-01  72.565697  73.056256
  5.175000e-01  72.525997  73.016221
  5.200000e-01  72.486423  72.976313
  5.225000e-01  72.446973  72.936531
  5.250000e-01  72.407648  72.896875
  5.275000e-01  72.368447  72.857344
  5.300000e-01  72.329371  72.817938
  5.325000e-01  72.290419  72.778658
  5.350000e-01  72.251592  72.739503
  5.375000e-01  72.212888  72.700472
  5.400000e-01  72.174308  72.661567
  5.425000e-01  72.135851  72.622785
  5.450000e-01  72.097517  72.584128
  5.475000e-01  72.059305  72.545594
  5.500000e-01  72.021215  72.507184
  5.525000e-01  71.983246  72.468897
  5.550000e-01  71.945399  72.430732
  5.575000e-01  71.907672  72.392690
  5.600000e-01  71.870066  72.354769
  5.625000e-01  71.832580  72.316970
  5.650000e-01  71.795214  72.279293
  5.675000e-01  71.757968  72.241736
  5.700000e-01  71.720843  72.204301
  5.725000e-01  71.683838  72.166986
  5.750000e-01  71.646954  72.129793
  5.775000e-01  71.610192  72.092722
  5.800000e-01  71.573552  72.055773
  5.825000e-01  71.537036  72.018946
  5.850000e-01  71.500645  71.982243
  5.875000e-01  71.464380  71.945664
  5.900000e-01  71.428242  71.909211
  5.925000e-01  71.392234  71.872885
  5.950000e-01  71.356358  71.836687
  5.975000e-01  71.320615  71.800619
  6.000000e-01  71.285008  71.764683
  6.025000e-01  71.249539  71.728881
  6.050000e-01  71.214210  71.693214
  6.075000e-01  71.179025  71.657686
  6.100000e-01  71.143984  71.622297
  6.125000e-01  71.109092  71.587052
  6.150000e-01  71.074349  71.551951
  6.175000e-01  71.039759  71.516997
  6.200000e-01  71.005325  71.482192
  6.225000e-01  70.971048  71.447540
  6.250000e-01  70.936930  71.413042
  6.275000e-01  70.902973  71.378700
  6.300000e-01  70.869180  71.344516
  6.325000e-01  70.835552  71.310492
  6.350000e-01  70.802091  71.276631
  6.375000e-01  70.768798  71.242934
  6.400000e-01  70.735675  71.209402
  6.425000e-01  70.702722  71.176037
  6.450000e-01  70.669941  71.142841
  6.475000e-01  70.637333  71.109814
  6.500000e-01  70.604898  71.076958
  6.525000e-01  70.572636  71.044274
  6.550000e-01  70.540550  71.011762
  6.575000e-01  70.508638  70.979423
  6.600000e-01  70.476903  70.947259
  6.625000e-01  70.445343  70.915268
  6.650000e-01  70.413959  70.883453
  6.675000e-01  70.382753  70.851814
  6.700000e-01  70.351724  70.820351
  6.725000e-01  70.320872  70.789064
  6.750000e-01  70.290199  70.757955
  6.775000e-01  70.259705  70.727023
  6.800000e-01  70.229391  70.696270
  6.825000e-01  70.199256  70.665695
  6.850000e-01  70.169304  70.635301
  6.875000e-01  70.139533  70.605086
  6.900000e-01  70.109946  70.575053
  6.925000e-01  70.080542  70.545202
  6.950000e-01  70.051325  70.515535
  6.975000e-01  70.022294  70.486051
  7.000000e-01  69.993450  70.456753
  7.025000e-01  69.964796  70.427641
  7.050000e-01  69.936333  70.398717
  7.075000e-01  69.908061  70.369982
  7.100000e-01  69.879983  70.341437
  7.125000e-01  69.852098  70.313084
  7.150000e-01  69.824409  70.284922
  7.175000e-01  69.796917  70.256955
  7.200000e-01  69.769621  70.229182
  7.225000e-01  69.742523  70.201604
  7.250000e-01  69.715624  70.174223
  7.275000e-01  69.688924  70.147039
  7.300000e-01  69.662423  70.120053
  7.325000e-01  69.636122  70.093265
  7.350000e-01  69.610019  70.066676
  7.375000e-01  69.584116  70.040285
  7.400000e-01  69.558411  70.014092
  7.425000e-01  69.532903  69.988098
  7.450000e-01  69.507592  69.962301
  7.475000e-01  69.482478  69.936701
  7.500000e-01  69.457557  69.911298
  7.525000e-01  69.432831  69.886091
  7.550000e-01  69.408296  69.861078
  7.575000e-01  69.383951  69.836258
  7.600000e-01  69.359796  69.811631
  7.625000e-01  69.335828  69.787194
  7.650000e-01  69.312045  69.762946
  7.675000e-01  69.288446  69.738885
  7.700000e-01  69.265029  69.715011
  7.725000e-01  69.241792  69.691321
  7.750000e-01  69.218734  69.667814
  7.775000e-01  69.195853  69.644487
  7.800000e-01  69.173147  69.621340
  7.825000e-01  69.150614  69.598371
  7.850000e-01  69.128254  69.575578
  7.875000e-01  69.106065  69.552960
  7.900000e-01  69.084046  69.530515
  7.925000e-01  69.062195  69.508242
  7.950000e-01  69.040511  69.486140
  7.975000e-01  69.018994  69.464207
  8.000000e-01  68.997642  69.442443
  8.025000e-01  68.976454  69.420845
  8.050000e-01  68.955431  69.399414
  8.075000e-01  68.934571  69.378148
  8.100000e-01  68.913873  69.357047
  8.125000e-01  68.893337  69.336110
  8.150000e-01  68.872963  69.315337
  8.175000e-01  68.852750  69.294725
  8.200000e-01  68.832698  69.274276
  8.225000e-01  68.812806  69.253989
  8.250000e-01  68.793074  69.233862
  8.275000e-01  68.773501  69.213896
  8.300000e-01  68.754086  69.194090
  8.325000e-01  68.734830  69.174443
  8.350000e-01  68.715731  69.154955
  8.375000e-01  68.696788  69.135625
  8.400000e-01  68.678002  69.116452
  8.425000e-01  68.659371  69.097437
  8.450000e-01  68.640894  69.078577
  8.475000e-01  68.622570  69.059873
  8.500000e-01  68.604398  69.041323
  8.525000e-01  68.586378  69.022926
  8.550000e-01  68.568507  69.004681
  8.575000e-01  68.550784  68.986588
  8.600000e-01  68.533209  68.968644
  8.625000e-01  68.515779  68.950849
  8.650000e-01  68.498493  68.933202
  8.675000e-01  68.481350  68.915700
  8.700000e-01  68.464348  68.898343
  8.725000e-01  68.447486  68.881128
  8.750000e-01  68.430761  68.864056
  8.775000e-01  68.414173  68.847123
  8.800000e-01  68.397719  68.830329
  8.825000e-01  68.381398  68.813671
  8.850000e-01  68.365209  68.797149
  8.875000e-01  68.349150  68.780761
  8.900000e-01  68.333219  68.764505
  8.925000e-01  68.317416  68.748380
  8.950000e-01  68.301737  68.732384
  8.975000e-01  68.286183  68.716515
  9.000000e-01  68.270752  68.700773
  9.025000e-01  68.255442  68.685156
  9.050000e-01  68.240253  68.669663
  9.075000e-01  68.225182  68.654292
  9.100000e-01  68.210230  68.639042
  9.125000e-01  68.195395  68.623912
  9.150000e-01  68.180676  68.608901
  9.175000e-01  68.166073  68.594008
  9.200000e-01  68.151584  68.579232
  9.225000e-01  68.137209  68.564572
  9.250000e-01  68.122946  68.550027
  9.275000e-01  68.108797  68.535597
  9.300000e-01  68.094759  68.521280
  9.325000e-01  68.080832  68.507076
  9.350000e-01  68.067017  68.492985
  9.375000e-01  68.053311  68.479005
  9.400000e-01  68.039716  68.465137
  9.425000e-01  68.026230  68.451379
  9.450000e-01  68.012853  68.437732
  9.475000e-01  67.999585  68.424194
  9.500000e-01  67.986425  68.410766
  9.525000e-01  67.973372  68.397447
  9.550000e-01  67.960428  68.384236
  9.575000e-01  67.947590  68.371133
  9.600000e-01  67.934858  68.358137
  9.625000e-01  67.922233  68.345249
  9.650000e-01  67.909713  68.332467
  9.675000e-01  67.897298  68.319792
  9.700000e-01  67.884988  68.307222
  9.725000e-01  67.872781  68.294757
  9.750000e-01  67.860677  68.282397
  9.775000e-01  67.848676  68.270140
  9.800000e-01  67.836777  68.257987
  9.825000e-01  67.824978  68.245936
  9.850000e-01  67.813280  68.233988
  9.875000e-01  67.801681  68.222140
  9.900000e-01  67.790181  68.210393
  9.925000e-01  67.778779  68.198745
  9.950000e-01  67.767473  68.187196
  9.975000e-01  67.756263  68.175746
  1.000000e+00  67.745149  68.164392
  1.002500e+00  67.734128  68.153134
  1.005000e+00  67.723200  68.141972
  1.007500e+00  67.712364  68.130903
  1.010000e+00  67.701619  68.119929
  1.012500e+00  67.690964  68.109046
  1.015000e+00  67.680398  68.098255
  1.017500e+00  67.669920  68.087554
  1.020000e+00  67.659529  68.076943
  1.022500e+00  67.649224  68.066420
  1.025000e+00  67.639004  68.055985
  1.027500e+00  67.628868  68.045636
  1.030000e+00  67.618815  68.035372
  1.032500e+00  67.608844  68.025193
  1.035000e+00  67.598955  68.015098
  1.037500e+00  67.589145  68.005085
  1.040000e+00  67.579415  67.995153
  1.042500e+00  67.569763  67.985303
  1.045000e+00  67.560189  67.975532
  1.047500e+00  67.550692  67.965841
  1.050000e+00  67.541271  67.956227
  1.052500e+00  67.531925  67.946691
  1.055000e+00  67.522654  67.937231
  1.057500e+00  67.513456  67.927847
  1.060000e+00  67.504332  67.918539
  1.062500e+00  67.495280  67.909304
  1.065000e+00  67.486300  67.900143
  1.067500e+00  67.477391  67.891055
  1.070000e+00  67.468553  67.882039
  1.072500e+00  67.459785  67.873095
  1.075000e+00  67.451087  67.864222
  1.077500e+00  67.442458  67.855420
  1.080000e+00  67.433897  67.846687
  1.082500e+00  67.425405  67.838024
  1.085000e+00  67.416980  67.829430
  1.087500e+00  67.408623  67.820905
  1.090000e+00  67.400333  67.812447
  1.092500e+00  67.392109  67.804058
  1.095000e+00  67.383951  67.795735
  1.097500e+00  67.375858  67.787479
  1.100000e+00  67.367832  67.779289
  1.102500e+00  67.359870  67.771165
  1.105000e+00  67.351972  67.763107
  1.107500e+00  67.344139  67.755114
  1.110000e+00  67.336370  67.747185
  1.112500e+00  67.328664  67.739322
  1.115000e+00  67.321022  67.731522
  1.117500e+00  67.313442  67.723785
  1.120000e+00  67.305924  67.716113
  1.122500e+00  67.298469  67.708503
  1.125000e+00  67.291075  67.700955
  1.127500e+00  67.283743  67.693470
  1.130000e+00  67.276471  67.686046
  1.132500e+00  67.269260  67.678684
  1.135000e+00  67.262108  67.671383
  1.137500e+00  67.255017  67.664142
  1.140000e+00  67.247984  67.656962
  1.142500e+00  67.241010  67.649841
  1.145000e+00  67.234094  67.642780
  1.147500e+00  67.227236  67.635777
  1.150000e+00  67.220436  67.628833
  1.152500e+00  67.213692  67.621947
  1.155000e+00  67.207005  67.615118
  1.157500e+00  67.200373  67.608346
  1.160000e+00  67.193797  67.601631
  1.162500e+00  67.187275  67.594971
  1.165000e+00  67.180808  67.588368
  1.167500e+00  67.174394  67.581819
  1.170000e+00  67.168033  67.575324
  1.172500e+00  67.161726  67.568884
  1.175000e+00  67.155470  67.562497
  1.177500e+00  67.149265  67.556162
  1.180000e+00  67.143112  67.549880
  1.182500e+00  67.137009  67.543650
  1.185000e+00  67.130956  67.537471
  1.187500e+00  67.124952  67.531342
  1.190000e+00  67.118997  67.525264
  1.192500e+00  67.113090  67.519235
  1.195000e+00  67.107231  67.513255
  1.197500e+00  67.101418  67.507324
  1.200000e+00  67.095652  67.501440
  1.202500e+00  67.089932  67.495604
  1.205000e+00  67.084257  67.489814
  1.207500e+00  67.078628  67.484071
  1.210000e+00  67.073042  67.478373
  1.212500e+00  67.067500  67.472720
  1.215000e+00  67.062001  67.467112
  1.217500e+00  67.056545  67.461548
  1.220000e+00  67.051132  67.456027
  1.222500e+00  67.045759  67.450549
  1.225000e+00  67.040428  67.445114
  1.227500e+00  67.035138  67.439721
  1.230000e+00  67.029888  67.434369
  1.232500e+00  67.024677  67.429058
  1.235000e+00  67.019506  67.423787
  1.237500e+00  67.014373  67.418556
  1.240000e+00  67.009279  67.413365
  1.242500e+00  67.004223  67.408213
  1.245000e+00  66.999204  67.403099
  1.247500e+00  66.994222  67.398023
  1.250000e+00  66.989276  67.392986
  1.252500e+00  66.984367  67.387985
  1.255000e+00  66.979494  67.383021
  1.257500e+00  66.974656  67.378094
  1.260000e+00  66.969853  67.373202
  1.262500e+00  66.965084  67.368346
  1.265000e+00  66.960350  67.363526
  1.267500e+00  66.955650  67.358740
  1.270000e+00  66.950984  67.353989
  1.272500e+00  66.946351  67.349272
  1.275000e+00  66.941750  67.344589
  1.277500e+00  66.937183  67.339939
  1.280000e+00  66.932648  67.335322
  1.282500e+00  66.928144  67.330739
  1.285000e+00  66.923673  67.326188
  1.287500e+00  66.919233  67.321669
  1.290000e+00  66.914825  67.317182
  1.292500e+00  66.910447  67.312726
  1.295000e+00  66.906100  67.308302
  1.297500e+00  66.901783  67.303910
  1.300000e+00  66.897497  67.299548
  1.302500e+00  66.893241  67.295216
  1.305000e+00  66.889014  67.290915
  1.307500e+00  66.884817  67.286644
  1.310000e+00  66.880650  67.282403
  1.312500e+00  66.876511  67.278192
  1.315000e+00  66.872401  67.274010
  1.317500e+00  66.868320  67.269857
  1.320000e+00  66.864268  67.265733
  1.322500e+00  66.860243  67.261638
  1.325000e+00  66.856247  67.257572
  1.327500e+00  66.852279  67.253534
  1.330000e+00  66.848338  67.249524
  1.332500e+00  66.844425  67.245543
  1.335000e+00  66.840539  67.241589
  1.337500e+00  66.836681  67.237662
  1.340000e+00  66.832849  67.233763
  1.342500e+00  66.829044  67.229892
  1.345000e+00  66.825266  67.226047
  1.347500e+00  66.821514  67.222229
  1.350000e+00  66.817789  67.218438
  1.352500e+00  66.814090  67.214674
  1.355000e+00  66.810416  67.210936
  1.357500e+00  66.806769  67.207224
  1.360000e+00  66.803147  67.203538
  1.362500e+00  66.799550  67.199878
  1.365000e+00  66.795979  67.196244
  1.367500e+00  66.792433  67.192635
  1.370000e+00  66.788912  67.189052
  1.372500e+00  66.785416  67.185493
  1.375000e+00  66.781944  67.181960
  1.377500e+00  66.778496  67.178452
  1.380000e+00  66.775073  67.174968
  1.382500e+00  66.771674  67.171509
  1.385000e+00  66.768299  67.168074
  1.387500e+00  66.764948  67.164663
  1.390000e+00  66.761620  67.161276
  1.392500e+00  66.758315  67.157913
  1.395000e+00  66.755034  67.154574
  1.397500e+00  66.751776  67.151258
  1.400000e+00  66.748540  67.147965
  1.402500e+00  66.745328  67.144696
  1.405000e+00  66.742138  67.141449
  1.407500e+00  66.738970  67.138226
  1.410000e+00  66.735824  67.135025
  1.412500e+00  66.732701  67.131846
  1.415000e+00  66.729599  67.128689
  1.417500e+00  66.726518  67.125555
  1.420000e+00  66.723460  67.122442
  1.422500e+00  66.720422  67.119351
  1.425000e+00  66.717406  67.116282
  1.427500e+00  66.714410  67.113234
  1.430000e+00  66.711435  67.110207
  1.432500e+00  66.708481  67.107201
  1.435000e+00  66.705547  67.104216
  1.437500e+00  66.702633  67.101252
  1.440000e+00  66.699739  67.098307
  1.442500e+00  66.696866  67.095384
  1.445000e+00  66.694011  67.092480
  1.447500e+00  66.691176  67.089596
  1.450000e+00  66.688361  67.086732
  1.452500e+00  66.685564  67.083888
  1.455000e+00  66.682787  67.081062
  1.457500e+00  66.680028  67.078256
  1.460000e+00  66.677288  67.075469
  1.462500e+00  66.674566  67.072701
  1.465000e+00  66.671863  67.069952
  1.467500e+00  66.669177  67.067221
  1.470000e+00  66.666509  67.064508
  1.472500e+00  66.663859  67.061814
  1.475000e+00  66.661227  67.059137
  1.477500e+00  66.658612  67.056478
  1.480000e+00  66.656014  67.053837
  1.482500e+00  66.653434  67.051213
  1.485000e+00  66.650870  67.048607
  1.487500e+00  66.648322  67.046018
  1.490000e+00  66.645792  67.043445
  1.492500e+00  66.643278  67.040890
  1.495000e+00  66.640780  67.038351
  1.497500e+00  66.638298  67.035828
  1.500000e+00  66.635832  67.033322
  1.502500e+00  66.633381  67.030832
  1.505000e+00  66.630947  67.028358
  1.507500e+00  66.628527  67.025900
  1.510000e+00  66.626124  67.023458
  1.512500e+00  66.623735  67.021031
  1.515000e+00  66.621361  67.018619
  1.517500e+00  66.619002  67.016223
  1.520000e+00  66.616658  67.013841
  1.522500e+00  66.614328  67.011475
  1.525000e+00  66.612013  67.009123
  1.527500e+00  66.609713  67.006787
  1.530000e+00  66.607426  67.004464
  1.532500e+00  66.605153  67.002156
  1.535000e+00  66.602895  66.999862
  1.537500e+00  66.600650  66.997583
  1.540000e+00  66.598418  66.995317
  1.542500e+00  66.596201  66.993065
  1.545000e+00  66.593996  66.990827
  1.547500e+00  66.591805  66.988603
  1.550000e+00  66.589627  66.986391
  1.552500e+00  66.587462  66.984194
  1.555000e+00  66.585310  66.982009
  1.557500e+00  66.583171  66.979838
  1.560000e+00  66.581044  66.977679
  1.562500e+00  66.578930  66.975534
  1.565000e+00  66.576829  66.973401
  1.567500e+00  66.574740  66.971281
  1.570000e+00  66.572663  66.969173
  1.572500e+00  66.570598  66.967078
  1.575000e+00  66.568546  66.964995
  1.577500e+00  66.566505  66.962924
  1.580000e+00  66.564476  66.960865
  1.582500e+00  66.562459  66.958818
  1.585000e+00  66.560453  66.956784
  1.587500e+00  66.558459  66.954761
  1.590000e+00  66.556477  66.952749
  1.592500e+00  66.554506  66.950750
  1.595000e+00  66.552546  66.948762
  1.597500e+00  66.550597  66.946785
  1.600000e+00  66.548660  66.944819
  1.602500e+00  66.546733  66.942865
  1.605000e+00  66.544818  66.940922
  1.607500e+00  66.542913  66.938990
  1.610000e+00  66.541019  66.937069
  1.612500e+00  66.539136  66.935159
  1.615000e+00  66.537263  66.933260
  1.617500e+00  66.535401  66.931371
  1.620000e+00  66.533550  66.929494
  1.622500e+00  66.531709  66.927626
  1.625000e+00  66.529878  66.925770
  1.627500e+00  66.528057  66.923923
  1.630000e+00  66.526247  66.922088
  1.632500e+00  66.524447  66.920262
  1.635000e+00  66.522656  66.918447
  1.637500e+00  66.520876  66.916641
  1.640000e+00  66.519106  66.914846
  1.642500e+00  66.517345  66.913061
  1.645000e+00  66.515595  66.911286
  1.647500e+00  66.513854  66.909521
  1.650000e+00  66.512123  66.907765
  1.652500e+00  66.510401  66.906020
  1.655000e+00  66.508689  66.904284
  1.657500e+00  66.506986  66.902557
  1.660000e+00  66.505293  66.900841
  1.662500e+00  66.503610  66.899133
  1.665000e+00  66.501935  66.897436
  1.667500e+00  66.500270  66.895747
  1.670000e+00  66.498614  66.894068
  1.672500e+00  66.496967  66.892399
  1.675000e+00  66.495330  66.890738
  1.677500e+00  66.493701  66.889087
  1.680000e+00  66.492082  66.887445
  1.682500e+00  66.490471  66.885812
  1.685000e+00  66.488870  66.884188
  1.687500e+00  66.487277  66.882573
  1.690000e+00  66.485693  66.880967
  1.692500e+00  66.484118  66.879370
  1.695000e+00  66.482551  66.877782
  1.697500e+00  66.480993  66.876203
  1.700000e+00  66.479444  66.874632
  1.702500e+00  66.477904  66.873070
  1.705000e+00  66.476372  66.871516
  1.707500e+00  66.474848  66.869972
  1.710000e+00  66.473333  66.868436
  1.712500e+00  66.471826  66.866908
  1.715000e+00  66.470328  66.865389
  1.717500e+00  66.468838  66.863878
  1.720000e+00  66.467356  66.862375
  1.722500e+00  66.465882  66.860881
  1.725000e+00  66.464417  66.859396
  1.727500e+00  66.462960  66.857918
  1.730000e+00  66.461511  66.856449
  1.732500e+00  66.460070  66.854987
  1.735000e+00  66.458637  66.853534
  1.737500e+00  66.457211  66.852089
  1.740000e+00  66.455794  66.850652
  1.742500e+00  66.454385  66.849223
  1.745000e+00  66.452983  66.847802
  1.747500e+00  66.451590  66.846389
  1.750000e+00  66.450204  66.844984
  1.752500e+00  66.448826  66.843586
  1.755000e+00  66.447455  66.842197
  1.757500e+00  66.446092  66.840815
  1.760000e+00  66.444737  66.839441
  1.762500e+00  66.443389  66.838074
  1.765000e+00  66.442049  66.836715
  1.767500e+00  66.440716  66.835363
  1.770000e+00  66.439391  66.834020
  1.772500e+00  66.438073  66.832683
  1.775000e+00  66.436762  66.831354
  1.777500e+00  66.435459  66.830032
  1.780000e+00  66.434162  66.828718
  1.782500e+00  66.432874  66.827411
  1.785000e+00  66.431592  66.826112
  1.787500e+00  66.430317  66.824819
  1.790000e+00  66.429050  66.823534
  1.792500e+00  66.427789  66.822256
  1.795000e+00  66.426536  66.820985
  1.797500e+00  66.425289  66.819721
  1.800000e+00  66.424050  66.818464
  1.802500e+00  66.422817  66.817214
  1.805000e+00  66.421591  66.815971
  1.807500e+00  66.420372  66.814735
  1.810000e+00  66.419160  66.813506
  1.812500e+00  66.417955  66.812284
  1.815000e+00  66.416756  66.811068
  1.817500e+00  66.415564  66.809859
  1.820000e+00  66.414378  66.808657
  1.822500e+00  66.413199  66.807462
  1.825000e+00  66.412026  66.806273
  1.827500e+00  66.410860  66.805091
  1.830000e+00  66.409701  66.803915
  1.832500e+00  66.408548  66.802746
  1.835000e+00  66.407401  66.801583
  1.837500e+00  66.406260  66.800426
  1.840000e+00  66.405126  66.799276
  1.842500e+00  66.403998  66.798133
  1.845000e+00  66.402876  66.796995
  1.847500e+00  66.401760  66.795864
  1.850000e+00  66.400651  66.794739
  1.852500e+00  66.399547  66.793621
  1.855000e+00  66.398450  66.792508
  1.857500e+00  66.397358  66.791402
  1.860000e+00  66.396273  66.790301
  1.862500e+00  66.395193  66.789207
  1.865000e+00  66.394119  66.788118
  1.867500e+00  66.393052  66.787036
  1.870000e+00  66.391989  66.785959
  1.872500e+00  66.390933  66.784888
  1.875000e+00  66.389883  66.783823
  1.877500e+00  66.388838  66.782764
  1.880000e+00  66.387798  66.781711
  1.882500e+00  66.386765  66.780663
  1.885000e+00  66.385736  66.779621
  1.887500e+00  66.384714  66.778584
  1.890000e+00  66.383697  66.777553
  1.892500e+00  66.382685  66.776528
  1.895000e+00  66.381679  66.775508
  1.897500e+00  66.380678  66.774494
  1.900000e+00  66.379682  66.773485
  1.902500e+00  66.378692  66.772481
  1.905000e+00  66.377707  66.771483
  1.907500e+00  66.376727  66.770490
  1.910000e+00  66.375753  66.769502
  1.912500e+00  66.374783  66.768520
  1.915000e+00  66.373819  66.767543
  1.917500e+00  66.372859  66.766571
  1.920000e+00  66.371905  66.765604
  1.922500e+00  66.370956  66.764642
  1.925000e+00  66.370012  66.763685
  1.927500e+00  66.369072  66.762733
  1.930000e+00  66.368138  66.761787
  1.932500e+00  66.367208  66.760845
  1.935000e+00  66.366284  66.759908
  1.937500e+00  66.365364  66.758976
  1.940000e+00  66.364448  66.758049
  1.942500e+00  66.363538  66.757126
  1.945000e+00  66.362632  66.756209
  1.947500e+00  66.361731  66.755296
  1.950000e+00  66.360834  66.754388
  1.952500e+00  66.359943  66.753484
  1.955000e+00  66.359055  66.752585
  1.957500e+00  66.358172  66.751691
  1.960000e+00  66.357294  66.750801
  1.962500e+00  66.356420  66.749916
  1.965000e+00  66.355550  66.749036
  1.967500e+00  66.354685  66.748159
  1.970000e+00  66.353825  66.747288
  1.972500e+00  66.352968  66.746420
  1.975000e+00  66.352116  66.745557
  1.977500e+00  66.351268  66.744699
  1.980000e+00  66.350425  66.743845
  1.982500e+00  66.349585  66.742994
  1.985000e+00  66.348750  66.742149
  1.987500e+00  66.347919  66.741307
  1.990000e+00  66.347092  66.740470
  1.992500e+00  66.346269  66.739637
  1.995000e+00  66.345450  66.738807
  1.997500e+00  66.344635  66.737982
  2.000000e+00  66.343824  66.737162
