  1.000000e-02  137.958754  138.124653
  1.500000e-02  137.572194  137.936227
  2.000000e-02  137.158269  137.715215
  2.500000e-02  136.657720  137.439268
  3.000000e-02  136.008450  137.083866
  3.500000e-02  135.154812  136.623063
  4.000000e-02  134.055396  136.031509
  4.500000e-02  132.688216  135.285962
  5.000000e-02  131.053617  134.369513
  5.500000e-02  129.177968  133.278543
  6.000000e-02  127.118219  132.028136
  6.500000e-02  124.962228  130.650693
  7.000000e-02  122.819812  129.186928
  7.500000e-02  120.801359  127.672124
  8.000000e-02  118.979591  126.124460
  8.500000e-02  117.354021  124.557766
  9.000000e-02  115.872744  123.015261
  9.500000e-02  114.494134  121.549171
  1.000000e-01  113.203288  120.172616
  1.050000e-01  111.996445  118.875578
  1.100000e-01  110.877382  117.650782
  1.150000e-01  109.851791  116.491085
  1.200000e-01  108.917886  115.389701
  1.250000e-01  108.068908  114.345745
  1.300000e-01  107.300489  113.361232
  1.350000e-01  106.610221  112.435525
  1.400000e-01  105.993434  111.565818
  1.450000e-01  105.442822  110.750011
  1.500000e-01  104.950687  109.986912
  1.550000e-01  104.509781  109.274859
  1.600000e-01  104.112588  108.611154
  1.650000e-01  103.750760  107.992241
  1.700000e-01  103.415159  107.413784
  1.750000e-01  103.096004  106.870580
  1.800000e-01  102.782861  106.356548
  1.850000e-01  102.464515  105.864780
  1.900000e-01  102.128795  105.387524
  1.950000e-01  101.762394  104.916108
  2.000000e-01  101.350888  104.440961
  2.050000e-01  100.879305  103.951905
  2.100000e-01  100.333684  103.438901
  2.150000e-01  99.703756  102.893247
  2.200000e-01  98.986072  102.308837
  2.250000e-01  98.185775  101.682742
  2.300000e-01  97.315047  101.014549
  2.350000e-01  96.388532  100.304998
  2.400000e-01  95.419180  99.555053
  2.450000e-01  94.417835  98.765825
  2.500000e-01  93.395227  97.938932
  2.550000e-01  92.362728  97.078302
  2.600000e-01  91.333666  96.194724
  2.650000e-01  90.328441  95.307540
  2.700000e-01  89.376178  94.436976
  2.750000e-01  88.506281  93.596496
  2.800000e-01  87.738332  92.793707
  2.850000e-01  87.078649  92.033038
  2.900000e-01  86.520648  91.315781
  2.950000e-01  86.045679  90.640810
  3.000000e-01  85.627100  90.007358
  3.050000e-01  85.238848  89.415932
  3.100000e-01  84.862718  88.865463
  3.150000e-01  84.489111  88.351010
  3.200000e-01  84.113612  87.865223
  3.250000e-01  83.734281  87.401130
  3.300000e-01  83.350775  86.953360
  3.350000e-01  82.963915  86.517907
  3.400000e-01  82.575035  86.091778
  3.450000e-01  82.185639  85.673039
  3.500000e-01  81.797608  85.260828
  3.550000e-01  81.413452  84.855090
  3.600000e-01  81.036170  84.456197
  3.650000e-01  80.668752  84.064681
  3.700000e-01  80.313651  83.681118
  3.750000e-01  79.972430  83.306049
  3.800000e-01  79.645657  82.939928
  3.850000e-01  79.332989  82.583096
  3.900000e-01  79.033413  82.235760
  3.950000e-01  78.745542  81.898000
  4.000000e-01  78.467888  81.569758
  4.050000e-01  78.199073  81.250848
  4.100000e-01  77.937955  80.940986
  4.150000e-01  77.683732  80.639852
  4.200000e-01  77.436013  80.347157
  4.250000e-01  77.194896  80.062725
  4.300000e-01  76.960997  79.786541
  4.350000e-01  76.735434  79.518784
  4.400000e-01  76.519721  79.259814
  4.450000e-01  76.315578  79.010131
  4.500000e-01  76.124693  78.770308
  4.550000e-01  75.948465  78.540918
  4.600000e-01  75.787781  78.322465
  4.650000e-01  75.642858  78.115327
  4.700000e-01  75.513175  77.919721
  4.750000e-01  75.397513  77.735692
  4.800000e-01  75.294111  77.563111
  4.850000e-01  75.200905  77.401680
  4.900000e-01  75.115783  77.250928
  4.950000e-01  75.036785  77.110216
  5.000000e-01  74.962197  76.978753
  5.050000e-01  74.890561  76.855636
  5.100000e-01  74.820643  76.739909
  5.150000e-01  74.751404  76.630622
  5.200000e-01  74.682000  76.526869
  5.250000e-01  74.611797  76.427813
  5.300000e-01  74.540380  76.332696
  5.350000e-01  74.467548  76.240838
  5.400000e-01  74.393276  76.151634
  5.450000e-01  74.317676  76.064558
  5.500000e-01  74.240936  75.979159
  5.550000e-01  74.163280  75.895062
  5.600000e-01  74.084935  75.811970
  5.650000e-01  74.006114  75.729656
  5.700000e-01  73.927016  75.647959
  5.750000e-01  73.847823  75.566773
  5.800000e-01  73.768705  75.486037
  5.850000e-01  73.689821  75.405721
  5.900000e-01  73.611316  75.325821
  5.950000e-01  73.533315  75.246345
  6.000000e-01  73.455917  75.167312
  6.050000e-01  73.379192  75.088740
  6.100000e-01  73.303177  75.010646
  6.150000e-01  73.227874  74.933042
  6.200000e-01  73.153257  74.855932
  6.250000e-01  73.079273  74.779314
  6.300000e-01  73.005849  74.703177
  6.350000e-01  72.932900  74.627503
  6.400000e-01  72.860335  74.552265
  6.450000e-01  72.788061  74.477434
  6.500000e-01  72.715995  74.402976
  6.550000e-01  72.644067  74.328857
  6.600000e-01  72.572221  74.255044
  6.650000e-01  72.500422  74.181508
  6.700000e-01  72.428659  74.108226
  6.750000e-01  72.356938  74.035178
  6.800000e-01  72.285285  73.962353
  6.850000e-01  72.213741  73.889746
  6.900000e-01  72.142358  73.817358
  6.950000e-01  72.071194  73.745194
  7.000000e-01  72.000309  73.673264
  7.050000e-01  71.929758  73.601583
  7.100000e-01  71.859591  73.530166
  7.150000e-01  71.789849  73.459032
  7.200000e-01  71.720565  73.388199
  7.250000e-01  71.651760  73.317685
  7.300000e-01  71.583448  73.247509
  7.350000e-01  71.515635  73.177687
  7.400000e-01  71.448322  73.108233
  7.450000e-01  71.381506  73.039162
  7.500000e-01  71.315181  72.970485
  7.550000e-01  71.249341  72.902212
  7.600000e-01  71.183980  72.834353
  7.650000e-01  71.119094  72.766915
  7.700000e-01  71.054680  72.699908
  7.750000e-01  70.990740  72.633339
  7.800000e-01  70.927274  72.567216
  7.850000e-01  70.864289  72.501548
  7.900000e-01  70.801791  72.436343
  7.950000e-01  70.739790  72.371611
  8.000000e-01  70.678297  72.307363
  8.050000e-01  70.617325  72.243608
  8.100000e-01  70.556886  72.180358
  8.150000e-01  70.496994  72.117623
  8.200000e-01  70.437663  72.055415
  8.250000e-01  70.378905  71.993742
  8.300000e-01  70.320734  71.932617
  8.350000e-01  70.263160  71.872047
  8.400000e-01  70.206194  71.812044
  8.450000e-01  70.149844  71.752614
  8.500000e-01  70.094118  71.693766
  8.550000e-01  70.039022  71.635508
  8.600000e-01  69.984560  71.577847
  8.650000e-01  69.930737  71.520790
  8.700000e-01  69.877555  71.464342
  8.750000e-01  69.825016  71.408509
  8.800000e-01  69.773122  71.353296
  8.850000e-01  69.721874  71.298709
  8.900000e-01  69.671273  71.244750
  8.950000e-01  69.621320  71.191426
  9.000000e-01  69.572014  71.138738
  9.050000e-01  69.523355  71.086690
  9.100000e-01  69.475341  71.035284
  9.150000e-01  69.427971  70.984522
  9.200000e-01  69.381241  70.934404
  9.250000e-01  69.335147  70.884930
  9.300000e-01  69.289683  70.836098
  9.350000e-01  69.244844  70.787907
  9.400000e-01  69.200620  70.740352
  9.450000e-01  69.157004  70.693430
  9.500000e-01  69.113987  70.647134
  9.550000e-01  69.071558  70.601458
  9.600000e-01  69.029709  70.556396
  9.650000e-01  68.988431  70.511941
  9.700000e-01  68.947714  70.468085
  9.750000e-01  68.907552  70.424820
  9.800000e-01  68.867938  70.382140
  9.850000e-01  68.828867  70.340037
  9.900000e-01  68.790334  70.298506
  9.950000e-01  68.752337  70.257540
  1.000000e+00  68.714873  70.217134
  1.005000e+00  68.677940  70.177283
  1.010000e+00  68.641537  70.137984
  1.015000e+00  68.605662  70.099231
  1.020000e+00  68.570313  70.061023
  1.025000e+00  68.535489  70.023355
  1.030000e+00  68.501184  69.986224
  1.035000e+00  68.467396  69.949627
  1.040000e+00  68.434118  69.913558
  1.045000e+00  68.401345  69.878015
  1.050000e+00  68.369069  69.842992
  1.055000e+00  68.337283  69.808483
  1.060000e+00  68.305978  69.774482
  1.065000e+00  68.275147  69.740984
  1.070000e+00  68.244780  69.707982
  1.075000e+00  68.214869  69.675467
  1.080000e+00  68.185406  69.643434
  1.085000e+00  68.156383  69.611876
  1.090000e+00  68.127794  69.580784
  1.095000e+00  68.099631  69.550152
  1.100000e+00  68.071889  69.519974
  1.105000e+00  68.044563  69.490242
  1.110000e+00  68.017649  69.460952
  1.115000e+00  67.991142  69.432097
  1.120000e+00  67.965038  69.403673
  1.125000e+00  67.939336  69.375674
  1.130000e+00  67.914032  69.348095
  1.135000e+00  67.889124  69.320934
  1.140000e+00  67.864608  69.294186
  1.145000e+00  67.840483  69.267847
  1.150000e+00  67.816746  69.241914
  1.155000e+00  67.793393  69.216383
  1.160000e+00  67.770420  69.191252
  1.165000e+00  67.747825  69.166516
  1.170000e+00  67.725601  69.142171
  1.175000e+00  67.703745  69.118214
  1.180000e+00  67.682250  69.094640
  1.185000e+00  67.661111  69.071445
  1.190000e+00  67.640323  69.048625
  1.195000e+00  67.619878  69.026173
  1.200000e+00  67.599770  69.004086
  1.205000e+00  67.579993  68.982357
  1.210000e+00  67.560540  68.960981
  1.215000e+00  67.541404  68.939952
  1.220000e+00  67.522579  68.919265
  1.225000e+00  67.504059  68.898913
  1.230000e+00  67.485837  68.878891
  1.235000e+00  67.467908  68.859193
  1.240000e+00  67.450266  68.839813
  1.245000e+00  67.432907  68.820745
  1.250000e+00  67.415825  68.801985
  1.255000e+00  67.399015  68.783526
  1.260000e+00  67.382474  68.765364
  1.265000e+00  67.366197  68.747494
  1.270000e+00  67.350181  68.729910
  1.275000e+00  67.334422  68.712609
  1.280000e+00  67.318916  68.695586
  1.285000e+00  67.303661  68.678837
  1.290000e+00  67.288653  68.662357
  1.295000e+00  67.273889  68.646143
  1.300000e+00  67.259367  68.630192
  1.305000e+00  67.245082  68.614498
  1.310000e+00  67.231032  68.599060
  1.315000e+00  67.217214  68.583873
  1.320000e+00  67.203624  68.568934
  1.325000e+00  67.190259  68.554238
  1.330000e+00  67.177116  68.539784
  1.335000e+00  67.164190  68.525567
  1.340000e+00  67.151479  68.511583
  1.345000e+00  67.138978  68.497829
  1.350000e+00  67.126684  68.484302
  1.355000e+00  67.114592  68.470997
  1.360000e+00  67.102698  68.457911
  1.365000e+00  67.091000  68.445040
  1.370000e+00  67.079491  68.432380
  1.375000e+00  67.068169  68.419928
  1.380000e+00  67.057029  68.407678
  1.385000e+00  67.046068  68.395628
  1.390000e+00  67.035281  68.383774
  1.395000e+00  67.024664  68.372111
  1.400000e+00  67.014213  68.360636
  1.405000e+00  67.003925  68.349344
  1.410000e+00  66.993797  68.338232
  1.415000e+00  66.983823  68.327297
  1.420000e+00  66.974002  68.316533
  1.425000e+00  66.964329  68.305939
  1.430000e+00  66.954802  68.295509
  1.435000e+00  66.945417  68.285241
  1.440000e+00  66.936171  68.275132
  1.445000e+00  66.927062  68.265177
  1.450000e+00  66.918087  68.255373
  1.455000e+00  66.909242  68.245718
  1.460000e+00  66.900527  68.236209
  1.465000e+00  66.891937  68.226841
  1.470000e+00  66.883472  68.217614
  1.475000e+00  66.875129  68.208523
  1.480000e+00  66.866905  68.199567
  1.485000e+00  66.858799  68.190742
  1.490000e+00  66.850809  68.182047
  1.495000e+00  66.842933  68.173478
  1.500000e+00  66.835169  68.165035
  1.505000e+00  66.827516  68.156713
  1.510000e+00  66.819972  68.148513
  1.515000e+00  66.812535  68.140431
  1.520000e+00  66.805204  68.132465
  1.525000e+00  66.797978  68.124614
  1.530000e+00  66.790854  68.116876
  1.535000e+00  66.783832  68.109249
  1.540000e+00  66.776910  68.101731
  1.545000e+00  66.770086  68.094321
  1.550000e+00  66.763360  68.087017
  1.555000e+00  66.756730  68.079818
  1.560000e+00  66.750193  68.072721
  1.565000e+00  66.743750  68.065726
  1.570000e+00  66.737399  68.058831
  1.575000e+00  66.731137  68.052034
  1.580000e+00  66.724965  68.045334
  1.585000e+00  66.718879  68.038729
  1.590000e+00  66.712880  68.032218
  1.595000e+00  66.706966  68.025800
  1.600000e+00  66.701134  68.019472
  1.605000e+00  66.695384  68.013234
  1.610000e+00  66.689715  68.007085
  1.615000e+00  66.684125  68.001022
  1.620000e+00  66.678612  67.995044
  1.625000e+00  66.673176  67.989150
  1.630000e+00  66.667814  67.983338
  1.635000e+00  66.662526  67.977608
  1.640000e+00  66.657310  67.971957
  1.645000e+00  66.652164  67.966385
  1.650000e+00  66.647088  67.960889
  1.655000e+00  66.642080  67.955469
  1.660000e+00  66.637139  67.950123
  1.665000e+00  66.632264  67.944850
  1.670000e+00  66.627452  67.939648
  1.675000e+00  66.622704  67.934516
  1.680000e+00  66.618018  67.929454
  1.685000e+00  66.613392  67.924458
  1.690000e+00  66.608825  67.919529
  1.695000e+00  66.604317  67.914666
  1.700000e+00  66.599866  67.909866
  1.705000e+00  66.595471  67.905128
  1.710000e+00  66.591131  67.900452
  1.715000e+00  66.586845  67.895837
  1.720000e+00  66.582612  67.891280
  1.725000e+00  66.578431  67.886782
  1.730000e+00  66.574301  67.882340
  1.735000e+00  66.570221  67.877954
  1.740000e+00  66.566190  67.873623
  1.745000e+00  66.562207  67.869346
  1.750000e+00  66.558272  67.865122
  1.755000e+00  66.554383  67.860949
  1.760000e+00  66.550540  67.856828
  1.765000e+00  66.546742  67.852756
  1.770000e+00  66.542988  67.848734
  1.775000e+00  66.539278  67.844760
  1.780000e+00  66.535610  67.840833
  1.785000e+00  66.531985  67.836952
  1.790000e+00  66.528401  67.833118
  1.795000e+00  66.524858  67.829329
  1.800000e+00  66.521355  67.825583
  1.805000e+00  66.517892  67.821882
  1.810000e+00  66.514467  67.818223
  1.815000e+00  66.511082  67.814606
  1.820000e+00  66.507734  67.811031
  1.825000e+00  66.504423  67.807497
  1.830000e+00  66.501150  67.804003
  1.835000e+00  66.497913  67.800549
  1.840000e+00  66.494712  67.797134
  1.845000e+00  66.491546  67.793758
  1.850000e+00  66.488416  67.790419
  1.855000e+00  66.485320  67.787118
  1.860000e+00  66.482258  67.783854
  1.865000e+00  66.479230  67.780627
  1.870000e+00  66.476236  67.777435
  1.875000e+00  66.473275  67.774280
  1.880000e+00  66.470346  67.771159
  1.885000e+00  66.467450  67.768073
  1.890000e+00  66.464585  67.765021
  1.895000e+00  66.461752  67.762003
  1.900000e+00  66.458951  67.759019
  1.905000e+00  66.456180  67.756067
  1.910000e+00  66.453440  67.753149
  1.915000e+00  66.450730  67.750262
  1.920000e+00  66.448049  67.747408
  1.925000e+00  66.445399  67.744585
  1.930000e+00  66.442777  67.741793
  1.935000e+00  66.440185  67.739032
  1.940000e+00  66.437621  67.736301
  1.945000e+00  66.435085  67.733601
  1.950000e+00  66.432577  67.730930
  1.955000e+00  66.430097  67.728289
  1.960000e+00  66.427644  67.725677
  1.965000e+00  66.425218  67.723094
  1.970000e+00  66.422819  67.720539
  1.975000e+00  66.420446  67.718012
  1.980000e+00  66.418099  67.715513
  1.985000e+00  66.415778  67.713042
  1.990000e+00  66.413482  67.710597
  1.995000e+00  66.411211  67.708180
  2.000000e+00  66.408966  67.705789
