  2.500000e-03  7.92410692 29.02364223 
  3.750000e-03  7.92410692 29.02372680 
  5.000000e-03  7.92410692 29.02378703 
  6.250000e-03  7.92410692 29.02383947 
  7.500000e-03  7.92410692 29.02388679 
  8.750000e-03  7.92410692 29.02392887 
  1.000000e-02  7.92410692 29.02396549 
  1.125000e-02  7.92410692 29.02399723 
  1.250000e-02  7.92410692 29.02402595 
  1.375000e-02  7.92410692 29.02405448 
  1.500000e-02  7.92410692 29.02408568 
  1.625000e-02  7.92410692 29.02412141 
  1.750000e-02  7.92410692 29.02416220 
  1.875000e-02  7.92410692 29.02420741 
  2.000000e-02  7.92410692 29.02425558 
  2.125000e-02  7.92410692 29.02430467 
  2.250000e-02  7.92410692 29.02435215 
  2.375000e-02  7.92410692 29.02439508 
  2.500000e-02  7.92410692 29.02443042 
  2.625000e-02  7.92410692 29.02445554 
  2.750000e-02  7.92410692 29.02446882 
  2.875000e-02  7.92410692 29.02447019 
  3.000000e-02  7.92410692 29.02446117 
  3.125000e-02  7.92410692 29.02444462 
  3.250000e-02  7.92410692 29.02442396 
  3.375000e-02  7.92410692 29.02440244 
  3.500000e-02  7.92410692 29.02438251 
  3.625000e-02  7.92410692 29.02436556 
  3.750000e-02  7.92410692 29.02435211 
  3.875000e-02  7.92410692 29.02434199 
  4.000000e-02  7.92410692 29.02433471 
  4.125000e-02  7.92410692 29.02432965 
  4.250000e-02  7.92410692 29.02432620 
  4.375000e-02  7.92410692 29.02432383 
  4.500000e-02  7.92410692 29.02432213 
  4.625000e-02  7.92410692 29.02432082 
  4.750000e-02  7.92410692 29.02431970 
  4.875000e-02  7.92410692 29.02431867 
  5.000000e-02  7.92410692 29.02431767 
  5.125000e-02  7.92410692 29.02431671 
  5.250000e-02  7.92410692 29.02431581 
  5.375000e-02  7.92410692 29.02431500 
  5.500000e-02  7.92410692 29.02431431 
  5.625000e-02  7.92410692 29.02431376 
  5.750000e-02  7.92410692 29.02431336 
  5.875000e-02  7.92410692 29.02431310 
  6.000000e-02  7.92410692 29.02431296 
  6.125000e-02  7.92410692 29.02431293 
  6.250000e-02  7.92410692 29.02431299 
  6.375000e-02  7.92410692 29.02431312 
  6.500000e-02  7.92410692 29.02431330 
  6.625000e-02  7.92410692 29.02431352 
  6.750000e-02  7.92410692 29.02431377 
  6.875000e-02  7.92410692 29.02431404 
  7.000000e-02  7.92410692 29.02431434 
  7.125000e-02  7.92410692 29.02431464 
  7.250000e-02  7.92410692 29.02431497 
  7.375000e-02  7.92410692 29.02431530 
  7.500000e-02  7.92410692 29.02431565 
  7.625000e-02  7.92410692 29.02431601 
  7.750000e-02  7.92410692 29.02431638 
  7.875000e-02  7.92410692 29.02431676 
  8.000000e-02  7.92410692 29.02431714 
  8.125000e-02  7.92410692 29.02431754 
  8.250000e-02  7.92410692 29.02431793 
  8.375000e-02  7.92410692 29.02431834 
  8.500000e-02  7.92410692 29.02431875 
  8.625000e-02  7.92410692 29.02431916 
  8.750000e-02  7.92410692 29.02431958 
  8.875000e-02  7.92410692 29.02432000 
  9.000000e-02  7.92410692 29.02432044 
  9.125000e-02  7.92410692 29.02432088 
  9.250000e-02  7.92410692 29.02432133 
  9.375000e-02  7.92410692 29.02432179 
  9.500000e-02  7.92410692 29.02432227 
  9.625000e-02  7.92410692 29.02432276 
  9.750000e-02  7.92410692 29.02432327 
  9.875000e-02  7.92410692 29.02432381 
  1.000000e-01  7.92410692 29.02432437 
  1.012500e-01  7.92410692 29.02432497 
  1.025000e-01  7.92410692 29.02432560 
  1.037500e-01  7.92410692 29.02432628 
  1.050000e-01  7.92410692 29.02432701 
  1.062500e-01  7.92410692 29.02432780 
  1.075000e-01  7.92410692 29.02432866 
  1.087500e-01  7.92410692 29.02432960 
  1.100000e-01  7.92410692 29.02433063 
  1.112500e-01  7.92410692 29.02433178 
  1.125000e-01  7.92410692 29.02433307 
  1.137500e-01  7.92410692 29.02433451 
  1.150000e-01  7.92410692 29.02433613 
  1.162500e-01  7.92410692 29.02433797 
  1.175000e-01  7.92410692 29.02434007 
  1.187500e-01  7.92410692 29.02434247 
  1.200000e-01  7.92410692 29.02434522 
  1.212500e-01  7.92410692 29.02434840 
  1.225000e-01  7.92410692 29.02435206 
  1.237500e-01  7.92410692 29.02435628 
  1.250000e-01  7.92410692 29.02436116 
  1.262500e-01  7.92410692 29.02436678 
  1.275000e-01  7.92410692 29.02437322 
  1.287500e-01  7.92410692 29.02438058 
  1.300000e-01  7.92410692 29.02438889 
  1.312500e-01  7.92410692 29.02439817 
  1.325000e-01  7.92410692 29.02440839 
  1.337500e-01  7.92410692 29.02441941 
  1.350000e-01  7.92410692 29.02443102 
  1.362500e-01  7.92410692 29.02444287 
  1.375000e-01  7.92410692 29.02445453 
  1.387500e-01  7.92410692 29.02446549 
  1.400000e-01  7.92410692 29.02447525 
  1.412500e-01  7.92410692 29.02448334 
  1.425000e-01  7.92410692 29.02448946 
  1.437500e-01  7.92410692 29.02449350 
  1.450000e-01  7.92410692 29.02449558 
  1.462500e-01  7.92410692 29.02449602 
  1.475000e-01  7.92410692 29.02449525 
  1.487500e-01  7.92410692 29.02449380 
  1.500000e-01  7.92410692 29.02449214 
  1.512500e-01  7.92410692 29.02449072 
  1.525000e-01  7.92410692 29.02448984 
  1.537500e-01  7.92410692 29.02448974 
  1.550000e-01  7.92410692 29.02449059 
  1.562500e-01  7.92410692 29.02449249 
  1.575000e-01  7.92410692 29.02449552 
  1.587500e-01  7.92410692 29.02449975 
  1.600000e-01  7.92410692 29.02450525 
  1.612500e-01  7.92410692 29.02451208 
  1.625000e-01  7.92410692 29.02452034 
  1.637500e-01  7.92410692 29.02453006 
  1.650000e-01  7.92410692 29.02454131 
  1.662500e-01  7.92410692 29.02455406 
  1.675000e-01  7.92410692 29.02456824 
  1.687500e-01  7.92410692 29.02458369 
  1.700000e-01  7.92410692 29.02460011 
  1.712500e-01  7.92410692 29.02461708 
  1.725000e-01  7.92410692 29.02463407 
  1.737500e-01  7.92410692 29.02465042 
  1.750000e-01  7.92410692 29.02466546 
  1.762500e-01  7.92410692 29.02467856 
  1.775000e-01  7.92410692 29.02468920 
  1.787500e-01  7.92410692 29.02469708 
  1.800000e-01  7.92410692 29.02470214 
  1.812500e-01  7.92410692 29.02470459 
  1.825000e-01  7.92410692 29.02470480 
  1.837500e-01  7.92410692 29.02470329 
  1.850000e-01  7.92410692 29.02470062 
  1.862500e-01  7.92410692 29.02469729 
  1.875000e-01  7.92410692 29.02469372 
  1.887500e-01  7.92410692 29.02469021 
  1.900000e-01  7.92410692 29.02468695 
  1.912500e-01  7.92410692 29.02468405 
  1.925000e-01  7.92410692 29.02468154 
  1.937500e-01  7.92410692 29.02467941 
  1.950000e-01  7.92410692 29.02467762 
  1.962500e-01  7.92410692 29.02467615 
  1.975000e-01  7.92410692 29.02467493 
  1.987500e-01  7.92410692 29.02467393 
  2.000000e-01  7.92410692 29.02467310 
  2.012500e-01  7.92410692 29.02467243 
  2.025000e-01  7.92410692 29.02467188 
  2.037500e-01  7.92410692 29.02467144 
  2.050000e-01  7.92410692 29.02467108 
  2.062500e-01  7.92410692 29.02467079 
  2.075000e-01  7.92410692 29.02467057 
  2.087500e-01  7.92410692 29.02467041 
  2.100000e-01  7.92410692 29.02467029 
  2.112500e-01  7.92410692 29.02467022 
  2.125000e-01  7.92410692 29.02467018 
  2.137500e-01  7.92410692 29.02467018 
  2.150000e-01  7.92410692 29.02467021 
  2.162500e-01  7.92410692 29.02467026 
  2.175000e-01  7.92410692 29.02467034 
  2.187500e-01  7.92410692 29.02467043 
  2.200000e-01  7.92410692 29.02467055 
  2.212500e-01  7.92410692 29.02467068 
  2.225000e-01  7.92410692 29.02467082 
  2.237500e-01  7.92410692 29.02467098 
  2.250000e-01  7.92410692 29.02467115 
  2.262500e-01  7.92410692 29.02467133 
  2.275000e-01  7.92410692 29.02467153 
  2.287500e-01  7.92410692 29.02467173 
  2.300000e-01  7.92410692 29.02467194 
  2.312500e-01  7.92410692 29.02467216 
  2.325000e-01  7.92410692 29.02467238 
  2.337500e-01  7.92410692 29.02467262 
  2.350000e-01  7.92410692 29.02467286 
  2.362500e-01  7.92410692 29.02467310 
  2.375000e-01  7.92410692 29.02467335 
  2.387500e-01  7.92410692 29.02467361 
  2.400000e-01  7.92410692 29.02467387 
  2.412500e-01  7.92410692 29.02467414 
  2.425000e-01  7.92410692 29.02467441 
  2.437500e-01  7.92410692 29.02467468 
  2.450000e-01  7.92410692 29.02467496 
  2.462500e-01  7.92410692 29.02467523 
  2.475000e-01  7.92410692 29.02467551 
  2.487500e-01  7.92410692 29.02467578 
  2.500000e-01  7.92410692 29.02467606 
  2.512500e-01  7.92410692 29.02467633 
  2.525000e-01  7.92410692 29.02467660 
  2.537500e-01  7.92410692 29.02467687 
  2.550000e-01  7.92410692 29.02467714 
  2.562500e-01  7.92410692 29.02467740 
  2.575000e-01  7.92410692 29.02467766 
  2.587500e-01  7.92410692 29.02467791 
  2.600000e-01  7.92410692 29.02467816 
  2.612500e-01  7.92410692 29.02467841 
  2.625000e-01  7.92410692 29.02467865 
  2.637500e-01  7.92410692 29.02467888 
  2.650000e-01  7.92410692 29.02467911 
  2.662500e-01  7.92410692 29.02467933 
  2.675000e-01  7.92410692 29.02467955 
  2.687500e-01  7.92410692 29.02467977 
  2.700000e-01  7.92410692 29.02467998 
  2.712500e-01  7.92410692 29.02468018 
  2.725000e-01  7.92410692 29.02468038 
  2.737500e-01  7.92410692 29.02468058 
  2.750000e-01  7.92410692 29.02468078 
  2.762500e-01  7.92410692 29.02468097 
  2.775000e-01  7.92410692 29.02468115 
  2.787500e-01  7.92410692 29.02468134 
  2.800000e-01  7.92410692 29.02468152 
  2.812500e-01  7.92410692 29.02468170 
  2.825000e-01  7.92410692 29.02468188 
  2.837500e-01  7.92410692 29.02468205 
  2.850000e-01  7.92410692 29.02468223 
  2.862500e-01  7.92410692 29.02468240 
  2.875000e-01  7.92410692 29.02468257 
  2.887500e-01  7.92410692 29.02468274 
  2.900000e-01  7.92410692 29.02468290 
  2.912500e-01  7.92410692 29.02468307 
  2.925000e-01  7.92410692 29.02468323 
  2.937500e-01  7.92410692 29.02468340 
  2.950000e-01  7.92410692 29.02468356 
  2.962500e-01  7.92410692 29.02468372 
  2.975000e-01  7.92410692 29.02468388 
  2.987500e-01  7.92410692 29.02468403 
  3.000000e-01  7.92410692 29.02468419 
  3.012500e-01  7.92410692 29.02468434 
  3.025000e-01  7.92410692 29.02468449 
  3.037500e-01  7.92410692 29.02468464 
  3.050000e-01  7.92410692 29.02468478 
  3.062500e-01  7.92410692 29.02468493 
  3.075000e-01  7.92410692 29.02468507 
  3.087500e-01  7.92410692 29.02468521 
  3.100000e-01  7.92410692 29.02468535 
  3.112500e-01  7.92410692 29.02468548 
  3.125000e-01  7.92410692 29.02468562 
  3.137500e-01  7.92410692 29.02468575 
  3.150000e-01  7.92410692 29.02468588 
  3.162500e-01  7.92410692 29.02468600 
  3.175000e-01  7.92410692 29.02468613 
  3.187500e-01  7.92410692 29.02468625 
  3.200000e-01  7.92410692 29.02468637 
  3.212500e-01  7.92410692 29.02468648 
  3.225000e-01  7.92410692 29.02468659 
  3.237500e-01  7.92410692 29.02468670 
  3.250000e-01  7.92410692 29.02468681 
  3.262500e-01  7.92410692 29.02468692 
  3.275000e-01  7.92410692 29.02468702 
  3.287500e-01  7.92410692 29.02468712 
  3.300000e-01  7.92410692 29.02468722 
  3.312500e-01  7.92410692 29.02468731 
  3.325000e-01  7.92410692 29.02468740 
  3.337500e-01  7.92410692 29.02468749 
  3.350000e-01  7.92410692 29.02468758 
  3.362500e-01  7.92410692 29.02468767 
  3.375000e-01  7.92410692 29.02468775 
  3.387500e-01  7.92410692 29.02468783 
  3.400000e-01  7.92410692 29.02468791 
  3.412500e-01  7.92410692 29.02468798 
  3.425000e-01  7.92410692 29.02468805 
  3.437500e-01  7.92410692 29.02468812 
  3.450000e-01  7.92410692 29.02468819 
  3.462500e-01  7.92410692 29.02468826 
  3.475000e-01  7.92410692 29.02468832 
  3.487500e-01  7.92410692 29.02468838 
  3.500000e-01  7.92410692 29.02468844 
  3.512500e-01  7.92410692 29.02468850 
  3.525000e-01  7.92410692 29.02468855 
  3.537500e-01  7.92410692 29.02468860 
  3.550000e-01  7.92410692 29.02468865 
  3.562500e-01  7.92410692 29.02468870 
  3.575000e-01  7.92410692 29.02468875 
  3.587500e-01  7.92410692 29.02468879 
  3.600000e-01  7.92410692 29.02468883 
  3.612500e-01  7.92410692 29.02468888 
  3.625000e-01  7.92410692 29.02468891 
  3.637500e-01  7.92410692 29.02468895 
  3.650000e-01  7.92410692 29.02468899 
  3.662500e-01  7.92410692 29.02468902 
  3.675000e-01  7.92410692 29.02468905 
  3.687500e-01  7.92410692 29.02468908 
  3.700000e-01  7.92410692 29.02468911 
  3.712500e-01  7.92410692 29.02468914 
  3.725000e-01  7.92410692 29.02468916 
  3.737500e-01  7.92410692 29.02468919 
  3.750000e-01  7.92410692 29.02468921 
  3.762500e-01  7.92410692 29.02468923 
  3.775000e-01  7.92410692 29.02468925 
  3.787500e-01  7.92410692 29.02468927 
  3.800000e-01  7.92410692 29.02468929 
  3.812500e-01  7.92410692 29.02468930 
  3.825000e-01  7.92410692 29.02468932 
  3.837500e-01  7.92410692 29.02468933 
  3.850000e-01  7.92410692 29.02468934 
  3.862500e-01  7.92410692 29.02468935 
  3.875000e-01  7.92410692 29.02468936 
  3.887500e-01  7.92410692 29.02468937 
  3.900000e-01  7.92410692 29.02468938 
  3.912500e-01  7.92410692 29.02468938 
  3.925000e-01  7.92410692 29.02468939 
  3.937500e-01  7.92410692 29.02468939 
  3.950000e-01  7.92410692 29.02468939 
  3.962500e-01  7.92410692 29.02468939 
  3.975000e-01  7.92410692 29.02468940 
  3.987500e-01  7.92410692 29.02468940 
  4.000000e-01  7.92410692 29.02468939 
  4.012500e-01  7.92410692 29.02468939 
  4.025000e-01  7.92410692 29.02468939 
  4.037500e-01  7.92410692 29.02468938 
  4.050000e-01  7.92410692 29.02468938 
  4.062500e-01  7.92410692 29.02468937 
  4.075000e-01  7.92410692 29.02468937 
  4.087500e-01  7.92410692 29.02468936 
  4.100000e-01  7.92410692 29.02468935 
  4.112500e-01  7.92410692 29.02468934 
  4.125000e-01  7.92410692 29.02468933 
  4.137500e-01  7.92410692 29.02468932 
  4.150000e-01  7.92410692 29.02468931 
  4.162500e-01  7.92410692 29.02468930 
  4.175000e-01  7.92410692 29.02468929 
  4.187500e-01  7.92410692 29.02468928 
  4.200000e-01  7.92410692 29.02468926 
  4.212500e-01  7.92410692 29.02468925 
  4.225000e-01  7.92410692 29.02468923 
  4.237500e-01  7.92410692 29.02468922 
  4.250000e-01  7.92410692 29.02468920 
  4.262500e-01  7.92410692 29.02468918 
  4.275000e-01  7.92410692 29.02468917 
  4.287500e-01  7.92410692 29.02468915 
  4.300000e-01  7.92410692 29.02468913 
  4.312500e-01  7.92410692 29.02468911 
  4.325000e-01  7.92410692 29.02468909 
  4.337500e-01  7.92410692 29.02468907 
  4.350000e-01  7.92410692 29.02468905 
  4.362500e-01  7.92410692 29.02468903 
  4.375000e-01  7.92410692 29.02468901 
  4.387500e-01  7.92410692 29.02468899 
  4.400000e-01  7.92410692 29.02468897 
  4.412500e-01  7.92410692 29.02468894 
  4.425000e-01  7.92410692 29.02468892 
  4.437500e-01  7.92410692 29.02468890 
  4.450000e-01  7.92410692 29.02468887 
  4.462500e-01  7.92410692 29.02468885 
  4.475000e-01  7.92410692 29.02468883 
  4.487500e-01  7.92410692 29.02468880 
  4.500000e-01  7.92410692 29.02468878 
  4.512500e-01  7.92410692 29.02468875 
  4.525000e-01  7.92410692 29.02468873 
  4.537500e-01  7.92410692 29.02468870 
  4.550000e-01  7.92410692 29.02468867 
  4.562500e-01  7.92410692 29.02468865 
  4.575000e-01  7.92410692 29.02468862 
  4.587500e-01  7.92410692 29.02468859 
  4.600000e-01  7.92410692 29.02468856 
  4.612500e-01  7.92410692 29.02468854 
  4.625000e-01  7.92410692 29.02468851 
  4.637500e-01  7.92410692 29.02468848 
  4.650000e-01  7.92410692 29.02468845 
  4.662500e-01  7.92410692 29.02468842 
  4.675000e-01  7.92410692 29.02468839 
  4.687500e-01  7.92410692 29.02468836 
  4.700000e-01  7.92410692 29.02468833 
  4.712500e-01  7.92410692 29.02468830 
  4.725000e-01  7.92410692 29.02468827 
  4.737500e-01  7.92410692 29.02468824 
  4.750000e-01  7.92410692 29.02468821 
  4.762500e-01  7.92410692 29.02468818 
  4.775000e-01  7.92410692 29.02468815 
  4.787500e-01  7.92410692 29.02468812 
  4.800000e-01  7.92410692 29.02468809 
  4.812500e-01  7.92410692 29.02468806 
  4.825000e-01  7.92410692 29.02468803 
  4.837500e-01  7.92410692 29.02468800 
  4.850000e-01  7.92410692 29.02468797 
  4.862500e-01  7.92410692 29.02468793 
  4.875000e-01  7.92410692 29.02468790 
  4.887500e-01  7.92410692 29.02468787 
  4.900000e-01  7.92410692 29.02468784 
  4.912500e-01  7.92410692 29.02468781 
  4.925000e-01  7.92410692 29.02468777 
  4.937500e-01  7.92410692 29.02468774 
  4.950000e-01  7.92410692 29.02468771 
  4.962500e-01  7.92410692 29.02468768 
  4.975000e-01  7.92410692 29.02468764 
  4.987500e-01  7.92410692 29.02468761 
  5.000000e-01  7.92410692 29.02468758 
  5.012500e-01  7.92410692 29.02468755 
  5.025000e-01  7.92410692 29.02468751 
  5.037500e-01  7.92410692 29.02468748 
  5.050000e-01  7.92410692 29.02468745 
  5.062500e-01  7.92410692 29.02468741 
  5.075000e-01  7.92410692 29.02468738 
  5.087500e-01  7.92410692 29.02468735 
  5.100000e-01  7.92410692 29.02468731 
  5.112500e-01  7.92410692 29.02468728 
  5.125000e-01  7.92410692 29.02468724 
  5.137500e-01  7.92410692 29.02468721 
  5.150000e-01  7.92410692 29.02468718 
  5.162500e-01  7.92410692 29.02468714 
  5.175000e-01  7.92410692 29.02468711 
  5.187500e-01  7.92410692 29.02468707 
  5.200000e-01  7.92410692 29.02468704 
  5.212500e-01  7.92410692 29.02468701 
  5.225000e-01  7.92410692 29.02468697 
  5.237500e-01  7.92410692 29.02468694 
  5.250000e-01  7.92410692 29.02468690 
  5.262500e-01  7.92410692 29.02468687 
  5.275000e-01  7.92410692 29.02468684 
  5.287500e-01  7.92410692 29.02468680 
  5.300000e-01  7.92410692 29.02468677 
  5.312500e-01  7.92410692 29.02468673 
  5.325000e-01  7.92410692 29.02468670 
  5.337500e-01  7.92410692 29.02468666 
  5.350000e-01  7.92410692 29.02468663 
  5.362500e-01  7.92410692 29.02468660 
  5.375000e-01  7.92410692 29.02468656 
  5.387500e-01  7.92410692 29.02468653 
  5.400000e-01  7.92410692 29.02468649 
  5.412500e-01  7.92410692 29.02468646 
  5.425000e-01  7.92410692 29.02468642 
  5.437500e-01  7.92410692 29.02468639 
  5.450000e-01  7.92410692 29.02468636 
  5.462500e-01  7.92410692 29.02468632 
  5.475000e-01  7.92410692 29.02468629 
  5.487500e-01  7.92410692 29.02468625 
  5.500000e-01  7.92410692 29.02468622 
  5.512500e-01  7.92410692 29.02468618 
  5.525000e-01  7.92410692 29.02468615 
  5.537500e-01  7.92410692 29.02468612 
  5.550000e-01  7.92410692 29.02468608 
  5.562500e-01  7.92410692 29.02468605 
  5.575000e-01  7.92410692 29.02468601 
  5.587500e-01  7.92410692 29.02468598 
  5.600000e-01  7.92410692 29.02468595 
  5.612500e-01  7.92410692 29.02468591 
  5.625000e-01  7.92410692 29.02468588 
  5.637500e-01  7.92410692 29.02468585 
  5.650000e-01  7.92410692 29.02468581 
  5.662500e-01  7.92410692 29.02468578 
  5.675000e-01  7.92410692 29.02468575 
  5.687500e-01  7.92410692 29.02468571 
  5.700000e-01  7.92410692 29.02468568 
  5.712500e-01  7.92410692 29.02468565 
  5.725000e-01  7.92410692 29.02468561 
  5.737500e-01  7.92410692 29.02468558 
  5.750000e-01  7.92410692 29.02468555 
  5.762500e-01  7.92410692 29.02468551 
  5.775000e-01  7.92410692 29.02468548 
  5.787500e-01  7.92410692 29.02468545 
  5.800000e-01  7.92410692 29.02468542 
  5.812500e-01  7.92410692 29.02468538 
  5.825000e-01  7.92410692 29.02468535 
  5.837500e-01  7.92410692 29.02468532 
  5.850000e-01  7.92410692 29.02468529 
  5.862500e-01  7.92410692 29.02468526 
  5.875000e-01  7.92410692 29.02468522 
  5.887500e-01  7.92410692 29.02468519 
  5.900000e-01  7.92410692 29.02468516 
  5.912500e-01  7.92410692 29.02468513 
  5.925000e-01  7.92410692 29.02468510 
  5.937500e-01  7.92410692 29.02468507 
  5.950000e-01  7.92410692 29.02468504 
  5.962500e-01  7.92410692 29.02468500 
  5.975000e-01  7.92410692 29.02468497 
  5.987500e-01  7.92410692 29.02468494 
  6.000000e-01  7.92410692 29.02468491 
  6.012500e-01  7.92410692 29.02468488 
  6.025000e-01  7.92410692 29.02468485 
  6.037500e-01  7.92410692 29.02468482 
  6.050000e-01  7.92410692 29.02468479 
  6.062500e-01  7.92410692 29.02468476 
  6.075000e-01  7.92410692 29.02468473 
  6.087500e-01  7.92410692 29.02468470 
  6.100000e-01  7.92410692 29.02468467 
  6.112500e-01  7.92410692 29.02468464 
  6.125000e-01  7.92410692 29.02468461 
  6.137500e-01  7.92410692 29.02468458 
  6.150000e-01  7.92410692 29.02468455 
  6.162500e-01  7.92410692 29.02468452 
  6.175000e-01  7.92410692 29.02468449 
  6.187500e-01  7.92410692 29.02468446 
  6.200000e-01  7.92410692 29.02468443 
  6.212500e-01  7.92410692 29.02468440 
  6.225000e-01  7.92410692 29.02468437 
  6.237500e-01  7.92410692 29.02468434 
  6.250000e-01  7.92410692 29.02468431 
  6.262500e-01  7.92410692 29.02468428 
  6.275000e-01  7.92410692 29.02468425 
  6.287500e-01  7.92410692 29.02468422 
  6.300000e-01  7.92410692 29.02468419 
  6.312500e-01  7.92410692 29.02468416 
  6.325000e-01  7.92410692 29.02468414 
  6.337500e-01  7.92410692 29.02468411 
  6.350000e-01  7.92410692 29.02468408 
  6.362500e-01  7.92410692 29.02468405 
  6.375000e-01  7.92410692 29.02468402 
  6.387500e-01  7.92410692 29.02468399 
  6.400000e-01  7.92410692 29.02468396 
  6.412500e-01  7.92410692 29.02468394 
  6.425000e-01  7.92410692 29.02468391 
  6.437500e-01  7.92410692 29.02468388 
  6.450000e-01  7.92410692 29.02468385 
  6.462500e-01  7.92410692 29.02468382 
  6.475000e-01  7.92410692 29.02468380 
  6.487500e-01  7.92410692 29.02468377 
  6.500000e-01  7.92410692 29.02468374 
  6.512500e-01  7.92410692 29.02468371 
  6.525000e-01  7.92410692 29.02468369 
  6.537500e-01  7.92410692 29.02468366 
  6.550000e-01  7.92410692 29.02468363 
  6.562500e-01  7.92410692 29.02468360 
  6.575000e-01  7.92410692 29.02468358 
  6.587500e-01  7.92410692 29.02468355 
  6.600000e-01  7.92410692 29.02468352 
  6.612500e-01  7.92410692 29.02468350 
  6.625000e-01  7.92410692 29.02468347 
  6.637500e-01  7.92410692 29.02468345 
  6.650000e-01  7.92410692 29.02468342 
  6.662500e-01  7.92410692 29.02468339 
  6.675000e-01  7.92410692 29.02468337 
  6.687500e-01  7.92410692 29.02468334 
  6.700000e-01  7.92410692 29.02468332 
  6.712500e-01  7.92410692 29.02468329 
  6.725000e-01  7.92410692 29.02468327 
  6.737500e-01  7.92410692 29.02468324 
  6.750000e-01  7.92410692 29.02468322 
  6.762500e-01  7.92410692 29.02468319 
  6.775000e-01  7.92410692 29.02468317 
  6.787500e-01  7.92410692 29.02468314 
  6.800000e-01  7.92410692 29.02468312 
  6.812500e-01  7.92410692 29.02468309 
  6.825000e-01  7.92410692 29.02468307 
  6.837500e-01  7.92410692 29.02468305 
  6.850000e-01  7.92410692 29.02468302 
  6.862500e-01  7.92410692 29.02468300 
  6.875000e-01  7.92410692 29.02468297 
  6.887500e-01  7.92410692 29.02468295 
  6.900000e-01  7.92410692 29.02468293 
  6.912500e-01  7.92410692 29.02468291 
  6.925000e-01  7.92410692 29.02468288 
  6.937500e-01  7.92410692 29.02468286 
  6.950000e-01  7.92410692 29.02468284 
  6.962500e-01  7.92410692 29.02468281 
  6.975000e-01  7.92410692 29.02468279 
  6.987500e-01  7.92410692 29.02468277 
  7.000000e-01  7.92410692 29.02468275 
  7.012500e-01  7.92410692 29.02468273 
  7.025000e-01  7.92410692 29.02468271 
  7.037500e-01  7.92410692 29.02468268 
  7.050000e-01  7.92410692 29.02468266 
  7.062500e-01  7.92410692 29.02468264 
  7.075000e-01  7.92410692 29.02468262 
  7.087500e-01  7.92410692 29.02468260 
  7.100000e-01  7.92410692 29.02468258 
  7.112500e-01  7.92410692 29.02468256 
  7.125000e-01  7.92410692 29.02468254 
  7.137500e-01  7.92410692 29.02468252 
  7.150000e-01  7.92410692 29.02468250 
  7.162500e-01  7.92410692 29.02468248 
  7.175000e-01  7.92410692 29.02468246 
  7.187500e-01  7.92410692 29.02468244 
  7.200000e-01  7.92410692 29.02468242 
  7.212500e-01  7.92410692 29.02468240 
  7.225000e-01  7.92410692 29.02468238 
  7.237500e-01  7.92410692 29.02468236 
  7.250000e-01  7.92410692 29.02468234 
  7.262500e-01  7.92410692 29.02468232 
  7.275000e-01  7.92410692 29.02468230 
  7.287500e-01  7.92410692 29.02468228 
  7.300000e-01  7.92410692 29.02468227 
  7.312500e-01  7.92410692 29.02468225 
  7.325000e-01  7.92410692 29.02468223 
  7.337500e-01  7.92410692 29.02468221 
  7.350000e-01  7.92410692 29.02468219 
  7.362500e-01  7.92410692 29.02468217 
  7.375000e-01  7.92410692 29.02468216 
  7.387500e-01  7.92410692 29.02468214 
  7.400000e-01  7.92410692 29.02468212 
  7.412500e-01  7.92410692 29.02468210 
  7.425000e-01  7.92410692 29.02468208 
  7.437500e-01  7.92410692 29.02468207 
  7.450000e-01  7.92410692 29.02468205 
  7.462500e-01  7.92410692 29.02468203 
  7.475000e-01  7.92410692 29.02468201 
  7.487500e-01  7.92410692 29.02468200 
  7.500000e-01  7.92410692 29.02468198 
  7.512500e-01  7.92410692 29.02468196 
  7.525000e-01  7.92410692 29.02468195 
  7.537500e-01  7.92410692 29.02468193 
  7.550000e-01  7.92410692 29.02468191 
  7.562500e-01  7.92410692 29.02468190 
  7.575000e-01  7.92410692 29.02468188 
  7.587500e-01  7.92410692 29.02468186 
  7.600000e-01  7.92410692 29.02468185 
  7.612500e-01  7.92410692 29.02468183 
  7.625000e-01  7.92410692 29.02468182 
  7.637500e-01  7.92410692 29.02468180 
  7.650000e-01  7.92410692 29.02468178 
  7.662500e-01  7.92410692 29.02468177 
  7.675000e-01  7.92410692 29.02468175 
  7.687500e-01  7.92410692 29.02468174 
  7.700000e-01  7.92410692 29.02468172 
  7.712500e-01  7.92410692 29.02468171 
  7.725000e-01  7.92410692 29.02468169 
  7.737500e-01  7.92410692 29.02468168 
  7.750000e-01  7.92410692 29.02468166 
  7.762500e-01  7.92410692 29.02468165 
  7.775000e-01  7.92410692 29.02468163 
  7.787500e-01  7.92410692 29.02468162 
  7.800000e-01  7.92410692 29.02468160 
  7.812500e-01  7.92410692 29.02468159 
  7.825000e-01  7.92410692 29.02468158 
  7.837500e-01  7.92410692 29.02468156 
  7.850000e-01  7.92410692 29.02468155 
  7.862500e-01  7.92410692 29.02468153 
  7.875000e-01  7.92410692 29.02468152 
  7.887500e-01  7.92410692 29.02468151 
  7.900000e-01  7.92410692 29.02468149 
  7.912500e-01  7.92410692 29.02468148 
  7.925000e-01  7.92410692 29.02468146 
  7.937500e-01  7.92410692 29.02468145 
  7.950000e-01  7.92410692 29.02468144 
  7.962500e-01  7.92410692 29.02468143 
  7.975000e-01  7.92410692 29.02468141 
  7.987500e-01  7.92410692 29.02468140 
  8.000000e-01  7.92410692 29.02468139 
  8.012500e-01  7.92410692 29.02468137 
  8.025000e-01  7.92410692 29.02468136 
  8.037500e-01  7.92410692 29.02468135 
  8.050000e-01  7.92410692 29.02468134 
  8.062500e-01  7.92410692 29.02468132 
  8.075000e-01  7.92410692 29.02468131 
  8.087500e-01  7.92410692 29.02468130 
  8.100000e-01  7.92410692 29.02468129 
  8.112500e-01  7.92410692 29.02468128 
  8.125000e-01  7.92410692 29.02468126 
  8.137500e-01  7.92410692 29.02468125 
  8.150000e-01  7.92410692 29.02468124 
  8.162500e-01  7.92410692 29.02468123 
  8.175000e-01  7.92410692 29.02468122 
  8.187500e-01  7.92410692 29.02468121 
  8.200000e-01  7.92410692 29.02468119 
  8.212500e-01  7.92410692 29.02468118 
  8.225000e-01  7.92410692 29.02468117 
  8.237500e-01  7.92410692 29.02468116 
  8.250000e-01  7.92410692 29.02468115 
  8.262500e-01  7.92410692 29.02468114 
  8.275000e-01  7.92410692 29.02468113 
  8.287500e-01  7.92410692 29.02468112 
  8.300000e-01  7.92410692 29.02468111 
  8.312500e-01  7.92410692 29.02468110 
  8.325000e-01  7.92410692 29.02468109 
  8.337500e-01  7.92410692 29.02468108 
  8.350000e-01  7.92410692 29.02468107 
  8.362500e-01  7.92410692 29.02468106 
  8.375000e-01  7.92410692 29.02468105 
  8.387500e-01  7.92410692 29.02468104 
  8.400000e-01  7.92410692 29.02468103 
  8.412500e-01  7.92410692 29.02468102 
  8.425000e-01  7.92410692 29.02468101 
  8.437500e-01  7.92410692 29.02468100 
  8.450000e-01  7.92410692 29.02468099 
  8.462500e-01  7.92410692 29.02468098 
  8.475000e-01  7.92410692 29.02468097 
  8.487500e-01  7.92410692 29.02468096 
  8.500000e-01  7.92410692 29.02468095 
  8.512500e-01  7.92410692 29.02468094 
  8.525000e-01  7.92410692 29.02468093 
  8.537500e-01  7.92410692 29.02468092 
  8.550000e-01  7.92410692 29.02468091 
  8.562500e-01  7.92410692 29.02468091 
  8.575000e-01  7.92410692 29.02468090 
  8.587500e-01  7.92410692 29.02468089 
  8.600000e-01  7.92410692 29.02468088 
  8.612500e-01  7.92410692 29.02468087 
  8.625000e-01  7.92410692 29.02468086 
  8.637500e-01  7.92410692 29.02468085 
  8.650000e-01  7.92410692 29.02468085 
  8.662500e-01  7.92410692 29.02468084 
  8.675000e-01  7.92410692 29.02468083 
  8.687500e-01  7.92410692 29.02468082 
  8.700000e-01  7.92410692 29.02468081 
  8.712500e-01  7.92410692 29.02468081 
  8.725000e-01  7.92410692 29.02468080 
  8.737500e-01  7.92410692 29.02468079 
  8.750000e-01  7.92410692 29.02468078 
  8.762500e-01  7.92410692 29.02468077 
  8.775000e-01  7.92410692 29.02468077 
  8.787500e-01  7.92410692 29.02468076 
  8.800000e-01  7.92410692 29.02468075 
  8.812500e-01  7.92410692 29.02468074 
  8.825000e-01  7.92410692 29.02468074 
  8.837500e-01  7.92410692 29.02468073 
  8.850000e-01  7.92410692 29.02468072 
  8.862500e-01  7.92410692 29.02468072 
  8.875000e-01  7.92410692 29.02468071 
  8.887500e-01  7.92410692 29.02468070 
  8.900000e-01  7.92410692 29.02468070 
  8.912500e-01  7.92410692 29.02468069 
  8.925000e-01  7.92410692 29.02468068 
  8.937500e-01  7.92410692 29.02468068 
  8.950000e-01  7.92410692 29.02468067 
  8.962500e-01  7.92410692 29.02468066 
  8.975000e-01  7.92410692 29.02468066 
  8.987500e-01  7.92410692 29.02468065 
  9.000000e-01  7.92410692 29.02468064 
  9.012500e-01  7.92410692 29.02468064 
  9.025000e-01  7.92410692 29.02468063 
  9.037500e-01  7.92410692 29.02468062 
  9.050000e-01  7.92410692 29.02468062 
  9.062500e-01  7.92410692 29.02468061 
  9.075000e-01  7.92410692 29.02468061 
  9.087500e-01  7.92410692 29.02468060 
  9.100000e-01  7.92410692 29.02468059 
  9.112500e-01  7.92410692 29.02468059 
  9.125000e-01  7.92410692 29.02468058 
  9.137500e-01  7.92410692 29.02468058 
  9.150000e-01  7.92410692 29.02468057 
  9.162500e-01  7.92410692 29.02468057 
  9.175000e-01  7.92410692 29.02468056 
  9.187500e-01  7.92410692 29.02468056 
  9.200000e-01  7.92410692 29.02468055 
  9.212500e-01  7.92410692 29.02468054 
  9.225000e-01  7.92410692 29.02468054 
  9.237500e-01  7.92410692 29.02468053 
  9.250000e-01  7.92410692 29.02468053 
  9.262500e-01  7.92410692 29.02468052 
  9.275000e-01  7.92410692 29.02468052 
  9.287500e-01  7.92410692 29.02468051 
  9.300000e-01  7.92410692 29.02468051 
  9.312500e-01  7.92410692 29.02468050 
  9.325000e-01  7.92410692 29.02468050 
  9.337500e-01  7.92410692 29.02468049 
  9.350000e-01  7.92410692 29.02468049 
  9.362500e-01  7.92410692 29.02468049 
  9.375000e-01  7.92410692 29.02468048 
  9.387500e-01  7.92410692 29.02468048 
  9.400000e-01  7.92410692 29.02468047 
  9.412500e-01  7.92410692 29.02468047 
  9.425000e-01  7.92410692 29.02468046 
  9.437500e-01  7.92410692 29.02468046 
  9.450000e-01  7.92410692 29.02468045 
  9.462500e-01  7.92410692 29.02468045 
  9.475000e-01  7.92410692 29.02468044 
  9.487500e-01  7.92410692 29.02468044 
  9.500000e-01  7.92410692 29.02468044 
  9.512500e-01  7.92410692 29.02468043 
  9.525000e-01  7.92410692 29.02468043 
  9.537500e-01  7.92410692 29.02468042 
  9.550000e-01  7.92410692 29.02468042 
  9.562500e-01  7.92410692 29.02468042 
  9.575000e-01  7.92410692 29.02468041 
  9.587500e-01  7.92410692 29.02468041 
  9.600000e-01  7.92410692 29.02468040 
  9.612500e-01  7.92410692 29.02468040 
  9.625000e-01  7.92410692 29.02468040 
  9.637500e-01  7.92410692 29.02468039 
  9.650000e-01  7.92410692 29.02468039 
  9.662500e-01  7.92410692 29.02468038 
  9.675000e-01  7.92410692 29.02468038 
  9.687500e-01  7.92410692 29.02468038 
  9.700000e-01  7.92410692 29.02468037 
  9.712500e-01  7.92410692 29.02468037 
  9.725000e-01  7.92410692 29.02468037 
  9.737500e-01  7.92410692 29.02468036 
  9.750000e-01  7.92410692 29.02468036 
  9.762500e-01  7.92410692 29.02468036 
  9.775000e-01  7.92410692 29.02468035 
  9.787500e-01  7.92410692 29.02468035 
  9.800000e-01  7.92410692 29.02468034 
  9.812500e-01  7.92410692 29.02468034 
  9.825000e-01  7.92410692 29.02468034 
  9.837500e-01  7.92410692 29.02468033 
  9.850000e-01  7.92410692 29.02468033 
  9.862500e-01  7.92410692 29.02468033 
  9.875000e-01  7.92410692 29.02468032 
  9.887500e-01  7.92410692 29.02468032 
  9.900000e-01  7.92410692 29.02468032 
  9.912500e-01  7.92410692 29.02468032 
  9.925000e-01  7.92410692 29.02468031 
  9.937500e-01  7.92410692 29.02468031 
  9.950000e-01  7.92410692 29.02468031 
  9.962500e-01  7.92410692 29.02468030 
  9.975000e-01  7.92410692 29.02468030 
  9.987500e-01  7.92410692 29.02468030 
  1.000000e+00  7.92410692 29.02468029 
  1.001250e+00  7.92410692 29.02468029 
  1.002500e+00  7.92410692 29.02468029 
  1.003750e+00  7.92410692 29.02468028 
  1.005000e+00  7.92410692 29.02468028 
  1.006250e+00  7.92410692 29.02468028 
  1.007500e+00  7.92410692 29.02468028 
  1.008750e+00  7.92410692 29.02468027 
  1.010000e+00  7.92410692 29.02468027 
  1.011250e+00  7.92410692 29.02468027 
  1.012500e+00  7.92410692 29.02468026 
  1.013750e+00  7.92410692 29.02468026 
  1.015000e+00  7.92410692 29.02468026 
  1.016250e+00  7.92410692 29.02468026 
  1.017500e+00  7.92410692 29.02468025 
  1.018750e+00  7.92410692 29.02468025 
  1.020000e+00  7.92410692 29.02468025 
  1.021250e+00  7.92410692 29.02468024 
  1.022500e+00  7.92410692 29.02468024 
  1.023750e+00  7.92410692 29.02468024 
  1.025000e+00  7.92410692 29.02468024 
  1.026250e+00  7.92410692 29.02468023 
  1.027500e+00  7.92410692 29.02468023 
  1.028750e+00  7.92410692 29.02468023 
  1.030000e+00  7.92410692 29.02468023 
  1.031250e+00  7.92410692 29.02468022 
  1.032500e+00  7.92410692 29.02468022 
  1.033750e+00  7.92410692 29.02468022 
  1.035000e+00  7.92410692 29.02468022 
  1.036250e+00  7.92410692 29.02468021 
  1.037500e+00  7.92410692 29.02468021 
  1.038750e+00  7.92410692 29.02468021 
  1.040000e+00  7.92410692 29.02468021 
  1.041250e+00  7.92410692 29.02468021 
  1.042500e+00  7.92410692 29.02468020 
  1.043750e+00  7.92410692 29.02468020 
  1.045000e+00  7.92410692 29.02468020 
  1.046250e+00  7.92410692 29.02468020 
  1.047500e+00  7.92410692 29.02468019 
  1.048750e+00  7.92410692 29.02468019 
  1.050000e+00  7.92410692 29.02468019 
  1.051250e+00  7.92410692 29.02468019 
  1.052500e+00  7.92410692 29.02468019 
  1.053750e+00  7.92410692 29.02468018 
  1.055000e+00  7.92410692 29.02468018 
  1.056250e+00  7.92410692 29.02468018 
  1.057500e+00  7.92410692 29.02468018 
  1.058750e+00  7.92410692 29.02468018 
  1.060000e+00  7.92410692 29.02468017 
  1.061250e+00  7.92410692 29.02468017 
  1.062500e+00  7.92410692 29.02468017 
  1.063750e+00  7.92410692 29.02468017 
  1.065000e+00  7.92410692 29.02468017 
  1.066250e+00  7.92410692 29.02468016 
  1.067500e+00  7.92410692 29.02468016 
  1.068750e+00  7.92410692 29.02468016 
  1.070000e+00  7.92410692 29.02468016 
  1.071250e+00  7.92410692 29.02468016 
  1.072500e+00  7.92410692 29.02468016 
  1.073750e+00  7.92410692 29.02468015 
  1.075000e+00  7.92410692 29.02468015 
  1.076250e+00  7.92410692 29.02468015 
  1.077500e+00  7.92410692 29.02468015 
  1.078750e+00  7.92410692 29.02468015 
  1.080000e+00  7.92410692 29.02468014 
  1.081250e+00  7.92410692 29.02468014 
  1.082500e+00  7.92410692 29.02468014 
  1.083750e+00  7.92410692 29.02468014 
  1.085000e+00  7.92410692 29.02468014 
  1.086250e+00  7.92410692 29.02468014 
  1.087500e+00  7.92410692 29.02468014 
  1.088750e+00  7.92410692 29.02468013 
  1.090000e+00  7.92410692 29.02468013 
  1.091250e+00  7.92410692 29.02468013 
  1.092500e+00  7.92410692 29.02468013 
  1.093750e+00  7.92410692 29.02468013 
  1.095000e+00  7.92410692 29.02468013 
  1.096250e+00  7.92410692 29.02468013 
  1.097500e+00  7.92410692 29.02468012 
  1.098750e+00  7.92410692 29.02468012 
  1.100000e+00  7.92410692 29.02468012 
  1.101250e+00  7.92410692 29.02468012 
  1.102500e+00  7.92410692 29.02468012 
  1.103750e+00  7.92410692 29.02468012 
  1.105000e+00  7.92410692 29.02468012 
  1.106250e+00  7.92410692 29.02468011 
  1.107500e+00  7.92410692 29.02468011 
  1.108750e+00  7.92410692 29.02468011 
  1.110000e+00  7.92410692 29.02468011 
  1.111250e+00  7.92410692 29.02468011 
  1.112500e+00  7.92410692 29.02468011 
  1.113750e+00  7.92410692 29.02468011 
  1.115000e+00  7.92410692 29.02468011 
  1.116250e+00  7.92410692 29.02468011 
  1.117500e+00  7.92410692 29.02468010 
  1.118750e+00  7.92410692 29.02468010 
  1.120000e+00  7.92410692 29.02468010 
  1.121250e+00  7.92410692 29.02468010 
  1.122500e+00  7.92410692 29.02468010 
  1.123750e+00  7.92410692 29.02468010 
  1.125000e+00  7.92410692 29.02468010 
  1.126250e+00  7.92410692 29.02468010 
  1.127500e+00  7.92410692 29.02468010 
  1.128750e+00  7.92410692 29.02468010 
  1.130000e+00  7.92410692 29.02468009 
  1.131250e+00  7.92410692 29.02468009 
  1.132500e+00  7.92410692 29.02468009 
  1.133750e+00  7.92410692 29.02468009 
  1.135000e+00  7.92410692 29.02468009 
  1.136250e+00  7.92410692 29.02468009 
  1.137500e+00  7.92410692 29.02468009 
  1.138750e+00  7.92410692 29.02468009 
  1.140000e+00  7.92410692 29.02468009 
  1.141250e+00  7.92410692 29.02468009 
  1.142500e+00  7.92410692 29.02468009 
  1.143750e+00  7.92410692 29.02468008 
  1.145000e+00  7.92410692 29.02468008 
  1.146250e+00  7.92410692 29.02468008 
  1.147500e+00  7.92410692 29.02468008 
  1.148750e+00  7.92410692 29.02468008 
  1.150000e+00  7.92410692 29.02468008 
  1.151250e+00  7.92410692 29.02468008 
  1.152500e+00  7.92410692 29.02468008 
  1.153750e+00  7.92410692 29.02468008 
  1.155000e+00  7.92410692 29.02468008 
  1.156250e+00  7.92410692 29.02468008 
  1.157500e+00  7.92410692 29.02468008 
  1.158750e+00  7.92410692 29.02468008 
  1.160000e+00  7.92410692 29.02468008 
  1.161250e+00  7.92410692 29.02468008 
  1.162500e+00  7.92410692 29.02468007 
  1.163750e+00  7.92410692 29.02468007 
  1.165000e+00  7.92410692 29.02468007 
  1.166250e+00  7.92410692 29.02468007 
  1.167500e+00  7.92410692 29.02468007 
  1.168750e+00  7.92410692 29.02468007 
  1.170000e+00  7.92410692 29.02468007 
  1.171250e+00  7.92410692 29.02468007 
  1.172500e+00  7.92410692 29.02468007 
  1.173750e+00  7.92410692 29.02468007 
  1.175000e+00  7.92410692 29.02468007 
  1.176250e+00  7.92410692 29.02468007 
  1.177500e+00  7.92410692 29.02468007 
  1.178750e+00  7.92410692 29.02468007 
  1.180000e+00  7.92410692 29.02468007 
  1.181250e+00  7.92410692 29.02468007 
  1.182500e+00  7.92410692 29.02468007 
  1.183750e+00  7.92410692 29.02468007 
  1.185000e+00  7.92410692 29.02468007 
  1.186250e+00  7.92410692 29.02468006 
  1.187500e+00  7.92410692 29.02468006 
  1.188750e+00  7.92410692 29.02468006 
  1.190000e+00  7.92410692 29.02468006 
  1.191250e+00  7.92410692 29.02468006 
  1.192500e+00  7.92410692 29.02468006 
  1.193750e+00  7.92410692 29.02468006 
  1.195000e+00  7.92410692 29.02468006 
  1.196250e+00  7.92410692 29.02468006 
  1.197500e+00  7.92410692 29.02468006 
  1.198750e+00  7.92410692 29.02468006 
  1.200000e+00  7.92410692 29.02468006 
  1.201250e+00  7.92410692 29.02468006 
  1.202500e+00  7.92410692 29.02468006 
  1.203750e+00  7.92410692 29.02468006 
  1.205000e+00  7.92410692 29.02468006 
  1.206250e+00  7.92410692 29.02468006 
  1.207500e+00  7.92410692 29.02468006 
  1.208750e+00  7.92410692 29.02468006 
  1.210000e+00  7.92410692 29.02468006 
  1.211250e+00  7.92410692 29.02468006 
  1.212500e+00  7.92410692 29.02468006 
  1.213750e+00  7.92410692 29.02468006 
  1.215000e+00  7.92410692 29.02468006 
  1.216250e+00  7.92410692 29.02468006 
  1.217500e+00  7.92410692 29.02468006 
  1.218750e+00  7.92410692 29.02468006 
  1.220000e+00  7.92410692 29.02468006 
  1.221250e+00  7.92410692 29.02468005 
  1.222500e+00  7.92410692 29.02468005 
  1.223750e+00  7.92410692 29.02468005 
  1.225000e+00  7.92410692 29.02468005 
  1.226250e+00  7.92410692 29.02468005 
  1.227500e+00  7.92410692 29.02468005 
  1.228750e+00  7.92410692 29.02468005 
  1.230000e+00  7.92410692 29.02468005 
  1.231250e+00  7.92410692 29.02468005 
  1.232500e+00  7.92410692 29.02468005 
  1.233750e+00  7.92410692 29.02468005 
  1.235000e+00  7.92410692 29.02468005 
  1.236250e+00  7.92410692 29.02468005 
  1.237500e+00  7.92410692 29.02468005 
  1.238750e+00  7.92410692 29.02468005 
  1.240000e+00  7.92410692 29.02468005 
  1.241250e+00  7.92410692 29.02468005 
  1.242500e+00  7.92410692 29.02468005 
  1.243750e+00  7.92410692 29.02468005 
  1.245000e+00  7.92410692 29.02468005 
  1.246250e+00  7.92410692 29.02468005 
  1.247500e+00  7.92410692 29.02468005 
  1.248750e+00  7.92410692 29.02468005 
  1.250000e+00  7.92410692 29.02468005 
  1.251250e+00  7.92410692 29.02468005 
  1.252500e+00  7.92410692 29.02468005 
  1.253750e+00  7.92410692 29.02468005 
  1.255000e+00  7.92410692 29.02468005 
  1.256250e+00  7.92410692 29.02468005 
  1.257500e+00  7.92410692 29.02468005 
  1.258750e+00  7.92410692 29.02468005 
  1.260000e+00  7.92410692 29.02468005 
  1.261250e+00  7.92410692 29.02468005 
  1.262500e+00  7.92410692 29.02468005 
  1.263750e+00  7.92410692 29.02468005 
  1.265000e+00  7.92410692 29.02468005 
  1.266250e+00  7.92410692 29.02468005 
  1.267500e+00  7.92410692 29.02468005 
  1.268750e+00  7.92410692 29.02468005 
  1.270000e+00  7.92410692 29.02468005 
  1.271250e+00  7.92410692 29.02468005 
  1.272500e+00  7.92410692 29.02468005 
  1.273750e+00  7.92410692 29.02468005 
  1.275000e+00  7.92410692 29.02468005 
  1.276250e+00  7.92410692 29.02468005 
  1.277500e+00  7.92410692 29.02468005 
  1.278750e+00  7.92410692 29.02468005 
  1.280000e+00  7.92410692 29.02468005 
  1.281250e+00  7.92410692 29.02468005 
  1.282500e+00  7.92410692 29.02468005 
  1.283750e+00  7.92410692 29.02468004 
  1.285000e+00  7.92410692 29.02468004 
  1.286250e+00  7.92410692 29.02468004 
  1.287500e+00  7.92410692 29.02468004 
  1.288750e+00  7.92410692 29.02468004 
  1.290000e+00  7.92410692 29.02468004 
  1.291250e+00  7.92410692 29.02468004 
  1.292500e+00  7.92410692 29.02468004 
  1.293750e+00  7.92410692 29.02468004 
  1.295000e+00  7.92410692 29.02468004 
  1.296250e+00  7.92410692 29.02468004 
  1.297500e+00  7.92410692 29.02468004 
  1.298750e+00  7.92410692 29.02468004 
  1.300000e+00  7.92410692 29.02468004 
  1.301250e+00  7.92410692 29.02468004 
  1.302500e+00  7.92410692 29.02468004 
  1.303750e+00  7.92410692 29.02468004 
  1.305000e+00  7.92410692 29.02468004 
  1.306250e+00  7.92410692 29.02468004 
  1.307500e+00  7.92410692 29.02468004 
  1.308750e+00  7.92410692 29.02468004 
  1.310000e+00  7.92410692 29.02468004 
  1.311250e+00  7.92410692 29.02468004 
  1.312500e+00  7.92410692 29.02468004 
  1.313750e+00  7.92410692 29.02468004 
  1.315000e+00  7.92410692 29.02468004 
  1.316250e+00  7.92410692 29.02468004 
  1.317500e+00  7.92410692 29.02468004 
  1.318750e+00  7.92410692 29.02468004 
  1.320000e+00  7.92410692 29.02468004 
  1.321250e+00  7.92410692 29.02468004 
  1.322500e+00  7.92410692 29.02468004 
  1.323750e+00  7.92410692 29.02468004 
  1.325000e+00  7.92410692 29.02468004 
  1.326250e+00  7.92410692 29.02468004 
  1.327500e+00  7.92410692 29.02468004 
  1.328750e+00  7.92410692 29.02468004 
  1.330000e+00  7.92410692 29.02468004 
  1.331250e+00  7.92410692 29.02468004 
  1.332500e+00  7.92410692 29.02468004 
  1.333750e+00  7.92410692 29.02468004 
  1.335000e+00  7.92410692 29.02468004 
  1.336250e+00  7.92410692 29.02468004 
  1.337500e+00  7.92410692 29.02468004 
  1.338750e+00  7.92410692 29.02468004 
  1.340000e+00  7.92410692 29.02468004 
  1.341250e+00  7.92410692 29.02468004 
  1.342500e+00  7.92410692 29.02468004 
  1.343750e+00  7.92410692 29.02468004 
  1.345000e+00  7.92410692 29.02468004 
  1.346250e+00  7.92410692 29.02468004 
  1.347500e+00  7.92410692 29.02468004 
  1.348750e+00  7.92410692 29.02468004 
  1.350000e+00  7.92410692 29.02468004 
  1.351250e+00  7.92410692 29.02468004 
  1.352500e+00  7.92410692 29.02468004 
  1.353750e+00  7.92410692 29.02468004 
  1.355000e+00  7.92410692 29.02468004 
  1.356250e+00  7.92410692 29.02468004 
  1.357500e+00  7.92410692 29.02468004 
  1.358750e+00  7.92410692 29.02468004 
  1.360000e+00  7.92410692 29.02468004 
  1.361250e+00  7.92410692 29.02468004 
  1.362500e+00  7.92410692 29.02468004 
  1.363750e+00  7.92410692 29.02468004 
  1.365000e+00  7.92410692 29.02468004 
  1.366250e+00  7.92410692 29.02468004 
  1.367500e+00  7.92410692 29.02468004 
  1.368750e+00  7.92410692 29.02468004 
  1.370000e+00  7.92410692 29.02468004 
  1.371250e+00  7.92410692 29.02468004 
  1.372500e+00  7.92410692 29.02468003 
  1.373750e+00  7.92410692 29.02468003 
  1.375000e+00  7.92410692 29.02468003 
  1.376250e+00  7.92410692 29.02468003 
  1.377500e+00  7.92410692 29.02468003 
  1.378750e+00  7.92410692 29.02468003 
  1.380000e+00  7.92410692 29.02468003 
  1.381250e+00  7.92410692 29.02468003 
  1.382500e+00  7.92410692 29.02468003 
  1.383750e+00  7.92410692 29.02468003 
  1.385000e+00  7.92410692 29.02468003 
  1.386250e+00  7.92410692 29.02468003 
  1.387500e+00  7.92410692 29.02468003 
  1.388750e+00  7.92410692 29.02468003 
  1.390000e+00  7.92410692 29.02468003 
  1.391250e+00  7.92410692 29.02468003 
  1.392500e+00  7.92410692 29.02468003 
  1.393750e+00  7.92410692 29.02468003 
  1.395000e+00  7.92410692 29.02468003 
  1.396250e+00  7.92410692 29.02468003 
  1.397500e+00  7.92410692 29.02468003 
  1.398750e+00  7.92410692 29.02468003 
  1.400000e+00  7.92410692 29.02468003 
  1.401250e+00  7.92410692 29.02468003 
  1.402500e+00  7.92410692 29.02468003 
  1.403750e+00  7.92410692 29.02468003 
  1.405000e+00  7.92410692 29.02468003 
  1.406250e+00  7.92410692 29.02468003 
  1.407500e+00  7.92410692 29.02468003 
  1.408750e+00  7.92410692 29.02468003 
  1.410000e+00  7.92410692 29.02468003 
  1.411250e+00  7.92410692 29.02468003 
  1.412500e+00  7.92410692 29.02468003 
  1.413750e+00  7.92410692 29.02468003 
  1.415000e+00  7.92410692 29.02468003 
  1.416250e+00  7.92410692 29.02468003 
  1.417500e+00  7.92410692 29.02468003 
  1.418750e+00  7.92410692 29.02468003 
  1.420000e+00  7.92410692 29.02468003 
  1.421250e+00  7.92410692 29.02468003 
  1.422500e+00  7.92410692 29.02468003 
  1.423750e+00  7.92410692 29.02468003 
  1.425000e+00  7.92410692 29.02468003 
  1.426250e+00  7.92410692 29.02468003 
  1.427500e+00  7.92410692 29.02468003 
  1.428750e+00  7.92410692 29.02468003 
  1.430000e+00  7.92410692 29.02468003 
  1.431250e+00  7.92410692 29.02468003 
  1.432500e+00  7.92410692 29.02468003 
  1.433750e+00  7.92410692 29.02468003 
  1.435000e+00  7.92410692 29.02468003 
  1.436250e+00  7.92410692 29.02468003 
  1.437500e+00  7.92410692 29.02468003 
  1.438750e+00  7.92410692 29.02468003 
  1.440000e+00  7.92410692 29.02468003 
  1.441250e+00  7.92410692 29.02468003 
  1.442500e+00  7.92410692 29.02468003 
  1.443750e+00  7.92410692 29.02468003 
  1.445000e+00  7.92410692 29.02468003 
  1.446250e+00  7.92410692 29.02468003 
  1.447500e+00  7.92410692 29.02468003 
  1.448750e+00  7.92410692 29.02468003 
  1.450000e+00  7.92410692 29.02468003 
  1.451250e+00  7.92410692 29.02468003 
  1.452500e+00  7.92410692 29.02468003 
  1.453750e+00  7.92410692 29.02468003 
  1.455000e+00  7.92410692 29.02468003 
  1.456250e+00  7.92410692 29.02468003 
  1.457500e+00  7.92410692 29.02468003 
  1.458750e+00  7.92410692 29.02468003 
  1.460000e+00  7.92410692 29.02468003 
  1.461250e+00  7.92410692 29.02468003 
  1.462500e+00  7.92410692 29.02468003 
  1.463750e+00  7.92410692 29.02468003 
  1.465000e+00  7.92410692 29.02468003 
  1.466250e+00  7.92410692 29.02468003 
  1.467500e+00  7.92410692 29.02468003 
  1.468750e+00  7.92410692 29.02468003 
  1.470000e+00  7.92410692 29.02468003 
  1.471250e+00  7.92410692 29.02468003 
  1.472500e+00  7.92410692 29.02468003 
  1.473750e+00  7.92410692 29.02468003 
  1.475000e+00  7.92410692 29.02468003 
  1.476250e+00  7.92410692 29.02468003 
  1.477500e+00  7.92410692 29.02468003 
  1.478750e+00  7.92410692 29.02468003 
  1.480000e+00  7.92410692 29.02468003 
  1.481250e+00  7.92410692 29.02468003 
  1.482500e+00  7.92410692 29.02468003 
  1.483750e+00  7.92410692 29.02468003 
  1.485000e+00  7.92410692 29.02468003 
  1.486250e+00  7.92410692 29.02468003 
  1.487500e+00  7.92410692 29.02468003 
  1.488750e+00  7.92410692 29.02468003 
  1.490000e+00  7.92410692 29.02468003 
  1.491250e+00  7.92410692 29.02468003 
  1.492500e+00  7.92410692 29.02468003 
  1.493750e+00  7.92410692 29.02468003 
  1.495000e+00  7.92410692 29.02468003 
  1.496250e+00  7.92410692 29.02468003 
  1.497500e+00  7.92410692 29.02468003 
  1.498750e+00  7.92410692 29.02468003 
  1.500000e+00  7.92410692 29.02468003 
  1.501250e+00  7.92410692 29.02468003 
  1.502500e+00  7.92410692 29.02468003 
  1.503750e+00  7.92410692 29.02468003 
  1.505000e+00  7.92410692 29.02468003 
  1.506250e+00  7.92410692 29.02468003 
  1.507500e+00  7.92410692 29.02468003 
  1.508750e+00  7.92410692 29.02468003 
  1.510000e+00  7.92410692 29.02468003 
  1.511250e+00  7.92410692 29.02468003 
  1.512500e+00  7.92410692 29.02468003 
  1.513750e+00  7.92410692 29.02468003 
  1.515000e+00  7.92410692 29.02468003 
  1.516250e+00  7.92410692 29.02468003 
  1.517500e+00  7.92410692 29.02468003 
  1.518750e+00  7.92410692 29.02468003 
  1.520000e+00  7.92410692 29.02468003 
  1.521250e+00  7.92410692 29.02468003 
  1.522500e+00  7.92410692 29.02468003 
  1.523750e+00  7.92410692 29.02468003 
  1.525000e+00  7.92410692 29.02468003 
  1.526250e+00  7.92410692 29.02468003 
  1.527500e+00  7.92410692 29.02468003 
  1.528750e+00  7.92410692 29.02468003 
  1.530000e+00  7.92410692 29.02468003 
  1.531250e+00  7.92410692 29.02468003 
  1.532500e+00  7.92410692 29.02468003 
  1.533750e+00  7.92410692 29.02468003 
  1.535000e+00  7.92410692 29.02468003 
  1.536250e+00  7.92410692 29.02468003 
  1.537500e+00  7.92410692 29.02468003 
  1.538750e+00  7.92410692 29.02468003 
  1.540000e+00  7.92410692 29.02468003 
  1.541250e+00  7.92410692 29.02468003 
  1.542500e+00  7.92410692 29.02468003 
  1.543750e+00  7.92410692 29.02468003 
  1.545000e+00  7.92410692 29.02468003 
  1.546250e+00  7.92410692 29.02468003 
  1.547500e+00  7.92410692 29.02468003 
  1.548750e+00  7.92410692 29.02468003 
  1.550000e+00  7.92410692 29.02468003 
  1.551250e+00  7.92410692 29.02468003 
  1.552500e+00  7.92410692 29.02468003 
  1.553750e+00  7.92410692 29.02468003 
  1.555000e+00  7.92410692 29.02468003 
  1.556250e+00  7.92410692 29.02468003 
  1.557500e+00  7.92410692 29.02468003 
  1.558750e+00  7.92410692 29.02468003 
  1.560000e+00  7.92410692 29.02468003 
  1.561250e+00  7.92410692 29.02468003 
  1.562500e+00  7.92410692 29.02468003 
  1.563750e+00  7.92410692 29.02468003 
  1.565000e+00  7.92410692 29.02468003 
  1.566250e+00  7.92410692 29.02468003 
  1.567500e+00  7.92410692 29.02468003 
  1.568750e+00  7.92410692 29.02468003 
  1.570000e+00  7.92410692 29.02468003 
  1.571250e+00  7.92410692 29.02468003 
  1.572500e+00  7.92410692 29.02468003 
  1.573750e+00  7.92410692 29.02468003 
  1.575000e+00  7.92410692 29.02468003 
  1.576250e+00  7.92410692 29.02468003 
  1.577500e+00  7.92410692 29.02468003 
  1.578750e+00  7.92410692 29.02468003 
  1.580000e+00  7.92410692 29.02468003 
  1.581250e+00  7.92410692 29.02468003 
  1.582500e+00  7.92410692 29.02468003 
  1.583750e+00  7.92410692 29.02468003 
  1.585000e+00  7.92410692 29.02468003 
  1.586250e+00  7.92410692 29.02468003 
  1.587500e+00  7.92410692 29.02468003 
  1.588750e+00  7.92410692 29.02468003 
  1.590000e+00  7.92410692 29.02468003 
  1.591250e+00  7.92410692 29.02468003 
  1.592500e+00  7.92410692 29.02468003 
  1.593750e+00  7.92410692 29.02468003 
  1.595000e+00  7.92410692 29.02468003 
  1.596250e+00  7.92410692 29.02468003 
  1.597500e+00  7.92410692 29.02468003 
  1.598750e+00  7.92410692 29.02468003 
  1.600000e+00  7.92410692 29.02468004 
  1.601250e+00  7.92410692 29.02468004 
  1.602500e+00  7.92410692 29.02468004 
  1.603750e+00  7.92410692 29.02468004 
  1.605000e+00  7.92410692 29.02468004 
  1.606250e+00  7.92410692 29.02468004 
  1.607500e+00  7.92410692 29.02468004 
  1.608750e+00  7.92410692 29.02468004 
  1.610000e+00  7.92410692 29.02468004 
  1.611250e+00  7.92410692 29.02468004 
  1.612500e+00  7.92410692 29.02468004 
  1.613750e+00  7.92410692 29.02468004 
  1.615000e+00  7.92410692 29.02468004 
  1.616250e+00  7.92410692 29.02468004 
  1.617500e+00  7.92410692 29.02468004 
  1.618750e+00  7.92410692 29.02468004 
  1.620000e+00  7.92410692 29.02468004 
  1.621250e+00  7.92410692 29.02468004 
  1.622500e+00  7.92410692 29.02468004 
  1.623750e+00  7.92410692 29.02468004 
  1.625000e+00  7.92410692 29.02468004 
  1.626250e+00  7.92410692 29.02468004 
  1.627500e+00  7.92410692 29.02468004 
  1.628750e+00  7.92410692 29.02468004 
  1.630000e+00  7.92410692 29.02468004 
  1.631250e+00  7.92410692 29.02468004 
  1.632500e+00  7.92410692 29.02468004 
  1.633750e+00  7.92410692 29.02468004 
  1.635000e+00  7.92410692 29.02468004 
  1.636250e+00  7.92410692 29.02468004 
  1.637500e+00  7.92410692 29.02468004 
  1.638750e+00  7.92410692 29.02468004 
  1.640000e+00  7.92410692 29.02468004 
  1.641250e+00  7.92410692 29.02468004 
  1.642500e+00  7.92410692 29.02468004 
  1.643750e+00  7.92410692 29.02468004 
  1.645000e+00  7.92410692 29.02468004 
  1.646250e+00  7.92410692 29.02468004 
  1.647500e+00  7.92410692 29.02468004 
  1.648750e+00  7.92410692 29.02468004 
  1.650000e+00  7.92410692 29.02468004 
  1.651250e+00  7.92410692 29.02468004 
  1.652500e+00  7.92410692 29.02468004 
  1.653750e+00  7.92410692 29.02468004 
  1.655000e+00  7.92410692 29.02468004 
  1.656250e+00  7.92410692 29.02468004 
  1.657500e+00  7.92410692 29.02468004 
  1.658750e+00  7.92410692 29.02468004 
  1.660000e+00  7.92410692 29.02468004 
  1.661250e+00  7.92410692 29.02468004 
  1.662500e+00  7.92410692 29.02468004 
  1.663750e+00  7.92410692 29.02468004 
  1.665000e+00  7.92410692 29.02468004 
  1.666250e+00  7.92410692 29.02468004 
  1.667500e+00  7.92410692 29.02468004 
  1.668750e+00  7.92410692 29.02468004 
  1.670000e+00  7.92410692 29.02468004 
  1.671250e+00  7.92410692 29.02468004 
  1.672500e+00  7.92410692 29.02468004 
  1.673750e+00  7.92410692 29.02468004 
  1.675000e+00  7.92410692 29.02468004 
  1.676250e+00  7.92410692 29.02468004 
  1.677500e+00  7.92410692 29.02468005 
  1.678750e+00  7.92410692 29.02468005 
  1.680000e+00  7.92410692 29.02468005 
  1.681250e+00  7.92410692 29.02468005 
  1.682500e+00  7.92410692 29.02468005 
  1.683750e+00  7.92410692 29.02468005 
  1.685000e+00  7.92410692 29.02468005 
  1.686250e+00  7.92410692 29.02468005 
  1.687500e+00  7.92410692 29.02468005 
  1.688750e+00  7.92410692 29.02468005 
  1.690000e+00  7.92410692 29.02468005 
  1.691250e+00  7.92410692 29.02468005 
  1.692500e+00  7.92410692 29.02468005 
  1.693750e+00  7.92410692 29.02468005 
  1.695000e+00  7.92410692 29.02468005 
  1.696250e+00  7.92410692 29.02468005 
  1.697500e+00  7.92410692 29.02468005 
  1.698750e+00  7.92410692 29.02468005 
  1.700000e+00  7.92410692 29.02468005 
  1.701250e+00  7.92410692 29.02468005 
  1.702500e+00  7.92410692 29.02468005 
  1.703750e+00  7.92410692 29.02468005 
  1.705000e+00  7.92410692 29.02468005 
  1.706250e+00  7.92410692 29.02468005 
  1.707500e+00  7.92410692 29.02468005 
  1.708750e+00  7.92410692 29.02468005 
  1.710000e+00  7.92410692 29.02468005 
  1.711250e+00  7.92410692 29.02468005 
  1.712500e+00  7.92410692 29.02468005 
  1.713750e+00  7.92410692 29.02468005 
  1.715000e+00  7.92410692 29.02468005 
  1.716250e+00  7.92410692 29.02468005 
  1.717500e+00  7.92410692 29.02468005 
  1.718750e+00  7.92410692 29.02468005 
  1.720000e+00  7.92410692 29.02468005 
  1.721250e+00  7.92410692 29.02468005 
  1.722500e+00  7.92410692 29.02468005 
  1.723750e+00  7.92410692 29.02468005 
  1.725000e+00  7.92410692 29.02468005 
  1.726250e+00  7.92410692 29.02468005 
  1.727500e+00  7.92410692 29.02468005 
  1.728750e+00  7.92410692 29.02468005 
  1.730000e+00  7.92410692 29.02468005 
  1.731250e+00  7.92410692 29.02468005 
  1.732500e+00  7.92410692 29.02468005 
  1.733750e+00  7.92410692 29.02468005 
  1.735000e+00  7.92410692 29.02468005 
  1.736250e+00  7.92410692 29.02468005 
  1.737500e+00  7.92410692 29.02468005 
  1.738750e+00  7.92410692 29.02468005 
  1.740000e+00  7.92410692 29.02468005 
  1.741250e+00  7.92410692 29.02468005 
  1.742500e+00  7.92410692 29.02468005 
  1.743750e+00  7.92410692 29.02468005 
  1.745000e+00  7.92410692 29.02468005 
  1.746250e+00  7.92410692 29.02468005 
  1.747500e+00  7.92410692 29.02468005 
  1.748750e+00  7.92410692 29.02468005 
  1.750000e+00  7.92410692 29.02468005 
  1.751250e+00  7.92410692 29.02468005 
  1.752500e+00  7.92410692 29.02468005 
  1.753750e+00  7.92410692 29.02468006 
  1.755000e+00  7.92410692 29.02468006 
  1.756250e+00  7.92410692 29.02468006 
  1.757500e+00  7.92410692 29.02468006 
  1.758750e+00  7.92410692 29.02468006 
  1.760000e+00  7.92410692 29.02468006 
  1.761250e+00  7.92410692 29.02468006 
  1.762500e+00  7.92410692 29.02468006 
  1.763750e+00  7.92410692 29.02468006 
  1.765000e+00  7.92410692 29.02468006 
  1.766250e+00  7.92410692 29.02468006 
  1.767500e+00  7.92410692 29.02468006 
  1.768750e+00  7.92410692 29.02468006 
  1.770000e+00  7.92410692 29.02468006 
  1.771250e+00  7.92410692 29.02468006 
  1.772500e+00  7.92410692 29.02468006 
  1.773750e+00  7.92410692 29.02468006 
  1.775000e+00  7.92410692 29.02468006 
  1.776250e+00  7.92410692 29.02468006 
  1.777500e+00  7.92410692 29.02468006 
  1.778750e+00  7.92410692 29.02468006 
  1.780000e+00  7.92410692 29.02468006 
  1.781250e+00  7.92410692 29.02468006 
  1.782500e+00  7.92410692 29.02468006 
  1.783750e+00  7.92410692 29.02468006 
  1.785000e+00  7.92410692 29.02468006 
  1.786250e+00  7.92410692 29.02468006 
  1.787500e+00  7.92410692 29.02468006 
  1.788750e+00  7.92410692 29.02468006 
  1.790000e+00  7.92410692 29.02468006 
  1.791250e+00  7.92410692 29.02468006 
  1.792500e+00  7.92410692 29.02468006 
  1.793750e+00  7.92410692 29.02468006 
  1.795000e+00  7.92410692 29.02468006 
  1.796250e+00  7.92410692 29.02468006 
  1.797500e+00  7.92410692 29.02468006 
  1.798750e+00  7.92410692 29.02468006 
  1.800000e+00  7.92410692 29.02468006 
  1.801250e+00  7.92410692 29.02468006 
  1.802500e+00  7.92410692 29.02468006 
  1.803750e+00  7.92410692 29.02468006 
  1.805000e+00  7.92410692 29.02468006 
  1.806250e+00  7.92410692 29.02468006 
  1.807500e+00  7.92410692 29.02468006 
  1.808750e+00  7.92410692 29.02468006 
  1.810000e+00  7.92410692 29.02468006 
  1.811250e+00  7.92410692 29.02468006 
  1.812500e+00  7.92410692 29.02468006 
  1.813750e+00  7.92410692 29.02468006 
  1.815000e+00  7.92410692 29.02468006 
  1.816250e+00  7.92410692 29.02468006 
  1.817500e+00  7.92410692 29.02468006 
  1.818750e+00  7.92410692 29.02468006 
  1.820000e+00  7.92410692 29.02468006 
  1.821250e+00  7.92410692 29.02468006 
  1.822500e+00  7.92410692 29.02468006 
  1.823750e+00  7.92410692 29.02468006 
  1.825000e+00  7.92410692 29.02468006 
  1.826250e+00  7.92410692 29.02468006 
  1.827500e+00  7.92410692 29.02468006 
  1.828750e+00  7.92410692 29.02468006 
  1.830000e+00  7.92410692 29.02468006 
  1.831250e+00  7.92410692 29.02468006 
  1.832500e+00  7.92410692 29.02468006 
  1.833750e+00  7.92410692 29.02468006 
  1.835000e+00  7.92410692 29.02468006 
  1.836250e+00  7.92410692 29.02468006 
  1.837500e+00  7.92410692 29.02468006 
  1.838750e+00  7.92410692 29.02468006 
  1.840000e+00  7.92410692 29.02468006 
  1.841250e+00  7.92410692 29.02468006 
  1.842500e+00  7.92410692 29.02468006 
  1.843750e+00  7.92410692 29.02468006 
  1.845000e+00  7.92410692 29.02468006 
  1.846250e+00  7.92410692 29.02468006 
  1.847500e+00  7.92410692 29.02468006 
  1.848750e+00  7.92410692 29.02468006 
  1.850000e+00  7.92410692 29.02468006 
  1.851250e+00  7.92410692 29.02468006 
  1.852500e+00  7.92410692 29.02468006 
  1.853750e+00  7.92410692 29.02468006 
  1.855000e+00  7.92410692 29.02468006 
  1.856250e+00  7.92410692 29.02468007 
  1.857500e+00  7.92410692 29.02468007 
  1.858750e+00  7.92410692 29.02468007 
  1.860000e+00  7.92410692 29.02468007 
  1.861250e+00  7.92410692 29.02468007 
  1.862500e+00  7.92410692 29.02468007 
  1.863750e+00  7.92410692 29.02468007 
  1.865000e+00  7.92410692 29.02468007 
  1.866250e+00  7.92410692 29.02468007 
  1.867500e+00  7.92410692 29.02468007 
  1.868750e+00  7.92410692 29.02468007 
  1.870000e+00  7.92410692 29.02468007 
  1.871250e+00  7.92410692 29.02468007 
  1.872500e+00  7.92410692 29.02468007 
  1.873750e+00  7.92410692 29.02468007 
  1.875000e+00  7.92410692 29.02468007 
  1.876250e+00  7.92410692 29.02468007 
  1.877500e+00  7.92410692 29.02468007 
  1.878750e+00  7.92410692 29.02468007 
  1.880000e+00  7.92410692 29.02468007 
  1.881250e+00  7.92410692 29.02468007 
  1.882500e+00  7.92410692 29.02468007 
  1.883750e+00  7.92410692 29.02468007 
  1.885000e+00  7.92410692 29.02468007 
  1.886250e+00  7.92410692 29.02468007 
  1.887500e+00  7.92410692 29.02468007 
  1.888750e+00  7.92410692 29.02468007 
  1.890000e+00  7.92410692 29.02468007 
  1.891250e+00  7.92410692 29.02468007 
  1.892500e+00  7.92410692 29.02468007 
  1.893750e+00  7.92410692 29.02468007 
  1.895000e+00  7.92410692 29.02468007 
  1.896250e+00  7.92410692 29.02468007 
  1.897500e+00  7.92410692 29.02468007 
  1.898750e+00  7.92410692 29.02468007 
  1.900000e+00  7.92410692 29.02468007 
  1.901250e+00  7.92410692 29.02468007 
  1.902500e+00  7.92410692 29.02468007 
  1.903750e+00  7.92410692 29.02468007 
  1.905000e+00  7.92410692 29.02468007 
  1.906250e+00  7.92410692 29.02468007 
  1.907500e+00  7.92410692 29.02468007 
  1.908750e+00  7.92410692 29.02468007 
  1.910000e+00  7.92410692 29.02468007 
  1.911250e+00  7.92410692 29.02468007 
  1.912500e+00  7.92410692 29.02468007 
  1.913750e+00  7.92410692 29.02468007 
  1.915000e+00  7.92410692 29.02468007 
  1.916250e+00  7.92410692 29.02468007 
  1.917500e+00  7.92410692 29.02468007 
  1.918750e+00  7.92410692 29.02468007 
  1.920000e+00  7.92410692 29.02468007 
  1.921250e+00  7.92410692 29.02468007 
  1.922500e+00  7.92410692 29.02468007 
  1.923750e+00  7.92410692 29.02468007 
  1.925000e+00  7.92410692 29.02468007 
  1.926250e+00  7.92410692 29.02468007 
  1.927500e+00  7.92410692 29.02468007 
  1.928750e+00  7.92410692 29.02468007 
  1.930000e+00  7.92410692 29.02468007 
  1.931250e+00  7.92410692 29.02468007 
  1.932500e+00  7.92410692 29.02468007 
  1.933750e+00  7.92410692 29.02468007 
  1.935000e+00  7.92410692 29.02468007 
  1.936250e+00  7.92410692 29.02468007 
  1.937500e+00  7.92410692 29.02468007 
  1.938750e+00  7.92410692 29.02468007 
  1.940000e+00  7.92410692 29.02468007 
  1.941250e+00  7.92410692 29.02468007 
  1.942500e+00  7.92410692 29.02468007 
  1.943750e+00  7.92410692 29.02468007 
  1.945000e+00  7.92410692 29.02468007 
  1.946250e+00  7.92410692 29.02468007 
  1.947500e+00  7.92410692 29.02468007 
  1.948750e+00  7.92410692 29.02468007 
  1.950000e+00  7.92410692 29.02468007 
  1.951250e+00  7.92410692 29.02468007 
  1.952500e+00  7.92410692 29.02468007 
  1.953750e+00  7.92410692 29.02468007 
  1.955000e+00  7.92410692 29.02468007 
  1.956250e+00  7.92410692 29.02468007 
  1.957500e+00  7.92410692 29.02468007 
  1.958750e+00  7.92410692 29.02468007 
  1.960000e+00  7.92410692 29.02468007 
  1.961250e+00  7.92410692 29.02468007 
  1.962500e+00  7.92410692 29.02468007 
  1.963750e+00  7.92410692 29.02468007 
  1.965000e+00  7.92410692 29.02468007 
  1.966250e+00  7.92410692 29.02468007 
  1.967500e+00  7.92410692 29.02468007 
  1.968750e+00  7.92410692 29.02468007 
  1.970000e+00  7.92410692 29.02468007 
  1.971250e+00  7.92410692 29.02468007 
  1.972500e+00  7.92410692 29.02468007 
  1.973750e+00  7.92410692 29.02468007 
  1.975000e+00  7.92410692 29.02468007 
  1.976250e+00  7.92410692 29.02468007 
  1.977500e+00  7.92410692 29.02468007 
  1.978750e+00  7.92410692 29.02468007 
  1.980000e+00  7.92410692 29.02468007 
  1.981250e+00  7.92410692 29.02468007 
  1.982500e+00  7.92410692 29.02468007 
  1.983750e+00  7.92410692 29.02468007 
  1.985000e+00  7.92410692 29.02468007 
  1.986250e+00  7.92410692 29.02468007 
  1.987500e+00  7.92410692 29.02468007 
  1.988750e+00  7.92410692 29.02468007 
  1.990000e+00  7.92410692 29.02468007 
  1.991250e+00  7.92410692 29.02468007 
  1.992500e+00  7.92410692 29.02468007 
  1.993750e+00  7.92410692 29.02468007 
  1.995000e+00  7.92410692 29.02468007 
  1.996250e+00  7.92410692 29.02468007 
  1.997500e+00  7.92410692 29.02468007 
  1.998750e+00  7.92410692 29.02468007 
  2.000000e+00  7.92410692 29.02468007 
