  5.000000e-03  -2365.19014599  29.02394151 
  7.500000e-03  -2365.19014599  29.02409374 
  1.000000e-02  -2365.19014599  29.02420983 
  1.250000e-02  -2365.19014599  29.02431851 
  1.500000e-02  -2365.19014599  29.02442482 
  1.750000e-02  -2365.19014599  29.02452647 
  2.000000e-02  -2365.19014599  29.02462349 
  2.250000e-02  -2365.19014599  29.02472229 
  2.500000e-02  -2365.19014599  29.02483280 
  2.750000e-02  -2365.19014599  29.02496188 
  3.000000e-02  -2365.19014599  29.02510773 
  3.250000e-02  -2365.19014599  29.02525752 
  3.500000e-02  -2365.19014599  29.02538807 
  3.750000e-02  -2365.19014599  29.02547029 
  4.000000e-02  -2365.19014599  29.02547895 
  4.250000e-02  -2365.19014599  29.02540601 
  4.500000e-02  -2365.19014599  29.02526937 
  4.750000e-02  -2365.19014599  29.02510790 
  5.000000e-02  -2365.19014599  29.02496284 
  5.250000e-02  -2365.19014599  29.02485961 
  5.500000e-02  -2365.19014599  29.02480325 
  5.750000e-02  -2365.19014599  29.02478560 
  6.000000e-02  -2365.19014599  29.02479426 
  6.250000e-02  -2365.19014599  29.02481788 
  6.500000e-02  -2365.19014599  29.02484778 
  6.750000e-02  -2365.19014599  29.02487820 
  7.000000e-02  -2365.19014599  29.02490570 
  7.250000e-02  -2365.19014599  29.02492866 
  7.500000e-02  -2365.19014599  29.02494675 
  7.750000e-02  -2365.19014599  29.02496047 
  8.000000e-02  -2365.19014599  29.02497079 
  8.250000e-02  -2365.19014599  29.02497882 
  8.500000e-02  -2365.19014599  29.02498557 
  8.750000e-02  -2365.19014599  29.02499176 
  9.000000e-02  -2365.19014599  29.02499780 
  9.250000e-02  -2365.19014599  29.02500385 
  9.500000e-02  -2365.19014599  29.02500989 
  9.750000e-02  -2365.19014599  29.02501584 
  1.000000e-01  -2365.19014599  29.02502159 
  1.025000e-01  -2365.19014599  29.02502709 
  1.050000e-01  -2365.19014599  29.02503232 
  1.075000e-01  -2365.19014599  29.02503734 
  1.100000e-01  -2365.19014599  29.02504222 
  1.125000e-01  -2365.19014599  29.02504708 
  1.150000e-01  -2365.19014599  29.02505203 
  1.175000e-01  -2365.19014599  29.02505720 
  1.200000e-01  -2365.19014599  29.02506269 
  1.225000e-01  -2365.19014599  29.02506864 
  1.250000e-01  -2365.19014599  29.02507520 
  1.275000e-01  -2365.19014599  29.02508255 
  1.300000e-01  -2365.19014599  29.02509096 
  1.325000e-01  -2365.19014599  29.02510075 
  1.350000e-01  -2365.19014599  29.02511233 
  1.375000e-01  -2365.19014599  29.02512622 
  1.400000e-01  -2365.19014599  29.02514305 
  1.425000e-01  -2365.19014599  29.02516351 
  1.450000e-01  -2365.19014599  29.02518834 
  1.475000e-01  -2365.19014599  29.02521822 
  1.500000e-01  -2365.19014599  29.02525357 
  1.525000e-01  -2365.19014599  29.02529426 
  1.550000e-01  -2365.19014599  29.02533916 
  1.575000e-01  -2365.19014599  29.02538582 
  1.600000e-01  -2365.19014599  29.02543022 
  1.625000e-01  -2365.19014599  29.02546728 
  1.650000e-01  -2365.19014599  29.02549215 
  1.675000e-01  -2365.19014599  29.02550205 
  1.700000e-01  -2365.19014599  29.02549781 
  1.725000e-01  -2365.19014599  29.02548432 
  1.750000e-01  -2365.19014599  29.02546915 
  1.775000e-01  -2365.19014599  29.02546028 
  1.800000e-01  -2365.19014599  29.02546375 
  1.825000e-01  -2365.19014599  29.02548266 
  1.850000e-01  -2365.19014599  29.02551727 
  1.875000e-01  -2365.19014599  29.02556569 
  1.900000e-01  -2365.19014599  29.02562432 
  1.925000e-01  -2365.19014599  29.02568796 
  1.950000e-01  -2365.19014599  29.02574988 
  1.975000e-01  -2365.19014599  29.02580238 
  2.000000e-01  -2365.19014599  29.02583825 
  2.025000e-01  -2365.19014599  29.02585266 
  2.050000e-01  -2365.19014599  29.02584485 
  2.075000e-01  -2365.19014599  29.02581860 
  2.100000e-01  -2365.19014599  29.02578094 
  2.125000e-01  -2365.19014599  29.02573986 
  2.150000e-01  -2365.19014599  29.02570195 
  2.175000e-01  -2365.19014599  29.02567106 
  2.200000e-01  -2365.19014599  29.02564836 
  2.225000e-01  -2365.19014599  29.02563309 
  2.250000e-01  -2365.19014599  29.02562369 
  2.275000e-01  -2365.19014599  29.02561849 
  2.300000e-01  -2365.19014599  29.02561610 
  2.325000e-01  -2365.19014599  29.02561551 
  2.350000e-01  -2365.19014599  29.02561608 
  2.375000e-01  -2365.19014599  29.02561735 
  2.400000e-01  -2365.19014599  29.02561903 
  2.425000e-01  -2365.19014599  29.02562095 
  2.450000e-01  -2365.19014599  29.02562298 
  2.475000e-01  -2365.19014599  29.02562506 
  2.500000e-01  -2365.19014599  29.02562717 
  2.525000e-01  -2365.19014599  29.02562932 
  2.550000e-01  -2365.19014599  29.02563153 
  2.575000e-01  -2365.19014599  29.02563379 
  2.600000e-01  -2365.19014599  29.02563612 
  2.625000e-01  -2365.19014599  29.02563851 
  2.650000e-01  -2365.19014599  29.02564094 
  2.675000e-01  -2365.19014599  29.02564342 
  2.700000e-01  -2365.19014599  29.02564593 
  2.725000e-01  -2365.19014599  29.02564847 
  2.750000e-01  -2365.19014599  29.02565102 
  2.775000e-01  -2365.19014599  29.02565359 
  2.800000e-01  -2365.19014599  29.02565617 
  2.825000e-01  -2365.19014599  29.02565875 
  2.850000e-01  -2365.19014599  29.02566133 
  2.875000e-01  -2365.19014599  29.02566391 
  2.900000e-01  -2365.19014599  29.02566648 
  2.925000e-01  -2365.19014599  29.02566903 
  2.950000e-01  -2365.19014599  29.02567155 
  2.975000e-01  -2365.19014599  29.02567402 
  3.000000e-01  -2365.19014599  29.02567645 
  3.025000e-01  -2365.19014599  29.02567881 
  3.050000e-01  -2365.19014599  29.02568109 
  3.075000e-01  -2365.19014599  29.02568329 
  3.100000e-01  -2365.19014599  29.02568541 
  3.125000e-01  -2365.19014599  29.02568745 
  3.150000e-01  -2365.19014599  29.02568941 
  3.175000e-01  -2365.19014599  29.02569132 
  3.200000e-01  -2365.19014599  29.02569317 
  3.225000e-01  -2365.19014599  29.02569498 
  3.250000e-01  -2365.19014599  29.02569676 
  3.275000e-01  -2365.19014599  29.02569851 
  3.300000e-01  -2365.19014599  29.02570024 
  3.325000e-01  -2365.19014599  29.02570196 
  3.350000e-01  -2365.19014599  29.02570365 
  3.375000e-01  -2365.19014599  29.02570532 
  3.400000e-01  -2365.19014599  29.02570697 
  3.425000e-01  -2365.19014599  29.02570859 
  3.450000e-01  -2365.19014599  29.02571016 
  3.475000e-01  -2365.19014599  29.02571170 
  3.500000e-01  -2365.19014599  29.02571319 
  3.525000e-01  -2365.19014599  29.02571462 
  3.550000e-01  -2365.19014599  29.02571600 
  3.575000e-01  -2365.19014599  29.02571731 
  3.600000e-01  -2365.19014599  29.02571857 
  3.625000e-01  -2365.19014599  29.02571975 
  3.650000e-01  -2365.19014599  29.02572088 
  3.675000e-01  -2365.19014599  29.02572194 
  3.700000e-01  -2365.19014599  29.02572293 
  3.725000e-01  -2365.19014599  29.02572386 
  3.750000e-01  -2365.19014599  29.02572472 
  3.775000e-01  -2365.19014599  29.02572553 
  3.800000e-01  -2365.19014599  29.02572627 
  3.825000e-01  -2365.19014599  29.02572696 
  3.850000e-01  -2365.19014599  29.02572759 
  3.875000e-01  -2365.19014599  29.02572818 
  3.900000e-01  -2365.19014599  29.02572871 
  3.925000e-01  -2365.19014599  29.02572919 
  3.950000e-01  -2365.19014599  29.02572962 
  3.975000e-01  -2365.19014599  29.02573002 
  4.000000e-01  -2365.19014599  29.02573037 
  4.025000e-01  -2365.19014599  29.02573068 
  4.050000e-01  -2365.19014599  29.02573096 
  4.075000e-01  -2365.19014599  29.02573120 
  4.100000e-01  -2365.19014599  29.02573141 
  4.125000e-01  -2365.19014599  29.02573160 
  4.150000e-01  -2365.19014599  29.02573175 
  4.175000e-01  -2365.19014599  29.02573188 
  4.200000e-01  -2365.19014599  29.02573198 
  4.225000e-01  -2365.19014599  29.02573206 
  4.250000e-01  -2365.19014599  29.02573212 
  4.275000e-01  -2365.19014599  29.02573216 
  4.300000e-01  -2365.19014599  29.02573218 
  4.325000e-01  -2365.19014599  29.02573218 
  4.350000e-01  -2365.19014599  29.02573217 
  4.375000e-01  -2365.19014599  29.02573214 
  4.400000e-01  -2365.19014599  29.02573210 
  4.425000e-01  -2365.19014599  29.02573205 
  4.450000e-01  -2365.19014599  29.02573198 
  4.475000e-01  -2365.19014599  29.02573190 
  4.500000e-01  -2365.19014599  29.02573181 
  4.525000e-01  -2365.19014599  29.02573172 
  4.550000e-01  -2365.19014599  29.02573161 
  4.575000e-01  -2365.19014599  29.02573149 
  4.600000e-01  -2365.19014599  29.02573137 
  4.625000e-01  -2365.19014599  29.02573123 
  4.650000e-01  -2365.19014599  29.02573109 
  4.675000e-01  -2365.19014599  29.02573095 
  4.700000e-01  -2365.19014599  29.02573079 
  4.725000e-01  -2365.19014599  29.02573064 
  4.750000e-01  -2365.19014599  29.02573047 
  4.775000e-01  -2365.19014599  29.02573030 
  4.800000e-01  -2365.19014599  29.02573013 
  4.825000e-01  -2365.19014599  29.02572995 
  4.850000e-01  -2365.19014599  29.02572977 
  4.875000e-01  -2365.19014599  29.02572958 
  4.900000e-01  -2365.19014599  29.02572939 
  4.925000e-01  -2365.19014599  29.02572920 
  4.950000e-01  -2365.19014599  29.02572900 
  4.975000e-01  -2365.19014599  29.02572880 
  5.000000e-01  -2365.19014599  29.02572860 
  5.025000e-01  -2365.19014599  29.02572839 
  5.050000e-01  -2365.19014599  29.02572818 
  5.075000e-01  -2365.19014599  29.02572797 
  5.100000e-01  -2365.19014599  29.02572776 
  5.125000e-01  -2365.19014599  29.02572754 
  5.150000e-01  -2365.19014599  29.02572733 
  5.175000e-01  -2365.19014599  29.02572711 
  5.200000e-01  -2365.19014599  29.02572689 
  5.225000e-01  -2365.19014599  29.02572667 
  5.250000e-01  -2365.19014599  29.02572644 
  5.275000e-01  -2365.19014599  29.02572622 
  5.300000e-01  -2365.19014599  29.02572600 
  5.325000e-01  -2365.19014599  29.02572577 
  5.350000e-01  -2365.19014599  29.02572554 
  5.375000e-01  -2365.19014599  29.02572532 
  5.400000e-01  -2365.19014599  29.02572509 
  5.425000e-01  -2365.19014599  29.02572486 
  5.450000e-01  -2365.19014599  29.02572463 
  5.475000e-01  -2365.19014599  29.02572440 
  5.500000e-01  -2365.19014599  29.02572417 
  5.525000e-01  -2365.19014599  29.02572394 
  5.550000e-01  -2365.19014599  29.02572370 
  5.575000e-01  -2365.19014599  29.02572347 
  5.600000e-01  -2365.19014599  29.02572324 
  5.625000e-01  -2365.19014599  29.02572301 
  5.650000e-01  -2365.19014599  29.02572278 
  5.675000e-01  -2365.19014599  29.02572255 
  5.700000e-01  -2365.19014599  29.02572231 
  5.725000e-01  -2365.19014599  29.02572208 
  5.750000e-01  -2365.19014599  29.02572185 
  5.775000e-01  -2365.19014599  29.02572162 
  5.800000e-01  -2365.19014599  29.02572139 
  5.825000e-01  -2365.19014599  29.02572116 
  5.850000e-01  -2365.19014599  29.02572093 
  5.875000e-01  -2365.19014599  29.02572070 
  5.900000e-01  -2365.19014599  29.02572047 
  5.925000e-01  -2365.19014599  29.02572024 
  5.950000e-01  -2365.19014599  29.02572001 
  5.975000e-01  -2365.19014599  29.02571978 
  6.000000e-01  -2365.19014599  29.02571955 
  6.025000e-01  -2365.19014599  29.02571932 
  6.050000e-01  -2365.19014599  29.02571909 
  6.075000e-01  -2365.19014599  29.02571887 
  6.100000e-01  -2365.19014599  29.02571864 
  6.125000e-01  -2365.19014599  29.02571841 
  6.150000e-01  -2365.19014599  29.02571819 
  6.175000e-01  -2365.19014599  29.02571796 
  6.200000e-01  -2365.19014599  29.02571774 
  6.225000e-01  -2365.19014599  29.02571751 
  6.250000e-01  -2365.19014599  29.02571729 
  6.275000e-01  -2365.19014599  29.02571706 
  6.300000e-01  -2365.19014599  29.02571684 
  6.325000e-01  -2365.19014599  29.02571661 
  6.350000e-01  -2365.19014599  29.02571639 
  6.375000e-01  -2365.19014599  29.02571617 
  6.400000e-01  -2365.19014599  29.02571595 
  6.425000e-01  -2365.19014599  29.02571573 
  6.450000e-01  -2365.19014599  29.02571551 
  6.475000e-01  -2365.19014599  29.02571529 
  6.500000e-01  -2365.19014599  29.02571507 
  6.525000e-01  -2365.19014599  29.02571485 
  6.550000e-01  -2365.19014599  29.02571463 
  6.575000e-01  -2365.19014599  29.02571441 
  6.600000e-01  -2365.19014599  29.02571420 
  6.625000e-01  -2365.19014599  29.02571398 
  6.650000e-01  -2365.19014599  29.02571377 
  6.675000e-01  -2365.19014599  29.02571355 
  6.700000e-01  -2365.19014599  29.02571334 
  6.725000e-01  -2365.19014599  29.02571313 
  6.750000e-01  -2365.19014599  29.02571292 
  6.775000e-01  -2365.19014599  29.02571271 
  6.800000e-01  -2365.19014599  29.02571250 
  6.825000e-01  -2365.19014599  29.02571229 
  6.850000e-01  -2365.19014599  29.02571208 
  6.875000e-01  -2365.19014599  29.02571188 
  6.900000e-01  -2365.19014599  29.02571167 
  6.925000e-01  -2365.19014599  29.02571147 
  6.950000e-01  -2365.19014599  29.02571127 
  6.975000e-01  -2365.19014599  29.02571106 
  7.000000e-01  -2365.19014599  29.02571086 
  7.025000e-01  -2365.19014599  29.02571067 
  7.050000e-01  -2365.19014599  29.02571047 
  7.075000e-01  -2365.19014599  29.02571027 
  7.100000e-01  -2365.19014599  29.02571008 
  7.125000e-01  -2365.19014599  29.02570988 
  7.150000e-01  -2365.19014599  29.02570969 
  7.175000e-01  -2365.19014599  29.02570950 
  7.200000e-01  -2365.19014599  29.02570931 
  7.225000e-01  -2365.19014599  29.02570912 
  7.250000e-01  -2365.19014599  29.02570894 
  7.275000e-01  -2365.19014599  29.02570875 
  7.300000e-01  -2365.19014599  29.02570857 
  7.325000e-01  -2365.19014599  29.02570839 
  7.350000e-01  -2365.19014599  29.02570821 
  7.375000e-01  -2365.19014599  29.02570803 
  7.400000e-01  -2365.19014599  29.02570785 
  7.425000e-01  -2365.19014599  29.02570767 
  7.450000e-01  -2365.19014599  29.02570750 
  7.475000e-01  -2365.19014599  29.02570733 
  7.500000e-01  -2365.19014599  29.02570716 
  7.525000e-01  -2365.19014599  29.02570699 
  7.550000e-01  -2365.19014599  29.02570682 
  7.575000e-01  -2365.19014599  29.02570665 
  7.600000e-01  -2365.19014599  29.02570649 
  7.625000e-01  -2365.19014599  29.02570632 
  7.650000e-01  -2365.19014599  29.02570616 
  7.675000e-01  -2365.19014599  29.02570600 
  7.700000e-01  -2365.19014599  29.02570585 
  7.725000e-01  -2365.19014599  29.02570569 
  7.750000e-01  -2365.19014599  29.02570554 
  7.775000e-01  -2365.19014599  29.02570538 
  7.800000e-01  -2365.19014599  29.02570523 
  7.825000e-01  -2365.19014599  29.02570508 
  7.850000e-01  -2365.19014599  29.02570494 
  7.875000e-01  -2365.19014599  29.02570479 
  7.900000e-01  -2365.19014599  29.02570465 
  7.925000e-01  -2365.19014599  29.02570450 
  7.950000e-01  -2365.19014599  29.02570436 
  7.975000e-01  -2365.19014599  29.02570422 
  8.000000e-01  -2365.19014599  29.02570409 
  8.025000e-01  -2365.19014599  29.02570395 
  8.050000e-01  -2365.19014599  29.02570382 
  8.075000e-01  -2365.19014599  29.02570368 
  8.100000e-01  -2365.19014599  29.02570355 
  8.125000e-01  -2365.19014599  29.02570342 
  8.150000e-01  -2365.19014599  29.02570330 
  8.175000e-01  -2365.19014599  29.02570317 
  8.200000e-01  -2365.19014599  29.02570305 
  8.225000e-01  -2365.19014599  29.02570292 
  8.250000e-01  -2365.19014599  29.02570280 
  8.275000e-01  -2365.19014599  29.02570268 
  8.300000e-01  -2365.19014599  29.02570256 
  8.325000e-01  -2365.19014599  29.02570245 
  8.350000e-01  -2365.19014599  29.02570233 
  8.375000e-01  -2365.19014599  29.02570222 
  8.400000e-01  -2365.19014599  29.02570210 
  8.425000e-01  -2365.19014599  29.02570199 
  8.450000e-01  -2365.19014599  29.02570188 
  8.475000e-01  -2365.19014599  29.02570177 
  8.500000e-01  -2365.19014599  29.02570167 
  8.525000e-01  -2365.19014599  29.02570156 
  8.550000e-01  -2365.19014599  29.02570146 
  8.575000e-01  -2365.19014599  29.02570136 
  8.600000e-01  -2365.19014599  29.02570125 
  8.625000e-01  -2365.19014599  29.02570115 
  8.650000e-01  -2365.19014599  29.02570106 
  8.675000e-01  -2365.19014599  29.02570096 
  8.700000e-01  -2365.19014599  29.02570086 
  8.725000e-01  -2365.19014599  29.02570077 
  8.750000e-01  -2365.19014599  29.02570068 
  8.775000e-01  -2365.19014599  29.02570058 
  8.800000e-01  -2365.19014599  29.02570049 
  8.825000e-01  -2365.19014599  29.02570041 
  8.850000e-01  -2365.19014599  29.02570032 
  8.875000e-01  -2365.19014599  29.02570023 
  8.900000e-01  -2365.19014599  29.02570015 
  8.925000e-01  -2365.19014599  29.02570007 
  8.950000e-01  -2365.19014599  29.02569998 
  8.975000e-01  -2365.19014599  29.02569990 
  9.000000e-01  -2365.19014599  29.02569982 
  9.025000e-01  -2365.19014599  29.02569975 
  9.050000e-01  -2365.19014599  29.02569967 
  9.075000e-01  -2365.19014599  29.02569959 
  9.100000e-01  -2365.19014599  29.02569952 
  9.125000e-01  -2365.19014599  29.02569945 
  9.150000e-01  -2365.19014599  29.02569938 
  9.175000e-01  -2365.19014599  29.02569931 
  9.200000e-01  -2365.19014599  29.02569924 
  9.225000e-01  -2365.19014599  29.02569917 
  9.250000e-01  -2365.19014599  29.02569910 
  9.275000e-01  -2365.19014599  29.02569904 
  9.300000e-01  -2365.19014599  29.02569897 
  9.325000e-01  -2365.19014599  29.02569891 
  9.350000e-01  -2365.19014599  29.02569885 
  9.375000e-01  -2365.19014599  29.02569878 
  9.400000e-01  -2365.19014599  29.02569872 
  9.425000e-01  -2365.19014599  29.02569866 
  9.450000e-01  -2365.19014599  29.02569861 
  9.475000e-01  -2365.19014599  29.02569855 
  9.500000e-01  -2365.19014599  29.02569849 
  9.525000e-01  -2365.19014599  29.02569844 
  9.550000e-01  -2365.19014599  29.02569838 
  9.575000e-01  -2365.19014599  29.02569833 
  9.600000e-01  -2365.19014599  29.02569828 
  9.625000e-01  -2365.19014599  29.02569823 
  9.650000e-01  -2365.19014599  29.02569817 
  9.675000e-01  -2365.19014599  29.02569812 
  9.700000e-01  -2365.19014599  29.02569808 
  9.725000e-01  -2365.19014599  29.02569803 
  9.750000e-01  -2365.19014599  29.02569798 
  9.775000e-01  -2365.19014599  29.02569793 
  9.800000e-01  -2365.19014599  29.02569789 
  9.825000e-01  -2365.19014599  29.02569784 
  9.850000e-01  -2365.19014599  29.02569780 
  9.875000e-01  -2365.19014599  29.02569775 
  9.900000e-01  -2365.19014599  29.02569771 
  9.925000e-01  -2365.19014599  29.02569767 
  9.950000e-01  -2365.19014599  29.02569763 
  9.975000e-01  -2365.19014599  29.02569758 
  1.000000e+00  -2365.19014599  29.02569754 
  1.002500e+00  -2365.19014599  29.02569750 
  1.005000e+00  -2365.19014599  29.02569746 
  1.007500e+00  -2365.19014599  29.02569743 
  1.010000e+00  -2365.19014599  29.02569739 
  1.012500e+00  -2365.19014599  29.02569735 
  1.015000e+00  -2365.19014599  29.02569731 
  1.017500e+00  -2365.19014599  29.02569728 
  1.020000e+00  -2365.19014599  29.02569724 
  1.022500e+00  -2365.19014599  29.02569721 
  1.025000e+00  -2365.19014599  29.02569717 
  1.027500e+00  -2365.19014599  29.02569714 
  1.030000e+00  -2365.19014599  29.02569711 
  1.032500e+00  -2365.19014599  29.02569708 
  1.035000e+00  -2365.19014599  29.02569704 
  1.037500e+00  -2365.19014599  29.02569701 
  1.040000e+00  -2365.19014599  29.02569698 
  1.042500e+00  -2365.19014599  29.02569695 
  1.045000e+00  -2365.19014599  29.02569692 
  1.047500e+00  -2365.19014599  29.02569689 
  1.050000e+00  -2365.19014599  29.02569687 
  1.052500e+00  -2365.19014599  29.02569684 
  1.055000e+00  -2365.19014599  29.02569681 
  1.057500e+00  -2365.19014599  29.02569678 
  1.060000e+00  -2365.19014599  29.02569676 
  1.062500e+00  -2365.19014599  29.02569673 
  1.065000e+00  -2365.19014599  29.02569671 
  1.067500e+00  -2365.19014599  29.02569668 
  1.070000e+00  -2365.19014599  29.02569666 
  1.072500e+00  -2365.19014599  29.02569663 
  1.075000e+00  -2365.19014599  29.02569661 
  1.077500e+00  -2365.19014599  29.02569659 
  1.080000e+00  -2365.19014599  29.02569656 
  1.082500e+00  -2365.19014599  29.02569654 
  1.085000e+00  -2365.19014599  29.02569652 
  1.087500e+00  -2365.19014599  29.02569650 
  1.090000e+00  -2365.19014599  29.02569648 
  1.092500e+00  -2365.19014599  29.02569646 
  1.095000e+00  -2365.19014599  29.02569644 
  1.097500e+00  -2365.19014599  29.02569642 
  1.100000e+00  -2365.19014599  29.02569640 
  1.102500e+00  -2365.19014599  29.02569638 
  1.105000e+00  -2365.19014599  29.02569636 
  1.107500e+00  -2365.19014599  29.02569634 
  1.110000e+00  -2365.19014599  29.02569633 
  1.112500e+00  -2365.19014599  29.02569631 
  1.115000e+00  -2365.19014599  29.02569629 
  1.117500e+00  -2365.19014599  29.02569628 
  1.120000e+00  -2365.19014599  29.02569626 
  1.122500e+00  -2365.19014599  29.02569624 
  1.125000e+00  -2365.19014599  29.02569623 
  1.127500e+00  -2365.19014599  29.02569621 
  1.130000e+00  -2365.19014599  29.02569620 
  1.132500e+00  -2365.19014599  29.02569618 
  1.135000e+00  -2365.19014599  29.02569617 
  1.137500e+00  -2365.19014599  29.02569616 
  1.140000e+00  -2365.19014599  29.02569614 
  1.142500e+00  -2365.19014599  29.02569613 
  1.145000e+00  -2365.19014599  29.02569611 
  1.147500e+00  -2365.19014599  29.02569610 
  1.150000e+00  -2365.19014599  29.02569609 
  1.152500e+00  -2365.19014599  29.02569608 
  1.155000e+00  -2365.19014599  29.02569607 
  1.157500e+00  -2365.19014599  29.02569605 
  1.160000e+00  -2365.19014599  29.02569604 
  1.162500e+00  -2365.19014599  29.02569603 
  1.165000e+00  -2365.19014599  29.02569602 
  1.167500e+00  -2365.19014599  29.02569601 
  1.170000e+00  -2365.19014599  29.02569600 
  1.172500e+00  -2365.19014599  29.02569599 
  1.175000e+00  -2365.19014599  29.02569598 
  1.177500e+00  -2365.19014599  29.02569597 
  1.180000e+00  -2365.19014599  29.02569596 
  1.182500e+00  -2365.19014599  29.02569595 
  1.185000e+00  -2365.19014599  29.02569594 
  1.187500e+00  -2365.19014599  29.02569593 
  1.190000e+00  -2365.19014599  29.02569592 
  1.192500e+00  -2365.19014599  29.02569591 
  1.195000e+00  -2365.19014599  29.02569591 
  1.197500e+00  -2365.19014599  29.02569590 
  1.200000e+00  -2365.19014599  29.02569589 
  1.202500e+00  -2365.19014599  29.02569588 
  1.205000e+00  -2365.19014599  29.02569587 
  1.207500e+00  -2365.19014599  29.02569587 
  1.210000e+00  -2365.19014599  29.02569586 
  1.212500e+00  -2365.19014599  29.02569585 
  1.215000e+00  -2365.19014599  29.02569585 
  1.217500e+00  -2365.19014599  29.02569584 
  1.220000e+00  -2365.19014599  29.02569583 
  1.222500e+00  -2365.19014599  29.02569583 
  1.225000e+00  -2365.19014599  29.02569582 
  1.227500e+00  -2365.19014599  29.02569581 
  1.230000e+00  -2365.19014599  29.02569581 
  1.232500e+00  -2365.19014599  29.02569580 
  1.235000e+00  -2365.19014599  29.02569580 
  1.237500e+00  -2365.19014599  29.02569579 
  1.240000e+00  -2365.19014599  29.02569579 
  1.242500e+00  -2365.19014599  29.02569578 
  1.245000e+00  -2365.19014599  29.02569578 
  1.247500e+00  -2365.19014599  29.02569577 
  1.250000e+00  -2365.19014599  29.02569577 
  1.252500e+00  -2365.19014599  29.02569576 
  1.255000e+00  -2365.19014599  29.02569576 
  1.257500e+00  -2365.19014599  29.02569575 
  1.260000e+00  -2365.19014599  29.02569575 
  1.262500e+00  -2365.19014599  29.02569575 
  1.265000e+00  -2365.19014599  29.02569574 
  1.267500e+00  -2365.19014599  29.02569574 
  1.270000e+00  -2365.19014599  29.02569573 
  1.272500e+00  -2365.19014599  29.02569573 
  1.275000e+00  -2365.19014599  29.02569573 
  1.277500e+00  -2365.19014599  29.02569572 
  1.280000e+00  -2365.19014599  29.02569572 
  1.282500e+00  -2365.19014599  29.02569572 
  1.285000e+00  -2365.19014599  29.02569571 
  1.287500e+00  -2365.19014599  29.02569571 
  1.290000e+00  -2365.19014599  29.02569571 
  1.292500e+00  -2365.19014599  29.02569571 
  1.295000e+00  -2365.19014599  29.02569570 
  1.297500e+00  -2365.19014599  29.02569570 
  1.300000e+00  -2365.19014599  29.02569570 
  1.302500e+00  -2365.19014599  29.02569570 
  1.305000e+00  -2365.19014599  29.02569569 
  1.307500e+00  -2365.19014599  29.02569569 
  1.310000e+00  -2365.19014599  29.02569569 
  1.312500e+00  -2365.19014599  29.02569569 
  1.315000e+00  -2365.19014599  29.02569569 
  1.317500e+00  -2365.19014599  29.02569569 
  1.320000e+00  -2365.19014599  29.02569568 
  1.322500e+00  -2365.19014599  29.02569568 
  1.325000e+00  -2365.19014599  29.02569568 
  1.327500e+00  -2365.19014599  29.02569568 
  1.330000e+00  -2365.19014599  29.02569568 
  1.332500e+00  -2365.19014599  29.02569568 
  1.335000e+00  -2365.19014599  29.02569568 
  1.337500e+00  -2365.19014599  29.02569567 
  1.340000e+00  -2365.19014599  29.02569567 
  1.342500e+00  -2365.19014599  29.02569567 
  1.345000e+00  -2365.19014599  29.02569567 
  1.347500e+00  -2365.19014599  29.02569567 
  1.350000e+00  -2365.19014599  29.02569567 
  1.352500e+00  -2365.19014599  29.02569567 
  1.355000e+00  -2365.19014599  29.02569567 
  1.357500e+00  -2365.19014599  29.02569567 
  1.360000e+00  -2365.19014599  29.02569567 
  1.362500e+00  -2365.19014599  29.02569567 
  1.365000e+00  -2365.19014599  29.02569567 
  1.367500e+00  -2365.19014599  29.02569566 
  1.370000e+00  -2365.19014599  29.02569566 
  1.372500e+00  -2365.19014599  29.02569566 
  1.375000e+00  -2365.19014599  29.02569566 
  1.377500e+00  -2365.19014599  29.02569566 
  1.380000e+00  -2365.19014599  29.02569566 
  1.382500e+00  -2365.19014599  29.02569566 
  1.385000e+00  -2365.19014599  29.02569566 
  1.387500e+00  -2365.19014599  29.02569566 
  1.390000e+00  -2365.19014599  29.02569566 
  1.392500e+00  -2365.19014599  29.02569566 
  1.395000e+00  -2365.19014599  29.02569566 
  1.397500e+00  -2365.19014599  29.02569566 
  1.400000e+00  -2365.19014599  29.02569566 
  1.402500e+00  -2365.19014599  29.02569566 
  1.405000e+00  -2365.19014599  29.02569566 
  1.407500e+00  -2365.19014599  29.02569566 
  1.410000e+00  -2365.19014599  29.02569566 
  1.412500e+00  -2365.19014599  29.02569566 
  1.415000e+00  -2365.19014599  29.02569566 
  1.417500e+00  -2365.19014599  29.02569566 
  1.420000e+00  -2365.19014599  29.02569566 
  1.422500e+00  -2365.19014599  29.02569566 
  1.425000e+00  -2365.19014599  29.02569567 
  1.427500e+00  -2365.19014599  29.02569567 
  1.430000e+00  -2365.19014599  29.02569567 
  1.432500e+00  -2365.19014599  29.02569567 
  1.435000e+00  -2365.19014599  29.02569567 
  1.437500e+00  -2365.19014599  29.02569567 
  1.440000e+00  -2365.19014599  29.02569567 
  1.442500e+00  -2365.19014599  29.02569567 
  1.445000e+00  -2365.19014599  29.02569567 
  1.447500e+00  -2365.19014599  29.02569567 
  1.450000e+00  -2365.19014599  29.02569567 
  1.452500e+00  -2365.19014599  29.02569567 
  1.455000e+00  -2365.19014599  29.02569567 
  1.457500e+00  -2365.19014599  29.02569567 
  1.460000e+00  -2365.19014599  29.02569568 
  1.462500e+00  -2365.19014599  29.02569568 
  1.465000e+00  -2365.19014599  29.02569568 
  1.467500e+00  -2365.19014599  29.02569568 
  1.470000e+00  -2365.19014599  29.02569568 
  1.472500e+00  -2365.19014599  29.02569568 
  1.475000e+00  -2365.19014599  29.02569568 
  1.477500e+00  -2365.19014599  29.02569568 
  1.480000e+00  -2365.19014599  29.02569568 
  1.482500e+00  -2365.19014599  29.02569568 
  1.485000e+00  -2365.19014599  29.02569569 
  1.487500e+00  -2365.19014599  29.02569569 
  1.490000e+00  -2365.19014599  29.02569569 
  1.492500e+00  -2365.19014599  29.02569569 
  1.495000e+00  -2365.19014599  29.02569569 
  1.497500e+00  -2365.19014599  29.02569569 
  1.500000e+00  -2365.19014599  29.02569569 
  1.502500e+00  -2365.19014599  29.02569569 
  1.505000e+00  -2365.19014599  29.02569570 
  1.507500e+00  -2365.19014599  29.02569570 
  1.510000e+00  -2365.19014599  29.02569570 
  1.512500e+00  -2365.19014599  29.02569570 
  1.515000e+00  -2365.19014599  29.02569570 
  1.517500e+00  -2365.19014599  29.02569570 
  1.520000e+00  -2365.19014599  29.02569571 
  1.522500e+00  -2365.19014599  29.02569571 
  1.525000e+00  -2365.19014599  29.02569571 
  1.527500e+00  -2365.19014599  29.02569571 
  1.530000e+00  -2365.19014599  29.02569571 
  1.532500e+00  -2365.19014599  29.02569571 
  1.535000e+00  -2365.19014599  29.02569572 
  1.537500e+00  -2365.19014599  29.02569572 
  1.540000e+00  -2365.19014599  29.02569572 
  1.542500e+00  -2365.19014599  29.02569572 
  1.545000e+00  -2365.19014599  29.02569572 
  1.547500e+00  -2365.19014599  29.02569572 
  1.550000e+00  -2365.19014599  29.02569573 
  1.552500e+00  -2365.19014599  29.02569573 
  1.555000e+00  -2365.19014599  29.02569573 
  1.557500e+00  -2365.19014599  29.02569573 
  1.560000e+00  -2365.19014599  29.02569573 
  1.562500e+00  -2365.19014599  29.02569574 
  1.565000e+00  -2365.19014599  29.02569574 
  1.567500e+00  -2365.19014599  29.02569574 
  1.570000e+00  -2365.19014599  29.02569574 
  1.572500e+00  -2365.19014599  29.02569574 
  1.575000e+00  -2365.19014599  29.02569575 
  1.577500e+00  -2365.19014599  29.02569575 
  1.580000e+00  -2365.19014599  29.02569575 
  1.582500e+00  -2365.19014599  29.02569575 
  1.585000e+00  -2365.19014599  29.02569575 
  1.587500e+00  -2365.19014599  29.02569576 
  1.590000e+00  -2365.19014599  29.02569576 
  1.592500e+00  -2365.19014599  29.02569576 
  1.595000e+00  -2365.19014599  29.02569576 
  1.597500e+00  -2365.19014599  29.02569577 
  1.600000e+00  -2365.19014599  29.02569577 
  1.602500e+00  -2365.19014599  29.02569577 
  1.605000e+00  -2365.19014599  29.02569577 
  1.607500e+00  -2365.19014599  29.02569578 
  1.610000e+00  -2365.19014599  29.02569578 
  1.612500e+00  -2365.19014599  29.02569578 
  1.615000e+00  -2365.19014599  29.02569578 
  1.617500e+00  -2365.19014599  29.02569578 
  1.620000e+00  -2365.19014599  29.02569579 
  1.622500e+00  -2365.19014599  29.02569579 
  1.625000e+00  -2365.19014599  29.02569579 
  1.627500e+00  -2365.19014599  29.02569579 
  1.630000e+00  -2365.19014599  29.02569580 
  1.632500e+00  -2365.19014599  29.02569580 
  1.635000e+00  -2365.19014599  29.02569580 
  1.637500e+00  -2365.19014599  29.02569580 
  1.640000e+00  -2365.19014599  29.02569581 
  1.642500e+00  -2365.19014599  29.02569581 
  1.645000e+00  -2365.19014599  29.02569581 
  1.647500e+00  -2365.19014599  29.02569581 
  1.650000e+00  -2365.19014599  29.02569582 
  1.652500e+00  -2365.19014599  29.02569582 
  1.655000e+00  -2365.19014599  29.02569582 
  1.657500e+00  -2365.19014599  29.02569583 
  1.660000e+00  -2365.19014599  29.02569583 
  1.662500e+00  -2365.19014599  29.02569583 
  1.665000e+00  -2365.19014599  29.02569583 
  1.667500e+00  -2365.19014599  29.02569584 
  1.670000e+00  -2365.19014599  29.02569584 
  1.672500e+00  -2365.19014599  29.02569584 
  1.675000e+00  -2365.19014599  29.02569584 
  1.677500e+00  -2365.19014599  29.02569585 
  1.680000e+00  -2365.19014599  29.02569585 
  1.682500e+00  -2365.19014599  29.02569585 
  1.685000e+00  -2365.19014599  29.02569585 
  1.687500e+00  -2365.19014599  29.02569586 
  1.690000e+00  -2365.19014599  29.02569586 
  1.692500e+00  -2365.19014599  29.02569586 
  1.695000e+00  -2365.19014599  29.02569587 
  1.697500e+00  -2365.19014599  29.02569587 
  1.700000e+00  -2365.19014599  29.02569587 
  1.702500e+00  -2365.19014599  29.02569587 
  1.705000e+00  -2365.19014599  29.02569588 
  1.707500e+00  -2365.19014599  29.02569588 
  1.710000e+00  -2365.19014599  29.02569588 
  1.712500e+00  -2365.19014599  29.02569588 
  1.715000e+00  -2365.19014599  29.02569589 
  1.717500e+00  -2365.19014599  29.02569589 
  1.720000e+00  -2365.19014599  29.02569589 
  1.722500e+00  -2365.19014599  29.02569590 
  1.725000e+00  -2365.19014599  29.02569590 
  1.727500e+00  -2365.19014599  29.02569590 
  1.730000e+00  -2365.19014599  29.02569590 
  1.732500e+00  -2365.19014599  29.02569591 
  1.735000e+00  -2365.19014599  29.02569591 
  1.737500e+00  -2365.19014599  29.02569591 
  1.740000e+00  -2365.19014599  29.02569592 
  1.742500e+00  -2365.19014599  29.02569592 
  1.745000e+00  -2365.19014599  29.02569592 
  1.747500e+00  -2365.19014599  29.02569592 
  1.750000e+00  -2365.19014599  29.02569593 
  1.752500e+00  -2365.19014599  29.02569593 
  1.755000e+00  -2365.19014599  29.02569593 
  1.757500e+00  -2365.19014599  29.02569593 
  1.760000e+00  -2365.19014599  29.02569594 
  1.762500e+00  -2365.19014599  29.02569594 
  1.765000e+00  -2365.19014599  29.02569594 
  1.767500e+00  -2365.19014599  29.02569595 
  1.770000e+00  -2365.19014599  29.02569595 
  1.772500e+00  -2365.19014599  29.02569595 
  1.775000e+00  -2365.19014599  29.02569595 
  1.777500e+00  -2365.19014599  29.02569596 
  1.780000e+00  -2365.19014599  29.02569596 
  1.782500e+00  -2365.19014599  29.02569596 
  1.785000e+00  -2365.19014599  29.02569596 
  1.787500e+00  -2365.19014599  29.02569597 
  1.790000e+00  -2365.19014599  29.02569597 
  1.792500e+00  -2365.19014599  29.02569597 
  1.795000e+00  -2365.19014599  29.02569598 
  1.797500e+00  -2365.19014599  29.02569598 
  1.800000e+00  -2365.19014599  29.02569598 
  1.802500e+00  -2365.19014599  29.02569598 
  1.805000e+00  -2365.19014599  29.02569599 
  1.807500e+00  -2365.19014599  29.02569599 
  1.810000e+00  -2365.19014599  29.02569599 
  1.812500e+00  -2365.19014599  29.02569599 
  1.815000e+00  -2365.19014599  29.02569600 
  1.817500e+00  -2365.19014599  29.02569600 
  1.820000e+00  -2365.19014599  29.02569600 
  1.822500e+00  -2365.19014599  29.02569601 
  1.825000e+00  -2365.19014599  29.02569601 
  1.827500e+00  -2365.19014599  29.02569601 
  1.830000e+00  -2365.19014599  29.02569601 
  1.832500e+00  -2365.19014599  29.02569602 
  1.835000e+00  -2365.19014599  29.02569602 
  1.837500e+00  -2365.19014599  29.02569602 
  1.840000e+00  -2365.19014599  29.02569602 
  1.842500e+00  -2365.19014599  29.02569603 
  1.845000e+00  -2365.19014599  29.02569603 
  1.847500e+00  -2365.19014599  29.02569603 
  1.850000e+00  -2365.19014599  29.02569603 
  1.852500e+00  -2365.19014599  29.02569604 
  1.855000e+00  -2365.19014599  29.02569604 
  1.857500e+00  -2365.19014599  29.02569604 
  1.860000e+00  -2365.19014599  29.02569604 
  1.862500e+00  -2365.19014599  29.02569605 
  1.865000e+00  -2365.19014599  29.02569605 
  1.867500e+00  -2365.19014599  29.02569605 
  1.870000e+00  -2365.19014599  29.02569605 
  1.872500e+00  -2365.19014599  29.02569606 
  1.875000e+00  -2365.19014599  29.02569606 
  1.877500e+00  -2365.19014599  29.02569606 
  1.880000e+00  -2365.19014599  29.02569606 
  1.882500e+00  -2365.19014599  29.02569607 
  1.885000e+00  -2365.19014599  29.02569607 
  1.887500e+00  -2365.19014599  29.02569607 
  1.890000e+00  -2365.19014599  29.02569607 
  1.892500e+00  -2365.19014599  29.02569608 
  1.895000e+00  -2365.19014599  29.02569608 
  1.897500e+00  -2365.19014599  29.02569608 
  1.900000e+00  -2365.19014599  29.02569608 
  1.902500e+00  -2365.19014599  29.02569609 
  1.905000e+00  -2365.19014599  29.02569609 
  1.907500e+00  -2365.19014599  29.02569609 
  1.910000e+00  -2365.19014599  29.02569609 
  1.912500e+00  -2365.19014599  29.02569610 
  1.915000e+00  -2365.19014599  29.02569610 
  1.917500e+00  -2365.19014599  29.02569610 
  1.920000e+00  -2365.19014599  29.02569610 
  1.922500e+00  -2365.19014599  29.02569611 
  1.925000e+00  -2365.19014599  29.02569611 
  1.927500e+00  -2365.19014599  29.02569611 
  1.930000e+00  -2365.19014599  29.02569611 
  1.932500e+00  -2365.19014599  29.02569612 
  1.935000e+00  -2365.19014599  29.02569612 
  1.937500e+00  -2365.19014599  29.02569612 
  1.940000e+00  -2365.19014599  29.02569612 
  1.942500e+00  -2365.19014599  29.02569612 
  1.945000e+00  -2365.19014599  29.02569613 
  1.947500e+00  -2365.19014599  29.02569613 
  1.950000e+00  -2365.19014599  29.02569613 
  1.952500e+00  -2365.19014599  29.02569613 
  1.955000e+00  -2365.19014599  29.02569614 
  1.957500e+00  -2365.19014599  29.02569614 
  1.960000e+00  -2365.19014599  29.02569614 
  1.962500e+00  -2365.19014599  29.02569614 
  1.965000e+00  -2365.19014599  29.02569615 
  1.967500e+00  -2365.19014599  29.02569615 
  1.970000e+00  -2365.19014599  29.02569615 
  1.972500e+00  -2365.19014599  29.02569615 
  1.975000e+00  -2365.19014599  29.02569615 
  1.977500e+00  -2365.19014599  29.02569616 
  1.980000e+00  -2365.19014599  29.02569616 
  1.982500e+00  -2365.19014599  29.02569616 
  1.985000e+00  -2365.19014599  29.02569616 
  1.987500e+00  -2365.19014599  29.02569617 
  1.990000e+00  -2365.19014599  29.02569617 
  1.992500e+00  -2365.19014599  29.02569617 
  1.995000e+00  -2365.19014599  29.02569617 
  1.997500e+00  -2365.19014599  29.02569617 
  2.000000e+00  -2365.19014599  29.02569618 
