  2.500000e-03  -2365.19014599  29.02374533 
  3.750000e-03  -2365.19014599  29.02384561 
  5.000000e-03  -2365.19014599  29.02391513 
  6.250000e-03  -2365.19014599  29.02397449 
  7.500000e-03  -2365.19014599  29.02402708 
  8.750000e-03  -2365.19014599  29.02407185 
  1.000000e-02  -2365.19014599  29.02410873 
  1.125000e-02  -2365.19014599  29.02414009 
  1.250000e-02  -2365.19014599  29.02416974 
  1.375000e-02  -2365.19014599  29.02420126 
  1.500000e-02  -2365.19014599  29.02423686 
  1.625000e-02  -2365.19014599  29.02427728 
  1.750000e-02  -2365.19014599  29.02432221 
  1.875000e-02  -2365.19014599  29.02437061 
  2.000000e-02  -2365.19014599  29.02442086 
  2.125000e-02  -2365.19014599  29.02447082 
  2.250000e-02  -2365.19014599  29.02451780 
  2.375000e-02  -2365.19014599  29.02455880 
  2.500000e-02  -2365.19014599  29.02459095 
  2.625000e-02  -2365.19014599  29.02461208 
  2.750000e-02  -2365.19014599  29.02462129 
  2.875000e-02  -2365.19014599  29.02461924 
  3.000000e-02  -2365.19014599  29.02460801 
  3.125000e-02  -2365.19014599  29.02459059 
  3.250000e-02  -2365.19014599  29.02457014 
  3.375000e-02  -2365.19014599  29.02454938 
  3.500000e-02  -2365.19014599  29.02453021 
  3.625000e-02  -2365.19014599  29.02451366 
  3.750000e-02  -2365.19014599  29.02450000 
  3.875000e-02  -2365.19014599  29.02448907 
  4.000000e-02  -2365.19014599  29.02448045 
  4.125000e-02  -2365.19014599  29.02447364 
  4.250000e-02  -2365.19014599  29.02446820 
  4.375000e-02  -2365.19014599  29.02446374 
  4.500000e-02  -2365.19014599  29.02445999 
  4.625000e-02  -2365.19014599  29.02445674 
  4.750000e-02  -2365.19014599  29.02445387 
  4.875000e-02  -2365.19014599  29.02445130 
  5.000000e-02  -2365.19014599  29.02444901 
  5.125000e-02  -2365.19014599  29.02444696 
  5.250000e-02  -2365.19014599  29.02444515 
  5.375000e-02  -2365.19014599  29.02444357 
  5.500000e-02  -2365.19014599  29.02444219 
  5.625000e-02  -2365.19014599  29.02444100 
  5.750000e-02  -2365.19014599  29.02443996 
  5.875000e-02  -2365.19014599  29.02443907 
  6.000000e-02  -2365.19014599  29.02443830 
  6.125000e-02  -2365.19014599  29.02443762 
  6.250000e-02  -2365.19014599  29.02443703 
  6.375000e-02  -2365.19014599  29.02443651 
  6.500000e-02  -2365.19014599  29.02443605 
  6.625000e-02  -2365.19014599  29.02443564 
  6.750000e-02  -2365.19014599  29.02443528 
  6.875000e-02  -2365.19014599  29.02443496 
  7.000000e-02  -2365.19014599  29.02443468 
  7.125000e-02  -2365.19014599  29.02443444 
  7.250000e-02  -2365.19014599  29.02443422 
  7.375000e-02  -2365.19014599  29.02443404 
  7.500000e-02  -2365.19014599  29.02443388 
  7.625000e-02  -2365.19014599  29.02443374 
  7.750000e-02  -2365.19014599  29.02443362 
  7.875000e-02  -2365.19014599  29.02443352 
  8.000000e-02  -2365.19014599  29.02443344 
  8.125000e-02  -2365.19014599  29.02443337 
  8.250000e-02  -2365.19014599  29.02443331 
  8.375000e-02  -2365.19014599  29.02443328 
  8.500000e-02  -2365.19014599  29.02443325 
  8.625000e-02  -2365.19014599  29.02443324 
  8.750000e-02  -2365.19014599  29.02443325 
  8.875000e-02  -2365.19014599  29.02443327 
  9.000000e-02  -2365.19014599  29.02443330 
  9.125000e-02  -2365.19014599  29.02443336 
  9.250000e-02  -2365.19014599  29.02443343 
  9.375000e-02  -2365.19014599  29.02443353 
  9.500000e-02  -2365.19014599  29.02443365 
  9.625000e-02  -2365.19014599  29.02443379 
  9.750000e-02  -2365.19014599  29.02443397 
  9.875000e-02  -2365.19014599  29.02443418 
  1.000000e-01  -2365.19014599  29.02443442 
  1.012500e-01  -2365.19014599  29.02443471 
  1.025000e-01  -2365.19014599  29.02443505 
  1.037500e-01  -2365.19014599  29.02443545 
  1.050000e-01  -2365.19014599  29.02443591 
  1.062500e-01  -2365.19014599  29.02443645 
  1.075000e-01  -2365.19014599  29.02443707 
  1.087500e-01  -2365.19014599  29.02443779 
  1.100000e-01  -2365.19014599  29.02443863 
  1.112500e-01  -2365.19014599  29.02443961 
  1.125000e-01  -2365.19014599  29.02444074 
  1.137500e-01  -2365.19014599  29.02444206 
  1.150000e-01  -2365.19014599  29.02444359 
  1.162500e-01  -2365.19014599  29.02444538 
  1.175000e-01  -2365.19014599  29.02444747 
  1.187500e-01  -2365.19014599  29.02444991 
  1.200000e-01  -2365.19014599  29.02445275 
  1.212500e-01  -2365.19014599  29.02445608 
  1.225000e-01  -2365.19014599  29.02445997 
  1.237500e-01  -2365.19014599  29.02446449 
  1.250000e-01  -2365.19014599  29.02446975 
  1.262500e-01  -2365.19014599  29.02447583 
  1.275000e-01  -2365.19014599  29.02448282 
  1.287500e-01  -2365.19014599  29.02449078 
  1.300000e-01  -2365.19014599  29.02449973 
  1.312500e-01  -2365.19014599  29.02450966 
  1.325000e-01  -2365.19014599  29.02452044 
  1.337500e-01  -2365.19014599  29.02453189 
  1.350000e-01  -2365.19014599  29.02454368 
  1.362500e-01  -2365.19014599  29.02455539 
  1.375000e-01  -2365.19014599  29.02456650 
  1.387500e-01  -2365.19014599  29.02457648 
  1.400000e-01  -2365.19014599  29.02458486 
  1.412500e-01  -2365.19014599  29.02459128 
  1.425000e-01  -2365.19014599  29.02459559 
  1.437500e-01  -2365.19014599  29.02459787 
  1.450000e-01  -2365.19014599  29.02459840 
  1.462500e-01  -2365.19014599  29.02459761 
  1.475000e-01  -2365.19014599  29.02459601 
  1.487500e-01  -2365.19014599  29.02459408 
  1.500000e-01  -2365.19014599  29.02459225 
  1.512500e-01  -2365.19014599  29.02459088 
  1.525000e-01  -2365.19014599  29.02459021 
  1.537500e-01  -2365.19014599  29.02459043 
  1.550000e-01  -2365.19014599  29.02459167 
  1.562500e-01  -2365.19014599  29.02459404 
  1.575000e-01  -2365.19014599  29.02459761 
  1.587500e-01  -2365.19014599  29.02460246 
  1.600000e-01  -2365.19014599  29.02460867 
  1.612500e-01  -2365.19014599  29.02461633 
  1.625000e-01  -2365.19014599  29.02462550 
  1.637500e-01  -2365.19014599  29.02463622 
  1.650000e-01  -2365.19014599  29.02464849 
  1.662500e-01  -2365.19014599  29.02466225 
  1.675000e-01  -2365.19014599  29.02467733 
  1.687500e-01  -2365.19014599  29.02469345 
  1.700000e-01  -2365.19014599  29.02471018 
  1.712500e-01  -2365.19014599  29.02472698 
  1.725000e-01  -2365.19014599  29.02474319 
  1.737500e-01  -2365.19014599  29.02475811 
  1.750000e-01  -2365.19014599  29.02477109 
  1.762500e-01  -2365.19014599  29.02478159 
  1.775000e-01  -2365.19014599  29.02478929 
  1.787500e-01  -2365.19014599  29.02479412 
  1.800000e-01  -2365.19014599  29.02479626 
  1.812500e-01  -2365.19014599  29.02479610 
  1.825000e-01  -2365.19014599  29.02479415 
  1.837500e-01  -2365.19014599  29.02479096 
  1.850000e-01  -2365.19014599  29.02478704 
  1.862500e-01  -2365.19014599  29.02478282 
  1.875000e-01  -2365.19014599  29.02477861 
  1.887500e-01  -2365.19014599  29.02477463 
  1.900000e-01  -2365.19014599  29.02477099 
  1.912500e-01  -2365.19014599  29.02476774 
  1.925000e-01  -2365.19014599  29.02476490 
  1.937500e-01  -2365.19014599  29.02476243 
  1.950000e-01  -2365.19014599  29.02476031 
  1.962500e-01  -2365.19014599  29.02475849 
  1.975000e-01  -2365.19014599  29.02475694 
  1.987500e-01  -2365.19014599  29.02475562 
  2.000000e-01  -2365.19014599  29.02475449 
  2.012500e-01  -2365.19014599  29.02475353 
  2.025000e-01  -2365.19014599  29.02475272 
  2.037500e-01  -2365.19014599  29.02475203 
  2.050000e-01  -2365.19014599  29.02475146 
  2.062500e-01  -2365.19014599  29.02475097 
  2.075000e-01  -2365.19014599  29.02475058 
  2.087500e-01  -2365.19014599  29.02475026 
  2.100000e-01  -2365.19014599  29.02475000 
  2.112500e-01  -2365.19014599  29.02474980 
  2.125000e-01  -2365.19014599  29.02474966 
  2.137500e-01  -2365.19014599  29.02474956 
  2.150000e-01  -2365.19014599  29.02474951 
  2.162500e-01  -2365.19014599  29.02474950 
  2.175000e-01  -2365.19014599  29.02474952 
  2.187500e-01  -2365.19014599  29.02474958 
  2.200000e-01  -2365.19014599  29.02474966 
  2.212500e-01  -2365.19014599  29.02474978 
  2.225000e-01  -2365.19014599  29.02474992 
  2.237500e-01  -2365.19014599  29.02475008 
  2.250000e-01  -2365.19014599  29.02475026 
  2.262500e-01  -2365.19014599  29.02475047 
  2.275000e-01  -2365.19014599  29.02475070 
  2.287500e-01  -2365.19014599  29.02475094 
  2.300000e-01  -2365.19014599  29.02475120 
  2.312500e-01  -2365.19014599  29.02475148 
  2.325000e-01  -2365.19014599  29.02475178 
  2.337500e-01  -2365.19014599  29.02475208 
  2.350000e-01  -2365.19014599  29.02475241 
  2.362500e-01  -2365.19014599  29.02475274 
  2.375000e-01  -2365.19014599  29.02475309 
  2.387500e-01  -2365.19014599  29.02475344 
  2.400000e-01  -2365.19014599  29.02475381 
  2.412500e-01  -2365.19014599  29.02475419 
  2.425000e-01  -2365.19014599  29.02475457 
  2.437500e-01  -2365.19014599  29.02475496 
  2.450000e-01  -2365.19014599  29.02475536 
  2.462500e-01  -2365.19014599  29.02475576 
  2.475000e-01  -2365.19014599  29.02475616 
  2.487500e-01  -2365.19014599  29.02475657 
  2.500000e-01  -2365.19014599  29.02475699 
  2.512500e-01  -2365.19014599  29.02475740 
  2.525000e-01  -2365.19014599  29.02475782 
  2.537500e-01  -2365.19014599  29.02475823 
  2.550000e-01  -2365.19014599  29.02475865 
  2.562500e-01  -2365.19014599  29.02475906 
  2.575000e-01  -2365.19014599  29.02475948 
  2.587500e-01  -2365.19014599  29.02475989 
  2.600000e-01  -2365.19014599  29.02476030 
  2.612500e-01  -2365.19014599  29.02476070 
  2.625000e-01  -2365.19014599  29.02476111 
  2.637500e-01  -2365.19014599  29.02476151 
  2.650000e-01  -2365.19014599  29.02476191 
  2.662500e-01  -2365.19014599  29.02476231 
  2.675000e-01  -2365.19014599  29.02476270 
  2.687500e-01  -2365.19014599  29.02476309 
  2.700000e-01  -2365.19014599  29.02476348 
  2.712500e-01  -2365.19014599  29.02476386 
  2.725000e-01  -2365.19014599  29.02476424 
  2.737500e-01  -2365.19014599  29.02476462 
  2.750000e-01  -2365.19014599  29.02476500 
  2.762500e-01  -2365.19014599  29.02476538 
  2.775000e-01  -2365.19014599  29.02476575 
  2.787500e-01  -2365.19014599  29.02476612 
  2.800000e-01  -2365.19014599  29.02476649 
  2.812500e-01  -2365.19014599  29.02476685 
  2.825000e-01  -2365.19014599  29.02476722 
  2.837500e-01  -2365.19014599  29.02476758 
  2.850000e-01  -2365.19014599  29.02476794 
  2.862500e-01  -2365.19014599  29.02476830 
  2.875000e-01  -2365.19014599  29.02476865 
  2.887500e-01  -2365.19014599  29.02476900 
  2.900000e-01  -2365.19014599  29.02476935 
  2.912500e-01  -2365.19014599  29.02476970 
  2.925000e-01  -2365.19014599  29.02477004 
  2.937500e-01  -2365.19014599  29.02477038 
  2.950000e-01  -2365.19014599  29.02477072 
  2.962500e-01  -2365.19014599  29.02477106 
  2.975000e-01  -2365.19014599  29.02477139 
  2.987500e-01  -2365.19014599  29.02477172 
  3.000000e-01  -2365.19014599  29.02477204 
  3.012500e-01  -2365.19014599  29.02477236 
  3.025000e-01  -2365.19014599  29.02477268 
  3.037500e-01  -2365.19014599  29.02477299 
  3.050000e-01  -2365.19014599  29.02477330 
  3.062500e-01  -2365.19014599  29.02477360 
  3.075000e-01  -2365.19014599  29.02477390 
  3.087500e-01  -2365.19014599  29.02477420 
  3.100000e-01  -2365.19014599  29.02477449 
  3.112500e-01  -2365.19014599  29.02477478 
  3.125000e-01  -2365.19014599  29.02477506 
  3.137500e-01  -2365.19014599  29.02477534 
  3.150000e-01  -2365.19014599  29.02477561 
  3.162500e-01  -2365.19014599  29.02477588 
  3.175000e-01  -2365.19014599  29.02477614 
  3.187500e-01  -2365.19014599  29.02477640 
  3.200000e-01  -2365.19014599  29.02477666 
  3.212500e-01  -2365.19014599  29.02477691 
  3.225000e-01  -2365.19014599  29.02477715 
  3.237500e-01  -2365.19014599  29.02477739 
  3.250000e-01  -2365.19014599  29.02477763 
  3.262500e-01  -2365.19014599  29.02477786 
  3.275000e-01  -2365.19014599  29.02477808 
  3.287500e-01  -2365.19014599  29.02477831 
  3.300000e-01  -2365.19014599  29.02477852 
  3.312500e-01  -2365.19014599  29.02477874 
  3.325000e-01  -2365.19014599  29.02477894 
  3.337500e-01  -2365.19014599  29.02477915 
  3.350000e-01  -2365.19014599  29.02477934 
  3.362500e-01  -2365.19014599  29.02477954 
  3.375000e-01  -2365.19014599  29.02477973 
  3.387500e-01  -2365.19014599  29.02477991 
  3.400000e-01  -2365.19014599  29.02478010 
  3.412500e-01  -2365.19014599  29.02478027 
  3.425000e-01  -2365.19014599  29.02478045 
  3.437500e-01  -2365.19014599  29.02478062 
  3.450000e-01  -2365.19014599  29.02478078 
  3.462500e-01  -2365.19014599  29.02478094 
  3.475000e-01  -2365.19014599  29.02478110 
  3.487500e-01  -2365.19014599  29.02478125 
  3.500000e-01  -2365.19014599  29.02478140 
  3.512500e-01  -2365.19014599  29.02478155 
  3.525000e-01  -2365.19014599  29.02478169 
  3.537500e-01  -2365.19014599  29.02478183 
  3.550000e-01  -2365.19014599  29.02478196 
  3.562500e-01  -2365.19014599  29.02478209 
  3.575000e-01  -2365.19014599  29.02478222 
  3.587500e-01  -2365.19014599  29.02478235 
  3.600000e-01  -2365.19014599  29.02478247 
  3.612500e-01  -2365.19014599  29.02478259 
  3.625000e-01  -2365.19014599  29.02478270 
  3.637500e-01  -2365.19014599  29.02478281 
  3.650000e-01  -2365.19014599  29.02478292 
  3.662500e-01  -2365.19014599  29.02478303 
  3.675000e-01  -2365.19014599  29.02478313 
  3.687500e-01  -2365.19014599  29.02478323 
  3.700000e-01  -2365.19014599  29.02478333 
  3.712500e-01  -2365.19014599  29.02478342 
  3.725000e-01  -2365.19014599  29.02478351 
  3.737500e-01  -2365.19014599  29.02478360 
  3.750000e-01  -2365.19014599  29.02478369 
  3.762500e-01  -2365.19014599  29.02478377 
  3.775000e-01  -2365.19014599  29.02478386 
  3.787500e-01  -2365.19014599  29.02478394 
  3.800000e-01  -2365.19014599  29.02478401 
  3.812500e-01  -2365.19014599  29.02478409 
  3.825000e-01  -2365.19014599  29.02478416 
  3.837500e-01  -2365.19014599  29.02478423 
  3.850000e-01  -2365.19014599  29.02478430 
  3.862500e-01  -2365.19014599  29.02478437 
  3.875000e-01  -2365.19014599  29.02478443 
  3.887500e-01  -2365.19014599  29.02478449 
  3.900000e-01  -2365.19014599  29.02478455 
  3.912500e-01  -2365.19014599  29.02478461 
  3.925000e-01  -2365.19014599  29.02478467 
  3.937500e-01  -2365.19014599  29.02478472 
  3.950000e-01  -2365.19014599  29.02478478 
  3.962500e-01  -2365.19014599  29.02478483 
  3.975000e-01  -2365.19014599  29.02478488 
  3.987500e-01  -2365.19014599  29.02478492 
  4.000000e-01  -2365.19014599  29.02478497 
  4.012500e-01  -2365.19014599  29.02478502 
  4.025000e-01  -2365.19014599  29.02478506 
  4.037500e-01  -2365.19014599  29.02478510 
  4.050000e-01  -2365.19014599  29.02478514 
  4.062500e-01  -2365.19014599  29.02478518 
  4.075000e-01  -2365.19014599  29.02478522 
  4.087500e-01  -2365.19014599  29.02478526 
  4.100000e-01  -2365.19014599  29.02478529 
  4.112500e-01  -2365.19014599  29.02478533 
  4.125000e-01  -2365.19014599  29.02478536 
  4.137500e-01  -2365.19014599  29.02478539 
  4.150000e-01  -2365.19014599  29.02478542 
  4.162500e-01  -2365.19014599  29.02478545 
  4.175000e-01  -2365.19014599  29.02478548 
  4.187500e-01  -2365.19014599  29.02478551 
  4.200000e-01  -2365.19014599  29.02478553 
  4.212500e-01  -2365.19014599  29.02478556 
  4.225000e-01  -2365.19014599  29.02478558 
  4.237500e-01  -2365.19014599  29.02478561 
  4.250000e-01  -2365.19014599  29.02478563 
  4.262500e-01  -2365.19014599  29.02478565 
  4.275000e-01  -2365.19014599  29.02478567 
  4.287500e-01  -2365.19014599  29.02478569 
  4.300000e-01  -2365.19014599  29.02478571 
  4.312500e-01  -2365.19014599  29.02478573 
  4.325000e-01  -2365.19014599  29.02478575 
  4.337500e-01  -2365.19014599  29.02478576 
  4.350000e-01  -2365.19014599  29.02478578 
  4.362500e-01  -2365.19014599  29.02478580 
  4.375000e-01  -2365.19014599  29.02478581 
  4.387500e-01  -2365.19014599  29.02478582 
  4.400000e-01  -2365.19014599  29.02478584 
  4.412500e-01  -2365.19014599  29.02478585 
  4.425000e-01  -2365.19014599  29.02478586 
  4.437500e-01  -2365.19014599  29.02478587 
  4.450000e-01  -2365.19014599  29.02478588 
  4.462500e-01  -2365.19014599  29.02478589 
  4.475000e-01  -2365.19014599  29.02478590 
  4.487500e-01  -2365.19014599  29.02478591 
  4.500000e-01  -2365.19014599  29.02478592 
  4.512500e-01  -2365.19014599  29.02478593 
  4.525000e-01  -2365.19014599  29.02478593 
  4.537500e-01  -2365.19014599  29.02478594 
  4.550000e-01  -2365.19014599  29.02478595 
  4.562500e-01  -2365.19014599  29.02478595 
  4.575000e-01  -2365.19014599  29.02478596 
  4.587500e-01  -2365.19014599  29.02478596 
  4.600000e-01  -2365.19014599  29.02478596 
  4.612500e-01  -2365.19014599  29.02478597 
  4.625000e-01  -2365.19014599  29.02478597 
  4.637500e-01  -2365.19014599  29.02478597 
  4.650000e-01  -2365.19014599  29.02478598 
  4.662500e-01  -2365.19014599  29.02478598 
  4.675000e-01  -2365.19014599  29.02478598 
  4.687500e-01  -2365.19014599  29.02478598 
  4.700000e-01  -2365.19014599  29.02478598 
  4.712500e-01  -2365.19014599  29.02478598 
  4.725000e-01  -2365.19014599  29.02478598 
  4.737500e-01  -2365.19014599  29.02478598 
  4.750000e-01  -2365.19014599  29.02478597 
  4.762500e-01  -2365.19014599  29.02478597 
  4.775000e-01  -2365.19014599  29.02478597 
  4.787500e-01  -2365.19014599  29.02478597 
  4.800000e-01  -2365.19014599  29.02478596 
  4.812500e-01  -2365.19014599  29.02478596 
  4.825000e-01  -2365.19014599  29.02478596 
  4.837500e-01  -2365.19014599  29.02478595 
  4.850000e-01  -2365.19014599  29.02478595 
  4.862500e-01  -2365.19014599  29.02478594 
  4.875000e-01  -2365.19014599  29.02478594 
  4.887500e-01  -2365.19014599  29.02478593 
  4.900000e-01  -2365.19014599  29.02478592 
  4.912500e-01  -2365.19014599  29.02478592 
  4.925000e-01  -2365.19014599  29.02478591 
  4.937500e-01  -2365.19014599  29.02478590 
  4.950000e-01  -2365.19014599  29.02478590 
  4.962500e-01  -2365.19014599  29.02478589 
  4.975000e-01  -2365.19014599  29.02478588 
  4.987500e-01  -2365.19014599  29.02478587 
  5.000000e-01  -2365.19014599  29.02478586 
  5.012500e-01  -2365.19014599  29.02478585 
  5.025000e-01  -2365.19014599  29.02478584 
  5.037500e-01  -2365.19014599  29.02478583 
  5.050000e-01  -2365.19014599  29.02478582 
  5.062500e-01  -2365.19014599  29.02478581 
  5.075000e-01  -2365.19014599  29.02478580 
  5.087500e-01  -2365.19014599  29.02478579 
  5.100000e-01  -2365.19014599  29.02478578 
  5.112500e-01  -2365.19014599  29.02478577 
  5.125000e-01  -2365.19014599  29.02478576 
  5.137500e-01  -2365.19014599  29.02478575 
  5.150000e-01  -2365.19014599  29.02478574 
  5.162500e-01  -2365.19014599  29.02478572 
  5.175000e-01  -2365.19014599  29.02478571 
  5.187500e-01  -2365.19014599  29.02478570 
  5.200000e-01  -2365.19014599  29.02478569 
  5.212500e-01  -2365.19014599  29.02478567 
  5.225000e-01  -2365.19014599  29.02478566 
  5.237500e-01  -2365.19014599  29.02478565 
  5.250000e-01  -2365.19014599  29.02478563 
  5.262500e-01  -2365.19014599  29.02478562 
  5.275000e-01  -2365.19014599  29.02478560 
  5.287500e-01  -2365.19014599  29.02478559 
  5.300000e-01  -2365.19014599  29.02478558 
  5.312500e-01  -2365.19014599  29.02478556 
  5.325000e-01  -2365.19014599  29.02478555 
  5.337500e-01  -2365.19014599  29.02478553 
  5.350000e-01  -2365.19014599  29.02478552 
  5.362500e-01  -2365.19014599  29.02478550 
  5.375000e-01  -2365.19014599  29.02478549 
  5.387500e-01  -2365.19014599  29.02478547 
  5.400000e-01  -2365.19014599  29.02478545 
  5.412500e-01  -2365.19014599  29.02478544 
  5.425000e-01  -2365.19014599  29.02478542 
  5.437500e-01  -2365.19014599  29.02478541 
  5.450000e-01  -2365.19014599  29.02478539 
  5.462500e-01  -2365.19014599  29.02478537 
  5.475000e-01  -2365.19014599  29.02478536 
  5.487500e-01  -2365.19014599  29.02478534 
  5.500000e-01  -2365.19014599  29.02478532 
  5.512500e-01  -2365.19014599  29.02478530 
  5.525000e-01  -2365.19014599  29.02478529 
  5.537500e-01  -2365.19014599  29.02478527 
  5.550000e-01  -2365.19014599  29.02478525 
  5.562500e-01  -2365.19014599  29.02478523 
  5.575000e-01  -2365.19014599  29.02478522 
  5.587500e-01  -2365.19014599  29.02478520 
  5.600000e-01  -2365.19014599  29.02478518 
  5.612500e-01  -2365.19014599  29.02478516 
  5.625000e-01  -2365.19014599  29.02478514 
  5.637500e-01  -2365.19014599  29.02478512 
  5.650000e-01  -2365.19014599  29.02478511 
  5.662500e-01  -2365.19014599  29.02478509 
  5.675000e-01  -2365.19014599  29.02478507 
  5.687500e-01  -2365.19014599  29.02478505 
  5.700000e-01  -2365.19014599  29.02478503 
  5.712500e-01  -2365.19014599  29.02478501 
  5.725000e-01  -2365.19014599  29.02478499 
  5.737500e-01  -2365.19014599  29.02478497 
  5.750000e-01  -2365.19014599  29.02478495 
  5.762500e-01  -2365.19014599  29.02478493 
  5.775000e-01  -2365.19014599  29.02478491 
  5.787500e-01  -2365.19014599  29.02478489 
  5.800000e-01  -2365.19014599  29.02478487 
  5.812500e-01  -2365.19014599  29.02478485 
  5.825000e-01  -2365.19014599  29.02478483 
  5.837500e-01  -2365.19014599  29.02478481 
  5.850000e-01  -2365.19014599  29.02478479 
  5.862500e-01  -2365.19014599  29.02478477 
  5.875000e-01  -2365.19014599  29.02478475 
  5.887500e-01  -2365.19014599  29.02478473 
  5.900000e-01  -2365.19014599  29.02478471 
  5.912500e-01  -2365.19014599  29.02478469 
  5.925000e-01  -2365.19014599  29.02478466 
  5.937500e-01  -2365.19014599  29.02478464 
  5.950000e-01  -2365.19014599  29.02478462 
  5.962500e-01  -2365.19014599  29.02478460 
  5.975000e-01  -2365.19014599  29.02478458 
  5.987500e-01  -2365.19014599  29.02478456 
  6.000000e-01  -2365.19014599  29.02478453 
  6.012500e-01  -2365.19014599  29.02478451 
  6.025000e-01  -2365.19014599  29.02478449 
  6.037500e-01  -2365.19014599  29.02478447 
  6.050000e-01  -2365.19014599  29.02478445 
  6.062500e-01  -2365.19014599  29.02478442 
  6.075000e-01  -2365.19014599  29.02478440 
  6.087500e-01  -2365.19014599  29.02478438 
  6.100000e-01  -2365.19014599  29.02478436 
  6.112500e-01  -2365.19014599  29.02478433 
  6.125000e-01  -2365.19014599  29.02478431 
  6.137500e-01  -2365.19014599  29.02478429 
  6.150000e-01  -2365.19014599  29.02478427 
  6.162500e-01  -2365.19014599  29.02478424 
  6.175000e-01  -2365.19014599  29.02478422 
  6.187500e-01  -2365.19014599  29.02478420 
  6.200000e-01  -2365.19014599  29.02478417 
  6.212500e-01  -2365.19014599  29.02478415 
  6.225000e-01  -2365.19014599  29.02478413 
  6.237500e-01  -2365.19014599  29.02478410 
  6.250000e-01  -2365.19014599  29.02478408 
  6.262500e-01  -2365.19014599  29.02478406 
  6.275000e-01  -2365.19014599  29.02478403 
  6.287500e-01  -2365.19014599  29.02478401 
  6.300000e-01  -2365.19014599  29.02478399 
  6.312500e-01  -2365.19014599  29.02478396 
  6.325000e-01  -2365.19014599  29.02478394 
  6.337500e-01  -2365.19014599  29.02478392 
  6.350000e-01  -2365.19014599  29.02478389 
  6.362500e-01  -2365.19014599  29.02478387 
  6.375000e-01  -2365.19014599  29.02478385 
  6.387500e-01  -2365.19014599  29.02478382 
  6.400000e-01  -2365.19014599  29.02478380 
  6.412500e-01  -2365.19014599  29.02478377 
  6.425000e-01  -2365.19014599  29.02478375 
  6.437500e-01  -2365.19014599  29.02478373 
  6.450000e-01  -2365.19014599  29.02478370 
  6.462500e-01  -2365.19014599  29.02478368 
  6.475000e-01  -2365.19014599  29.02478365 
  6.487500e-01  -2365.19014599  29.02478363 
  6.500000e-01  -2365.19014599  29.02478361 
  6.512500e-01  -2365.19014599  29.02478358 
  6.525000e-01  -2365.19014599  29.02478356 
  6.537500e-01  -2365.19014599  29.02478353 
  6.550000e-01  -2365.19014599  29.02478351 
  6.562500e-01  -2365.19014599  29.02478349 
  6.575000e-01  -2365.19014599  29.02478346 
  6.587500e-01  -2365.19014599  29.02478344 
  6.600000e-01  -2365.19014599  29.02478341 
  6.612500e-01  -2365.19014599  29.02478339 
  6.625000e-01  -2365.19014599  29.02478337 
  6.637500e-01  -2365.19014599  29.02478334 
  6.650000e-01  -2365.19014599  29.02478332 
  6.662500e-01  -2365.19014599  29.02478329 
  6.675000e-01  -2365.19014599  29.02478327 
  6.687500e-01  -2365.19014599  29.02478325 
  6.700000e-01  -2365.19014599  29.02478322 
  6.712500e-01  -2365.19014599  29.02478320 
  6.725000e-01  -2365.19014599  29.02478317 
  6.737500e-01  -2365.19014599  29.02478315 
  6.750000e-01  -2365.19014599  29.02478312 
  6.762500e-01  -2365.19014599  29.02478310 
  6.775000e-01  -2365.19014599  29.02478308 
  6.787500e-01  -2365.19014599  29.02478305 
  6.800000e-01  -2365.19014599  29.02478303 
  6.812500e-01  -2365.19014599  29.02478300 
  6.825000e-01  -2365.19014599  29.02478298 
  6.837500e-01  -2365.19014599  29.02478296 
  6.850000e-01  -2365.19014599  29.02478293 
  6.862500e-01  -2365.19014599  29.02478291 
  6.875000e-01  -2365.19014599  29.02478288 
  6.887500e-01  -2365.19014599  29.02478286 
  6.900000e-01  -2365.19014599  29.02478284 
  6.912500e-01  -2365.19014599  29.02478281 
  6.925000e-01  -2365.19014599  29.02478279 
  6.937500e-01  -2365.19014599  29.02478277 
  6.950000e-01  -2365.19014599  29.02478274 
  6.962500e-01  -2365.19014599  29.02478272 
  6.975000e-01  -2365.19014599  29.02478269 
  6.987500e-01  -2365.19014599  29.02478267 
  7.000000e-01  -2365.19014599  29.02478265 
  7.012500e-01  -2365.19014599  29.02478262 
  7.025000e-01  -2365.19014599  29.02478260 
  7.037500e-01  -2365.19014599  29.02478258 
  7.050000e-01  -2365.19014599  29.02478255 
  7.062500e-01  -2365.19014599  29.02478253 
  7.075000e-01  -2365.19014599  29.02478251 
  7.087500e-01  -2365.19014599  29.02478249 
  7.100000e-01  -2365.19014599  29.02478246 
  7.112500e-01  -2365.19014599  29.02478244 
  7.125000e-01  -2365.19014599  29.02478242 
  7.137500e-01  -2365.19014599  29.02478239 
  7.150000e-01  -2365.19014599  29.02478237 
  7.162500e-01  -2365.19014599  29.02478235 
  7.175000e-01  -2365.19014599  29.02478233 
  7.187500e-01  -2365.19014599  29.02478230 
  7.200000e-01  -2365.19014599  29.02478228 
  7.212500e-01  -2365.19014599  29.02478226 
  7.225000e-01  -2365.19014599  29.02478224 
  7.237500e-01  -2365.19014599  29.02478221 
  7.250000e-01  -2365.19014599  29.02478219 
  7.262500e-01  -2365.19014599  29.02478217 
  7.275000e-01  -2365.19014599  29.02478215 
  7.287500e-01  -2365.19014599  29.02478213 
  7.300000e-01  -2365.19014599  29.02478210 
  7.312500e-01  -2365.19014599  29.02478208 
  7.325000e-01  -2365.19014599  29.02478206 
  7.337500e-01  -2365.19014599  29.02478204 
  7.350000e-01  -2365.19014599  29.02478202 
  7.362500e-01  -2365.19014599  29.02478200 
  7.375000e-01  -2365.19014599  29.02478198 
  7.387500e-01  -2365.19014599  29.02478196 
  7.400000e-01  -2365.19014599  29.02478193 
  7.412500e-01  -2365.19014599  29.02478191 
  7.425000e-01  -2365.19014599  29.02478189 
  7.437500e-01  -2365.19014599  29.02478187 
  7.450000e-01  -2365.19014599  29.02478185 
  7.462500e-01  -2365.19014599  29.02478183 
  7.475000e-01  -2365.19014599  29.02478181 
  7.487500e-01  -2365.19014599  29.02478179 
  7.500000e-01  -2365.19014599  29.02478177 
  7.512500e-01  -2365.19014599  29.02478175 
  7.525000e-01  -2365.19014599  29.02478173 
  7.537500e-01  -2365.19014599  29.02478171 
  7.550000e-01  -2365.19014599  29.02478169 
  7.562500e-01  -2365.19014599  29.02478167 
  7.575000e-01  -2365.19014599  29.02478165 
  7.587500e-01  -2365.19014599  29.02478163 
  7.600000e-01  -2365.19014599  29.02478161 
  7.612500e-01  -2365.19014599  29.02478159 
  7.625000e-01  -2365.19014599  29.02478157 
  7.637500e-01  -2365.19014599  29.02478155 
  7.650000e-01  -2365.19014599  29.02478153 
  7.662500e-01  -2365.19014599  29.02478151 
  7.675000e-01  -2365.19014599  29.02478149 
  7.687500e-01  -2365.19014599  29.02478147 
  7.700000e-01  -2365.19014599  29.02478145 
  7.712500e-01  -2365.19014599  29.02478144 
  7.725000e-01  -2365.19014599  29.02478142 
  7.737500e-01  -2365.19014599  29.02478140 
  7.750000e-01  -2365.19014599  29.02478138 
  7.762500e-01  -2365.19014599  29.02478136 
  7.775000e-01  -2365.19014599  29.02478134 
  7.787500e-01  -2365.19014599  29.02478132 
  7.800000e-01  -2365.19014599  29.02478130 
  7.812500e-01  -2365.19014599  29.02478129 
  7.825000e-01  -2365.19014599  29.02478127 
  7.837500e-01  -2365.19014599  29.02478125 
  7.850000e-01  -2365.19014599  29.02478123 
  7.862500e-01  -2365.19014599  29.02478121 
  7.875000e-01  -2365.19014599  29.02478119 
  7.887500e-01  -2365.19014599  29.02478118 
  7.900000e-01  -2365.19014599  29.02478116 
  7.912500e-01  -2365.19014599  29.02478114 
  7.925000e-01  -2365.19014599  29.02478112 
  7.937500e-01  -2365.19014599  29.02478110 
  7.950000e-01  -2365.19014599  29.02478109 
  7.962500e-01  -2365.19014599  29.02478107 
  7.975000e-01  -2365.19014599  29.02478105 
  7.987500e-01  -2365.19014599  29.02478103 
  8.000000e-01  -2365.19014599  29.02478102 
  8.012500e-01  -2365.19014599  29.02478100 
  8.025000e-01  -2365.19014599  29.02478098 
  8.037500e-01  -2365.19014599  29.02478096 
  8.050000e-01  -2365.19014599  29.02478095 
  8.062500e-01  -2365.19014599  29.02478093 
  8.075000e-01  -2365.19014599  29.02478091 
  8.087500e-01  -2365.19014599  29.02478090 
  8.100000e-01  -2365.19014599  29.02478088 
  8.112500e-01  -2365.19014599  29.02478086 
  8.125000e-01  -2365.19014599  29.02478085 
  8.137500e-01  -2365.19014599  29.02478083 
  8.150000e-01  -2365.19014599  29.02478081 
  8.162500e-01  -2365.19014599  29.02478080 
  8.175000e-01  -2365.19014599  29.02478078 
  8.187500e-01  -2365.19014599  29.02478076 
  8.200000e-01  -2365.19014599  29.02478075 
  8.212500e-01  -2365.19014599  29.02478073 
  8.225000e-01  -2365.19014599  29.02478072 
  8.237500e-01  -2365.19014599  29.02478070 
  8.250000e-01  -2365.19014599  29.02478069 
  8.262500e-01  -2365.19014599  29.02478067 
  8.275000e-01  -2365.19014599  29.02478065 
  8.287500e-01  -2365.19014599  29.02478064 
  8.300000e-01  -2365.19014599  29.02478062 
  8.312500e-01  -2365.19014599  29.02478061 
  8.325000e-01  -2365.19014599  29.02478059 
  8.337500e-01  -2365.19014599  29.02478058 
  8.350000e-01  -2365.19014599  29.02478056 
  8.362500e-01  -2365.19014599  29.02478055 
  8.375000e-01  -2365.19014599  29.02478053 
  8.387500e-01  -2365.19014599  29.02478052 
  8.400000e-01  -2365.19014599  29.02478050 
  8.412500e-01  -2365.19014599  29.02478049 
  8.425000e-01  -2365.19014599  29.02478048 
  8.437500e-01  -2365.19014599  29.02478046 
  8.450000e-01  -2365.19014599  29.02478045 
  8.462500e-01  -2365.19014599  29.02478043 
  8.475000e-01  -2365.19014599  29.02478042 
  8.487500e-01  -2365.19014599  29.02478041 
  8.500000e-01  -2365.19014599  29.02478039 
  8.512500e-01  -2365.19014599  29.02478038 
  8.525000e-01  -2365.19014599  29.02478036 
  8.537500e-01  -2365.19014599  29.02478035 
  8.550000e-01  -2365.19014599  29.02478034 
  8.562500e-01  -2365.19014599  29.02478032 
  8.575000e-01  -2365.19014599  29.02478031 
  8.587500e-01  -2365.19014599  29.02478030 
  8.600000e-01  -2365.19014599  29.02478029 
  8.612500e-01  -2365.19014599  29.02478027 
  8.625000e-01  -2365.19014599  29.02478026 
  8.637500e-01  -2365.19014599  29.02478025 
  8.650000e-01  -2365.19014599  29.02478024 
  8.662500e-01  -2365.19014599  29.02478022 
  8.675000e-01  -2365.19014599  29.02478021 
  8.687500e-01  -2365.19014599  29.02478020 
  8.700000e-01  -2365.19014599  29.02478019 
  8.712500e-01  -2365.19014599  29.02478017 
  8.725000e-01  -2365.19014599  29.02478016 
  8.737500e-01  -2365.19014599  29.02478015 
  8.750000e-01  -2365.19014599  29.02478014 
  8.762500e-01  -2365.19014599  29.02478013 
  8.775000e-01  -2365.19014599  29.02478012 
  8.787500e-01  -2365.19014599  29.02478011 
  8.800000e-01  -2365.19014599  29.02478009 
  8.812500e-01  -2365.19014599  29.02478008 
  8.825000e-01  -2365.19014599  29.02478007 
  8.837500e-01  -2365.19014599  29.02478006 
  8.850000e-01  -2365.19014599  29.02478005 
  8.862500e-01  -2365.19014599  29.02478004 
  8.875000e-01  -2365.19014599  29.02478003 
  8.887500e-01  -2365.19014599  29.02478002 
  8.900000e-01  -2365.19014599  29.02478001 
  8.912500e-01  -2365.19014599  29.02478000 
  8.925000e-01  -2365.19014599  29.02477999 
  8.937500e-01  -2365.19014599  29.02477998 
  8.950000e-01  -2365.19014599  29.02477997 
  8.962500e-01  -2365.19014599  29.02477996 
  8.975000e-01  -2365.19014599  29.02477995 
  8.987500e-01  -2365.19014599  29.02477994 
  9.000000e-01  -2365.19014599  29.02477993 
  9.012500e-01  -2365.19014599  29.02477992 
  9.025000e-01  -2365.19014599  29.02477991 
  9.037500e-01  -2365.19014599  29.02477990 
  9.050000e-01  -2365.19014599  29.02477989 
  9.062500e-01  -2365.19014599  29.02477988 
  9.075000e-01  -2365.19014599  29.02477987 
  9.087500e-01  -2365.19014599  29.02477986 
  9.100000e-01  -2365.19014599  29.02477985 
  9.112500e-01  -2365.19014599  29.02477984 
  9.125000e-01  -2365.19014599  29.02477983 
  9.137500e-01  -2365.19014599  29.02477982 
  9.150000e-01  -2365.19014599  29.02477981 
  9.162500e-01  -2365.19014599  29.02477980 
  9.175000e-01  -2365.19014599  29.02477980 
  9.187500e-01  -2365.19014599  29.02477979 
  9.200000e-01  -2365.19014599  29.02477978 
  9.212500e-01  -2365.19014599  29.02477977 
  9.225000e-01  -2365.19014599  29.02477976 
  9.237500e-01  -2365.19014599  29.02477975 
  9.250000e-01  -2365.19014599  29.02477974 
  9.262500e-01  -2365.19014599  29.02477974 
  9.275000e-01  -2365.19014599  29.02477973 
  9.287500e-01  -2365.19014599  29.02477972 
  9.300000e-01  -2365.19014599  29.02477971 
  9.312500e-01  -2365.19014599  29.02477970 
  9.325000e-01  -2365.19014599  29.02477969 
  9.337500e-01  -2365.19014599  29.02477969 
  9.350000e-01  -2365.19014599  29.02477968 
  9.362500e-01  -2365.19014599  29.02477967 
  9.375000e-01  -2365.19014599  29.02477966 
  9.387500e-01  -2365.19014599  29.02477965 
  9.400000e-01  -2365.19014599  29.02477965 
  9.412500e-01  -2365.19014599  29.02477964 
  9.425000e-01  -2365.19014599  29.02477963 
  9.437500e-01  -2365.19014599  29.02477962 
  9.450000e-01  -2365.19014599  29.02477961 
  9.462500e-01  -2365.19014599  29.02477961 
  9.475000e-01  -2365.19014599  29.02477960 
  9.487500e-01  -2365.19014599  29.02477959 
  9.500000e-01  -2365.19014599  29.02477958 
  9.512500e-01  -2365.19014599  29.02477958 
  9.525000e-01  -2365.19014599  29.02477957 
  9.537500e-01  -2365.19014599  29.02477956 
  9.550000e-01  -2365.19014599  29.02477956 
  9.562500e-01  -2365.19014599  29.02477955 
  9.575000e-01  -2365.19014599  29.02477954 
  9.587500e-01  -2365.19014599  29.02477953 
  9.600000e-01  -2365.19014599  29.02477953 
  9.612500e-01  -2365.19014599  29.02477952 
  9.625000e-01  -2365.19014599  29.02477951 
  9.637500e-01  -2365.19014599  29.02477951 
  9.650000e-01  -2365.19014599  29.02477950 
  9.662500e-01  -2365.19014599  29.02477949 
  9.675000e-01  -2365.19014599  29.02477949 
  9.687500e-01  -2365.19014599  29.02477948 
  9.700000e-01  -2365.19014599  29.02477947 
  9.712500e-01  -2365.19014599  29.02477947 
  9.725000e-01  -2365.19014599  29.02477946 
  9.737500e-01  -2365.19014599  29.02477945 
  9.750000e-01  -2365.19014599  29.02477945 
  9.762500e-01  -2365.19014599  29.02477944 
  9.775000e-01  -2365.19014599  29.02477943 
  9.787500e-01  -2365.19014599  29.02477943 
  9.800000e-01  -2365.19014599  29.02477942 
  9.812500e-01  -2365.19014599  29.02477941 
  9.825000e-01  -2365.19014599  29.02477941 
  9.837500e-01  -2365.19014599  29.02477940 
  9.850000e-01  -2365.19014599  29.02477940 
  9.862500e-01  -2365.19014599  29.02477939 
  9.875000e-01  -2365.19014599  29.02477938 
  9.887500e-01  -2365.19014599  29.02477938 
  9.900000e-01  -2365.19014599  29.02477937 
  9.912500e-01  -2365.19014599  29.02477937 
  9.925000e-01  -2365.19014599  29.02477936 
  9.937500e-01  -2365.19014599  29.02477935 
  9.950000e-01  -2365.19014599  29.02477935 
  9.962500e-01  -2365.19014599  29.02477934 
  9.975000e-01  -2365.19014599  29.02477934 
  9.987500e-01  -2365.19014599  29.02477933 
  1.000000e+00  -2365.19014599  29.02477933 
  1.001250e+00  -2365.19014599  29.02477932 
  1.002500e+00  -2365.19014599  29.02477932 
  1.003750e+00  -2365.19014599  29.02477931 
  1.005000e+00  -2365.19014599  29.02477930 
  1.006250e+00  -2365.19014599  29.02477930 
  1.007500e+00  -2365.19014599  29.02477929 
  1.008750e+00  -2365.19014599  29.02477929 
  1.010000e+00  -2365.19014599  29.02477928 
  1.011250e+00  -2365.19014599  29.02477928 
  1.012500e+00  -2365.19014599  29.02477927 
  1.013750e+00  -2365.19014599  29.02477927 
  1.015000e+00  -2365.19014599  29.02477926 
  1.016250e+00  -2365.19014599  29.02477926 
  1.017500e+00  -2365.19014599  29.02477925 
  1.018750e+00  -2365.19014599  29.02477925 
  1.020000e+00  -2365.19014599  29.02477924 
  1.021250e+00  -2365.19014599  29.02477924 
  1.022500e+00  -2365.19014599  29.02477923 
  1.023750e+00  -2365.19014599  29.02477923 
  1.025000e+00  -2365.19014599  29.02477923 
  1.026250e+00  -2365.19014599  29.02477922 
  1.027500e+00  -2365.19014599  29.02477922 
  1.028750e+00  -2365.19014599  29.02477921 
  1.030000e+00  -2365.19014599  29.02477921 
  1.031250e+00  -2365.19014599  29.02477920 
  1.032500e+00  -2365.19014599  29.02477920 
  1.033750e+00  -2365.19014599  29.02477919 
  1.035000e+00  -2365.19014599  29.02477919 
  1.036250e+00  -2365.19014599  29.02477919 
  1.037500e+00  -2365.19014599  29.02477918 
  1.038750e+00  -2365.19014599  29.02477918 
  1.040000e+00  -2365.19014599  29.02477917 
  1.041250e+00  -2365.19014599  29.02477917 
  1.042500e+00  -2365.19014599  29.02477916 
  1.043750e+00  -2365.19014599  29.02477916 
  1.045000e+00  -2365.19014599  29.02477916 
  1.046250e+00  -2365.19014599  29.02477915 
  1.047500e+00  -2365.19014599  29.02477915 
  1.048750e+00  -2365.19014599  29.02477914 
  1.050000e+00  -2365.19014599  29.02477914 
  1.051250e+00  -2365.19014599  29.02477914 
  1.052500e+00  -2365.19014599  29.02477913 
  1.053750e+00  -2365.19014599  29.02477913 
  1.055000e+00  -2365.19014599  29.02477913 
  1.056250e+00  -2365.19014599  29.02477912 
  1.057500e+00  -2365.19014599  29.02477912 
  1.058750e+00  -2365.19014599  29.02477911 
  1.060000e+00  -2365.19014599  29.02477911 
  1.061250e+00  -2365.19014599  29.02477911 
  1.062500e+00  -2365.19014599  29.02477910 
  1.063750e+00  -2365.19014599  29.02477910 
  1.065000e+00  -2365.19014599  29.02477910 
  1.066250e+00  -2365.19014599  29.02477909 
  1.067500e+00  -2365.19014599  29.02477909 
  1.068750e+00  -2365.19014599  29.02477909 
  1.070000e+00  -2365.19014599  29.02477908 
  1.071250e+00  -2365.19014599  29.02477908 
  1.072500e+00  -2365.19014599  29.02477908 
  1.073750e+00  -2365.19014599  29.02477907 
  1.075000e+00  -2365.19014599  29.02477907 
  1.076250e+00  -2365.19014599  29.02477907 
  1.077500e+00  -2365.19014599  29.02477907 
  1.078750e+00  -2365.19014599  29.02477906 
  1.080000e+00  -2365.19014599  29.02477906 
  1.081250e+00  -2365.19014599  29.02477906 
  1.082500e+00  -2365.19014599  29.02477905 
  1.083750e+00  -2365.19014599  29.02477905 
  1.085000e+00  -2365.19014599  29.02477905 
  1.086250e+00  -2365.19014599  29.02477904 
  1.087500e+00  -2365.19014599  29.02477904 
  1.088750e+00  -2365.19014599  29.02477904 
  1.090000e+00  -2365.19014599  29.02477904 
  1.091250e+00  -2365.19014599  29.02477903 
  1.092500e+00  -2365.19014599  29.02477903 
  1.093750e+00  -2365.19014599  29.02477903 
  1.095000e+00  -2365.19014599  29.02477902 
  1.096250e+00  -2365.19014599  29.02477902 
  1.097500e+00  -2365.19014599  29.02477902 
  1.098750e+00  -2365.19014599  29.02477902 
  1.100000e+00  -2365.19014599  29.02477901 
  1.101250e+00  -2365.19014599  29.02477901 
  1.102500e+00  -2365.19014599  29.02477901 
  1.103750e+00  -2365.19014599  29.02477901 
  1.105000e+00  -2365.19014599  29.02477900 
  1.106250e+00  -2365.19014599  29.02477900 
  1.107500e+00  -2365.19014599  29.02477900 
  1.108750e+00  -2365.19014599  29.02477900 
  1.110000e+00  -2365.19014599  29.02477899 
  1.111250e+00  -2365.19014599  29.02477899 
  1.112500e+00  -2365.19014599  29.02477899 
  1.113750e+00  -2365.19014599  29.02477899 
  1.115000e+00  -2365.19014599  29.02477899 
  1.116250e+00  -2365.19014599  29.02477898 
  1.117500e+00  -2365.19014599  29.02477898 
  1.118750e+00  -2365.19014599  29.02477898 
  1.120000e+00  -2365.19014599  29.02477898 
  1.121250e+00  -2365.19014599  29.02477897 
  1.122500e+00  -2365.19014599  29.02477897 
  1.123750e+00  -2365.19014599  29.02477897 
  1.125000e+00  -2365.19014599  29.02477897 
  1.126250e+00  -2365.19014599  29.02477897 
  1.127500e+00  -2365.19014599  29.02477896 
  1.128750e+00  -2365.19014599  29.02477896 
  1.130000e+00  -2365.19014599  29.02477896 
  1.131250e+00  -2365.19014599  29.02477896 
  1.132500e+00  -2365.19014599  29.02477896 
  1.133750e+00  -2365.19014599  29.02477895 
  1.135000e+00  -2365.19014599  29.02477895 
  1.136250e+00  -2365.19014599  29.02477895 
  1.137500e+00  -2365.19014599  29.02477895 
  1.138750e+00  -2365.19014599  29.02477895 
  1.140000e+00  -2365.19014599  29.02477895 
  1.141250e+00  -2365.19014599  29.02477894 
  1.142500e+00  -2365.19014599  29.02477894 
  1.143750e+00  -2365.19014599  29.02477894 
  1.145000e+00  -2365.19014599  29.02477894 
  1.146250e+00  -2365.19014599  29.02477894 
  1.147500e+00  -2365.19014599  29.02477894 
  1.148750e+00  -2365.19014599  29.02477893 
  1.150000e+00  -2365.19014599  29.02477893 
  1.151250e+00  -2365.19014599  29.02477893 
  1.152500e+00  -2365.19014599  29.02477893 
  1.153750e+00  -2365.19014599  29.02477893 
  1.155000e+00  -2365.19014599  29.02477893 
  1.156250e+00  -2365.19014599  29.02477892 
  1.157500e+00  -2365.19014599  29.02477892 
  1.158750e+00  -2365.19014599  29.02477892 
  1.160000e+00  -2365.19014599  29.02477892 
  1.161250e+00  -2365.19014599  29.02477892 
  1.162500e+00  -2365.19014599  29.02477892 
  1.163750e+00  -2365.19014599  29.02477892 
  1.165000e+00  -2365.19014599  29.02477892 
  1.166250e+00  -2365.19014599  29.02477891 
  1.167500e+00  -2365.19014599  29.02477891 
  1.168750e+00  -2365.19014599  29.02477891 
  1.170000e+00  -2365.19014599  29.02477891 
  1.171250e+00  -2365.19014599  29.02477891 
  1.172500e+00  -2365.19014599  29.02477891 
  1.173750e+00  -2365.19014599  29.02477891 
  1.175000e+00  -2365.19014599  29.02477891 
  1.176250e+00  -2365.19014599  29.02477890 
  1.177500e+00  -2365.19014599  29.02477890 
  1.178750e+00  -2365.19014599  29.02477890 
  1.180000e+00  -2365.19014599  29.02477890 
  1.181250e+00  -2365.19014599  29.02477890 
  1.182500e+00  -2365.19014599  29.02477890 
  1.183750e+00  -2365.19014599  29.02477890 
  1.185000e+00  -2365.19014599  29.02477890 
  1.186250e+00  -2365.19014599  29.02477890 
  1.187500e+00  -2365.19014599  29.02477889 
  1.188750e+00  -2365.19014599  29.02477889 
  1.190000e+00  -2365.19014599  29.02477889 
  1.191250e+00  -2365.19014599  29.02477889 
  1.192500e+00  -2365.19014599  29.02477889 
  1.193750e+00  -2365.19014599  29.02477889 
  1.195000e+00  -2365.19014599  29.02477889 
  1.196250e+00  -2365.19014599  29.02477889 
  1.197500e+00  -2365.19014599  29.02477889 
  1.198750e+00  -2365.19014599  29.02477889 
  1.200000e+00  -2365.19014599  29.02477889 
  1.201250e+00  -2365.19014599  29.02477889 
  1.202500e+00  -2365.19014599  29.02477888 
  1.203750e+00  -2365.19014599  29.02477888 
  1.205000e+00  -2365.19014599  29.02477888 
  1.206250e+00  -2365.19014599  29.02477888 
  1.207500e+00  -2365.19014599  29.02477888 
  1.208750e+00  -2365.19014599  29.02477888 
  1.210000e+00  -2365.19014599  29.02477888 
  1.211250e+00  -2365.19014599  29.02477888 
  1.212500e+00  -2365.19014599  29.02477888 
  1.213750e+00  -2365.19014599  29.02477888 
  1.215000e+00  -2365.19014599  29.02477888 
  1.216250e+00  -2365.19014599  29.02477888 
  1.217500e+00  -2365.19014599  29.02477888 
  1.218750e+00  -2365.19014599  29.02477888 
  1.220000e+00  -2365.19014599  29.02477888 
  1.221250e+00  -2365.19014599  29.02477888 
  1.222500e+00  -2365.19014599  29.02477887 
  1.223750e+00  -2365.19014599  29.02477887 
  1.225000e+00  -2365.19014599  29.02477887 
  1.226250e+00  -2365.19014599  29.02477887 
  1.227500e+00  -2365.19014599  29.02477887 
  1.228750e+00  -2365.19014599  29.02477887 
  1.230000e+00  -2365.19014599  29.02477887 
  1.231250e+00  -2365.19014599  29.02477887 
  1.232500e+00  -2365.19014599  29.02477887 
  1.233750e+00  -2365.19014599  29.02477887 
  1.235000e+00  -2365.19014599  29.02477887 
  1.236250e+00  -2365.19014599  29.02477887 
  1.237500e+00  -2365.19014599  29.02477887 
  1.238750e+00  -2365.19014599  29.02477887 
  1.240000e+00  -2365.19014599  29.02477887 
  1.241250e+00  -2365.19014599  29.02477887 
  1.242500e+00  -2365.19014599  29.02477887 
  1.243750e+00  -2365.19014599  29.02477887 
  1.245000e+00  -2365.19014599  29.02477887 
  1.246250e+00  -2365.19014599  29.02477887 
  1.247500e+00  -2365.19014599  29.02477887 
  1.248750e+00  -2365.19014599  29.02477887 
  1.250000e+00  -2365.19014599  29.02477887 
  1.251250e+00  -2365.19014599  29.02477887 
  1.252500e+00  -2365.19014599  29.02477887 
  1.253750e+00  -2365.19014599  29.02477887 
  1.255000e+00  -2365.19014599  29.02477887 
  1.256250e+00  -2365.19014599  29.02477887 
  1.257500e+00  -2365.19014599  29.02477887 
  1.258750e+00  -2365.19014599  29.02477887 
  1.260000e+00  -2365.19014599  29.02477887 
  1.261250e+00  -2365.19014599  29.02477887 
  1.262500e+00  -2365.19014599  29.02477887 
  1.263750e+00  -2365.19014599  29.02477887 
  1.265000e+00  -2365.19014599  29.02477887 
  1.266250e+00  -2365.19014599  29.02477887 
  1.267500e+00  -2365.19014599  29.02477887 
  1.268750e+00  -2365.19014599  29.02477887 
  1.270000e+00  -2365.19014599  29.02477887 
  1.271250e+00  -2365.19014599  29.02477887 
  1.272500e+00  -2365.19014599  29.02477887 
  1.273750e+00  -2365.19014599  29.02477887 
  1.275000e+00  -2365.19014599  29.02477887 
  1.276250e+00  -2365.19014599  29.02477887 
  1.277500e+00  -2365.19014599  29.02477887 
  1.278750e+00  -2365.19014599  29.02477887 
  1.280000e+00  -2365.19014599  29.02477887 
  1.281250e+00  -2365.19014599  29.02477887 
  1.282500e+00  -2365.19014599  29.02477887 
  1.283750e+00  -2365.19014599  29.02477887 
  1.285000e+00  -2365.19014599  29.02477887 
  1.286250e+00  -2365.19014599  29.02477887 
  1.287500e+00  -2365.19014599  29.02477887 
  1.288750e+00  -2365.19014599  29.02477887 
  1.290000e+00  -2365.19014599  29.02477887 
  1.291250e+00  -2365.19014599  29.02477887 
  1.292500e+00  -2365.19014599  29.02477887 
  1.293750e+00  -2365.19014599  29.02477887 
  1.295000e+00  -2365.19014599  29.02477887 
  1.296250e+00  -2365.19014599  29.02477887 
  1.297500e+00  -2365.19014599  29.02477887 
  1.298750e+00  -2365.19014599  29.02477887 
  1.300000e+00  -2365.19014599  29.02477887 
  1.301250e+00  -2365.19014599  29.02477887 
  1.302500e+00  -2365.19014599  29.02477887 
  1.303750e+00  -2365.19014599  29.02477887 
  1.305000e+00  -2365.19014599  29.02477887 
  1.306250e+00  -2365.19014599  29.02477887 
  1.307500e+00  -2365.19014599  29.02477887 
  1.308750e+00  -2365.19014599  29.02477887 
  1.310000e+00  -2365.19014599  29.02477887 
  1.311250e+00  -2365.19014599  29.02477887 
  1.312500e+00  -2365.19014599  29.02477887 
  1.313750e+00  -2365.19014599  29.02477887 
  1.315000e+00  -2365.19014599  29.02477887 
  1.316250e+00  -2365.19014599  29.02477887 
  1.317500e+00  -2365.19014599  29.02477887 
  1.318750e+00  -2365.19014599  29.02477887 
  1.320000e+00  -2365.19014599  29.02477887 
  1.321250e+00  -2365.19014599  29.02477887 
  1.322500e+00  -2365.19014599  29.02477887 
  1.323750e+00  -2365.19014599  29.02477887 
  1.325000e+00  -2365.19014599  29.02477887 
  1.326250e+00  -2365.19014599  29.02477887 
  1.327500e+00  -2365.19014599  29.02477887 
  1.328750e+00  -2365.19014599  29.02477887 
  1.330000e+00  -2365.19014599  29.02477887 
  1.331250e+00  -2365.19014599  29.02477887 
  1.332500e+00  -2365.19014599  29.02477887 
  1.333750e+00  -2365.19014599  29.02477887 
  1.335000e+00  -2365.19014599  29.02477887 
  1.336250e+00  -2365.19014599  29.02477887 
  1.337500e+00  -2365.19014599  29.02477887 
  1.338750e+00  -2365.19014599  29.02477887 
  1.340000e+00  -2365.19014599  29.02477887 
  1.341250e+00  -2365.19014599  29.02477887 
  1.342500e+00  -2365.19014599  29.02477887 
  1.343750e+00  -2365.19014599  29.02477887 
  1.345000e+00  -2365.19014599  29.02477887 
  1.346250e+00  -2365.19014599  29.02477888 
  1.347500e+00  -2365.19014599  29.02477888 
  1.348750e+00  -2365.19014599  29.02477888 
  1.350000e+00  -2365.19014599  29.02477888 
  1.351250e+00  -2365.19014599  29.02477888 
  1.352500e+00  -2365.19014599  29.02477888 
  1.353750e+00  -2365.19014599  29.02477888 
  1.355000e+00  -2365.19014599  29.02477888 
  1.356250e+00  -2365.19014599  29.02477888 
  1.357500e+00  -2365.19014599  29.02477888 
  1.358750e+00  -2365.19014599  29.02477888 
  1.360000e+00  -2365.19014599  29.02477888 
  1.361250e+00  -2365.19014599  29.02477888 
  1.362500e+00  -2365.19014599  29.02477888 
  1.363750e+00  -2365.19014599  29.02477888 
  1.365000e+00  -2365.19014599  29.02477888 
  1.366250e+00  -2365.19014599  29.02477888 
  1.367500e+00  -2365.19014599  29.02477888 
  1.368750e+00  -2365.19014599  29.02477888 
  1.370000e+00  -2365.19014599  29.02477888 
  1.371250e+00  -2365.19014599  29.02477888 
  1.372500e+00  -2365.19014599  29.02477888 
  1.373750e+00  -2365.19014599  29.02477888 
  1.375000e+00  -2365.19014599  29.02477888 
  1.376250e+00  -2365.19014599  29.02477888 
  1.377500e+00  -2365.19014599  29.02477888 
  1.378750e+00  -2365.19014599  29.02477889 
  1.380000e+00  -2365.19014599  29.02477889 
  1.381250e+00  -2365.19014599  29.02477889 
  1.382500e+00  -2365.19014599  29.02477889 
  1.383750e+00  -2365.19014599  29.02477889 
  1.385000e+00  -2365.19014599  29.02477889 
  1.386250e+00  -2365.19014599  29.02477889 
  1.387500e+00  -2365.19014599  29.02477889 
  1.388750e+00  -2365.19014599  29.02477889 
  1.390000e+00  -2365.19014599  29.02477889 
  1.391250e+00  -2365.19014599  29.02477889 
  1.392500e+00  -2365.19014599  29.02477889 
  1.393750e+00  -2365.19014599  29.02477889 
  1.395000e+00  -2365.19014599  29.02477889 
  1.396250e+00  -2365.19014599  29.02477889 
  1.397500e+00  -2365.19014599  29.02477889 
  1.398750e+00  -2365.19014599  29.02477889 
  1.400000e+00  -2365.19014599  29.02477889 
  1.401250e+00  -2365.19014599  29.02477889 
  1.402500e+00  -2365.19014599  29.02477889 
  1.403750e+00  -2365.19014599  29.02477889 
  1.405000e+00  -2365.19014599  29.02477890 
  1.406250e+00  -2365.19014599  29.02477890 
  1.407500e+00  -2365.19014599  29.02477890 
  1.408750e+00  -2365.19014599  29.02477890 
  1.410000e+00  -2365.19014599  29.02477890 
  1.411250e+00  -2365.19014599  29.02477890 
  1.412500e+00  -2365.19014599  29.02477890 
  1.413750e+00  -2365.19014599  29.02477890 
  1.415000e+00  -2365.19014599  29.02477890 
  1.416250e+00  -2365.19014599  29.02477890 
  1.417500e+00  -2365.19014599  29.02477890 
  1.418750e+00  -2365.19014599  29.02477890 
  1.420000e+00  -2365.19014599  29.02477890 
  1.421250e+00  -2365.19014599  29.02477890 
  1.422500e+00  -2365.19014599  29.02477890 
  1.423750e+00  -2365.19014599  29.02477890 
  1.425000e+00  -2365.19014599  29.02477890 
  1.426250e+00  -2365.19014599  29.02477890 
  1.427500e+00  -2365.19014599  29.02477891 
  1.428750e+00  -2365.19014599  29.02477891 
  1.430000e+00  -2365.19014599  29.02477891 
  1.431250e+00  -2365.19014599  29.02477891 
  1.432500e+00  -2365.19014599  29.02477891 
  1.433750e+00  -2365.19014599  29.02477891 
  1.435000e+00  -2365.19014599  29.02477891 
  1.436250e+00  -2365.19014599  29.02477891 
  1.437500e+00  -2365.19014599  29.02477891 
  1.438750e+00  -2365.19014599  29.02477891 
  1.440000e+00  -2365.19014599  29.02477891 
  1.441250e+00  -2365.19014599  29.02477891 
  1.442500e+00  -2365.19014599  29.02477891 
  1.443750e+00  -2365.19014599  29.02477891 
  1.445000e+00  -2365.19014599  29.02477891 
  1.446250e+00  -2365.19014599  29.02477891 
  1.447500e+00  -2365.19014599  29.02477892 
  1.448750e+00  -2365.19014599  29.02477892 
  1.450000e+00  -2365.19014599  29.02477892 
  1.451250e+00  -2365.19014599  29.02477892 
  1.452500e+00  -2365.19014599  29.02477892 
  1.453750e+00  -2365.19014599  29.02477892 
  1.455000e+00  -2365.19014599  29.02477892 
  1.456250e+00  -2365.19014599  29.02477892 
  1.457500e+00  -2365.19014599  29.02477892 
  1.458750e+00  -2365.19014599  29.02477892 
  1.460000e+00  -2365.19014599  29.02477892 
  1.461250e+00  -2365.19014599  29.02477892 
  1.462500e+00  -2365.19014599  29.02477892 
  1.463750e+00  -2365.19014599  29.02477892 
  1.465000e+00  -2365.19014599  29.02477893 
  1.466250e+00  -2365.19014599  29.02477893 
  1.467500e+00  -2365.19014599  29.02477893 
  1.468750e+00  -2365.19014599  29.02477893 
  1.470000e+00  -2365.19014599  29.02477893 
  1.471250e+00  -2365.19014599  29.02477893 
  1.472500e+00  -2365.19014599  29.02477893 
  1.473750e+00  -2365.19014599  29.02477893 
  1.475000e+00  -2365.19014599  29.02477893 
  1.476250e+00  -2365.19014599  29.02477893 
  1.477500e+00  -2365.19014599  29.02477893 
  1.478750e+00  -2365.19014599  29.02477893 
  1.480000e+00  -2365.19014599  29.02477893 
  1.481250e+00  -2365.19014599  29.02477894 
  1.482500e+00  -2365.19014599  29.02477894 
  1.483750e+00  -2365.19014599  29.02477894 
  1.485000e+00  -2365.19014599  29.02477894 
  1.486250e+00  -2365.19014599  29.02477894 
  1.487500e+00  -2365.19014599  29.02477894 
  1.488750e+00  -2365.19014599  29.02477894 
  1.490000e+00  -2365.19014599  29.02477894 
  1.491250e+00  -2365.19014599  29.02477894 
  1.492500e+00  -2365.19014599  29.02477894 
  1.493750e+00  -2365.19014599  29.02477894 
  1.495000e+00  -2365.19014599  29.02477894 
  1.496250e+00  -2365.19014599  29.02477895 
  1.497500e+00  -2365.19014599  29.02477895 
  1.498750e+00  -2365.19014599  29.02477895 
  1.500000e+00  -2365.19014599  29.02477895 
  1.501250e+00  -2365.19014599  29.02477895 
  1.502500e+00  -2365.19014599  29.02477895 
  1.503750e+00  -2365.19014599  29.02477895 
  1.505000e+00  -2365.19014599  29.02477895 
  1.506250e+00  -2365.19014599  29.02477895 
  1.507500e+00  -2365.19014599  29.02477895 
  1.508750e+00  -2365.19014599  29.02477895 
  1.510000e+00  -2365.19014599  29.02477896 
  1.511250e+00  -2365.19014599  29.02477896 
  1.512500e+00  -2365.19014599  29.02477896 
  1.513750e+00  -2365.19014599  29.02477896 
  1.515000e+00  -2365.19014599  29.02477896 
  1.516250e+00  -2365.19014599  29.02477896 
  1.517500e+00  -2365.19014599  29.02477896 
  1.518750e+00  -2365.19014599  29.02477896 
  1.520000e+00  -2365.19014599  29.02477896 
  1.521250e+00  -2365.19014599  29.02477896 
  1.522500e+00  -2365.19014599  29.02477896 
  1.523750e+00  -2365.19014599  29.02477897 
  1.525000e+00  -2365.19014599  29.02477897 
  1.526250e+00  -2365.19014599  29.02477897 
  1.527500e+00  -2365.19014599  29.02477897 
  1.528750e+00  -2365.19014599  29.02477897 
  1.530000e+00  -2365.19014599  29.02477897 
  1.531250e+00  -2365.19014599  29.02477897 
  1.532500e+00  -2365.19014599  29.02477897 
  1.533750e+00  -2365.19014599  29.02477897 
  1.535000e+00  -2365.19014599  29.02477897 
  1.536250e+00  -2365.19014599  29.02477898 
  1.537500e+00  -2365.19014599  29.02477898 
  1.538750e+00  -2365.19014599  29.02477898 
  1.540000e+00  -2365.19014599  29.02477898 
  1.541250e+00  -2365.19014599  29.02477898 
  1.542500e+00  -2365.19014599  29.02477898 
  1.543750e+00  -2365.19014599  29.02477898 
  1.545000e+00  -2365.19014599  29.02477898 
  1.546250e+00  -2365.19014599  29.02477898 
  1.547500e+00  -2365.19014599  29.02477899 
  1.548750e+00  -2365.19014599  29.02477899 
  1.550000e+00  -2365.19014599  29.02477899 
  1.551250e+00  -2365.19014599  29.02477899 
  1.552500e+00  -2365.19014599  29.02477899 
  1.553750e+00  -2365.19014599  29.02477899 
  1.555000e+00  -2365.19014599  29.02477899 
  1.556250e+00  -2365.19014599  29.02477899 
  1.557500e+00  -2365.19014599  29.02477899 
  1.558750e+00  -2365.19014599  29.02477899 
  1.560000e+00  -2365.19014599  29.02477900 
  1.561250e+00  -2365.19014599  29.02477900 
  1.562500e+00  -2365.19014599  29.02477900 
  1.563750e+00  -2365.19014599  29.02477900 
  1.565000e+00  -2365.19014599  29.02477900 
  1.566250e+00  -2365.19014599  29.02477900 
  1.567500e+00  -2365.19014599  29.02477900 
  1.568750e+00  -2365.19014599  29.02477900 
  1.570000e+00  -2365.19014599  29.02477900 
  1.571250e+00  -2365.19014599  29.02477901 
  1.572500e+00  -2365.19014599  29.02477901 
  1.573750e+00  -2365.19014599  29.02477901 
  1.575000e+00  -2365.19014599  29.02477901 
  1.576250e+00  -2365.19014599  29.02477901 
  1.577500e+00  -2365.19014599  29.02477901 
  1.578750e+00  -2365.19014599  29.02477901 
  1.580000e+00  -2365.19014599  29.02477901 
  1.581250e+00  -2365.19014599  29.02477901 
  1.582500e+00  -2365.19014599  29.02477902 
  1.583750e+00  -2365.19014599  29.02477902 
  1.585000e+00  -2365.19014599  29.02477902 
  1.586250e+00  -2365.19014599  29.02477902 
  1.587500e+00  -2365.19014599  29.02477902 
  1.588750e+00  -2365.19014599  29.02477902 
  1.590000e+00  -2365.19014599  29.02477902 
  1.591250e+00  -2365.19014599  29.02477902 
  1.592500e+00  -2365.19014599  29.02477903 
  1.593750e+00  -2365.19014599  29.02477903 
  1.595000e+00  -2365.19014599  29.02477903 
  1.596250e+00  -2365.19014599  29.02477903 
  1.597500e+00  -2365.19014599  29.02477903 
  1.598750e+00  -2365.19014599  29.02477903 
  1.600000e+00  -2365.19014599  29.02477903 
  1.601250e+00  -2365.19014599  29.02477903 
  1.602500e+00  -2365.19014599  29.02477903 
  1.603750e+00  -2365.19014599  29.02477904 
  1.605000e+00  -2365.19014599  29.02477904 
  1.606250e+00  -2365.19014599  29.02477904 
  1.607500e+00  -2365.19014599  29.02477904 
  1.608750e+00  -2365.19014599  29.02477904 
  1.610000e+00  -2365.19014599  29.02477904 
  1.611250e+00  -2365.19014599  29.02477904 
  1.612500e+00  -2365.19014599  29.02477904 
  1.613750e+00  -2365.19014599  29.02477905 
  1.615000e+00  -2365.19014599  29.02477905 
  1.616250e+00  -2365.19014599  29.02477905 
  1.617500e+00  -2365.19014599  29.02477905 
  1.618750e+00  -2365.19014599  29.02477905 
  1.620000e+00  -2365.19014599  29.02477905 
  1.621250e+00  -2365.19014599  29.02477905 
  1.622500e+00  -2365.19014599  29.02477905 
  1.623750e+00  -2365.19014599  29.02477906 
  1.625000e+00  -2365.19014599  29.02477906 
  1.626250e+00  -2365.19014599  29.02477906 
  1.627500e+00  -2365.19014599  29.02477906 
  1.628750e+00  -2365.19014599  29.02477906 
  1.630000e+00  -2365.19014599  29.02477906 
  1.631250e+00  -2365.19014599  29.02477906 
  1.632500e+00  -2365.19014599  29.02477906 
  1.633750e+00  -2365.19014599  29.02477907 
  1.635000e+00  -2365.19014599  29.02477907 
  1.636250e+00  -2365.19014599  29.02477907 
  1.637500e+00  -2365.19014599  29.02477907 
  1.638750e+00  -2365.19014599  29.02477907 
  1.640000e+00  -2365.19014599  29.02477907 
  1.641250e+00  -2365.19014599  29.02477907 
  1.642500e+00  -2365.19014599  29.02477907 
  1.643750e+00  -2365.19014599  29.02477908 
  1.645000e+00  -2365.19014599  29.02477908 
  1.646250e+00  -2365.19014599  29.02477908 
  1.647500e+00  -2365.19014599  29.02477908 
  1.648750e+00  -2365.19014599  29.02477908 
  1.650000e+00  -2365.19014599  29.02477908 
  1.651250e+00  -2365.19014599  29.02477908 
  1.652500e+00  -2365.19014599  29.02477908 
  1.653750e+00  -2365.19014599  29.02477909 
  1.655000e+00  -2365.19014599  29.02477909 
  1.656250e+00  -2365.19014599  29.02477909 
  1.657500e+00  -2365.19014599  29.02477909 
  1.658750e+00  -2365.19014599  29.02477909 
  1.660000e+00  -2365.19014599  29.02477909 
  1.661250e+00  -2365.19014599  29.02477909 
  1.662500e+00  -2365.19014599  29.02477909 
  1.663750e+00  -2365.19014599  29.02477910 
  1.665000e+00  -2365.19014599  29.02477910 
  1.666250e+00  -2365.19014599  29.02477910 
  1.667500e+00  -2365.19014599  29.02477910 
  1.668750e+00  -2365.19014599  29.02477910 
  1.670000e+00  -2365.19014599  29.02477910 
  1.671250e+00  -2365.19014599  29.02477910 
  1.672500e+00  -2365.19014599  29.02477911 
  1.673750e+00  -2365.19014599  29.02477911 
  1.675000e+00  -2365.19014599  29.02477911 
  1.676250e+00  -2365.19014599  29.02477911 
  1.677500e+00  -2365.19014599  29.02477911 
  1.678750e+00  -2365.19014599  29.02477911 
  1.680000e+00  -2365.19014599  29.02477911 
  1.681250e+00  -2365.19014599  29.02477911 
  1.682500e+00  -2365.19014599  29.02477912 
  1.683750e+00  -2365.19014599  29.02477912 
  1.685000e+00  -2365.19014599  29.02477912 
  1.686250e+00  -2365.19014599  29.02477912 
  1.687500e+00  -2365.19014599  29.02477912 
  1.688750e+00  -2365.19014599  29.02477912 
  1.690000e+00  -2365.19014599  29.02477912 
  1.691250e+00  -2365.19014599  29.02477912 
  1.692500e+00  -2365.19014599  29.02477913 
  1.693750e+00  -2365.19014599  29.02477913 
  1.695000e+00  -2365.19014599  29.02477913 
  1.696250e+00  -2365.19014599  29.02477913 
  1.697500e+00  -2365.19014599  29.02477913 
  1.698750e+00  -2365.19014599  29.02477913 
  1.700000e+00  -2365.19014599  29.02477913 
  1.701250e+00  -2365.19014599  29.02477914 
  1.702500e+00  -2365.19014599  29.02477914 
  1.703750e+00  -2365.19014599  29.02477914 
  1.705000e+00  -2365.19014599  29.02477914 
  1.706250e+00  -2365.19014599  29.02477914 
  1.707500e+00  -2365.19014599  29.02477914 
  1.708750e+00  -2365.19014599  29.02477914 
  1.710000e+00  -2365.19014599  29.02477914 
  1.711250e+00  -2365.19014599  29.02477915 
  1.712500e+00  -2365.19014599  29.02477915 
  1.713750e+00  -2365.19014599  29.02477915 
  1.715000e+00  -2365.19014599  29.02477915 
  1.716250e+00  -2365.19014599  29.02477915 
  1.717500e+00  -2365.19014599  29.02477915 
  1.718750e+00  -2365.19014599  29.02477915 
  1.720000e+00  -2365.19014599  29.02477915 
  1.721250e+00  -2365.19014599  29.02477916 
  1.722500e+00  -2365.19014599  29.02477916 
  1.723750e+00  -2365.19014599  29.02477916 
  1.725000e+00  -2365.19014599  29.02477916 
  1.726250e+00  -2365.19014599  29.02477916 
  1.727500e+00  -2365.19014599  29.02477916 
  1.728750e+00  -2365.19014599  29.02477916 
  1.730000e+00  -2365.19014599  29.02477916 
  1.731250e+00  -2365.19014599  29.02477917 
  1.732500e+00  -2365.19014599  29.02477917 
  1.733750e+00  -2365.19014599  29.02477917 
  1.735000e+00  -2365.19014599  29.02477917 
  1.736250e+00  -2365.19014599  29.02477917 
  1.737500e+00  -2365.19014599  29.02477917 
  1.738750e+00  -2365.19014599  29.02477917 
  1.740000e+00  -2365.19014599  29.02477918 
  1.741250e+00  -2365.19014599  29.02477918 
  1.742500e+00  -2365.19014599  29.02477918 
  1.743750e+00  -2365.19014599  29.02477918 
  1.745000e+00  -2365.19014599  29.02477918 
  1.746250e+00  -2365.19014599  29.02477918 
  1.747500e+00  -2365.19014599  29.02477918 
  1.748750e+00  -2365.19014599  29.02477918 
  1.750000e+00  -2365.19014599  29.02477919 
  1.751250e+00  -2365.19014599  29.02477919 
  1.752500e+00  -2365.19014599  29.02477919 
  1.753750e+00  -2365.19014599  29.02477919 
  1.755000e+00  -2365.19014599  29.02477919 
  1.756250e+00  -2365.19014599  29.02477919 
  1.757500e+00  -2365.19014599  29.02477919 
  1.758750e+00  -2365.19014599  29.02477919 
  1.760000e+00  -2365.19014599  29.02477920 
  1.761250e+00  -2365.19014599  29.02477920 
  1.762500e+00  -2365.19014599  29.02477920 
  1.763750e+00  -2365.19014599  29.02477920 
  1.765000e+00  -2365.19014599  29.02477920 
  1.766250e+00  -2365.19014599  29.02477920 
  1.767500e+00  -2365.19014599  29.02477920 
  1.768750e+00  -2365.19014599  29.02477920 
  1.770000e+00  -2365.19014599  29.02477921 
  1.771250e+00  -2365.19014599  29.02477921 
  1.772500e+00  -2365.19014599  29.02477921 
  1.773750e+00  -2365.19014599  29.02477921 
  1.775000e+00  -2365.19014599  29.02477921 
  1.776250e+00  -2365.19014599  29.02477921 
  1.777500e+00  -2365.19014599  29.02477921 
  1.778750e+00  -2365.19014599  29.02477921 
  1.780000e+00  -2365.19014599  29.02477922 
  1.781250e+00  -2365.19014599  29.02477922 
  1.782500e+00  -2365.19014599  29.02477922 
  1.783750e+00  -2365.19014599  29.02477922 
  1.785000e+00  -2365.19014599  29.02477922 
  1.786250e+00  -2365.19014599  29.02477922 
  1.787500e+00  -2365.19014599  29.02477922 
  1.788750e+00  -2365.19014599  29.02477922 
  1.790000e+00  -2365.19014599  29.02477923 
  1.791250e+00  -2365.19014599  29.02477923 
  1.792500e+00  -2365.19014599  29.02477923 
  1.793750e+00  -2365.19014599  29.02477923 
  1.795000e+00  -2365.19014599  29.02477923 
  1.796250e+00  -2365.19014599  29.02477923 
  1.797500e+00  -2365.19014599  29.02477923 
  1.798750e+00  -2365.19014599  29.02477923 
  1.800000e+00  -2365.19014599  29.02477924 
  1.801250e+00  -2365.19014599  29.02477924 
  1.802500e+00  -2365.19014599  29.02477924 
  1.803750e+00  -2365.19014599  29.02477924 
  1.805000e+00  -2365.19014599  29.02477924 
  1.806250e+00  -2365.19014599  29.02477924 
  1.807500e+00  -2365.19014599  29.02477924 
  1.808750e+00  -2365.19014599  29.02477924 
  1.810000e+00  -2365.19014599  29.02477925 
  1.811250e+00  -2365.19014599  29.02477925 
  1.812500e+00  -2365.19014599  29.02477925 
  1.813750e+00  -2365.19014599  29.02477925 
  1.815000e+00  -2365.19014599  29.02477925 
  1.816250e+00  -2365.19014599  29.02477925 
  1.817500e+00  -2365.19014599  29.02477925 
  1.818750e+00  -2365.19014599  29.02477925 
  1.820000e+00  -2365.19014599  29.02477926 
  1.821250e+00  -2365.19014599  29.02477926 
  1.822500e+00  -2365.19014599  29.02477926 
  1.823750e+00  -2365.19014599  29.02477926 
  1.825000e+00  -2365.19014599  29.02477926 
  1.826250e+00  -2365.19014599  29.02477926 
  1.827500e+00  -2365.19014599  29.02477926 
  1.828750e+00  -2365.19014599  29.02477926 
  1.830000e+00  -2365.19014599  29.02477927 
  1.831250e+00  -2365.19014599  29.02477927 
  1.832500e+00  -2365.19014599  29.02477927 
  1.833750e+00  -2365.19014599  29.02477927 
  1.835000e+00  -2365.19014599  29.02477927 
  1.836250e+00  -2365.19014599  29.02477927 
  1.837500e+00  -2365.19014599  29.02477927 
  1.838750e+00  -2365.19014599  29.02477927 
  1.840000e+00  -2365.19014599  29.02477927 
  1.841250e+00  -2365.19014599  29.02477928 
  1.842500e+00  -2365.19014599  29.02477928 
  1.843750e+00  -2365.19014599  29.02477928 
  1.845000e+00  -2365.19014599  29.02477928 
  1.846250e+00  -2365.19014599  29.02477928 
  1.847500e+00  -2365.19014599  29.02477928 
  1.848750e+00  -2365.19014599  29.02477928 
  1.850000e+00  -2365.19014599  29.02477928 
  1.851250e+00  -2365.19014599  29.02477929 
  1.852500e+00  -2365.19014599  29.02477929 
  1.853750e+00  -2365.19014599  29.02477929 
  1.855000e+00  -2365.19014599  29.02477929 
  1.856250e+00  -2365.19014599  29.02477929 
  1.857500e+00  -2365.19014599  29.02477929 
  1.858750e+00  -2365.19014599  29.02477929 
  1.860000e+00  -2365.19014599  29.02477929 
  1.861250e+00  -2365.19014599  29.02477929 
  1.862500e+00  -2365.19014599  29.02477930 
  1.863750e+00  -2365.19014599  29.02477930 
  1.865000e+00  -2365.19014599  29.02477930 
  1.866250e+00  -2365.19014599  29.02477930 
  1.867500e+00  -2365.19014599  29.02477930 
  1.868750e+00  -2365.19014599  29.02477930 
  1.870000e+00  -2365.19014599  29.02477930 
  1.871250e+00  -2365.19014599  29.02477930 
  1.872500e+00  -2365.19014599  29.02477931 
  1.873750e+00  -2365.19014599  29.02477931 
  1.875000e+00  -2365.19014599  29.02477931 
  1.876250e+00  -2365.19014599  29.02477931 
  1.877500e+00  -2365.19014599  29.02477931 
  1.878750e+00  -2365.19014599  29.02477931 
  1.880000e+00  -2365.19014599  29.02477931 
  1.881250e+00  -2365.19014599  29.02477931 
  1.882500e+00  -2365.19014599  29.02477931 
  1.883750e+00  -2365.19014599  29.02477932 
  1.885000e+00  -2365.19014599  29.02477932 
  1.886250e+00  -2365.19014599  29.02477932 
  1.887500e+00  -2365.19014599  29.02477932 
  1.888750e+00  -2365.19014599  29.02477932 
  1.890000e+00  -2365.19014599  29.02477932 
  1.891250e+00  -2365.19014599  29.02477932 
  1.892500e+00  -2365.19014599  29.02477932 
  1.893750e+00  -2365.19014599  29.02477932 
  1.895000e+00  -2365.19014599  29.02477933 
  1.896250e+00  -2365.19014599  29.02477933 
  1.897500e+00  -2365.19014599  29.02477933 
  1.898750e+00  -2365.19014599  29.02477933 
  1.900000e+00  -2365.19014599  29.02477933 
  1.901250e+00  -2365.19014599  29.02477933 
  1.902500e+00  -2365.19014599  29.02477933 
  1.903750e+00  -2365.19014599  29.02477933 
  1.905000e+00  -2365.19014599  29.02477933 
  1.906250e+00  -2365.19014599  29.02477934 
  1.907500e+00  -2365.19014599  29.02477934 
  1.908750e+00  -2365.19014599  29.02477934 
  1.910000e+00  -2365.19014599  29.02477934 
  1.911250e+00  -2365.19014599  29.02477934 
  1.912500e+00  -2365.19014599  29.02477934 
  1.913750e+00  -2365.19014599  29.02477934 
  1.915000e+00  -2365.19014599  29.02477934 
  1.916250e+00  -2365.19014599  29.02477934 
  1.917500e+00  -2365.19014599  29.02477935 
  1.918750e+00  -2365.19014599  29.02477935 
  1.920000e+00  -2365.19014599  29.02477935 
  1.921250e+00  -2365.19014599  29.02477935 
  1.922500e+00  -2365.19014599  29.02477935 
  1.923750e+00  -2365.19014599  29.02477935 
  1.925000e+00  -2365.19014599  29.02477935 
  1.926250e+00  -2365.19014599  29.02477935 
  1.927500e+00  -2365.19014599  29.02477935 
  1.928750e+00  -2365.19014599  29.02477936 
  1.930000e+00  -2365.19014599  29.02477936 
  1.931250e+00  -2365.19014599  29.02477936 
  1.932500e+00  -2365.19014599  29.02477936 
  1.933750e+00  -2365.19014599  29.02477936 
  1.935000e+00  -2365.19014599  29.02477936 
  1.936250e+00  -2365.19014599  29.02477936 
  1.937500e+00  -2365.19014599  29.02477936 
  1.938750e+00  -2365.19014599  29.02477936 
  1.940000e+00  -2365.19014599  29.02477937 
  1.941250e+00  -2365.19014599  29.02477937 
  1.942500e+00  -2365.19014599  29.02477937 
  1.943750e+00  -2365.19014599  29.02477937 
  1.945000e+00  -2365.19014599  29.02477937 
  1.946250e+00  -2365.19014599  29.02477937 
  1.947500e+00  -2365.19014599  29.02477937 
  1.948750e+00  -2365.19014599  29.02477937 
  1.950000e+00  -2365.19014599  29.02477937 
  1.951250e+00  -2365.19014599  29.02477937 
  1.952500e+00  -2365.19014599  29.02477938 
  1.953750e+00  -2365.19014599  29.02477938 
  1.955000e+00  -2365.19014599  29.02477938 
  1.956250e+00  -2365.19014599  29.02477938 
  1.957500e+00  -2365.19014599  29.02477938 
  1.958750e+00  -2365.19014599  29.02477938 
  1.960000e+00  -2365.19014599  29.02477938 
  1.961250e+00  -2365.19014599  29.02477938 
  1.962500e+00  -2365.19014599  29.02477938 
  1.963750e+00  -2365.19014599  29.02477939 
  1.965000e+00  -2365.19014599  29.02477939 
  1.966250e+00  -2365.19014599  29.02477939 
  1.967500e+00  -2365.19014599  29.02477939 
  1.968750e+00  -2365.19014599  29.02477939 
  1.970000e+00  -2365.19014599  29.02477939 
  1.971250e+00  -2365.19014599  29.02477939 
  1.972500e+00  -2365.19014599  29.02477939 
  1.973750e+00  -2365.19014599  29.02477939 
  1.975000e+00  -2365.19014599  29.02477939 
  1.976250e+00  -2365.19014599  29.02477940 
  1.977500e+00  -2365.19014599  29.02477940 
  1.978750e+00  -2365.19014599  29.02477940 
  1.980000e+00  -2365.19014599  29.02477940 
  1.981250e+00  -2365.19014599  29.02477940 
  1.982500e+00  -2365.19014599  29.02477940 
  1.983750e+00  -2365.19014599  29.02477940 
  1.985000e+00  -2365.19014599  29.02477940 
  1.986250e+00  -2365.19014599  29.02477940 
  1.987500e+00  -2365.19014599  29.02477940 
  1.988750e+00  -2365.19014599  29.02477941 
  1.990000e+00  -2365.19014599  29.02477941 
  1.991250e+00  -2365.19014599  29.02477941 
  1.992500e+00  -2365.19014599  29.02477941 
  1.993750e+00  -2365.19014599  29.02477941 
  1.995000e+00  -2365.19014599  29.02477941 
  1.996250e+00  -2365.19014599  29.02477941 
  1.997500e+00  -2365.19014599  29.02477941 
  1.998750e+00  -2365.19014599  29.02477941 
  2.000000e+00  -2365.19014599  29.02477941 
