  2.500000e-03  345.558611  1872.514103
  3.750000e-03  343.535509  1868.815283
  5.000000e-03  341.655542  1865.283325
  6.250000e-03  340.128874  1861.529665
  7.500000e-03  339.027525  1857.316360
  8.750000e-03  338.322468  1852.548311
  1.000000e-02  337.926175  1847.201556
  1.125000e-02  337.729291  1841.253481
  1.250000e-02  337.626935  1834.649836
  1.375000e-02  337.534198  1827.307056
  1.500000e-02  337.392954  1819.132392
  1.625000e-02  337.172851  1810.046414
  1.750000e-02  336.868674  1800.001058
  1.875000e-02  336.495353  1788.992312
  2.000000e-02  336.081460  1777.068299
  2.125000e-02  335.662027  1764.332623
  2.250000e-02  335.271609  1750.941618
  2.375000e-02  334.938485  1737.094038
  2.500000e-02  334.680687  1723.013454
  2.625000e-02  334.504240  1708.926118
  2.750000e-02  334.403617  1695.038990
  2.875000e-02  334.364049  1681.522684
  3.000000e-02  334.365038  1668.502386
  3.125000e-02  334.384243  1656.057210
  3.250000e-02  334.400984  1644.226093
  3.375000e-02  334.398781  1633.017156
  3.500000e-02  334.366686  1622.417535
  3.625000e-02  334.299490  1612.401764
  3.750000e-02  334.197071  1602.937950
  3.875000e-02  334.063222  1593.991880
  4.000000e-02  333.904280  1585.529504
  4.125000e-02  333.727790  1577.518313
  4.250000e-02  333.541355  1569.927988
  4.375000e-02  333.351769  1562.730597
  4.500000e-02  333.164460  1555.900521
  4.625000e-02  332.983237  1549.414231
  4.750000e-02  332.810310  1543.250010
  4.875000e-02  332.646505  1537.387690
  5.000000e-02  332.491596  1531.808437
  5.125000e-02  332.344689  1526.494608
  5.250000e-02  332.204575  1521.429674
  5.375000e-02  332.070022  1516.598184
  5.500000e-02  331.939967  1511.985740
  5.625000e-02  331.813623  1507.578970
  5.750000e-02  331.690498  1503.365480
  5.875000e-02  331.570362  1499.333796
  6.000000e-02  331.453172  1495.473280
  6.125000e-02  331.339000  1491.774052
  6.250000e-02  331.227952  1488.226909
  6.375000e-02  331.120120  1484.823247
  6.500000e-02  331.015536  1481.554997
  6.625000e-02  330.914167  1478.414572
  6.750000e-02  330.815909  1475.394821
  6.875000e-02  330.720601  1472.488990
  7.000000e-02  330.628048  1469.690696
  7.125000e-02  330.538029  1466.993901
  7.250000e-02  330.450324  1464.392887
  7.375000e-02  330.364719  1461.882234
  7.500000e-02  330.281017  1459.456800
  7.625000e-02  330.199036  1457.111703
  7.750000e-02  330.118612  1454.842295
  7.875000e-02  330.039596  1452.644148
  8.000000e-02  329.961846  1450.513035
  8.125000e-02  329.885227  1448.444909
  8.250000e-02  329.809604  1446.435888
  8.375000e-02  329.734839  1444.482243
  8.500000e-02  329.660794  1442.580376
  8.625000e-02  329.587323  1440.726810
  8.750000e-02  329.514277  1438.918172
  8.875000e-02  329.441498  1437.151182
  9.000000e-02  329.368828  1435.422633
  9.125000e-02  329.296100  1433.729377
  9.250000e-02  329.223142  1432.068315
  9.375000e-02  329.149776  1430.436370
  9.500000e-02  329.075819  1428.830479
  9.625000e-02  329.001079  1427.247568
  9.750000e-02  328.925354  1425.684531
  9.875000e-02  328.848434  1424.138212
  1.000000e-01  328.770095  1422.605372
  1.012500e-01  328.690102  1421.082666
  1.025000e-01  328.608201  1419.566610
  1.037500e-01  328.524124  1418.053541
  1.050000e-01  328.437582  1416.539580
  1.062500e-01  328.348264  1415.020581
  1.075000e-01  328.255837  1413.492077
  1.087500e-01  328.159943  1411.949220
  1.100000e-01  328.060195  1410.386705
  1.112500e-01  327.956180  1408.798695
  1.125000e-01  327.847455  1407.178724
  1.137500e-01  327.733550  1405.519601
  1.150000e-01  327.613969  1403.813298
  1.162500e-01  327.488193  1402.050834
  1.175000e-01  327.355693  1400.222161
  1.187500e-01  327.215936  1398.316060
  1.200000e-01  327.068407  1396.320065
  1.212500e-01  326.912635  1394.220438
  1.225000e-01  326.748225  1392.002231
  1.237500e-01  326.574906  1389.649492
  1.250000e-01  326.392587  1387.145658
  1.262500e-01  326.201422  1384.474219
  1.275000e-01  326.001888  1381.619708
  1.287500e-01  325.794857  1378.569061
  1.300000e-01  325.581656  1375.313310
  1.312500e-01  325.364104  1371.849505
  1.325000e-01  325.144496  1368.182590
  1.337500e-01  324.925516  1364.326863
  1.350000e-01  324.710074  1360.306544
  1.362500e-01  324.501060  1356.155064
  1.375000e-01  324.301041  1351.912884
  1.387500e-01  324.111946  1347.624047
  1.400000e-01  323.934790  1343.332004
  1.412500e-01  323.769504  1339.075505
  1.425000e-01  323.614895  1334.885316
  1.437500e-01  323.468764  1330.782254
  1.450000e-01  323.328138  1326.776644
  1.462500e-01  323.189590  1322.868974
  1.475000e-01  323.049565  1319.051324
  1.487500e-01  322.904674  1315.309095
  1.500000e-01  322.751909  1311.622684
  1.512500e-01  322.588772  1307.968884
  1.525000e-01  322.413320  1304.321946
  1.537500e-01  322.224158  1300.654318
  1.550000e-01  322.020396  1296.937170
  1.562500e-01  321.801594  1293.140780
  1.575000e-01  321.567719  1289.234932
  1.587500e-01  321.319126  1285.189412
  1.600000e-01  321.056560  1280.974725
  1.612500e-01  320.781188  1276.563133
  1.625000e-01  320.494661  1271.930096
  1.637500e-01  320.199174  1267.056131
  1.650000e-01  319.897537  1261.929060
  1.662500e-01  319.593201  1256.546463
  1.675000e-01  319.290240  1250.918024
  1.687500e-01  318.993242  1245.067325
  1.700000e-01  318.707103  1239.032564
  1.712500e-01  318.436714  1232.865727
  1.725000e-01  318.186580  1226.629971
  1.737500e-01  317.960399  1220.395352
  1.750000e-01  317.760686  1214.233443
  1.762500e-01  317.588504  1208.211707
  1.775000e-01  317.443366  1202.388569
  1.787500e-01  317.323324  1196.809945
  1.800000e-01  317.225236  1191.507610
  1.812500e-01  317.145168  1186.499344
  1.825000e-01  317.078843  1181.790474
  1.837500e-01  317.022076  1177.376242
  1.850000e-01  316.971126  1173.244468
  1.862500e-01  316.922933  1169.378071
  1.875000e-01  316.875225  1165.757213
  1.887500e-01  316.826517  1162.360940
  1.900000e-01  316.776029  1159.168368
  1.912500e-01  316.723554  1156.159451
  1.925000e-01  316.669299  1153.315438
  1.937500e-01  316.613740  1150.619106
  1.950000e-01  316.557482  1148.054834
  1.962500e-01  316.501155  1145.608588
  1.975000e-01  316.445338  1143.267838
  1.987500e-01  316.390501  1141.021452
  2.000000e-01  316.336989  1138.859572
  2.012500e-01  316.285012  1136.773491
  2.025000e-01  316.234656  1134.755532
  2.037500e-01  316.185908  1132.798931
  2.050000e-01  316.138679  1130.897731
  2.062500e-01  316.092834  1129.046690
  2.075000e-01  316.048215  1127.241189
  2.087500e-01  316.004667  1125.477159
  2.100000e-01  315.962050  1123.751009
  2.112500e-01  315.920250  1122.059572
  2.125000e-01  315.879185  1120.400046
  2.137500e-01  315.838806  1118.769949
  2.150000e-01  315.799093  1117.167084
  2.162500e-01  315.760047  1115.589497
  2.175000e-01  315.721690  1114.035453
  2.187500e-01  315.684055  1112.503403
  2.200000e-01  315.647180  1110.991968
  2.212500e-01  315.611108  1109.499915
  2.225000e-01  315.575879  1108.026142
  2.237500e-01  315.541532  1106.569659
  2.250000e-01  315.508104  1105.129584
  2.262500e-01  315.475626  1103.705122
  2.275000e-01  315.444131  1102.295563
  2.287500e-01  315.413647  1100.900271
  2.300000e-01  315.384206  1099.518679
  2.312500e-01  315.355838  1098.150280
  2.325000e-01  315.328575  1096.794627
  2.337500e-01  315.302452  1095.451324
  2.350000e-01  315.277505  1094.120027
  2.362500e-01  315.253774  1092.800436
  2.375000e-01  315.231298  1091.492296
  2.387500e-01  315.210120  1090.195392
  2.400000e-01  315.190281  1088.909550
  2.412500e-01  315.171824  1087.634631
  2.425000e-01  315.154790  1086.370530
  2.437500e-01  315.139219  1085.117175
  2.450000e-01  315.125148  1083.874524
  2.462500e-01  315.112612  1082.642563
  2.475000e-01  315.101641  1081.421303
  2.487500e-01  315.092262  1080.210778
  2.500000e-01  315.084495  1079.011043
  2.512500e-01  315.078355  1077.822171
  2.525000e-01  315.073851  1076.644251
  2.537500e-01  315.070986  1075.477384
  2.550000e-01  315.069754  1074.321682
  2.562500e-01  315.070143  1073.177262
  2.575000e-01  315.072132  1072.044249
  2.587500e-01  315.075695  1070.922769
  2.600000e-01  315.080795  1069.812947
  2.612500e-01  315.087392  1068.714908
  2.625000e-01  315.095436  1067.628769
  2.637500e-01  315.104870  1066.554645
  2.650000e-01  315.115635  1065.492640
  2.662500e-01  315.127662  1064.442848
  2.675000e-01  315.140880  1063.405355
  2.687500e-01  315.155214  1062.380232
  2.700000e-01  315.170587  1061.367540
  2.712500e-01  315.186916  1060.367325
  2.725000e-01  315.204120  1059.379622
  2.737500e-01  315.222116  1058.404448
  2.750000e-01  315.240821  1057.441810
  2.762500e-01  315.260153  1056.491700
  2.775000e-01  315.280031  1055.554095
  2.787500e-01  315.300375  1054.628961
  2.800000e-01  315.321108  1053.716251
  2.812500e-01  315.342157  1052.815904
  2.825000e-01  315.363450  1051.927849
  2.837500e-01  315.384919  1051.052005
  2.850000e-01  315.406500  1050.188277
  2.862500e-01  315.428132  1049.336565
  2.875000e-01  315.449758  1048.496757
  2.887500e-01  315.471326  1047.668732
  2.900000e-01  315.492785  1046.852365
  2.912500e-01  315.514091  1046.047520
  2.925000e-01  315.535201  1045.254058
  2.937500e-01  315.556077  1044.471833
  2.950000e-01  315.576683  1043.700692
  2.962500e-01  315.596989  1042.940482
  2.975000e-01  315.616964  1042.191041
  2.987500e-01  315.636583  1041.452208
  3.000000e-01  315.655823  1040.723816
  3.012500e-01  315.674664  1040.005697
  3.025000e-01  315.693087  1039.297681
  3.037500e-01  315.711076  1038.599597
  3.050000e-01  315.728617  1037.911270
  3.062500e-01  315.745698  1037.232527
  3.075000e-01  315.762310  1036.563194
  3.087500e-01  315.778443  1035.903097
  3.100000e-01  315.794090  1035.252060
  3.112500e-01  315.809245  1034.609910
  3.125000e-01  315.823905  1033.976473
  3.137500e-01  315.838064  1033.351576
  3.150000e-01  315.851722  1032.735048
  3.162500e-01  315.864877  1032.126718
  3.175000e-01  315.877528  1031.526417
  3.187500e-01  315.889675  1030.933978
  3.200000e-01  315.901318  1030.349235
  3.212500e-01  315.912461  1029.772023
  3.225000e-01  315.923104  1029.202180
  3.237500e-01  315.933251  1028.639547
  3.250000e-01  315.942904  1028.083964
  3.262500e-01  315.952066  1027.535276
  3.275000e-01  315.960743  1026.993330
  3.287500e-01  315.968937  1026.457974
  3.300000e-01  315.976653  1025.929058
  3.312500e-01  315.983896  1025.406437
  3.325000e-01  315.990671  1024.889965
  3.337500e-01  315.996983  1024.379501
  3.350000e-01  316.002837  1023.874906
  3.362500e-01  316.008239  1023.376042
  3.375000e-01  316.013195  1022.882776
  3.387500e-01  316.017709  1022.394975
  3.400000e-01  316.021788  1021.912509
  3.412500e-01  316.025438  1021.435253
  3.425000e-01  316.028665  1020.963081
  3.437500e-01  316.031474  1020.495871
  3.450000e-01  316.033872  1020.033504
  3.462500e-01  316.035864  1019.575864
  3.475000e-01  316.037457  1019.122834
  3.487500e-01  316.038657  1018.674304
  3.500000e-01  316.039470  1018.230163
  3.512500e-01  316.039901  1017.790303
  3.525000e-01  316.039958  1017.354621
  3.537500e-01  316.039645  1016.923012
  3.550000e-01  316.038968  1016.495377
  3.562500e-01  316.037934  1016.071616
  3.575000e-01  316.036549  1015.651635
  3.587500e-01  316.034818  1015.235339
  3.600000e-01  316.032746  1014.822637
  3.612500e-01  316.030340  1014.413438
  3.625000e-01  316.027605  1014.007657
  3.637500e-01  316.024547  1013.605206
  3.650000e-01  316.021170  1013.206003
  3.662500e-01  316.017481  1012.809967
  3.675000e-01  316.013485  1012.417018
  3.687500e-01  316.009187  1012.027079
  3.700000e-01  316.004591  1011.640074
  3.712500e-01  315.999704  1011.255929
  3.725000e-01  315.994530  1010.874573
  3.737500e-01  315.989074  1010.495936
  3.750000e-01  315.983341  1010.119949
  3.762500e-01  315.977335  1009.746545
  3.775000e-01  315.971061  1009.375661
  3.787500e-01  315.964524  1009.007232
  3.800000e-01  315.957728  1008.641197
  3.812500e-01  315.950678  1008.277496
  3.825000e-01  315.943377  1007.916071
  3.837500e-01  315.935831  1007.556864
  3.850000e-01  315.928043  1007.199821
  3.862500e-01  315.920017  1006.844887
  3.875000e-01  315.911758  1006.492010
  3.887500e-01  315.903269  1006.141139
  3.900000e-01  315.894554  1005.792224
  3.912500e-01  315.885617  1005.445217
  3.925000e-01  315.876461  1005.100070
  3.937500e-01  315.867091  1004.756738
  3.950000e-01  315.857509  1004.415177
  3.962500e-01  315.847720  1004.075343
  3.975000e-01  315.837727  1003.737194
  3.987500e-01  315.827532  1003.400689
  4.000000e-01  315.817141  1003.065788
  4.012500e-01  315.806554  1002.732453
  4.025000e-01  315.795777  1002.400646
  4.037500e-01  315.784811  1002.070331
  4.050000e-01  315.773661  1001.741472
  4.062500e-01  315.762328  1001.414035
  4.075000e-01  315.750817  1001.087986
  4.087500e-01  315.739129  1000.763293
  4.100000e-01  315.727269  1000.439924
  4.112500e-01  315.715238  1000.117850
  4.125000e-01  315.703039  999.797039
  4.137500e-01  315.690676  999.477464
  4.150000e-01  315.678150  999.159096
  4.162500e-01  315.665466  998.841908
  4.175000e-01  315.652624  998.525873
  4.187500e-01  315.639628  998.210968
  4.200000e-01  315.626480  997.897165
  4.212500e-01  315.613183  997.584442
  4.225000e-01  315.599739  997.272776
  4.237500e-01  315.586151  996.962143
  4.250000e-01  315.572421  996.652522
  4.262500e-01  315.558552  996.343892
  4.275000e-01  315.544546  996.036232
  4.287500e-01  315.530405  995.729522
  4.300000e-01  315.516131  995.423743
  4.312500e-01  315.501727  995.118877
  4.325000e-01  315.487196  994.814904
  4.337500e-01  315.472539  994.511809
  4.350000e-01  315.457758  994.209574
  4.362500e-01  315.442856  993.908182
  4.375000e-01  315.427836  993.607619
  4.387500e-01  315.412698  993.307867
  4.400000e-01  315.397446  993.008914
  4.412500e-01  315.382081  992.710744
  4.425000e-01  315.366606  992.413344
  4.437500e-01  315.351023  992.116700
  4.450000e-01  315.335333  991.820800
  4.462500e-01  315.319539  991.525631
  4.475000e-01  315.303643  991.231181
  4.487500e-01  315.287647  990.937439
  4.500000e-01  315.271553  990.644393
  4.512500e-01  315.255364  990.352033
  4.525000e-01  315.239080  990.060348
  4.537500e-01  315.222704  989.769329
  4.550000e-01  315.206238  989.478966
  4.562500e-01  315.189685  989.189249
  4.575000e-01  315.173045  988.900170
  4.587500e-01  315.156321  988.611721
  4.600000e-01  315.139515  988.323892
  4.612500e-01  315.122629  988.036677
  4.625000e-01  315.105664  987.750068
  4.637500e-01  315.088624  987.464057
  4.650000e-01  315.071509  987.178638
  4.662500e-01  315.054321  986.893804
  4.675000e-01  315.037062  986.609549
  4.687500e-01  315.019735  986.325867
  4.700000e-01  315.002341  986.042752
  4.712500e-01  314.984881  985.760199
  4.725000e-01  314.967359  985.478202
  4.737500e-01  314.949775  985.196756
  4.750000e-01  314.932131  984.915858
  4.762500e-01  314.914430  984.635502
  4.775000e-01  314.896672  984.355685
  4.787500e-01  314.878860  984.076402
  4.800000e-01  314.860996  983.797649
  4.812500e-01  314.843081  983.519424
  4.825000e-01  314.825118  983.241723
  4.837500e-01  314.807107  982.964543
  4.850000e-01  314.789050  982.687882
  4.862500e-01  314.770950  982.411735
  4.875000e-01  314.752808  982.136102
  4.887500e-01  314.734626  981.860980
  4.900000e-01  314.716405  981.586367
  4.912500e-01  314.698148  981.312261
  4.925000e-01  314.679855  981.038661
  4.937500e-01  314.661528  980.765565
  4.950000e-01  314.643170  980.492971
  4.962500e-01  314.624782  980.220879
  4.975000e-01  314.606365  979.949288
  4.987500e-01  314.587921  979.678197
  5.000000e-01  314.569452  979.407605
  5.012500e-01  314.550959  979.137512
  5.025000e-01  314.532444  978.867917
  5.037500e-01  314.513908  978.598821
  5.050000e-01  314.495354  978.330222
  5.062500e-01  314.476782  978.062123
  5.075000e-01  314.458195  977.794521
  5.087500e-01  314.439594  977.527419
  5.100000e-01  314.420980  977.260816
  5.112500e-01  314.402354  976.994713
  5.125000e-01  314.383720  976.729111
  5.137500e-01  314.365077  976.464010
  5.150000e-01  314.346429  976.199411
  5.162500e-01  314.327775  975.935316
  5.175000e-01  314.309118  975.671726
  5.187500e-01  314.290459  975.408641
  5.200000e-01  314.271799  975.146063
  5.212500e-01  314.253141  974.883994
  5.225000e-01  314.234486  974.622434
  5.237500e-01  314.215835  974.361386
  5.250000e-01  314.197189  974.100851
  5.262500e-01  314.178550  973.840831
  5.275000e-01  314.159920  973.581327
  5.287500e-01  314.141300  973.322342
  5.300000e-01  314.122692  973.063876
  5.312500e-01  314.104096  972.805933
  5.325000e-01  314.085515  972.548514
  5.337500e-01  314.066949  972.291622
  5.350000e-01  314.048401  972.035257
  5.362500e-01  314.029871  971.779423
  5.375000e-01  314.011362  971.524122
  5.387500e-01  313.992873  971.269355
  5.400000e-01  313.974408  971.015125
  5.412500e-01  313.955967  970.761435
  5.425000e-01  313.937551  970.508287
  5.437500e-01  313.919162  970.255682
  5.450000e-01  313.900802  970.003624
  5.462500e-01  313.882471  969.752114
  5.475000e-01  313.864171  969.501155
  5.487500e-01  313.845903  969.250750
  5.500000e-01  313.827669  969.000901
  5.512500e-01  313.809469  968.751611
  5.525000e-01  313.791306  968.502881
  5.537500e-01  313.773180  968.254714
  5.550000e-01  313.755093  968.007114
  5.562500e-01  313.737045  967.760081
  5.575000e-01  313.719039  967.513619
  5.587500e-01  313.701074  967.267731
  5.600000e-01  313.683153  967.022418
  5.612500e-01  313.665277  966.777683
  5.625000e-01  313.647447  966.533529
  5.637500e-01  313.629663  966.289958
  5.650000e-01  313.611927  966.046972
  5.662500e-01  313.594240  965.804575
  5.675000e-01  313.576604  965.562767
  5.687500e-01  313.559018  965.321553
  5.700000e-01  313.541485  965.080934
  5.712500e-01  313.524004  964.840913
  5.725000e-01  313.506578  964.601492
  5.737500e-01  313.489207  964.362673
  5.750000e-01  313.471893  964.124459
  5.762500e-01  313.454635  963.886853
  5.775000e-01  313.437435  963.649856
  5.787500e-01  313.420293  963.413470
  5.800000e-01  313.403211  963.177699
  5.812500e-01  313.386190  962.942545
  5.825000e-01  313.369230  962.708009
  5.837500e-01  313.352331  962.474095
  5.850000e-01  313.335496  962.240803
  5.862500e-01  313.318723  962.008137
  5.875000e-01  313.302015  961.776099
  5.887500e-01  313.285372  961.544690
  5.900000e-01  313.268794  961.313913
  5.912500e-01  313.252282  961.083770
  5.925000e-01  313.235837  960.854264
  5.937500e-01  313.219459  960.625395
  5.950000e-01  313.203149  960.397167
  5.962500e-01  313.186907  960.169581
  5.975000e-01  313.170734  959.942638
  5.987500e-01  313.154630  959.716342
  6.000000e-01  313.138596  959.490694
  6.012500e-01  313.122632  959.265696
  6.025000e-01  313.106739  959.041350
  6.037500e-01  313.090917  958.817656
  6.050000e-01  313.075166  958.594618
  6.062500e-01  313.059487  958.372237
  6.075000e-01  313.043880  958.150515
  6.087500e-01  313.028346  957.929453
  6.100000e-01  313.012884  957.709053
  6.112500e-01  312.997495  957.489316
  6.125000e-01  312.982180  957.270244
  6.137500e-01  312.966938  957.051838
  6.150000e-01  312.951770  956.834101
  6.162500e-01  312.936675  956.617032
  6.175000e-01  312.921655  956.400635
  6.187500e-01  312.906709  956.184909
  6.200000e-01  312.891837  955.969856
  6.212500e-01  312.877040  955.755478
  6.225000e-01  312.862318  955.541775
  6.237500e-01  312.847671  955.328748
  6.250000e-01  312.833099  955.116399
  6.262500e-01  312.818601  954.904729
  6.275000e-01  312.804179  954.693738
  6.287500e-01  312.789832  954.483428
  6.300000e-01  312.775561  954.273799
  6.312500e-01  312.761364  954.064852
  6.325000e-01  312.747244  953.856587
  6.337500e-01  312.733198  953.649007
  6.350000e-01  312.719228  953.442110
  6.362500e-01  312.705333  953.235897
  6.375000e-01  312.691514  953.030370
  6.387500e-01  312.677770  952.825528
  6.400000e-01  312.664101  952.621372
  6.412500e-01  312.650508  952.417902
  6.425000e-01  312.636990  952.215119
  6.437500e-01  312.623548  952.013023
  6.450000e-01  312.610180  951.811613
  6.462500e-01  312.596888  951.610890
  6.475000e-01  312.583671  951.410855
  6.487500e-01  312.570528  951.211506
  6.500000e-01  312.557461  951.012845
  6.512500e-01  312.544468  950.814870
  6.525000e-01  312.531550  950.617582
  6.537500e-01  312.518706  950.420981
  6.550000e-01  312.505937  950.225066
  6.562500e-01  312.493242  950.029837
  6.575000e-01  312.480621  949.835294
  6.587500e-01  312.468074  949.641436
  6.600000e-01  312.455601  949.448263
  6.612500e-01  312.443202  949.255774
  6.625000e-01  312.430876  949.063969
  6.637500e-01  312.418623  948.872848
  6.650000e-01  312.406443  948.682409
  6.662500e-01  312.394336  948.492652
  6.675000e-01  312.382302  948.303576
  6.687500e-01  312.370340  948.115181
  6.700000e-01  312.358450  947.927465
  6.712500e-01  312.346632  947.740429
  6.725000e-01  312.334886  947.554071
  6.737500e-01  312.323211  947.368390
  6.750000e-01  312.311608  947.183385
  6.762500e-01  312.300075  946.999056
  6.775000e-01  312.288613  946.815402
  6.787500e-01  312.277221  946.632421
  6.800000e-01  312.265899  946.450112
  6.812500e-01  312.254646  946.268475
  6.825000e-01  312.243463  946.087508
  6.837500e-01  312.232350  945.907211
  6.850000e-01  312.221304  945.727582
  6.862500e-01  312.210328  945.548620
  6.875000e-01  312.199419  945.370324
  6.887500e-01  312.188578  945.192692
  6.900000e-01  312.177804  945.015725
  6.912500e-01  312.167097  944.839419
  6.925000e-01  312.156457  944.663775
  6.937500e-01  312.145882  944.488790
  6.950000e-01  312.135374  944.314464
  6.962500e-01  312.124931  944.140795
  6.975000e-01  312.114553  943.967783
  6.987500e-01  312.104240  943.795425
  7.000000e-01  312.093990  943.623720
  7.012500e-01  312.083805  943.452668
  7.025000e-01  312.073683  943.282266
  7.037500e-01  312.063624  943.112514
  7.050000e-01  312.053628  942.943409
  7.062500e-01  312.043693  942.774951
  7.075000e-01  312.033821  942.607138
  7.087500e-01  312.024010  942.439969
  7.100000e-01  312.014259  942.273443
  7.112500e-01  312.004569  942.107557
  7.125000e-01  311.994940  941.942311
  7.137500e-01  311.985369  941.777703
  7.150000e-01  311.975858  941.613731
  7.162500e-01  311.966406  941.450394
  7.175000e-01  311.957012  941.287691
  7.187500e-01  311.947676  941.125620
  7.200000e-01  311.938398  940.964179
  7.212500e-01  311.929177  940.803368
  7.225000e-01  311.920012  940.643184
  7.237500e-01  311.910904  940.483626
  7.250000e-01  311.901851  940.324692
  7.262500e-01  311.892854  940.166381
  7.275000e-01  311.883912  940.008691
  7.287500e-01  311.875025  939.851621
  7.300000e-01  311.866192  939.695169
  7.312500e-01  311.857413  939.539333
  7.325000e-01  311.848687  939.384112
  7.337500e-01  311.840015  939.229504
  7.350000e-01  311.831395  939.075507
  7.362500e-01  311.822828  938.922120
  7.375000e-01  311.814312  938.769342
  7.387500e-01  311.805849  938.617169
  7.400000e-01  311.797436  938.465602
  7.412500e-01  311.789075  938.314637
  7.425000e-01  311.780764  938.164273
  7.437500e-01  311.772503  938.014509
  7.450000e-01  311.764292  937.865343
  7.462500e-01  311.756131  937.716772
  7.475000e-01  311.748019  937.568796
  7.487500e-01  311.739955  937.421412
  7.500000e-01  311.731941  937.274619
  7.512500e-01  311.723975  937.128414
  7.525000e-01  311.716056  936.982797
  7.537500e-01  311.708185  936.837764
  7.550000e-01  311.700362  936.693315
  7.562500e-01  311.692586  936.549447
  7.575000e-01  311.684856  936.406159
  7.587500e-01  311.677173  936.263448
  7.600000e-01  311.669536  936.121313
  7.612500e-01  311.661945  935.979753
  7.625000e-01  311.654399  935.838764
  7.637500e-01  311.646899  935.698345
  7.650000e-01  311.639444  935.558495
  7.662500e-01  311.632033  935.419210
  7.675000e-01  311.624667  935.280491
  7.687500e-01  311.617345  935.142333
  7.700000e-01  311.610067  935.004737
  7.712500e-01  311.602833  934.867698
  7.725000e-01  311.595643  934.731217
  7.737500e-01  311.588495  934.595290
  7.750000e-01  311.581390  934.459916
  7.762500e-01  311.574328  934.325093
  7.775000e-01  311.567309  934.190819
  7.787500e-01  311.560331  934.057091
  7.800000e-01  311.553396  933.923909
  7.812500e-01  311.546502  933.791270
  7.825000e-01  311.539649  933.659172
  7.837500e-01  311.532837  933.527613
  7.850000e-01  311.526067  933.396591
  7.862500e-01  311.519336  933.266104
  7.875000e-01  311.512647  933.136151
  7.887500e-01  311.505997  933.006729
  7.900000e-01  311.499387  932.877837
  7.912500e-01  311.492817  932.749472
  7.925000e-01  311.486286  932.621633
  7.937500e-01  311.479795  932.494317
  7.950000e-01  311.473342  932.367523
  7.962500e-01  311.466927  932.241249
  7.975000e-01  311.460551  932.115493
  7.987500e-01  311.454213  931.990253
  8.000000e-01  311.447913  931.865527
  8.012500e-01  311.441651  931.741313
  8.025000e-01  311.435426  931.617610
  8.037500e-01  311.429238  931.494415
  8.050000e-01  311.423087  931.371726
  8.062500e-01  311.416972  931.249542
  8.075000e-01  311.410894  931.127861
  8.087500e-01  311.404852  931.006681
  8.100000e-01  311.398846  930.886000
  8.112500e-01  311.392875  930.765817
  8.125000e-01  311.386939  930.646128
  8.137500e-01  311.381039  930.526934
  8.150000e-01  311.375174  930.408231
  8.162500e-01  311.369343  930.290018
  8.175000e-01  311.363546  930.172293
  8.187500e-01  311.357784  930.055055
  8.200000e-01  311.352056  929.938301
  8.212500e-01  311.346361  929.822030
  8.225000e-01  311.340699  929.706240
  8.237500e-01  311.335071  929.590929
  8.250000e-01  311.329475  929.476095
  8.262500e-01  311.323913  929.361737
  8.275000e-01  311.318382  929.247853
  8.287500e-01  311.312884  929.134441
  8.300000e-01  311.307418  929.021500
  8.312500e-01  311.301984  928.909027
  8.325000e-01  311.296581  928.797021
  8.337500e-01  311.291209  928.685480
  8.350000e-01  311.285869  928.574402
  8.362500e-01  311.280559  928.463786
  8.375000e-01  311.275280  928.353631
  8.387500e-01  311.270032  928.243933
  8.400000e-01  311.264813  928.134692
  8.412500e-01  311.259625  928.025906
  8.425000e-01  311.254466  927.917573
  8.437500e-01  311.249337  927.809691
  8.450000e-01  311.244237  927.702259
  8.462500e-01  311.239167  927.595275
  8.475000e-01  311.234125  927.488737
  8.487500e-01  311.229113  927.382644
  8.500000e-01  311.224129  927.276994
  8.512500e-01  311.219173  927.171786
  8.525000e-01  311.214245  927.067016
  8.537500e-01  311.209346  926.962685
  8.550000e-01  311.204474  926.858790
  8.562500e-01  311.199631  926.755329
  8.575000e-01  311.194814  926.652302
  8.587500e-01  311.190025  926.549705
  8.600000e-01  311.185264  926.447538
  8.612500e-01  311.180529  926.345799
  8.625000e-01  311.175821  926.244486
  8.637500e-01  311.171140  926.143598
  8.650000e-01  311.166485  926.043133
  8.662500e-01  311.161857  925.943088
  8.675000e-01  311.157255  925.843463
  8.687500e-01  311.152679  925.744256
  8.700000e-01  311.148129  925.645466
  8.712500e-01  311.143605  925.547089
  8.725000e-01  311.139106  925.449126
  8.737500e-01  311.134633  925.351574
  8.750000e-01  311.130186  925.254431
  8.762500e-01  311.125764  925.157697
  8.775000e-01  311.121367  925.061368
  8.787500e-01  311.116995  924.965445
  8.800000e-01  311.112647  924.869924
  8.812500e-01  311.108325  924.774804
  8.825000e-01  311.104027  924.680084
  8.837500e-01  311.099754  924.585763
  8.850000e-01  311.095505  924.491837
  8.862500e-01  311.091280  924.398306
  8.875000e-01  311.087080  924.305169
  8.887500e-01  311.082904  924.212423
  8.900000e-01  311.078751  924.120066
  8.912500e-01  311.074623  924.028098
  8.925000e-01  311.070518  923.936517
  8.937500e-01  311.066437  923.845320
  8.950000e-01  311.062379  923.754507
  8.962500e-01  311.058345  923.664075
  8.975000e-01  311.054333  923.574023
  8.987500e-01  311.050346  923.484350
  9.000000e-01  311.046381  923.395054
  9.012500e-01  311.042439  923.306133
  9.025000e-01  311.038520  923.217586
  9.037500e-01  311.034624  923.129410
  9.050000e-01  311.030751  923.041605
  9.062500e-01  311.026900  922.954169
  9.075000e-01  311.023072  922.867100
  9.087500e-01  311.019266  922.780397
  9.100000e-01  311.015482  922.694058
  9.112500e-01  311.011721  922.608081
  9.125000e-01  311.007981  922.522466
  9.137500e-01  311.004264  922.437210
  9.150000e-01  311.000568  922.352311
  9.162500e-01  310.996894  922.267769
  9.175000e-01  310.993242  922.183582
  9.187500e-01  310.989612  922.099747
  9.200000e-01  310.986003  922.016265
  9.212500e-01  310.982415  921.933132
  9.225000e-01  310.978849  921.850348
  9.237500e-01  310.975304  921.767911
  9.250000e-01  310.971780  921.685820
  9.262500e-01  310.968277  921.604073
  9.275000e-01  310.964795  921.522668
  9.287500e-01  310.961333  921.441604
  9.300000e-01  310.957893  921.360880
  9.312500e-01  310.954472  921.280494
  9.325000e-01  310.951073  921.200444
  9.337500e-01  310.947694  921.120729
  9.350000e-01  310.944335  921.041348
  9.362500e-01  310.940996  920.962300
  9.375000e-01  310.937677  920.883581
  9.387500e-01  310.934379  920.805193
  9.400000e-01  310.931100  920.727132
  9.412500e-01  310.927841  920.649397
  9.425000e-01  310.924602  920.571987
  9.437500e-01  310.921382  920.494901
  9.450000e-01  310.918182  920.418137
  9.462500e-01  310.915001  920.341694
  9.475000e-01  310.911840  920.265570
  9.487500e-01  310.908697  920.189763
  9.500000e-01  310.905574  920.114274
  9.512500e-01  310.902470  920.039099
  9.525000e-01  310.899384  919.964239
  9.537500e-01  310.896318  919.889690
  9.550000e-01  310.893270  919.815453
  9.562500e-01  310.890240  919.741525
  9.575000e-01  310.887229  919.667906
  9.587500e-01  310.884237  919.594593
  9.600000e-01  310.881263  919.521587
  9.612500e-01  310.878306  919.448884
  9.625000e-01  310.875368  919.376485
  9.637500e-01  310.872448  919.304387
  9.650000e-01  310.869546  919.232589
  9.662500e-01  310.866662  919.161091
  9.675000e-01  310.863795  919.089890
  9.687500e-01  310.860946  919.018986
  9.700000e-01  310.858114  918.948376
  9.712500e-01  310.855300  918.878061
  9.725000e-01  310.852503  918.808038
  9.737500e-01  310.849723  918.738307
  9.750000e-01  310.846960  918.668865
  9.762500e-01  310.844215  918.599712
  9.775000e-01  310.841486  918.530847
  9.787500e-01  310.838774  918.462268
  9.800000e-01  310.836079  918.393974
  9.812500e-01  310.833400  918.325964
  9.825000e-01  310.830738  918.258236
  9.837500e-01  310.828092  918.190789
  9.850000e-01  310.825463  918.123623
  9.862500e-01  310.822850  918.056735
  9.875000e-01  310.820253  917.990125
  9.887500e-01  310.817673  917.923792
  9.900000e-01  310.815108  917.857733
  9.912500e-01  310.812559  917.791949
  9.925000e-01  310.810026  917.726437
  9.937500e-01  310.807509  917.661197
  9.950000e-01  310.805008  917.596228
  9.962500e-01  310.802522  917.531527
  9.975000e-01  310.800052  917.467095
  9.987500e-01  310.797597  917.402930
  1.000000e+00  310.795157  917.339030
  1.001250e+00  310.792733  917.275394
  1.002500e+00  310.790324  917.212022
  1.003750e+00  310.787930  917.148912
  1.005000e+00  310.785551  917.086064
  1.006250e+00  310.783187  917.023475
  1.007500e+00  310.780839  916.961145
  1.008750e+00  310.778504  916.899072
  1.010000e+00  310.776185  916.837256
  1.011250e+00  310.773880  916.775695
  1.012500e+00  310.771590  916.714388
  1.013750e+00  310.769315  916.653334
  1.015000e+00  310.767054  916.592532
  1.016250e+00  310.764807  916.531981
  1.017500e+00  310.762575  916.471680
  1.018750e+00  310.760357  916.411627
  1.020000e+00  310.758153  916.351822
  1.021250e+00  310.755964  916.292262
  1.022500e+00  310.753788  916.232948
  1.023750e+00  310.751627  916.173879
  1.025000e+00  310.749480  916.115052
  1.026250e+00  310.747346  916.056467
  1.027500e+00  310.745226  915.998123
  1.028750e+00  310.743120  915.940019
  1.030000e+00  310.741028  915.882153
  1.031250e+00  310.738950  915.824525
  1.032500e+00  310.736885  915.767133
  1.033750e+00  310.734834  915.709977
  1.035000e+00  310.732796  915.653055
  1.036250e+00  310.730771  915.596367
  1.037500e+00  310.728760  915.539911
  1.038750e+00  310.726763  915.483685
  1.040000e+00  310.724778  915.427690
  1.041250e+00  310.722807  915.371924
  1.042500e+00  310.720849  915.316386
  1.043750e+00  310.718905  915.261075
  1.045000e+00  310.716973  915.205990
  1.046250e+00  310.715054  915.151130
  1.047500e+00  310.713148  915.096494
  1.048750e+00  310.711256  915.042081
  1.050000e+00  310.709376  914.987889
  1.051250e+00  310.707508  914.933918
  1.052500e+00  310.705654  914.880167
  1.053750e+00  310.703812  914.826634
  1.055000e+00  310.701983  914.773320
  1.056250e+00  310.700167  914.720222
  1.057500e+00  310.698363  914.667340
  1.058750e+00  310.696572  914.614672
  1.060000e+00  310.694793  914.562218
  1.061250e+00  310.693027  914.509977
  1.062500e+00  310.691273  914.457948
  1.063750e+00  310.689532  914.406129
  1.065000e+00  310.687802  914.354521
  1.066250e+00  310.686085  914.303121
  1.067500e+00  310.684381  914.251929
  1.068750e+00  310.682688  914.200943
  1.070000e+00  310.681007  914.150164
  1.071250e+00  310.679339  914.099589
  1.072500e+00  310.677682  914.049219
  1.073750e+00  310.676038  913.999052
  1.075000e+00  310.674405  913.949086
  1.076250e+00  310.672785  913.899322
  1.077500e+00  310.671176  913.849758
  1.078750e+00  310.669579  913.800393
  1.080000e+00  310.667993  913.751227
  1.081250e+00  310.666420  913.702258
  1.082500e+00  310.664858  913.653485
  1.083750e+00  310.663308  913.604908
  1.085000e+00  310.661769  913.556526
  1.086250e+00  310.660241  913.508337
  1.087500e+00  310.658726  913.460341
  1.088750e+00  310.657221  913.412538
  1.090000e+00  310.655728  913.364925
  1.091250e+00  310.654247  913.317502
  1.092500e+00  310.652776  913.270268
  1.093750e+00  310.651317  913.223223
  1.095000e+00  310.649869  913.176366
  1.096250e+00  310.648433  913.129694
  1.097500e+00  310.647007  913.083209
  1.098750e+00  310.645593  913.036908
  1.100000e+00  310.644189  912.990792
  1.101250e+00  310.642797  912.944859
  1.102500e+00  310.641415  912.899107
  1.103750e+00  310.640044  912.853538
  1.105000e+00  310.638684  912.808148
  1.106250e+00  310.637335  912.762939
  1.107500e+00  310.635997  912.717908
  1.108750e+00  310.634669  912.673056
  1.110000e+00  310.633352  912.628381
  1.111250e+00  310.632046  912.583882
  1.112500e+00  310.630750  912.539558
  1.113750e+00  310.629465  912.495410
  1.115000e+00  310.628190  912.451435
  1.116250e+00  310.626925  912.407634
  1.117500e+00  310.625671  912.364005
  1.118750e+00  310.624428  912.320547
  1.120000e+00  310.623194  912.277260
  1.121250e+00  310.621971  912.234143
  1.122500e+00  310.620758  912.191195
  1.123750e+00  310.619555  912.148416
  1.125000e+00  310.618363  912.105804
  1.126250e+00  310.617180  912.063359
  1.127500e+00  310.616007  912.021080
  1.128750e+00  310.614845  911.978966
  1.130000e+00  310.613692  911.937017
  1.131250e+00  310.612549  911.895231
  1.132500e+00  310.611416  911.853609
  1.133750e+00  310.610293  911.812148
  1.135000e+00  310.609179  911.770849
  1.136250e+00  310.608076  911.729711
  1.137500e+00  310.606981  911.688733
  1.138750e+00  310.605897  911.647914
  1.140000e+00  310.604822  911.607254
  1.141250e+00  310.603756  911.566752
  1.142500e+00  310.602700  911.526406
  1.143750e+00  310.601653  911.486217
  1.145000e+00  310.600616  911.446184
  1.146250e+00  310.599588  911.406305
  1.147500e+00  310.598570  911.366581
  1.148750e+00  310.597560  911.327011
  1.150000e+00  310.596560  911.287593
  1.151250e+00  310.595569  911.248327
  1.152500e+00  310.594587  911.209213
  1.153750e+00  310.593614  911.170249
  1.155000e+00  310.592650  911.131435
  1.156250e+00  310.591695  911.092771
  1.157500e+00  310.590749  911.054256
  1.158750e+00  310.589812  911.015888
  1.160000e+00  310.588884  910.977668
  1.161250e+00  310.587964  910.939595
  1.162500e+00  310.587053  910.901667
  1.163750e+00  310.586151  910.863885
  1.165000e+00  310.585258  910.826247
  1.166250e+00  310.584373  910.788754
  1.167500e+00  310.583497  910.751404
  1.168750e+00  310.582629  910.714197
  1.170000e+00  310.581770  910.677131
  1.171250e+00  310.580919  910.640208
  1.172500e+00  310.580077  910.603425
  1.173750e+00  310.579243  910.566782
  1.175000e+00  310.578417  910.530278
  1.176250e+00  310.577600  910.493914
  1.177500e+00  310.576791  910.457688
  1.178750e+00  310.575990  910.421599
  1.180000e+00  310.575197  910.385648
  1.181250e+00  310.574412  910.349833
  1.182500e+00  310.573636  910.314154
  1.183750e+00  310.572867  910.278609
  1.185000e+00  310.572107  910.243200
  1.186250e+00  310.571354  910.207925
  1.187500e+00  310.570609  910.172782
  1.188750e+00  310.569872  910.137773
  1.190000e+00  310.569144  910.102896
  1.191250e+00  310.568422  910.068151
  1.192500e+00  310.567709  910.033536
  1.193750e+00  310.567003  909.999052
  1.195000e+00  310.566305  909.964698
  1.196250e+00  310.565615  909.930473
  1.197500e+00  310.564932  909.896376
  1.198750e+00  310.564257  909.862408
  1.200000e+00  310.563589  909.828568
  1.201250e+00  310.562929  909.794854
  1.202500e+00  310.562277  909.761267
  1.203750e+00  310.561631  909.727805
  1.205000e+00  310.560994  909.694469
  1.206250e+00  310.560363  909.661257
  1.207500e+00  310.559740  909.628170
  1.208750e+00  310.559124  909.595206
  1.210000e+00  310.558515  909.562366
  1.211250e+00  310.557914  909.529647
  1.212500e+00  310.557320  909.497051
  1.213750e+00  310.556732  909.464576
  1.215000e+00  310.556152  909.432222
  1.216250e+00  310.555580  909.399989
  1.217500e+00  310.555014  909.367875
  1.218750e+00  310.554455  909.335880
  1.220000e+00  310.553903  909.304005
  1.221250e+00  310.553358  909.272247
  1.222500e+00  310.552820  909.240607
  1.223750e+00  310.552289  909.209084
  1.225000e+00  310.551765  909.177678
  1.226250e+00  310.551247  909.146388
  1.227500e+00  310.550736  909.115214
  1.228750e+00  310.550232  909.084154
  1.230000e+00  310.549735  909.053210
  1.231250e+00  310.549245  909.022379
  1.232500e+00  310.548761  908.991662
  1.233750e+00  310.548283  908.961058
  1.235000e+00  310.547813  908.930566
  1.236250e+00  310.547349  908.900187
  1.237500e+00  310.546891  908.869919
  1.238750e+00  310.546440  908.839762
  1.240000e+00  310.545996  908.809716
  1.241250e+00  310.545558  908.779780
  1.242500e+00  310.545126  908.749953
  1.243750e+00  310.544701  908.720236
  1.245000e+00  310.544282  908.690627
  1.246250e+00  310.543869  908.661127
  1.247500e+00  310.543463  908.631734
  1.248750e+00  310.543063  908.602448
  1.250000e+00  310.542669  908.573269
  1.251250e+00  310.542282  908.544196
  1.252500e+00  310.541901  908.515229
  1.253750e+00  310.541525  908.486367
  1.255000e+00  310.541157  908.457610
  1.256250e+00  310.540794  908.428957
  1.257500e+00  310.540437  908.400409
  1.258750e+00  310.540086  908.371963
  1.260000e+00  310.539742  908.343621
  1.261250e+00  310.539403  908.315381
  1.262500e+00  310.539070  908.287244
  1.263750e+00  310.538744  908.259208
  1.265000e+00  310.538423  908.231273
  1.266250e+00  310.538108  908.203439
  1.267500e+00  310.537799  908.175705
  1.268750e+00  310.537496  908.148071
  1.270000e+00  310.537199  908.120536
  1.271250e+00  310.536907  908.093101
  1.272500e+00  310.536622  908.065764
  1.273750e+00  310.536342  908.038525
  1.275000e+00  310.536068  908.011383
  1.276250e+00  310.535799  907.984339
  1.277500e+00  310.535537  907.957392
  1.278750e+00  310.535279  907.930541
  1.280000e+00  310.535028  907.903786
  1.281250e+00  310.534782  907.877127
  1.282500e+00  310.534542  907.850562
  1.283750e+00  310.534307  907.824092
  1.285000e+00  310.534078  907.797717
  1.286250e+00  310.533855  907.771435
  1.287500e+00  310.533636  907.745247
  1.288750e+00  310.533424  907.719152
  1.290000e+00  310.533217  907.693150
  1.291250e+00  310.533015  907.667239
  1.292500e+00  310.532819  907.641421
  1.293750e+00  310.532628  907.615694
  1.295000e+00  310.532442  907.590058
  1.296250e+00  310.532262  907.564512
  1.297500e+00  310.532087  907.539057
  1.298750e+00  310.531917  907.513691
  1.300000e+00  310.531753  907.488415
  1.301250e+00  310.531594  907.463228
  1.302500e+00  310.531440  907.438129
  1.303750e+00  310.531291  907.413119
  1.305000e+00  310.531148  907.388197
  1.306250e+00  310.531009  907.363362
  1.307500e+00  310.530876  907.338614
  1.308750e+00  310.530748  907.313953
  1.310000e+00  310.530625  907.289378
  1.311250e+00  310.530507  907.264889
  1.312500e+00  310.530394  907.240486
  1.313750e+00  310.530286  907.216168
  1.315000e+00  310.530184  907.191934
  1.316250e+00  310.530086  907.167786
  1.317500e+00  310.529993  907.143721
  1.318750e+00  310.529905  907.119740
  1.320000e+00  310.529822  907.095842
  1.321250e+00  310.529744  907.072027
  1.322500e+00  310.529671  907.048295
  1.323750e+00  310.529602  907.024646
  1.325000e+00  310.529539  907.001078
  1.326250e+00  310.529480  906.977591
  1.327500e+00  310.529426  906.954186
  1.328750e+00  310.529377  906.930862
  1.330000e+00  310.529333  906.907618
  1.331250e+00  310.529293  906.884455
  1.332500e+00  310.529258  906.861371
  1.333750e+00  310.529228  906.838366
  1.335000e+00  310.529202  906.815441
  1.336250e+00  310.529181  906.792595
  1.337500e+00  310.529165  906.769827
  1.338750e+00  310.529153  906.747137
  1.340000e+00  310.529146  906.724524
  1.341250e+00  310.529144  906.701990
  1.342500e+00  310.529146  906.679532
  1.343750e+00  310.529152  906.657151
  1.345000e+00  310.529163  906.634847
  1.346250e+00  310.529179  906.612618
  1.347500e+00  310.529199  906.590466
  1.348750e+00  310.529223  906.568388
  1.350000e+00  310.529252  906.546386
  1.351250e+00  310.529286  906.524459
  1.352500e+00  310.529323  906.502606
  1.353750e+00  310.529365  906.480828
  1.355000e+00  310.529412  906.459123
  1.356250e+00  310.529462  906.437492
  1.357500e+00  310.529517  906.415934
  1.358750e+00  310.529577  906.394449
  1.360000e+00  310.529640  906.373036
  1.361250e+00  310.529708  906.351696
  1.362500e+00  310.529780  906.330428
  1.363750e+00  310.529856  906.309231
  1.365000e+00  310.529937  906.288106
  1.366250e+00  310.530021  906.267052
  1.367500e+00  310.530110  906.246069
  1.368750e+00  310.530203  906.225156
  1.370000e+00  310.530300  906.204313
  1.371250e+00  310.530401  906.183540
  1.372500e+00  310.530506  906.162837
  1.373750e+00  310.530615  906.142203
  1.375000e+00  310.530728  906.121638
  1.376250e+00  310.530845  906.101142
  1.377500e+00  310.530967  906.080714
  1.378750e+00  310.531092  906.060354
  1.380000e+00  310.531221  906.040062
  1.381250e+00  310.531354  906.019838
  1.382500e+00  310.531491  905.999681
  1.383750e+00  310.531632  905.979591
  1.385000e+00  310.531776  905.959568
  1.386250e+00  310.531925  905.939611
  1.387500e+00  310.532077  905.919720
  1.388750e+00  310.532233  905.899895
  1.390000e+00  310.532393  905.880136
  1.391250e+00  310.532557  905.860442
  1.392500e+00  310.532725  905.840813
  1.393750e+00  310.532896  905.821249
  1.395000e+00  310.533071  905.801750
  1.396250e+00  310.533250  905.782314
  1.397500e+00  310.533432  905.762943
  1.398750e+00  310.533618  905.743635
  1.400000e+00  310.533808  905.724391
  1.401250e+00  310.534001  905.705210
  1.402500e+00  310.534198  905.686093
  1.403750e+00  310.534398  905.667037
  1.405000e+00  310.534602  905.648044
  1.406250e+00  310.534810  905.629114
  1.407500e+00  310.535021  905.610245
  1.408750e+00  310.535236  905.591438
  1.410000e+00  310.535454  905.572692
  1.411250e+00  310.535675  905.554008
  1.412500e+00  310.535900  905.535384
  1.413750e+00  310.536129  905.516821
  1.415000e+00  310.536361  905.498318
  1.416250e+00  310.536596  905.479876
  1.417500e+00  310.536835  905.461494
  1.418750e+00  310.537077  905.443171
  1.420000e+00  310.537322  905.424907
  1.421250e+00  310.537571  905.406703
  1.422500e+00  310.537823  905.388558
  1.423750e+00  310.538079  905.370471
  1.425000e+00  310.538337  905.352443
  1.426250e+00  310.538599  905.334474
  1.427500e+00  310.538864  905.316562
  1.428750e+00  310.539133  905.298708
  1.430000e+00  310.539404  905.280911
  1.431250e+00  310.539679  905.263172
  1.432500e+00  310.539957  905.245490
  1.433750e+00  310.540238  905.227865
  1.435000e+00  310.540522  905.210296
  1.436250e+00  310.540809  905.192784
  1.437500e+00  310.541100  905.175328
  1.438750e+00  310.541393  905.157928
  1.440000e+00  310.541690  905.140583
  1.441250e+00  310.541989  905.123295
  1.442500e+00  310.542292  905.106061
  1.443750e+00  310.542598  905.088882
  1.445000e+00  310.542906  905.071759
  1.446250e+00  310.543218  905.054689
  1.447500e+00  310.543533  905.037675
  1.448750e+00  310.543850  905.020714
  1.450000e+00  310.544171  905.003808
  1.451250e+00  310.544494  904.986955
  1.452500e+00  310.544820  904.970156
  1.453750e+00  310.545150  904.953410
  1.455000e+00  310.545482  904.936717
  1.456250e+00  310.545817  904.920077
  1.457500e+00  310.546154  904.903490
  1.458750e+00  310.546495  904.886955
  1.460000e+00  310.546838  904.870473
  1.461250e+00  310.547184  904.854043
  1.462500e+00  310.547533  904.837664
  1.463750e+00  310.547885  904.821337
  1.465000e+00  310.548239  904.805062
  1.466250e+00  310.548596  904.788838
  1.467500e+00  310.548956  904.772665
  1.468750e+00  310.549318  904.756543
  1.470000e+00  310.549684  904.740472
  1.471250e+00  310.550051  904.724451
  1.472500e+00  310.550422  904.708481
  1.473750e+00  310.550795  904.692560
  1.475000e+00  310.551170  904.676690
  1.476250e+00  310.551549  904.660869
  1.477500e+00  310.551930  904.645097
  1.478750e+00  310.552313  904.629375
  1.480000e+00  310.552699  904.613703
  1.481250e+00  310.553087  904.598079
  1.482500e+00  310.553478  904.582503
  1.483750e+00  310.553872  904.566977
  1.485000e+00  310.554268  904.551498
  1.486250e+00  310.554666  904.536068
  1.487500e+00  310.555067  904.520686
  1.488750e+00  310.555471  904.505352
  1.490000e+00  310.555876  904.490065
  1.491250e+00  310.556285  904.474826
  1.492500e+00  310.556695  904.459634
  1.493750e+00  310.557108  904.444489
  1.495000e+00  310.557523  904.429391
  1.496250e+00  310.557941  904.414340
  1.497500e+00  310.558361  904.399335
  1.498750e+00  310.558784  904.384377
  1.500000e+00  310.559208  904.369465
  1.501250e+00  310.559635  904.354599
  1.502500e+00  310.560064  904.339779
  1.503750e+00  310.560496  904.325004
  1.505000e+00  310.560930  904.310275
  1.506250e+00  310.561366  904.295592
  1.507500e+00  310.561804  904.280953
  1.508750e+00  310.562245  904.266359
  1.510000e+00  310.562687  904.251811
  1.511250e+00  310.563132  904.237306
  1.512500e+00  310.563579  904.222847
  1.513750e+00  310.564028  904.208431
  1.515000e+00  310.564480  904.194060
  1.516250e+00  310.564933  904.179733
  1.517500e+00  310.565389  904.165449
  1.518750e+00  310.565847  904.151210
  1.520000e+00  310.566306  904.137013
  1.521250e+00  310.566768  904.122860
  1.522500e+00  310.567232  904.108750
  1.523750e+00  310.567698  904.094683
  1.525000e+00  310.568166  904.080659
  1.526250e+00  310.568636  904.066678
  1.527500e+00  310.569109  904.052739
  1.528750e+00  310.569583  904.038843
  1.530000e+00  310.570059  904.024988
  1.531250e+00  310.570537  904.011176
  1.532500e+00  310.571017  903.997405
  1.533750e+00  310.571499  903.983677
  1.535000e+00  310.571983  903.969989
  1.536250e+00  310.572469  903.956344
  1.537500e+00  310.572957  903.942739
  1.538750e+00  310.573446  903.929176
  1.540000e+00  310.573938  903.915653
  1.541250e+00  310.574432  903.902172
  1.542500e+00  310.574927  903.888730
  1.543750e+00  310.575424  903.875330
  1.545000e+00  310.575923  903.861970
  1.546250e+00  310.576424  903.848650
  1.547500e+00  310.576927  903.835370
  1.548750e+00  310.577431  903.822130
  1.550000e+00  310.577938  903.808929
  1.551250e+00  310.578446  903.795769
  1.552500e+00  310.578956  903.782647
  1.553750e+00  310.579467  903.769565
  1.555000e+00  310.579981  903.756522
  1.556250e+00  310.580496  903.743519
  1.557500e+00  310.581013  903.730554
  1.558750e+00  310.581532  903.717628
  1.560000e+00  310.582052  903.704740
  1.561250e+00  310.582574  903.691891
  1.562500e+00  310.583098  903.679080
  1.563750e+00  310.583623  903.666307
  1.565000e+00  310.584150  903.653573
  1.566250e+00  310.584679  903.640876
  1.567500e+00  310.585209  903.628217
  1.568750e+00  310.585741  903.615596
  1.570000e+00  310.586275  903.603012
  1.571250e+00  310.586810  903.590465
  1.572500e+00  310.587347  903.577956
  1.573750e+00  310.587885  903.565483
  1.575000e+00  310.588426  903.553048
  1.576250e+00  310.588967  903.540649
  1.577500e+00  310.589510  903.528287
  1.578750e+00  310.590055  903.515962
  1.580000e+00  310.590601  903.503673
  1.581250e+00  310.591149  903.491420
  1.582500e+00  310.591698  903.479203
  1.583750e+00  310.592249  903.467023
  1.585000e+00  310.592801  903.454878
  1.586250e+00  310.593355  903.442769
  1.587500e+00  310.593910  903.430695
  1.588750e+00  310.594467  903.418657
  1.590000e+00  310.595025  903.406655
  1.591250e+00  310.595585  903.394687
  1.592500e+00  310.596146  903.382755
  1.593750e+00  310.596709  903.370858
  1.595000e+00  310.597272  903.358995
  1.596250e+00  310.597838  903.347168
  1.597500e+00  310.598405  903.335374
  1.598750e+00  310.598973  903.323616
  1.600000e+00  310.599542  903.311891
  1.601250e+00  310.600113  903.300201
  1.602500e+00  310.600685  903.288545
  1.603750e+00  310.601259  903.276923
  1.605000e+00  310.601834  903.265335
  1.606250e+00  310.602410  903.253780
  1.607500e+00  310.602988  903.242259
  1.608750e+00  310.603567  903.230772
  1.610000e+00  310.604147  903.219318
  1.611250e+00  310.604729  903.207897
  1.612500e+00  310.605311  903.196509
  1.613750e+00  310.605896  903.185154
  1.615000e+00  310.606481  903.173832
  1.616250e+00  310.607068  903.162543
  1.617500e+00  310.607655  903.151287
  1.618750e+00  310.608245  903.140063
  1.620000e+00  310.608835  903.128872
  1.621250e+00  310.609427  903.117712
  1.622500e+00  310.610019  903.106586
  1.623750e+00  310.610614  903.095491
  1.625000e+00  310.611209  903.084428
  1.626250e+00  310.611805  903.073397
  1.627500e+00  310.612403  903.062397
  1.628750e+00  310.613002  903.051430
  1.630000e+00  310.613602  903.040493
  1.631250e+00  310.614203  903.029589
  1.632500e+00  310.614805  903.018715
  1.633750e+00  310.615408  903.007873
  1.635000e+00  310.616013  902.997061
  1.636250e+00  310.616619  902.986281
  1.637500e+00  310.617226  902.975532
  1.638750e+00  310.617834  902.964813
  1.640000e+00  310.618443  902.954125
  1.641250e+00  310.619053  902.943467
  1.642500e+00  310.619664  902.932840
  1.643750e+00  310.620276  902.922243
  1.645000e+00  310.620890  902.911676
  1.646250e+00  310.621504  902.901139
  1.647500e+00  310.622119  902.890633
  1.648750e+00  310.622736  902.880156
  1.650000e+00  310.623353  902.869709
  1.651250e+00  310.623972  902.859292
  1.652500e+00  310.624592  902.848904
  1.653750e+00  310.625212  902.838546
  1.655000e+00  310.625834  902.828217
  1.656250e+00  310.626457  902.817917
  1.657500e+00  310.627080  902.807646
  1.658750e+00  310.627705  902.797405
  1.660000e+00  310.628330  902.787192
  1.661250e+00  310.628957  902.777008
  1.662500e+00  310.629585  902.766853
  1.663750e+00  310.630213  902.756727
  1.665000e+00  310.630842  902.746629
  1.666250e+00  310.631473  902.736560
  1.667500e+00  310.632104  902.726519
  1.668750e+00  310.632736  902.716506
  1.670000e+00  310.633369  902.706521
  1.671250e+00  310.634004  902.696565
  1.672500e+00  310.634639  902.686636
  1.673750e+00  310.635274  902.676735
  1.675000e+00  310.635911  902.666862
  1.676250e+00  310.636549  902.657017
  1.677500e+00  310.637187  902.647199
  1.678750e+00  310.637827  902.637408
  1.680000e+00  310.638467  902.627645
  1.681250e+00  310.639108  902.617910
  1.682500e+00  310.639750  902.608201
  1.683750e+00  310.640393  902.598520
  1.685000e+00  310.641036  902.588865
  1.686250e+00  310.641681  902.579238
  1.687500e+00  310.642326  902.569637
  1.688750e+00  310.642972  902.560063
  1.690000e+00  310.643619  902.550515
  1.691250e+00  310.644266  902.540994
  1.692500e+00  310.644915  902.531500
  1.693750e+00  310.645564  902.522032
  1.695000e+00  310.646214  902.512590
  1.696250e+00  310.646865  902.503174
  1.697500e+00  310.647516  902.493785
  1.698750e+00  310.648169  902.484421
  1.700000e+00  310.648822  902.475083
  1.701250e+00  310.649475  902.465771
  1.702500e+00  310.650130  902.456485
  1.703750e+00  310.650785  902.447224
  1.705000e+00  310.651441  902.437989
  1.706250e+00  310.652098  902.428780
  1.707500e+00  310.652755  902.419595
  1.708750e+00  310.653413  902.410436
  1.710000e+00  310.654072  902.401303
  1.711250e+00  310.654732  902.392194
  1.712500e+00  310.655392  902.383110
  1.713750e+00  310.656053  902.374052
  1.715000e+00  310.656714  902.365018
  1.716250e+00  310.657377  902.356009
  1.717500e+00  310.658039  902.347024
  1.718750e+00  310.658703  902.338064
  1.720000e+00  310.659367  902.329129
  1.721250e+00  310.660032  902.320218
  1.722500e+00  310.660697  902.311332
  1.723750e+00  310.661363  902.302469
  1.725000e+00  310.662030  902.293631
  1.726250e+00  310.662697  902.284817
  1.727500e+00  310.663365  902.276027
  1.728750e+00  310.664034  902.267261
  1.730000e+00  310.664703  902.258519
  1.731250e+00  310.665373  902.249801
  1.732500e+00  310.666043  902.241106
  1.733750e+00  310.666714  902.232435
  1.735000e+00  310.667385  902.223788
  1.736250e+00  310.668057  902.215163
  1.737500e+00  310.668730  902.206563
  1.738750e+00  310.669403  902.197985
  1.740000e+00  310.670077  902.189431
  1.741250e+00  310.670751  902.180900
  1.742500e+00  310.671426  902.172392
  1.743750e+00  310.672101  902.163907
  1.745000e+00  310.672777  902.155445
  1.746250e+00  310.673453  902.147006
  1.747500e+00  310.674130  902.138589
  1.748750e+00  310.674808  902.130195
  1.750000e+00  310.675485  902.121824
  1.751250e+00  310.676164  902.113476
  1.752500e+00  310.676843  902.105149
  1.753750e+00  310.677522  902.096845
  1.755000e+00  310.678202  902.088564
  1.756250e+00  310.678882  902.080305
  1.757500e+00  310.679563  902.072067
  1.758750e+00  310.680244  902.063852
  1.760000e+00  310.680926  902.055659
  1.761250e+00  310.681608  902.047488
  1.762500e+00  310.682291  902.039339
  1.763750e+00  310.682974  902.031211
  1.765000e+00  310.683657  902.023106
  1.766250e+00  310.684341  902.015021
  1.767500e+00  310.685026  902.006959
  1.768750e+00  310.685710  901.998918
  1.770000e+00  310.686396  901.990898
  1.771250e+00  310.687081  901.982900
  1.772500e+00  310.687767  901.974923
  1.773750e+00  310.688454  901.966967
  1.775000e+00  310.689140  901.959033
  1.776250e+00  310.689828  901.951119
  1.777500e+00  310.690515  901.943226
  1.778750e+00  310.691203  901.935355
  1.780000e+00  310.691891  901.927504
  1.781250e+00  310.692580  901.919674
  1.782500e+00  310.693269  901.911865
  1.783750e+00  310.693959  901.904077
  1.785000e+00  310.694648  901.896309
  1.786250e+00  310.695338  901.888561
  1.787500e+00  310.696029  901.880834
  1.788750e+00  310.696720  901.873128
  1.790000e+00  310.697411  901.865442
  1.791250e+00  310.698102  901.857776
  1.792500e+00  310.698794  901.850130
  1.793750e+00  310.699486  901.842504
  1.795000e+00  310.700178  901.834899
  1.796250e+00  310.700871  901.827313
  1.797500e+00  310.701564  901.819748
  1.798750e+00  310.702257  901.812202
  1.800000e+00  310.702951  901.804676
  1.801250e+00  310.703645  901.797170
  1.802500e+00  310.704339  901.789683
  1.803750e+00  310.705034  901.782217
  1.805000e+00  310.705728  901.774769
  1.806250e+00  310.706423  901.767341
  1.807500e+00  310.707118  901.759933
  1.808750e+00  310.707814  901.752544
  1.810000e+00  310.708510  901.745174
  1.811250e+00  310.709206  901.737824
  1.812500e+00  310.709902  901.730492
  1.813750e+00  310.710598  901.723180
  1.815000e+00  310.711295  901.715887
  1.816250e+00  310.711992  901.708613
  1.817500e+00  310.712689  901.701357
  1.818750e+00  310.713387  901.694121
  1.820000e+00  310.714084  901.686903
  1.821250e+00  310.714782  901.679705
  1.822500e+00  310.715480  901.672524
  1.823750e+00  310.716178  901.665363
  1.825000e+00  310.716877  901.658220
  1.826250e+00  310.717575  901.651095
  1.827500e+00  310.718274  901.643989
  1.828750e+00  310.718973  901.636902
  1.830000e+00  310.719672  901.629833
  1.831250e+00  310.720371  901.622782
  1.832500e+00  310.721071  901.615749
  1.833750e+00  310.721771  901.608734
  1.835000e+00  310.722470  901.601738
  1.836250e+00  310.723170  901.594759
  1.837500e+00  310.723870  901.587799
  1.838750e+00  310.724571  901.580856
  1.840000e+00  310.725271  901.573931
  1.841250e+00  310.725972  901.567024
  1.842500e+00  310.726672  901.560135
  1.843750e+00  310.727373  901.553264
  1.845000e+00  310.728074  901.546410
  1.846250e+00  310.728775  901.539574
  1.847500e+00  310.729476  901.532755
  1.848750e+00  310.730178  901.525954
  1.850000e+00  310.730879  901.519170
  1.851250e+00  310.731581  901.512404
  1.852500e+00  310.732282  901.505655
  1.853750e+00  310.732984  901.498923
  1.855000e+00  310.733686  901.492208
  1.856250e+00  310.734388  901.485511
  1.857500e+00  310.735090  901.478831
  1.858750e+00  310.735792  901.472167
  1.860000e+00  310.736494  901.465521
  1.861250e+00  310.737196  901.458892
  1.862500e+00  310.737898  901.452279
  1.863750e+00  310.738601  901.445683
  1.865000e+00  310.739303  901.439105
  1.866250e+00  310.740006  901.432542
  1.867500e+00  310.740708  901.425997
  1.868750e+00  310.741411  901.419468
  1.870000e+00  310.742113  901.412956
  1.871250e+00  310.742816  901.406460
  1.872500e+00  310.743518  901.399981
  1.873750e+00  310.744221  901.393518
  1.875000e+00  310.744924  901.387071
  1.876250e+00  310.745627  901.380641
  1.877500e+00  310.746329  901.374227
  1.878750e+00  310.747032  901.367830
  1.880000e+00  310.747735  901.361448
  1.881250e+00  310.748438  901.355083
  1.882500e+00  310.749141  901.348733
  1.883750e+00  310.749843  901.342400
  1.885000e+00  310.750546  901.336083
  1.886250e+00  310.751249  901.329781
  1.887500e+00  310.751952  901.323496
  1.888750e+00  310.752655  901.317226
  1.890000e+00  310.753357  901.310972
  1.891250e+00  310.754060  901.304733
  1.892500e+00  310.754763  901.298511
  1.893750e+00  310.755466  901.292304
  1.895000e+00  310.756168  901.286113
  1.896250e+00  310.756871  901.279937
  1.897500e+00  310.757573  901.273776
  1.898750e+00  310.758276  901.267631
  1.900000e+00  310.758978  901.261502
  1.901250e+00  310.759681  901.255388
  1.902500e+00  310.760383  901.249289
  1.903750e+00  310.761086  901.243205
  1.905000e+00  310.761788  901.237137
  1.906250e+00  310.762490  901.231083
  1.907500e+00  310.763192  901.225045
  1.908750e+00  310.763894  901.219022
  1.910000e+00  310.764596  901.213014
  1.911250e+00  310.765298  901.207021
  1.912500e+00  310.766000  901.201043
  1.913750e+00  310.766702  901.195079
  1.915000e+00  310.767403  901.189131
  1.916250e+00  310.768105  901.183197
  1.917500e+00  310.768806  901.177278
  1.918750e+00  310.769508  901.171374
  1.920000e+00  310.770209  901.165484
  1.921250e+00  310.770910  901.159609
  1.922500e+00  310.771611  901.153749
  1.923750e+00  310.772312  901.147903
  1.925000e+00  310.773013  901.142072
  1.926250e+00  310.773714  901.136255
  1.927500e+00  310.774414  901.130452
  1.928750e+00  310.775115  901.124664
  1.930000e+00  310.775815  901.118890
  1.931250e+00  310.776515  901.113131
  1.932500e+00  310.777216  901.107385
  1.933750e+00  310.777915  901.101654
  1.935000e+00  310.778615  901.095937
  1.936250e+00  310.779315  901.090234
  1.937500e+00  310.780014  901.084545
  1.938750e+00  310.780714  901.078871
  1.940000e+00  310.781413  901.073210
  1.941250e+00  310.782112  901.067563
  1.942500e+00  310.782811  901.061930
  1.943750e+00  310.783510  901.056310
  1.945000e+00  310.784208  901.050705
  1.946250e+00  310.784907  901.045113
  1.947500e+00  310.785605  901.039535
  1.948750e+00  310.786303  901.033971
  1.950000e+00  310.787001  901.028420
  1.951250e+00  310.787699  901.022884
  1.952500e+00  310.788396  901.017360
  1.953750e+00  310.789093  901.011850
  1.955000e+00  310.789791  901.006354
  1.956250e+00  310.790488  901.000871
  1.957500e+00  310.791184  900.995401
  1.958750e+00  310.791881  900.989945
  1.960000e+00  310.792577  900.984502
  1.961250e+00  310.793273  900.979073
  1.962500e+00  310.793969  900.973656
  1.963750e+00  310.794665  900.968253
  1.965000e+00  310.795361  900.962863
  1.966250e+00  310.796056  900.957486
  1.967500e+00  310.796751  900.952123
  1.968750e+00  310.797446  900.946772
  1.970000e+00  310.798141  900.941434
  1.971250e+00  310.798835  900.936109
  1.972500e+00  310.799529  900.930798
  1.973750e+00  310.800223  900.925499
  1.975000e+00  310.800917  900.920213
  1.976250e+00  310.801610  900.914940
  1.977500e+00  310.802304  900.909679
  1.978750e+00  310.802997  900.904432
  1.980000e+00  310.803690  900.899197
  1.981250e+00  310.804382  900.893975
  1.982500e+00  310.805074  900.888765
  1.983750e+00  310.805766  900.883568
  1.985000e+00  310.806458  900.878384
  1.986250e+00  310.807150  900.873212
  1.987500e+00  310.807841  900.868052
  1.988750e+00  310.808532  900.862906
  1.990000e+00  310.809223  900.857771
  1.991250e+00  310.809913  900.852649
  1.992500e+00  310.810603  900.847539
  1.993750e+00  310.811293  900.842442
  1.995000e+00  310.811983  900.837357
  1.996250e+00  310.812672  900.832284
  1.997500e+00  310.813362  900.827223
  1.998750e+00  310.814050  900.822174
  2.000000e+00  310.814739  900.817138
