  1.000000e-02  344.742439  1869.911135
  1.500000e-02  341.997183  1864.658408
  2.000000e-02  339.452452  1858.635314
  2.500000e-02  337.463828  1850.808191
  3.000000e-02  336.169602  1840.363815
  3.500000e-02  335.535865  1826.776017
  4.000000e-02  335.420834  1809.697998
  4.500000e-02  335.642571  1788.888010
  5.000000e-02  336.038368  1764.351025
  5.500000e-02  336.500913  1736.616448
  6.000000e-02  336.980380  1706.875721
  6.500000e-02  337.457542  1676.826682
  7.000000e-02  337.913217  1648.266450
  7.500000e-02  338.317965  1622.421670
  8.000000e-02  338.630041  1599.323930
  8.500000e-02  338.789202  1578.178413
  9.000000e-02  338.738162  1558.407517
  9.500000e-02  338.451193  1539.912150
  1.000000e-01  337.935686  1522.745302
  1.050000e-01  337.229016  1506.960661
  1.100000e-01  336.394277  1492.596625
  1.150000e-01  335.506627  1479.633203
  1.200000e-01  334.637463  1467.993347
  1.250000e-01  333.843143  1457.577770
  1.300000e-01  333.158444  1448.283676
  1.350000e-01  332.594105  1440.008149
  1.400000e-01  332.138591  1432.645228
  1.450000e-01  331.763837  1426.081162
  1.500000e-01  331.433594  1420.192357
  1.550000e-01  331.112086  1414.847384
  1.600000e-01  330.770743  1409.910681
  1.650000e-01  330.391659  1405.244706
  1.700000e-01  329.967667  1400.708873
  1.750000e-01  329.499859  1396.155446
  1.800000e-01  328.993891  1391.423700
  1.850000e-01  328.456388  1386.334092
  1.900000e-01  327.892523  1380.685106
  1.950000e-01  327.305378  1374.257489
  2.000000e-01  326.697189  1366.832948
  2.050000e-01  326.071971  1358.233491
  2.100000e-01  325.438250  1348.376998
  2.150000e-01  324.810012  1337.322157
  2.200000e-01  324.204328  1325.260194
  2.250000e-01  323.636191  1312.438960
  2.300000e-01  323.113614  1299.071960
  2.350000e-01  322.636207  1285.302849
  2.400000e-01  322.198193  1271.224976
  2.450000e-01  321.794778  1256.919782
  2.500000e-01  321.427795  1242.539685
  2.550000e-01  321.105046  1228.416124
  2.600000e-01  320.833925  1215.040157
  2.650000e-01  320.615249  1202.891028
  2.700000e-01  320.440943  1192.271780
  2.750000e-01  320.295218  1183.243932
  2.800000e-01  320.157135  1175.636927
  2.850000e-01  320.003759  1169.109713
  2.900000e-01  319.814308  1163.265627
  2.950000e-01  319.574638  1157.772221
  3.000000e-01  319.280098  1152.415623
  3.050000e-01  318.935756  1147.085878
  3.100000e-01  318.554670  1141.737972
  3.150000e-01  318.155426  1136.359980
  3.200000e-01  317.759585  1130.955311
  3.250000e-01  317.389121  1125.535415
  3.300000e-01  317.063825  1120.118623
  3.350000e-01  316.798855  1114.731340
  3.400000e-01  316.602758  1109.407735
  3.450000e-01  316.476368  1104.185973
  3.500000e-01  316.412888  1099.102029
  3.550000e-01  316.399286  1094.183796
  3.600000e-01  316.418755  1089.447768
  3.650000e-01  316.453711  1084.898951
  3.700000e-01  316.488681  1080.533148
  3.750000e-01  316.512477  1076.340079
  3.800000e-01  316.519341  1072.306083
  3.850000e-01  316.509006  1068.415970
  3.900000e-01  316.485890  1064.654362
  3.950000e-01  316.457730  1061.007131
  4.000000e-01  316.434022  1057.463357
  4.050000e-01  316.424500  1054.017649
  4.100000e-01  316.437833  1050.672205
  4.150000e-01  316.480584  1047.437764
  4.200000e-01  316.556460  1044.332788
  4.250000e-01  316.665870  1041.380749
  4.300000e-01  316.805792  1038.606034
  4.350000e-01  316.969991  1036.029434
  4.400000e-01  317.149584  1033.664276
  4.450000e-01  317.333913  1031.513986
  4.500000e-01  317.511652  1029.571448
  4.550000e-01  317.672013  1027.820179
  4.600000e-01  317.805878  1026.236924
  4.650000e-01  317.906700  1024.794990
  4.700000e-01  317.971029  1023.467406
  4.750000e-01  317.998616  1022.229203
  4.800000e-01  317.992121  1021.058539
  4.850000e-01  317.956519  1019.936934
  4.900000e-01  317.898329  1018.849047
  4.950000e-01  317.824775  1017.782371
  5.000000e-01  317.742993  1016.727018
  5.050000e-01  317.659332  1015.675558
  5.100000e-01  317.578829  1014.622829
  5.150000e-01  317.504879  1013.565665
  5.200000e-01  317.439113  1012.502530
  5.250000e-01  317.381480  1011.433116
  5.300000e-01  317.330514  1010.357964
  5.350000e-01  317.283716  1009.278164
  5.400000e-01  317.238027  1008.195131
  5.450000e-01  317.190296  1007.110466
  5.500000e-01  317.137721  1006.025860
  5.550000e-01  317.078183  1004.943023
  5.600000e-01  317.010469  1003.863611
  5.650000e-01  316.934348  1002.789145
  5.700000e-01  316.850526  1001.720937
  5.750000e-01  316.760477  1000.660014
  5.800000e-01  316.666205  999.607066
  5.850000e-01  316.569963  998.562422
  5.900000e-01  316.473967  997.526053
  5.950000e-01  316.380154  996.497608
  6.000000e-01  316.289998  995.476462
  6.050000e-01  316.204408  994.461789
  6.100000e-01  316.123703  993.452641
  6.150000e-01  316.047669  992.448029
  6.200000e-01  315.975669  991.447005
  6.250000e-01  315.906786  990.448737
  6.300000e-01  315.839983  989.452572
  6.350000e-01  315.774244  988.458071
  6.400000e-01  315.708693  987.465037
  6.450000e-01  315.642672  986.473504
  6.500000e-01  315.575774  985.483716
  6.550000e-01  315.507843  984.496084
  6.600000e-01  315.438937  983.511132
  6.650000e-01  315.369272  982.529447
  6.700000e-01  315.299159  981.551630
  6.750000e-01  315.228938  980.578256
  6.800000e-01  315.158924  979.609844
  6.850000e-01  315.089370  978.646843
  6.900000e-01  315.020444  977.689623
  6.950000e-01  314.952223  976.738471
  7.000000e-01  314.884702  975.793601
  7.050000e-01  314.817814  974.855157
  7.100000e-01  314.751454  973.923227
  7.150000e-01  314.685504  972.997850
  7.200000e-01  314.619859  972.079032
  7.250000e-01  314.554439  971.166753
  7.300000e-01  314.489206  970.260984
  7.350000e-01  314.424164  969.361692
  7.400000e-01  314.359357  968.468854
  7.450000e-01  314.294862  967.582462
  7.500000e-01  314.230775  966.702533
  7.550000e-01  314.167203  965.829109
  7.600000e-01  314.104249  964.962262
  7.650000e-01  314.042005  964.102091
  7.700000e-01  313.980543  963.248724
  7.750000e-01  313.919913  962.402309
  7.800000e-01  313.860142  961.563016
  7.850000e-01  313.801235  960.731022
  7.900000e-01  313.743185  959.906512
  7.950000e-01  313.685971  959.089672
  8.000000e-01  313.629568  958.280678
  8.050000e-01  313.573955  957.479701
  8.100000e-01  313.519111  956.686895
  8.150000e-01  313.465026  955.902398
  8.200000e-01  313.411697  955.126334
  8.250000e-01  313.359132  954.358809
  8.300000e-01  313.307345  953.599912
  8.350000e-01  313.256356  952.849717
  8.400000e-01  313.206189  952.108287
  8.450000e-01  313.156867  951.375669
  8.500000e-01  313.108414  950.651901
  8.550000e-01  313.060850  949.937012
  8.600000e-01  313.014192  949.231019
  8.650000e-01  312.968450  948.533933
  8.700000e-01  312.923633  947.845753
  8.750000e-01  312.879743  947.166472
  8.800000e-01  312.836779  946.496074
  8.850000e-01  312.794739  945.834535
  8.900000e-01  312.753619  945.181822
  8.950000e-01  312.713410  944.537897
  9.000000e-01  312.674108  943.902715
  9.050000e-01  312.635702  943.276224
  9.100000e-01  312.598185  942.658369
  9.150000e-01  312.561547  942.049090
  9.200000e-01  312.525775  941.448321
  9.250000e-01  312.490857  940.855996
  9.300000e-01  312.456779  940.272044
  9.350000e-01  312.423524  939.696391
  9.400000e-01  312.391074  939.128960
  9.450000e-01  312.359410  938.569673
  9.500000e-01  312.328512  938.018447
  9.550000e-01  312.298360  937.475199
  9.600000e-01  312.268933  936.939841
  9.650000e-01  312.240213  936.412285
  9.700000e-01  312.212180  935.892441
  9.750000e-01  312.184818  935.380214
  9.800000e-01  312.158110  934.875513
  9.850000e-01  312.132041  934.378242
  9.900000e-01  312.106599  933.888307
  9.950000e-01  312.081770  933.405612
  1.000000e+00  312.057543  932.930064
  1.005000e+00  312.033907  932.461569
  1.010000e+00  312.010850  932.000035
  1.015000e+00  311.988361  931.545373
  1.020000e+00  311.966428  931.097492
  1.025000e+00  311.945038  930.656305
  1.030000e+00  311.924180  930.221728
  1.035000e+00  311.903841  929.793677
  1.040000e+00  311.884006  929.372070
  1.045000e+00  311.864663  928.956825
  1.050000e+00  311.845799  928.547866
  1.055000e+00  311.827399  928.145113
  1.060000e+00  311.809450  927.748490
  1.065000e+00  311.791941  927.357921
  1.070000e+00  311.774859  926.973331
  1.075000e+00  311.758192  926.594647
  1.080000e+00  311.741929  926.221794
  1.085000e+00  311.726062  925.854699
  1.090000e+00  311.710579  925.493289
  1.095000e+00  311.695472  925.137492
  1.100000e+00  311.680734  924.787235
  1.105000e+00  311.666356  924.442446
  1.110000e+00  311.652332  924.103054
  1.115000e+00  311.638654  923.768987
  1.120000e+00  311.625317  923.440174
  1.125000e+00  311.612315  923.116544
  1.130000e+00  311.599642  922.798025
  1.135000e+00  311.587292  922.484549
  1.140000e+00  311.575259  922.176044
  1.145000e+00  311.563539  921.872443
  1.150000e+00  311.552125  921.573675
  1.155000e+00  311.541012  921.279672
  1.160000e+00  311.530195  920.990368
  1.165000e+00  311.519668  920.705693
  1.170000e+00  311.509427  920.425583
  1.175000e+00  311.499464  920.149970
  1.180000e+00  311.489775  919.878790
  1.185000e+00  311.480355  919.611978
  1.190000e+00  311.471198  919.349469
  1.195000e+00  311.462299  919.091200
  1.200000e+00  311.453653  918.837108
  1.205000e+00  311.445254  918.587131
  1.210000e+00  311.437097  918.341206
  1.215000e+00  311.429179  918.099272
  1.220000e+00  311.421494  917.861268
  1.225000e+00  311.414037  917.627133
  1.230000e+00  311.406805  917.396806
  1.235000e+00  311.399794  917.170228
  1.240000e+00  311.392998  916.947339
  1.245000e+00  311.386416  916.728080
  1.250000e+00  311.380042  916.512392
  1.255000e+00  311.373873  916.300217
  1.260000e+00  311.367907  916.091496
  1.265000e+00  311.362138  915.886172
  1.270000e+00  311.356566  915.684187
  1.275000e+00  311.351185  915.485485
  1.280000e+00  311.345993  915.290010
  1.285000e+00  311.340987  915.097706
  1.290000e+00  311.336164  914.908517
  1.295000e+00  311.331521  914.722389
  1.300000e+00  311.327054  914.539268
  1.305000e+00  311.322761  914.359101
  1.310000e+00  311.318638  914.181836
  1.315000e+00  311.314683  914.007419
  1.320000e+00  311.310891  913.835801
  1.325000e+00  311.307260  913.666931
  1.330000e+00  311.303787  913.500759
  1.335000e+00  311.300468  913.337237
  1.340000e+00  311.297301  913.176316
  1.345000e+00  311.294281  913.017949
  1.350000e+00  311.291407  912.862090
  1.355000e+00  311.288673  912.708693
  1.360000e+00  311.286078  912.557712
  1.365000e+00  311.283619  912.409106
  1.370000e+00  311.281291  912.262829
  1.375000e+00  311.279093  912.118839
  1.380000e+00  311.277021  911.977095
  1.385000e+00  311.275072  911.837556
  1.390000e+00  311.273243  911.700181
  1.395000e+00  311.271532  911.564932
  1.400000e+00  311.269936  911.431769
  1.405000e+00  311.268452  911.300654
  1.410000e+00  311.267077  911.171550
  1.415000e+00  311.265809  911.044421
  1.420000e+00  311.264646  910.919230
  1.425000e+00  311.263585  910.795942
  1.430000e+00  311.262623  910.674522
  1.435000e+00  311.261759  910.554937
  1.440000e+00  311.260989  910.437153
  1.445000e+00  311.260313  910.321137
  1.450000e+00  311.259727  910.206856
  1.455000e+00  311.259230  910.094280
  1.460000e+00  311.258820  909.983378
  1.465000e+00  311.258494  909.874118
  1.470000e+00  311.258251  909.766471
  1.475000e+00  311.258088  909.660407
  1.480000e+00  311.258005  909.555898
  1.485000e+00  311.258000  909.452915
  1.490000e+00  311.258069  909.351431
  1.495000e+00  311.258213  909.251419
  1.500000e+00  311.258429  909.152851
  1.505000e+00  311.258716  909.055701
  1.510000e+00  311.259072  908.959945
  1.515000e+00  311.259496  908.865556
  1.520000e+00  311.259986  908.772509
  1.525000e+00  311.260541  908.680782
  1.530000e+00  311.261160  908.590349
  1.535000e+00  311.261841  908.501188
  1.540000e+00  311.262582  908.413276
  1.545000e+00  311.263384  908.326590
  1.550000e+00  311.264243  908.241109
  1.555000e+00  311.265160  908.156811
  1.560000e+00  311.266132  908.073675
  1.565000e+00  311.267159  907.991680
  1.570000e+00  311.268240  907.910807
  1.575000e+00  311.269372  907.831036
  1.580000e+00  311.270556  907.752346
  1.585000e+00  311.271789  907.674720
  1.590000e+00  311.273071  907.598140
  1.595000e+00  311.274400  907.522585
  1.600000e+00  311.275776  907.448040
  1.605000e+00  311.277197  907.374487
  1.610000e+00  311.278662  907.301908
  1.615000e+00  311.280170  907.230287
  1.620000e+00  311.281720  907.159608
  1.625000e+00  311.283311  907.089854
  1.630000e+00  311.284941  907.021011
  1.635000e+00  311.286610  906.953062
  1.640000e+00  311.288316  906.885994
  1.645000e+00  311.290059  906.819791
  1.650000e+00  311.291838  906.754438
  1.655000e+00  311.293650  906.689923
  1.660000e+00  311.295497  906.626231
  1.665000e+00  311.297376  906.563349
  1.670000e+00  311.299286  906.501263
  1.675000e+00  311.301227  906.439961
  1.680000e+00  311.303198  906.379430
  1.685000e+00  311.305198  906.319657
  1.690000e+00  311.307225  906.260632
  1.695000e+00  311.309280  906.202340
  1.700000e+00  311.311360  906.144772
  1.705000e+00  311.313467  906.087916
  1.710000e+00  311.315597  906.031759
  1.715000e+00  311.317752  905.976293
  1.720000e+00  311.319929  905.921505
  1.725000e+00  311.322129  905.867385
  1.730000e+00  311.324350  905.813923
  1.735000e+00  311.326592  905.761109
  1.740000e+00  311.328855  905.708933
  1.745000e+00  311.331136  905.657385
  1.750000e+00  311.333437  905.606455
  1.755000e+00  311.335755  905.556134
  1.760000e+00  311.338091  905.506413
  1.765000e+00  311.340444  905.457283
  1.770000e+00  311.342813  905.408735
  1.775000e+00  311.345197  905.360761
  1.780000e+00  311.347597  905.313351
  1.785000e+00  311.350010  905.266497
  1.790000e+00  311.352438  905.220192
  1.795000e+00  311.354879  905.174427
  1.800000e+00  311.357333  905.129193
  1.805000e+00  311.359800  905.084484
  1.810000e+00  311.362278  905.040291
  1.815000e+00  311.364767  904.996608
  1.820000e+00  311.367267  904.953426
  1.825000e+00  311.369777  904.910739
  1.830000e+00  311.372297  904.868538
  1.835000e+00  311.374827  904.826818
  1.840000e+00  311.377365  904.785572
  1.845000e+00  311.379912  904.744791
  1.850000e+00  311.382467  904.704471
  1.855000e+00  311.385030  904.664604
  1.860000e+00  311.387600  904.625183
  1.865000e+00  311.390177  904.586204
  1.870000e+00  311.392760  904.547658
  1.875000e+00  311.395349  904.509541
  1.880000e+00  311.397944  904.471846
  1.885000e+00  311.400544  904.434567
  1.890000e+00  311.403148  904.397698
  1.895000e+00  311.405758  904.361235
  1.900000e+00  311.408371  904.325170
  1.905000e+00  311.410989  904.289499
  1.910000e+00  311.413610  904.254216
  1.915000e+00  311.416234  904.219315
  1.920000e+00  311.418861  904.184793
  1.925000e+00  311.421490  904.150642
  1.930000e+00  311.424121  904.116859
  1.935000e+00  311.426755  904.083439
  1.940000e+00  311.429389  904.050375
  1.945000e+00  311.432025  904.017664
  1.950000e+00  311.434662  903.985301
  1.955000e+00  311.437300  903.953281
  1.960000e+00  311.439938  903.921600
  1.965000e+00  311.442575  903.890252
  1.970000e+00  311.445213  903.859234
  1.975000e+00  311.447850  903.828542
  1.980000e+00  311.450486  903.798170
  1.985000e+00  311.453121  903.768114
  1.990000e+00  311.455755  903.738372
  1.995000e+00  311.458387  903.708937
  2.000000e+00  311.461018  903.679807
