  5.000000e-03  138.157883 
  7.500000e-03  137.948537 
  1.000000e-02  137.712748 
  1.250000e-02  137.434224 
  1.500000e-02  137.095808 
  1.750000e-02  136.680206 
  2.000000e-02  136.171560 
  2.250000e-02  135.540830 
  2.500000e-02  134.795011 
  2.750000e-02  133.916432 
  3.000000e-02  132.903941 
  3.250000e-02  131.761569 
  3.500000e-02  130.503434 
  3.750000e-02  129.151699 
  4.000000e-02  127.734803 
  4.250000e-02  126.284459 
  4.500000e-02  124.832103 
  4.750000e-02  123.405823 
  5.000000e-02  122.028883 
  5.250000e-02  120.652734 
  5.500000e-02  119.402368 
  5.750000e-02  118.234351 
  6.000000e-02  117.139377 
  6.250000e-02  116.102328 
  6.500000e-02  115.124591 
  6.750000e-02  114.204356 
  7.000000e-02  113.339467 
  7.250000e-02  112.529343 
  7.500000e-02  111.773578 
  7.750000e-02  111.071084 
  8.000000e-02  110.419801 
  8.250000e-02  109.816842 
  8.500000e-02  109.258815 
  8.750000e-02  108.742201 
  9.000000e-02  108.263621 
  9.250000e-02  107.819929 
  9.500000e-02  107.408198 
  9.750000e-02  107.025670 
  1.000000e-01  106.669705 
  1.025000e-01  106.337756 
  1.050000e-01  106.027379 
  1.075000e-01  105.736251 
  1.100000e-01  105.462169 
  1.125000e-01  105.203038 
  1.150000e-01  104.956837 
  1.175000e-01  104.721588 
  1.200000e-01  104.482069 
  1.225000e-01  104.267828 
  1.250000e-01  104.049373 
  1.275000e-01  103.838565 
  1.300000e-01  103.623835 
  1.325000e-01  103.407078 
  1.350000e-01  103.186493 
  1.375000e-01  102.959196 
  1.400000e-01  102.721831 
  1.425000e-01  102.470730 
  1.450000e-01  102.201987 
  1.475000e-01  101.911570 
  1.500000e-01  101.595557 
  1.525000e-01  101.250569 
  1.550000e-01  100.874370 
  1.575000e-01  100.466429 
  1.600000e-01  100.028240 
  1.625000e-01  99.563208 
  1.650000e-01  99.076053 
  1.675000e-01  98.571897 
  1.700000e-01  98.055312 
  1.725000e-01  97.529558 
  1.750000e-01  96.996124 
  1.775000e-01  96.454621 
  1.800000e-01  95.903004 
  1.825000e-01  95.338000 
  1.850000e-01  94.755632 
  1.875000e-01  94.151921 
  1.900000e-01  93.487470 
  1.925000e-01  92.838920 
  1.950000e-01  92.150998 
  1.975000e-01  91.456170 
  2.000000e-01  90.745154 
  2.025000e-01  90.042961 
  2.050000e-01  89.361060 
  2.075000e-01  88.707390 
  2.100000e-01  88.088659 
  2.125000e-01  87.509636 
  2.150000e-01  86.972769 
  2.175000e-01  86.478240 
  2.200000e-01  86.024327 
  2.225000e-01  85.607875 
  2.250000e-01  85.224776 
  2.275000e-01  84.870485 
  2.300000e-01  84.540524 
  2.325000e-01  84.230879 
  2.350000e-01  83.938175 
  2.375000e-01  83.659676 
  2.400000e-01  83.393191 
  2.425000e-01  83.136967 
  2.450000e-01  82.889615 
  2.475000e-01  82.650033 
  2.500000e-01  82.417350 
  2.525000e-01  82.190863 
  2.550000e-01  81.969993 
  2.575000e-01  81.754258 
  2.600000e-01  81.543247 
  2.625000e-01  81.336612 
  2.650000e-01  81.134060 
  2.675000e-01  80.935341 
  2.700000e-01  80.740244 
  2.725000e-01  80.548590 
  2.750000e-01  80.360227 
  2.775000e-01  80.175028 
  2.800000e-01  79.992889 
  2.825000e-01  79.813728 
  2.850000e-01  79.637486 
  2.875000e-01  79.464125 
  2.900000e-01  79.293627 
  2.925000e-01  79.125993 
  2.950000e-01  78.961238 
  2.975000e-01  78.799394 
  3.000000e-01  78.640504 
  3.025000e-01  78.484620 
  3.050000e-01  78.331804 
  3.075000e-01  78.182122 
  3.100000e-01  78.035642 
  3.125000e-01  77.892320 
  3.150000e-01  77.752442 
  3.175000e-01  77.615906 
  3.200000e-01  77.482825 
  3.225000e-01  77.353229 
  3.250000e-01  77.227180 
  3.275000e-01  77.104663 
  3.300000e-01  76.985572 
  3.325000e-01  76.870020 
  3.350000e-01  76.757954 
  3.375000e-01  76.649295 
  3.400000e-01  76.543917 
  3.425000e-01  76.441771 
  3.450000e-01  76.342798 
  3.475000e-01  76.246875 
  3.500000e-01  76.153885 
  3.525000e-01  76.063666 
  3.550000e-01  75.976162 
  3.575000e-01  75.891279 
  3.600000e-01  75.808884 
  3.625000e-01  75.728852 
  3.650000e-01  75.651013 
  3.675000e-01  75.575332 
  3.700000e-01  75.501701 
  3.725000e-01  75.429998 
  3.750000e-01  75.360113 
  3.775000e-01  75.291944 
  3.800000e-01  75.225338 
  3.825000e-01  75.160300 
  3.850000e-01  75.096732 
  3.875000e-01  75.034540 
  3.900000e-01  74.973644 
  3.925000e-01  74.913965 
  3.950000e-01  74.855433 
  3.975000e-01  74.797984 
  4.000000e-01  74.741495 
  4.025000e-01  74.686013 
  4.050000e-01  74.631461 
  4.075000e-01  74.577779 
  4.100000e-01  74.524912 
  4.125000e-01  74.472812 
  4.150000e-01  74.421430 
  4.175000e-01  74.370724 
  4.200000e-01  74.320656 
  4.225000e-01  74.271190 
  4.250000e-01  74.222294 
  4.275000e-01  74.173935 
  4.300000e-01  74.126084 
  4.325000e-01  74.078652 
  4.350000e-01  74.031707 
  4.375000e-01  73.985199 
  4.400000e-01  73.939096 
  4.425000e-01  73.893369 
  4.450000e-01  73.847993 
  4.475000e-01  73.802942 
  4.500000e-01  73.758198 
  4.525000e-01  73.713743 
  4.550000e-01  73.669563 
  4.575000e-01  73.625643 
  4.600000e-01  73.581973 
  4.625000e-01  73.538539 
  4.650000e-01  73.495329 
  4.675000e-01  73.452333 
  4.700000e-01  73.409537 
  4.725000e-01  73.366933 
  4.750000e-01  73.324511 
  4.775000e-01  73.282261 
  4.800000e-01  73.240123 
  4.825000e-01  73.198177 
  4.850000e-01  73.156399 
  4.875000e-01  73.114777 
  4.900000e-01  73.073303 
  4.925000e-01  73.031970 
  4.950000e-01  72.990773 
  4.975000e-01  72.949706 
  5.000000e-01  72.908769 
  5.025000e-01  72.867962 
  5.050000e-01  72.827285 
  5.075000e-01  72.786738 
  5.100000e-01  72.746322 
  5.125000e-01  72.706036 
  5.150000e-01  72.665879 
  5.175000e-01  72.625849 
  5.200000e-01  72.585946 
  5.225000e-01  72.546169 
  5.250000e-01  72.506516 
  5.275000e-01  72.466988 
  5.300000e-01  72.427583 
  5.325000e-01  72.388304 
  5.350000e-01  72.349088 
  5.375000e-01  72.310038 
  5.400000e-01  72.271124 
  5.425000e-01  72.232341 
  5.450000e-01  72.193685 
  5.475000e-01  72.155153 
  5.500000e-01  72.116742 
  5.525000e-01  72.078449 
  5.550000e-01  72.040275 
  5.575000e-01  72.002219 
  5.600000e-01  71.964285 
  5.625000e-01  71.926473 
  5.650000e-01  71.888783 
  5.675000e-01  71.851216 
  5.700000e-01  71.813771 
  5.725000e-01  71.776449 
  5.750000e-01  71.739248 
  5.775000e-01  71.702167 
  5.800000e-01  71.665209 
  5.825000e-01  71.628371 
  5.850000e-01  71.591656 
  5.875000e-01  71.555063 
  5.900000e-01  71.518595 
  5.925000e-01  71.482253 
  5.950000e-01  71.446038 
  5.975000e-01  71.409951 
  6.000000e-01  71.373995 
  6.025000e-01  71.338172 
  6.050000e-01  71.302416 
  6.075000e-01  71.266844 
  6.100000e-01  71.231423 
  6.125000e-01  71.196150 
  6.150000e-01  71.161025 
  6.175000e-01  71.126047 
  6.200000e-01  71.091215 
  6.225000e-01  71.056530 
  6.250000e-01  71.021993 
  6.275000e-01  70.987609 
  6.300000e-01  70.953381 
  6.325000e-01  70.919313 
  6.350000e-01  70.885406 
  6.375000e-01  70.851665 
  6.400000e-01  70.818089 
  6.425000e-01  70.784681 
  6.450000e-01  70.751441 
  6.475000e-01  70.718370 
  6.500000e-01  70.685469 
  6.525000e-01  70.652739 
  6.550000e-01  70.620181 
  6.575000e-01  70.587794 
  6.600000e-01  70.555581 
  6.625000e-01  70.523541 
  6.650000e-01  70.491676 
  6.675000e-01  70.459986 
  6.700000e-01  70.428472 
  6.725000e-01  70.397134 
  6.750000e-01  70.365972 
  6.775000e-01  70.334988 
  6.800000e-01  70.304182 
  6.825000e-01  70.273480 
  6.850000e-01  70.243009 
  6.875000e-01  70.212730 
  6.900000e-01  70.182637 
  6.925000e-01  70.152731 
  6.950000e-01  70.123009 
  6.975000e-01  70.093470 
  7.000000e-01  70.064113 
  7.025000e-01  70.034939 
  7.050000e-01  70.005949 
  7.075000e-01  69.977146 
  7.100000e-01  69.948533 
  7.125000e-01  69.920111 
  7.150000e-01  69.891883 
  7.175000e-01  69.863849 
  7.200000e-01  69.836010 
  7.225000e-01  69.808367 
  7.250000e-01  69.780921 
  7.275000e-01  69.753671 
  7.300000e-01  69.726619 
  7.325000e-01  69.699764 
  7.350000e-01  69.673108 
  7.375000e-01  69.646650 
  7.400000e-01  69.620390 
  7.425000e-01  69.594328 
  7.450000e-01  69.568464 
  7.475000e-01  69.542798 
  7.500000e-01  69.517328 
  7.525000e-01  69.492053 
  7.550000e-01  69.466974 
  7.575000e-01  69.442089 
  7.600000e-01  69.417395 
  7.625000e-01  69.392893 
  7.650000e-01  69.368581 
  7.675000e-01  69.344456 
  7.700000e-01  69.320518 
  7.725000e-01  69.296765 
  7.750000e-01  69.273195 
  7.775000e-01  69.249807 
  7.800000e-01  69.226598 
  7.825000e-01  69.203568 
  7.850000e-01  69.180715 
  7.875000e-01  69.158037 
  7.900000e-01  69.135533 
  7.925000e-01  69.113201 
  7.950000e-01  69.091040 
  7.975000e-01  69.068964 
  8.000000e-01  69.047118 
  8.025000e-01  69.025450 
  8.050000e-01  69.003955 
  8.075000e-01  68.982630 
  8.100000e-01  68.961473 
  8.125000e-01  68.940480 
  8.150000e-01  68.919648 
  8.175000e-01  68.898977 
  8.200000e-01  68.878467 
  8.225000e-01  68.858118 
  8.250000e-01  68.837929 
  8.275000e-01  68.817902 
  8.300000e-01  68.798036 
  8.325000e-01  68.778331 
  8.350000e-01  68.758786 
  8.375000e-01  68.739400 
  8.400000e-01  68.720173 
  8.425000e-01  68.701102 
  8.450000e-01  68.682188 
  8.475000e-01  68.663429 
  8.500000e-01  68.644825 
  8.525000e-01  68.626375 
  8.550000e-01  68.608077 
  8.575000e-01  68.589930 
  8.600000e-01  68.571934 
  8.625000e-01  68.554087 
  8.650000e-01  68.536387 
  8.675000e-01  68.518835 
  8.700000e-01  68.501427 
  8.725000e-01  68.484163 
  8.750000e-01  68.467041 
  8.775000e-01  68.450060 
  8.800000e-01  68.433217 
  8.825000e-01  68.416513 
  8.850000e-01  68.399944 
  8.875000e-01  68.383509 
  8.900000e-01  68.367208 
  8.925000e-01  68.351037 
  8.950000e-01  68.334997 
  8.975000e-01  68.319084 
  9.000000e-01  68.303299 
  9.025000e-01  68.287639 
  9.050000e-01  68.272103 
  9.075000e-01  68.256690 
  9.100000e-01  68.241399 
  9.125000e-01  68.226228 
  9.150000e-01  68.211176 
  9.175000e-01  68.196243 
  9.200000e-01  68.181427 
  9.225000e-01  68.166727 
  9.250000e-01  68.152143 
  9.275000e-01  68.137674 
  9.300000e-01  68.123318 
  9.325000e-01  68.109076 
  9.350000e-01  68.094946 
  9.375000e-01  68.080928 
  9.400000e-01  68.067022 
  9.425000e-01  68.053226 
  9.450000e-01  68.039541 
  9.475000e-01  68.025966 
  9.500000e-01  68.012501 
  9.525000e-01  67.999144 
  9.550000e-01  67.985896 
  9.575000e-01  67.972756 
  9.600000e-01  67.959724 
  9.625000e-01  67.946799 
  9.650000e-01  67.933981 
  9.675000e-01  67.921269 
  9.700000e-01  67.908663 
  9.725000e-01  67.896162 
  9.750000e-01  67.883766 
  9.775000e-01  67.871474 
  9.800000e-01  67.859286 
  9.825000e-01  67.847200 
  9.850000e-01  67.835216 
  9.875000e-01  67.823334 
  9.900000e-01  67.811553 
  9.925000e-01  67.799871 
  9.950000e-01  67.788288 
  9.975000e-01  67.776804 
  1.000000e+00  67.765417 
  1.002500e+00  67.754127 
  1.005000e+00  67.742932 
  1.007500e+00  67.731832 
  1.010000e+00  67.720825 
  1.012500e+00  67.709911 
  1.015000e+00  67.699089 
  1.017500e+00  67.688358 
  1.020000e+00  67.677717 
  1.022500e+00  67.667164 
  1.025000e+00  67.656699 
  1.027500e+00  67.646321 
  1.030000e+00  67.636029 
  1.032500e+00  67.625821 
  1.035000e+00  67.615698 
  1.037500e+00  67.605657 
  1.040000e+00  67.595699 
  1.042500e+00  67.585821 
  1.045000e+00  67.576024 
  1.047500e+00  67.566306 
  1.050000e+00  67.556667 
  1.052500e+00  67.547105 
  1.055000e+00  67.537620 
  1.057500e+00  67.528211 
  1.060000e+00  67.518877 
  1.062500e+00  67.509618 
  1.065000e+00  67.500433 
  1.067500e+00  67.491321 
  1.070000e+00  67.482281 
  1.072500e+00  67.473314 
  1.075000e+00  67.464417 
  1.077500e+00  67.455592 
  1.080000e+00  67.446836 
  1.082500e+00  67.438150 
  1.085000e+00  67.429534 
  1.087500e+00  67.420986 
  1.090000e+00  67.412506 
  1.092500e+00  67.404094 
  1.095000e+00  67.395749 
  1.097500e+00  67.387471 
  1.100000e+00  67.379259 
  1.102500e+00  67.371114 
  1.105000e+00  67.363034 
  1.107500e+00  67.355019 
  1.110000e+00  67.347069 
  1.112500e+00  67.339184 
  1.115000e+00  67.331363 
  1.117500e+00  67.323606 
  1.120000e+00  67.315912 
  1.122500e+00  67.308281 
  1.125000e+00  67.300713 
  1.127500e+00  67.293207 
  1.130000e+00  67.285762 
  1.132500e+00  67.278379 
  1.135000e+00  67.271057 
  1.137500e+00  67.263796 
  1.140000e+00  67.256595 
  1.142500e+00  67.249454 
  1.145000e+00  67.242373 
  1.147500e+00  67.235350 
  1.150000e+00  67.228386 
  1.152500e+00  67.221480 
  1.155000e+00  67.214632 
  1.157500e+00  67.207841 
  1.160000e+00  67.201106 
  1.162500e+00  67.194428 
  1.165000e+00  67.187805 
  1.167500e+00  67.181238 
  1.170000e+00  67.174725 
  1.172500e+00  67.168266 
  1.175000e+00  67.161861 
  1.177500e+00  67.155508 
  1.180000e+00  67.149209 
  1.182500e+00  67.142961 
  1.185000e+00  67.136765 
  1.187500e+00  67.130619 
  1.190000e+00  67.124524 
  1.192500e+00  67.118479 
  1.195000e+00  67.112482 
  1.197500e+00  67.106535 
  1.200000e+00  67.100635 
  1.202500e+00  67.094783 
  1.205000e+00  67.088977 
  1.207500e+00  67.083219 
  1.210000e+00  67.077506 
  1.212500e+00  67.071838 
  1.215000e+00  67.066215 
  1.217500e+00  67.060636 
  1.220000e+00  67.055101 
  1.222500e+00  67.049609 
  1.225000e+00  67.044160 
  1.227500e+00  67.038753 
  1.230000e+00  67.033387 
  1.232500e+00  67.028063 
  1.235000e+00  67.022779 
  1.237500e+00  67.017535 
  1.240000e+00  67.012331 
  1.242500e+00  67.007166 
  1.245000e+00  67.002040 
  1.247500e+00  66.996952 
  1.250000e+00  66.991902 
  1.252500e+00  66.986889 
  1.255000e+00  66.981913 
  1.257500e+00  66.976974 
  1.260000e+00  66.972071 
  1.262500e+00  66.967204 
  1.265000e+00  66.962372 
  1.267500e+00  66.957575 
  1.270000e+00  66.952813 
  1.272500e+00  66.948085 
  1.275000e+00  66.943391 
  1.277500e+00  66.938730 
  1.280000e+00  66.934103 
  1.282500e+00  66.929509 
  1.285000e+00  66.924947 
  1.287500e+00  66.920418 
  1.290000e+00  66.915921 
  1.292500e+00  66.911456 
  1.295000e+00  66.907022 
  1.297500e+00  66.902619 
  1.300000e+00  66.898247 
  1.302500e+00  66.893906 
  1.305000e+00  66.889595 
  1.307500e+00  66.885315 
  1.310000e+00  66.881064 
  1.312500e+00  66.876843 
  1.315000e+00  66.872652 
  1.317500e+00  66.868490 
  1.320000e+00  66.864357 
  1.322500e+00  66.860253 
  1.325000e+00  66.856178 
  1.327500e+00  66.852131 
  1.330000e+00  66.848112 
  1.332500e+00  66.844121 
  1.335000e+00  66.840158 
  1.337500e+00  66.836223 
  1.340000e+00  66.832315 
  1.342500e+00  66.828435 
  1.345000e+00  66.824582 
  1.347500e+00  66.820755 
  1.350000e+00  66.816956 
  1.352500e+00  66.813183 
  1.355000e+00  66.809436 
  1.357500e+00  66.805716 
  1.360000e+00  66.802022 
  1.362500e+00  66.798353 
  1.365000e+00  66.794711 
  1.367500e+00  66.791094 
  1.370000e+00  66.787502 
  1.372500e+00  66.783936 
  1.375000e+00  66.780395 
  1.377500e+00  66.776878 
  1.380000e+00  66.773386 
  1.382500e+00  66.769919 
  1.385000e+00  66.766477 
  1.387500e+00  66.763058 
  1.390000e+00  66.759663 
  1.392500e+00  66.756293 
  1.395000e+00  66.752946 
  1.397500e+00  66.749622 
  1.400000e+00  66.746322 
  1.402500e+00  66.743045 
  1.405000e+00  66.739791 
  1.407500e+00  66.736560 
  1.410000e+00  66.733352 
  1.412500e+00  66.730166 
  1.415000e+00  66.727002 
  1.417500e+00  66.723860 
  1.420000e+00  66.720741 
  1.422500e+00  66.717643 
  1.425000e+00  66.714566 
  1.427500e+00  66.711511 
  1.430000e+00  66.708478 
  1.432500e+00  66.705465 
  1.435000e+00  66.702473 
  1.437500e+00  66.699502 
  1.440000e+00  66.696551 
  1.442500e+00  66.693621 
  1.445000e+00  66.690711 
  1.447500e+00  66.687821 
  1.450000e+00  66.684950 
  1.452500e+00  66.682100 
  1.455000e+00  66.679268 
  1.457500e+00  66.676456 
  1.460000e+00  66.673663 
  1.462500e+00  66.670889 
  1.465000e+00  66.668134 
  1.467500e+00  66.665397 
  1.470000e+00  66.662678 
  1.472500e+00  66.659978 
  1.475000e+00  66.657296 
  1.477500e+00  66.654631 
  1.480000e+00  66.651984 
  1.482500e+00  66.649355 
  1.485000e+00  66.646743 
  1.487500e+00  66.644149 
  1.490000e+00  66.641571 
  1.492500e+00  66.639010 
  1.495000e+00  66.636466 
  1.497500e+00  66.633939 
  1.500000e+00  66.631427 
  1.502500e+00  66.628932 
  1.505000e+00  66.626453 
  1.507500e+00  66.623990 
  1.510000e+00  66.621543 
  1.512500e+00  66.619111 
  1.515000e+00  66.616695 
  1.517500e+00  66.614294 
  1.520000e+00  66.611908 
  1.522500e+00  66.609537 
  1.525000e+00  66.607181 
  1.527500e+00  66.604839 
  1.530000e+00  66.602513 
  1.532500e+00  66.600200 
  1.535000e+00  66.597902 
  1.537500e+00  66.595618 
  1.540000e+00  66.593348 
  1.542500e+00  66.591092 
  1.545000e+00  66.588850 
  1.547500e+00  66.586621 
  1.550000e+00  66.584406 
  1.552500e+00  66.582205 
  1.555000e+00  66.580016 
  1.557500e+00  66.577841 
  1.560000e+00  66.575678 
  1.562500e+00  66.573529 
  1.565000e+00  66.571392 
  1.567500e+00  66.569268 
  1.570000e+00  66.567157 
  1.572500e+00  66.565058 
  1.575000e+00  66.562971 
  1.577500e+00  66.560897 
  1.580000e+00  66.558835 
  1.582500e+00  66.556785 
  1.585000e+00  66.554746 
  1.587500e+00  66.552720 
  1.590000e+00  66.550705 
  1.592500e+00  66.548702 
  1.595000e+00  66.546710 
  1.597500e+00  66.544730 
  1.600000e+00  66.542762 
  1.602500e+00  66.540804 
  1.605000e+00  66.538858 
  1.607500e+00  66.536923 
  1.610000e+00  66.534999 
  1.612500e+00  66.533085 
  1.615000e+00  66.531183 
  1.617500e+00  66.529291 
  1.620000e+00  66.527411 
  1.622500e+00  66.525540 
  1.625000e+00  66.523680 
  1.627500e+00  66.521831 
  1.630000e+00  66.519992 
  1.632500e+00  66.518164 
  1.635000e+00  66.516345 
  1.637500e+00  66.514537 
  1.640000e+00  66.512739 
  1.642500e+00  66.510951 
  1.645000e+00  66.509173 
  1.647500e+00  66.507405 
  1.650000e+00  66.505647 
  1.652500e+00  66.503898 
  1.655000e+00  66.502159 
  1.657500e+00  66.500430 
  1.660000e+00  66.498711 
  1.662500e+00  66.497001 
  1.665000e+00  66.495300 
  1.667500e+00  66.493609 
  1.670000e+00  66.491927 
  1.672500e+00  66.490255 
  1.675000e+00  66.488592 
  1.677500e+00  66.486938 
  1.680000e+00  66.485293 
  1.682500e+00  66.483658 
  1.685000e+00  66.482031 
  1.687500e+00  66.480414 
  1.690000e+00  66.478805 
  1.692500e+00  66.477205 
  1.695000e+00  66.475615 
  1.697500e+00  66.474032 
  1.700000e+00  66.472459 
  1.702500e+00  66.470895 
  1.705000e+00  66.469339 
  1.707500e+00  66.467791 
  1.710000e+00  66.466253 
  1.712500e+00  66.464722 
  1.715000e+00  66.463201 
  1.717500e+00  66.461687 
  1.720000e+00  66.460182 
  1.722500e+00  66.458686 
  1.725000e+00  66.457198 
  1.727500e+00  66.455718 
  1.730000e+00  66.454246 
  1.732500e+00  66.452782 
  1.735000e+00  66.451327 
  1.737500e+00  66.449879 
  1.740000e+00  66.448440 
  1.742500e+00  66.447008 
  1.745000e+00  66.445585 
  1.747500e+00  66.444169 
  1.750000e+00  66.442762 
  1.752500e+00  66.441362 
  1.755000e+00  66.439970 
  1.757500e+00  66.438585 
  1.760000e+00  66.437209 
  1.762500e+00  66.435840 
  1.765000e+00  66.434478 
  1.767500e+00  66.433125 
  1.770000e+00  66.431778 
  1.772500e+00  66.430440 
  1.775000e+00  66.429108 
  1.777500e+00  66.427784 
  1.780000e+00  66.426468 
  1.782500e+00  66.425159 
  1.785000e+00  66.423857 
  1.787500e+00  66.422562 
  1.790000e+00  66.421275 
  1.792500e+00  66.419994 
  1.795000e+00  66.418721 
  1.797500e+00  66.417455 
  1.800000e+00  66.416196 
  1.802500e+00  66.414944 
  1.805000e+00  66.413699 
  1.807500e+00  66.412461 
  1.810000e+00  66.411229 
  1.812500e+00  66.410005 
  1.815000e+00  66.408787 
  1.817500e+00  66.407576 
  1.820000e+00  66.406372 
  1.822500e+00  66.405174 
  1.825000e+00  66.403983 
  1.827500e+00  66.402799 
  1.830000e+00  66.401621 
  1.832500e+00  66.400450 
  1.835000e+00  66.399285 
  1.837500e+00  66.398127 
  1.840000e+00  66.396975 
  1.842500e+00  66.395829 
  1.845000e+00  66.394690 
  1.847500e+00  66.393557 
  1.850000e+00  66.392430 
  1.852500e+00  66.391309 
  1.855000e+00  66.390195 
  1.857500e+00  66.389086 
  1.860000e+00  66.387984 
  1.862500e+00  66.386887 
  1.865000e+00  66.385797 
  1.867500e+00  66.384713 
  1.870000e+00  66.383634 
  1.872500e+00  66.382562 
  1.875000e+00  66.381495 
  1.877500e+00  66.380434 
  1.880000e+00  66.379379 
  1.882500e+00  66.378329 
  1.885000e+00  66.377285 
  1.887500e+00  66.376247 
  1.890000e+00  66.375214 
  1.892500e+00  66.374187 
  1.895000e+00  66.373165 
  1.897500e+00  66.372149 
  1.900000e+00  66.371139 
  1.902500e+00  66.370133 
  1.905000e+00  66.369133 
  1.907500e+00  66.368139 
  1.910000e+00  66.367150 
  1.912500e+00  66.366166 
  1.915000e+00  66.365187 
  1.917500e+00  66.364213 
  1.920000e+00  66.363245 
  1.922500e+00  66.362281 
  1.925000e+00  66.361323 
  1.927500e+00  66.360370 
  1.930000e+00  66.359421 
  1.932500e+00  66.358478 
  1.935000e+00  66.357540 
  1.937500e+00  66.356606 
  1.940000e+00  66.355677 
  1.942500e+00  66.354753 
  1.945000e+00  66.353834 
  1.947500e+00  66.352920 
  1.950000e+00  66.352011 
  1.952500e+00  66.351106 
  1.955000e+00  66.350205 
  1.957500e+00  66.349310 
  1.960000e+00  66.348419 
  1.962500e+00  66.347532 
  1.965000e+00  66.346650 
  1.967500e+00  66.345773 
  1.970000e+00  66.344899 
  1.972500e+00  66.344031 
  1.975000e+00  66.343167 
  1.977500e+00  66.342307 
  1.980000e+00  66.341451 
  1.982500e+00  66.340600 
  1.985000e+00  66.339753 
  1.987500e+00  66.338910 
  1.990000e+00  66.338071 
  1.992500e+00  66.337237 
  1.995000e+00  66.336406 
  1.997500e+00  66.335580 
  2.000000e+00  66.334758 
