  5.000000e-03  7.92410692 295.63103473 
  7.500000e-03  7.92410692 295.62927690 
  1.000000e-02  7.92410692 295.63019013 
  1.250000e-02  7.92410692 295.62971422 
  1.500000e-02  7.92410692 295.62829045 
  1.750000e-02  7.92410692 295.62522275 
  2.000000e-02  7.92410692 295.61717987 
  2.250000e-02  7.92410692 295.64167342 
  2.500000e-02  7.92410692 295.63530797 
  2.750000e-02  7.92410692 295.64181708 
  3.000000e-02  7.92410692 295.64285410 
  3.250000e-02  7.92410692 295.64535502 
  3.500000e-02  7.92410692 295.64697411 
  3.750000e-02  7.92410692 295.64852282 
  4.000000e-02  7.92410692 295.65022791 
  4.250000e-02  7.92410692 295.65258469 
  4.500000e-02  7.92410692 295.65543036 
  4.750000e-02  7.92410692 295.65773113 
  5.000000e-02  7.92410692 295.65842010 
  5.250000e-02  7.92410692 295.60078568 
  5.500000e-02  7.92410692 295.61970220 
  5.750000e-02  7.92410692 295.61569588 
  6.000000e-02  7.92410692 295.61825191 
  6.250000e-02  7.92410692 295.63313633 
  6.500000e-02  7.92410692 295.63326601 
  6.750000e-02  7.92410692 295.63119182 
  7.000000e-02  7.92410692 295.63038193 
  7.250000e-02  7.92410692 295.63030647 
  7.500000e-02  7.92410692 295.63054994 
  7.750000e-02  7.92410692 295.63107915 
  8.000000e-02  7.92410692 295.63195917 
  8.250000e-02  7.92410692 295.63312921 
  8.500000e-02  7.92410692 295.63430565 
  8.750000e-02  7.92410692 295.63517874 
  9.000000e-02  7.92410692 295.63565334 
  9.250000e-02  7.92410692 295.63583061 
  9.500000e-02  7.92410692 295.63585722 
  9.750000e-02  7.92410692 295.63583480 
  1.000000e-01  7.92410692 295.63580952 
  1.025000e-01  7.92410692 295.63579339 
  1.050000e-01  7.92410692 295.63578478 
  1.075000e-01  7.92410692 295.63577943 
  1.100000e-01  7.92410692 295.63577520 
  1.125000e-01  7.92410692 295.63577248 
  1.150000e-01  7.92410692 295.63577215 
  1.175000e-01  7.92410692 295.63577611 
  1.200000e-01  7.92410692 295.61865881 
  1.225000e-01  7.92410692 295.62815787 
  1.250000e-01  7.92410692 295.62180710 
  1.275000e-01  7.92410692 295.62626841 
  1.300000e-01  7.92410692 295.62779657 
  1.325000e-01  7.92410692 295.62824639 
  1.350000e-01  7.92410692 295.62821703 
  1.375000e-01  7.92410692 295.62816517 
  1.400000e-01  7.92410692 295.62828515 
  1.425000e-01  7.92410692 295.62862858 
  1.450000e-01  7.92410692 295.62922925 
  1.475000e-01  7.92410692 295.63011236 
  1.500000e-01  7.92410692 295.63122976 
  1.525000e-01  7.92410692 295.63243559 
  1.550000e-01  7.92410692 295.63356530 
  1.575000e-01  7.92410692 295.63451909 
  1.600000e-01  7.92410692 295.63525969 
  1.625000e-01  7.92410692 295.63577403 
  1.650000e-01  7.92410692 295.63606785 
  1.675000e-01  7.92410692 295.63619351 
  1.700000e-01  7.92410692 295.63626448 
  1.725000e-01  7.92410692 295.63641400 
  1.750000e-01  7.92410692 295.63670440 
  1.775000e-01  7.92410692 295.63707369 
  1.800000e-01  7.92410692 295.63740254 
  1.825000e-01  7.92410692 295.63763840 
  1.850000e-01  7.92410692 295.63783451 
  1.875000e-01  7.92410692 295.63806828 
  1.900000e-01  7.92410692 295.61633800 
  1.925000e-01  7.92410692 295.62884054 
  1.950000e-01  7.92410692 295.61945467 
  1.975000e-01  7.92410692 295.62682275 
  2.000000e-01  7.92410692 295.63137732 
  2.025000e-01  7.92410692 295.63122258 
  2.050000e-01  7.92410692 295.63009475 
  2.075000e-01  7.92410692 295.62948002 
  2.100000e-01  7.92410692 295.62935422 
  2.125000e-01  7.92410692 295.62949708 
  2.150000e-01  7.92410692 295.62977394 
  2.175000e-01  7.92410692 295.63009635 
  2.200000e-01  7.92410692 295.63040375 
  2.225000e-01  7.92410692 295.63067121 
  2.250000e-01  7.92410692 295.63090135 
  2.275000e-01  7.92410692 295.63110035 
  2.300000e-01  7.92410692 295.63126363 
  2.325000e-01  7.92410692 295.63138097 
  2.350000e-01  7.92410692 295.63144829 
  2.375000e-01  7.92410692 295.63147058 
  2.400000e-01  7.92410692 295.63145688 
  2.425000e-01  7.92410692 295.63141490 
  2.450000e-01  7.92410692 295.63134948 
  2.475000e-01  7.92410692 295.63126384 
  2.500000e-01  7.92410692 295.63116150 
  2.525000e-01  7.92410692 295.63104685 
  2.550000e-01  7.92410692 295.63092408 
  2.575000e-01  7.92410692 295.63079680 
  2.600000e-01  7.92410692 295.63066745 
  2.625000e-01  7.92410692 295.63053744 
  2.650000e-01  7.92410692 295.63040747 
  2.675000e-01  7.92410692 295.63027793 
  2.700000e-01  7.92410692 295.63014905 
  2.725000e-01  7.92410692 295.63002098 
  2.750000e-01  7.92410692 295.62989370 
  2.775000e-01  7.92410692 295.62976697 
  2.800000e-01  7.92410692 295.62964036 
  2.825000e-01  7.92410692 295.62951330 
  2.850000e-01  7.92410692 295.62938527 
  2.875000e-01  7.92410692 295.62925597 
  2.900000e-01  7.92410692 295.62912546 
  2.925000e-01  7.92410692 295.62899421 
  2.950000e-01  7.92410692 295.62886307 
  2.975000e-01  7.92410692 295.62873325 
  3.000000e-01  7.92410692 295.62860617 
  3.025000e-01  7.92410692 295.62848328 
  3.050000e-01  7.92410692 295.62836609 
  3.075000e-01  7.92410692 295.62825575 
  3.100000e-01  7.92410692 295.62815335 
  3.125000e-01  7.92410692 295.62822885 
  3.150000e-01  7.92410692 295.62814461 
  3.175000e-01  7.92410692 295.62820880 
  3.200000e-01  7.92410692 295.62806920 
  3.225000e-01  7.92410692 295.62810747 
  3.250000e-01  7.92410692 295.62820051 
  3.275000e-01  7.92410692 295.62830698 
  3.300000e-01  7.92410692 295.62807421 
  3.325000e-01  7.92410692 295.62807287 
  3.350000e-01  7.92410692 295.62814781 
  3.375000e-01  7.92410692 295.62824482 
  3.400000e-01  7.92410692 295.62803801 
  3.425000e-01  7.92410692 295.62803975 
  3.450000e-01  7.92410692 295.62810832 
  3.475000e-01  7.92410692 295.62819395 
  3.500000e-01  7.92410692 295.62828002 
  3.525000e-01  7.92410692 295.62809809 
  3.550000e-01  7.92410692 295.62809193 
  3.575000e-01  7.92410692 295.62814218 
  3.600000e-01  7.92410692 295.62820700 
  3.625000e-01  7.92410692 295.62827236 
  3.650000e-01  7.92410692 295.62810010 
  3.675000e-01  7.92410692 295.62808479 
  3.700000e-01  7.92410692 295.62812067 
  3.725000e-01  7.92410692 295.62816999 
  3.750000e-01  7.92410692 295.62822032 
  3.775000e-01  7.92410692 295.62826813 
  3.800000e-01  7.92410692 295.62809613 
  3.825000e-01  7.92410692 295.62806978 
  3.850000e-01  7.92410692 295.62809186 
  3.875000e-01  7.92410692 295.62812728 
  3.900000e-01  7.92410692 295.62816429 
  3.925000e-01  7.92410692 295.62819946 
  3.950000e-01  7.92410692 295.62823224 
  3.975000e-01  7.92410692 295.62826303 
  4.000000e-01  7.92410692 295.62808742 
  4.025000e-01  7.92410692 295.62805065 
  4.050000e-01  7.92410692 295.62806101 
  4.075000e-01  7.92410692 295.62808501 
  4.100000e-01  7.92410692 295.62811122 
  4.125000e-01  7.92410692 295.62813613 
  4.150000e-01  7.92410692 295.62815914 
  4.175000e-01  7.92410692 295.62818064 
  4.200000e-01  7.92410692 295.62820123 
  4.225000e-01  7.92410692 295.62822143 
  4.250000e-01  7.92410692 295.62824156 
  4.275000e-01  7.92410692 295.62826177 
  4.300000e-01  7.92410692 295.62828206 
  4.325000e-01  7.92410692 295.62809430 
  4.350000e-01  7.92410692 295.62804777 
  4.375000e-01  7.92410692 295.62804935 
  4.400000e-01  7.92410692 295.62806482 
  4.425000e-01  7.92410692 295.62808247 
  4.450000e-01  7.92410692 295.62809886 
  4.475000e-01  7.92410692 295.62811359 
  4.500000e-01  7.92410692 295.62812728 
  4.525000e-01  7.92410692 295.62814068 
  4.550000e-01  7.92410692 295.62815436 
  4.575000e-01  7.92410692 295.62816866 
  4.600000e-01  7.92410692 295.62818369 
  4.625000e-01  7.92410692 295.62819936 
  4.650000e-01  7.92410692 295.62821549 
  4.675000e-01  7.92410692 295.62823185 
  4.700000e-01  7.92410692 295.62824819 
  4.725000e-01  7.92410692 295.62826433 
  4.750000e-01  7.92410692 295.62828013 
  4.775000e-01  7.92410692 295.62829554 
  4.800000e-01  7.92410692 295.62811949 
  4.825000e-01  7.92410692 295.62807307 
  4.850000e-01  7.92410692 295.62807110 
  4.875000e-01  7.92410692 295.62808199 
  4.900000e-01  7.92410692 295.62809504 
  4.925000e-01  7.92410692 295.62810725 
  4.950000e-01  7.92410692 295.62811834 
  4.975000e-01  7.92410692 295.62812890 
  5.000000e-01  7.92410692 295.62813958 
  5.025000e-01  7.92410692 295.62815084 
  5.050000e-01  7.92410692 295.62816288 
  5.075000e-01  7.92410692 295.62817570 
  5.100000e-01  7.92410692 295.62818914 
  5.125000e-01  7.92410692 295.62820297 
  5.150000e-01  7.92410692 295.62821691 
  5.175000e-01  7.92410692 295.62823071 
  5.200000e-01  7.92410692 295.62824419 
  5.225000e-01  7.92410692 295.62825724 
  5.250000e-01  7.92410692 295.62826981 
  5.275000e-01  7.92410692 295.62828193 
  5.300000e-01  7.92410692 295.62829366 
  5.325000e-01  7.92410692 295.62830509 
  5.350000e-01  7.92410692 295.62813262 
  5.375000e-01  7.92410692 295.62808476 
  5.400000e-01  7.92410692 295.62807993 
  5.425000e-01  7.92410692 295.62808761 
  5.450000e-01  7.92410692 295.62809739 
  5.475000e-01  7.92410692 295.62810635 
  5.500000e-01  7.92410692 295.62811421 
  5.525000e-01  7.92410692 295.62812154 
  5.550000e-01  7.92410692 295.62812901 
  5.575000e-01  7.92410692 295.62813706 
  5.600000e-01  7.92410692 295.62814593 
  5.625000e-01  7.92410692 295.62815564 
  5.650000e-01  7.92410692 295.62816607 
  5.675000e-01  7.92410692 295.62817703 
  5.700000e-01  7.92410692 295.62818827 
  5.725000e-01  7.92410692 295.62819957 
  5.750000e-01  7.92410692 295.62821078 
  5.775000e-01  7.92410692 295.62822180 
  5.800000e-01  7.92410692 295.62823260 
  5.825000e-01  7.92410692 295.62824319 
  5.850000e-01  7.92410692 295.62825364 
  5.875000e-01  7.92410692 295.62826402 
  5.900000e-01  7.92410692 295.62827439 
  5.925000e-01  7.92410692 295.62828482 
  5.950000e-01  7.92410692 295.62829535 
  5.975000e-01  7.92410692 295.62830598 
  6.000000e-01  7.92410692 295.62831672 
  6.025000e-01  7.92410692 295.62832755 
  6.050000e-01  7.92410692 295.62814490 
  6.075000e-01  7.92410692 295.62809306 
  6.100000e-01  7.92410692 295.62808662 
  6.125000e-01  7.92410692 295.62809361 
  6.150000e-01  7.92410692 295.62810310 
  6.175000e-01  7.92410692 295.62811195 
  6.200000e-01  7.92410692 295.62811978 
  6.225000e-01  7.92410692 295.62812712 
  6.250000e-01  7.92410692 295.62813456 
  6.275000e-01  7.92410692 295.62814252 
  6.300000e-01  7.92410692 295.62815120 
  6.325000e-01  7.92410692 295.62816061 
  6.350000e-01  7.92410692 295.62817063 
  6.375000e-01  7.92410692 295.62818103 
  6.400000e-01  7.92410692 295.62819160 
  6.425000e-01  7.92410692 295.62820210 
  6.450000e-01  7.92410692 295.62821237 
  6.475000e-01  7.92410692 295.62822231 
  6.500000e-01  7.92410692 295.62823189 
  6.525000e-01  7.92410692 295.62824113 
  6.550000e-01  7.92410692 295.62825010 
  6.575000e-01  7.92410692 295.62825886 
  6.600000e-01  7.92410692 295.62826751 
  6.625000e-01  7.92410692 295.62827612 
  6.650000e-01  7.92410692 295.62828473 
  6.675000e-01  7.92410692 295.62829339 
  6.700000e-01  7.92410692 295.62830210 
  6.725000e-01  7.92410692 295.62831086 
  6.750000e-01  7.92410692 295.62831966 
  6.775000e-01  7.92410692 295.62832849 
  6.800000e-01  7.92410692 295.62833732 
  6.825000e-01  7.92410692 295.62814083 
  6.850000e-01  7.92410692 295.62808233 
  6.875000e-01  7.92410692 295.62807178 
  6.900000e-01  7.92410692 295.62807575 
  6.925000e-01  7.92410692 295.62808284 
  6.950000e-01  7.92410692 295.62808971 
  6.975000e-01  7.92410692 295.62809591 
  7.000000e-01  7.92410692 295.62810183 
  7.025000e-01  7.92410692 295.62810796 
  7.050000e-01  7.92410692 295.62811464 
  7.075000e-01  7.92410692 295.62812199 
  7.100000e-01  7.92410692 295.62813001 
  7.125000e-01  7.92410692 295.62813857 
  7.150000e-01  7.92410692 295.62814747 
  7.175000e-01  7.92410692 295.62815649 
  7.200000e-01  7.92410692 295.62816543 
  7.225000e-01  7.92410692 295.62817414 
  7.250000e-01  7.92410692 295.62818252 
  7.275000e-01  7.92410692 295.62819054 
  7.300000e-01  7.92410692 295.62819820 
  7.325000e-01  7.92410692 295.62820556 
  7.350000e-01  7.92410692 295.62821266 
  7.375000e-01  7.92410692 295.62821959 
  7.400000e-01  7.92410692 295.62822637 
  7.425000e-01  7.92410692 295.62823306 
  7.450000e-01  7.92410692 295.62823968 
  7.475000e-01  7.92410692 295.62824624 
  7.500000e-01  7.92410692 295.62825272 
  7.525000e-01  7.92410692 295.62825913 
  7.550000e-01  7.92410692 295.62826544 
  7.575000e-01  7.92410692 295.62827166 
  7.600000e-01  7.92410692 295.62827776 
  7.625000e-01  7.92410692 295.62828374 
  7.650000e-01  7.92410692 295.62828962 
  7.675000e-01  7.92410692 295.62829541 
  7.700000e-01  7.92410692 295.62830110 
  7.725000e-01  7.92410692 295.62830673 
  7.750000e-01  7.92410692 295.62831231 
  7.775000e-01  7.92410692 295.62831785 
  7.800000e-01  7.92410692 295.62832336 
  7.825000e-01  7.92410692 295.62832885 
  7.850000e-01  7.92410692 295.62833432 
  7.875000e-01  7.92410692 295.62833979 
  7.900000e-01  7.92410692 295.62834523 
  7.925000e-01  7.92410692 295.62835067 
  7.950000e-01  7.92410692 295.62835608 
  7.975000e-01  7.92410692 295.62814111 
  8.000000e-01  7.92410692 295.62807301 
  8.025000e-01  7.92410692 295.62805619 
  8.050000e-01  7.92410692 295.62805539 
  8.075000e-01  7.92410692 295.62805855 
  8.100000e-01  7.92410692 295.62806205 
  8.125000e-01  7.92410692 295.62806521 
  8.150000e-01  7.92410692 295.62806824 
  8.175000e-01  7.92410692 295.62807145 
  8.200000e-01  7.92410692 295.62807506 
  8.225000e-01  7.92410692 295.62807916 
  8.250000e-01  7.92410692 295.62808372 
  8.275000e-01  7.92410692 295.62808864 
  8.300000e-01  7.92410692 295.62809378 
  8.325000e-01  7.92410692 295.62809899 
  8.350000e-01  7.92410692 295.62810410 
  8.375000e-01  7.92410692 295.62810903 
  8.400000e-01  7.92410692 295.62811369 
  8.425000e-01  7.92410692 295.62811808 
  8.450000e-01  7.92410692 295.62812220 
  8.475000e-01  7.92410692 295.62812609 
  8.500000e-01  7.92410692 295.62812981 
  8.525000e-01  7.92410692 295.62813340 
  8.550000e-01  7.92410692 295.62813690 
  8.575000e-01  7.92410692 295.62814034 
  8.600000e-01  7.92410692 295.62814374 
  8.625000e-01  7.92410692 295.62814710 
  8.650000e-01  7.92410692 295.62815043 
  8.675000e-01  7.92410692 295.62815372 
  8.700000e-01  7.92410692 295.62815695 
  8.725000e-01  7.92410692 295.62816012 
  8.750000e-01  7.92410692 295.62816322 
  8.775000e-01  7.92410692 295.62816626 
  8.800000e-01  7.92410692 295.62816923 
  8.825000e-01  7.92410692 295.62817213 
  8.850000e-01  7.92410692 295.62817499 
  8.875000e-01  7.92410692 295.62817780 
  8.900000e-01  7.92410692 295.62818059 
  8.925000e-01  7.92410692 295.62818335 
  8.950000e-01  7.92410692 295.62818610 
  8.975000e-01  7.92410692 295.62818884 
  9.000000e-01  7.92410692 295.62819158 
  9.025000e-01  7.92410692 295.62819432 
  9.050000e-01  7.92410692 295.62819706 
  9.075000e-01  7.92410692 295.62819980 
  9.100000e-01  7.92410692 295.62820254 
  9.125000e-01  7.92410692 295.62820527 
  9.150000e-01  7.92410692 295.62820801 
  9.175000e-01  7.92410692 295.62821074 
  9.200000e-01  7.92410692 295.62821346 
  9.225000e-01  7.92410692 295.62821619 
  9.250000e-01  7.92410692 295.62821891 
  9.275000e-01  7.92410692 295.62822162 
  9.300000e-01  7.92410692 295.62822432 
  9.325000e-01  7.92410692 295.62822701 
  9.350000e-01  7.92410692 295.62822969 
  9.375000e-01  7.92410692 295.62823236 
  9.400000e-01  7.92410692 295.62823500 
  9.425000e-01  7.92410692 295.62823762 
  9.450000e-01  7.92410692 295.62824022 
  9.475000e-01  7.92410692 295.62824279 
  9.500000e-01  7.92410692 295.62824532 
  9.525000e-01  7.92410692 295.62824782 
  9.550000e-01  7.92410692 295.62825028 
  9.575000e-01  7.92410692 295.62825270 
  9.600000e-01  7.92410692 295.62825508 
  9.625000e-01  7.92410692 295.62825741 
  9.650000e-01  7.92410692 295.62825969 
  9.675000e-01  7.92410692 295.62826192 
  9.700000e-01  7.92410692 295.62826410 
  9.725000e-01  7.92410692 295.62826623 
  9.750000e-01  7.92410692 295.62826831 
  9.775000e-01  7.92410692 295.62827034 
  9.800000e-01  7.92410692 295.62827231 
  9.825000e-01  7.92410692 295.62827423 
  9.850000e-01  7.92410692 295.62827610 
  9.875000e-01  7.92410692 295.62827792 
  9.900000e-01  7.92410692 295.62827968 
  9.925000e-01  7.92410692 295.62828140 
  9.950000e-01  7.92410692 295.62828307 
  9.975000e-01  7.92410692 295.62828469 
  1.000000e+00  7.92410692 295.62828627 
  1.002500e+00  7.92410692 295.62828781 
  1.005000e+00  7.92410692 295.62828930 
  1.007500e+00  7.92410692 295.62829075 
  1.010000e+00  7.92410692 295.62829217 
  1.012500e+00  7.92410692 295.62829355 
  1.015000e+00  7.92410692 295.62829490 
  1.017500e+00  7.92410692 295.62829622 
  1.020000e+00  7.92410692 295.62829751 
  1.022500e+00  7.92410692 295.62829878 
  1.025000e+00  7.92410692 295.62830001 
  1.027500e+00  7.92410692 295.62830123 
  1.030000e+00  7.92410692 295.62830242 
  1.032500e+00  7.92410692 295.62830359 
  1.035000e+00  7.92410692 295.62830475 
  1.037500e+00  7.92410692 295.62830589 
  1.040000e+00  7.92410692 295.62830701 
  1.042500e+00  7.92410692 295.62830813 
  1.045000e+00  7.92410692 295.62830922 
  1.047500e+00  7.92410692 295.62831031 
  1.050000e+00  7.92410692 295.62831139 
  1.052500e+00  7.92410692 295.62831246 
  1.055000e+00  7.92410692 295.62831352 
  1.057500e+00  7.92410692 295.62831457 
  1.060000e+00  7.92410692 295.62831561 
  1.062500e+00  7.92410692 295.62831665 
  1.065000e+00  7.92410692 295.62831769 
  1.067500e+00  7.92410692 295.62831871 
  1.070000e+00  7.92410692 295.62831973 
  1.072500e+00  7.92410692 295.62832074 
  1.075000e+00  7.92410692 295.62832175 
  1.077500e+00  7.92410692 295.62832275 
  1.080000e+00  7.92410692 295.62832375 
  1.082500e+00  7.92410692 295.62832474 
  1.085000e+00  7.92410692 295.62832572 
  1.087500e+00  7.92410692 295.62832670 
  1.090000e+00  7.92410692 295.62832766 
  1.092500e+00  7.92410692 295.62832862 
  1.095000e+00  7.92410692 295.62832957 
  1.097500e+00  7.92410692 295.62833051 
  1.100000e+00  7.92410692 295.62833145 
  1.102500e+00  7.92410692 295.62833237 
  1.105000e+00  7.92410692 295.62833328 
  1.107500e+00  7.92410692 295.62833417 
  1.110000e+00  7.92410692 295.62833506 
  1.112500e+00  7.92410692 295.62833594 
  1.115000e+00  7.92410692 295.62833680 
  1.117500e+00  7.92410692 295.62833765 
  1.120000e+00  7.92410692 295.62833848 
  1.122500e+00  7.92410692 295.62833930 
  1.125000e+00  7.92410692 295.62834010 
  1.127500e+00  7.92410692 295.62834090 
  1.130000e+00  7.92410692 295.62834107 
  1.132500e+00  7.92410692 295.62834104 
  1.135000e+00  7.92410692 295.62834094 
  1.137500e+00  7.92410692 295.62834082 
  1.140000e+00  7.92410692 295.62834070 
  1.142500e+00  7.92410692 295.62834058 
  1.145000e+00  7.92410692 295.62834046 
  1.147500e+00  7.92410692 295.62834034 
  1.150000e+00  7.92410692 295.62834023 
  1.152500e+00  7.92410692 295.62834012 
  1.155000e+00  7.92410692 295.62834001 
  1.157500e+00  7.92410692 295.62833991 
  1.160000e+00  7.92410692 295.62833981 
  1.162500e+00  7.92410692 295.62833971 
  1.165000e+00  7.92410692 295.62833961 
  1.167500e+00  7.92410692 295.62833952 
  1.170000e+00  7.92410692 295.62833943 
  1.172500e+00  7.92410692 295.62833934 
  1.175000e+00  7.92410692 295.62833925 
  1.177500e+00  7.92410692 295.62833917 
  1.180000e+00  7.92410692 295.62833909 
  1.182500e+00  7.92410692 295.62833901 
  1.185000e+00  7.92410692 295.62833893 
  1.187500e+00  7.92410692 295.62833885 
  1.190000e+00  7.92410692 295.62833878 
  1.192500e+00  7.92410692 295.62833871 
  1.195000e+00  7.92410692 295.62833864 
  1.197500e+00  7.92410692 295.62833857 
  1.200000e+00  7.92410692 295.62833851 
  1.202500e+00  7.92410692 295.62833844 
  1.205000e+00  7.92410692 295.62833838 
  1.207500e+00  7.92410692 295.62833832 
  1.210000e+00  7.92410692 295.62833826 
  1.212500e+00  7.92410692 295.62833820 
  1.215000e+00  7.92410692 295.62833815 
  1.217500e+00  7.92410692 295.62833809 
  1.220000e+00  7.92410692 295.62833804 
  1.222500e+00  7.92410692 295.62833799 
  1.225000e+00  7.92410692 295.62833794 
  1.227500e+00  7.92410692 295.62833789 
  1.230000e+00  7.92410692 295.62833784 
  1.232500e+00  7.92410692 295.62833779 
  1.235000e+00  7.92410692 295.62833775 
  1.237500e+00  7.92410692 295.62833770 
  1.240000e+00  7.92410692 295.62833766 
  1.242500e+00  7.92410692 295.62833762 
  1.245000e+00  7.92410692 295.62833757 
  1.247500e+00  7.92410692 295.62833753 
  1.250000e+00  7.92410692 295.62833749 
  1.252500e+00  7.92410692 295.62833745 
  1.255000e+00  7.92410692 295.62833741 
  1.257500e+00  7.92410692 295.62833738 
  1.260000e+00  7.92410692 295.62833734 
  1.262500e+00  7.92410692 295.62833730 
  1.265000e+00  7.92410692 295.62833727 
  1.267500e+00  7.92410692 295.62833723 
  1.270000e+00  7.92410692 295.62833720 
  1.272500e+00  7.92410692 295.62833717 
  1.275000e+00  7.92410692 295.62833713 
  1.277500e+00  7.92410692 295.62833710 
  1.280000e+00  7.92410692 295.62833707 
  1.282500e+00  7.92410692 295.62833704 
  1.285000e+00  7.92410692 295.62833701 
  1.287500e+00  7.92410692 295.62833698 
  1.290000e+00  7.92410692 295.62833695 
  1.292500e+00  7.92410692 295.62833692 
  1.295000e+00  7.92410692 295.62833689 
  1.297500e+00  7.92410692 295.62833686 
  1.300000e+00  7.92410692 295.62833684 
  1.302500e+00  7.92410692 295.62833681 
  1.305000e+00  7.92410692 295.62833678 
  1.307500e+00  7.92410692 295.62833676 
  1.310000e+00  7.92410692 295.62833673 
  1.312500e+00  7.92410692 295.62833671 
  1.315000e+00  7.92410692 295.62833668 
  1.317500e+00  7.92410692 295.62833666 
  1.320000e+00  7.92410692 295.62833664 
  1.322500e+00  7.92410692 295.62833661 
  1.325000e+00  7.92410692 295.62833659 
  1.327500e+00  7.92410692 295.62833657 
  1.330000e+00  7.92410692 295.62833655 
  1.332500e+00  7.92410692 295.62833652 
  1.335000e+00  7.92410692 295.62833650 
  1.337500e+00  7.92410692 295.62833648 
  1.340000e+00  7.92410692 295.62833646 
  1.342500e+00  7.92410692 295.62833644 
  1.345000e+00  7.92410692 295.62833642 
  1.347500e+00  7.92410692 295.62833641 
  1.350000e+00  7.92410692 295.62833639 
  1.352500e+00  7.92410692 295.62833637 
  1.355000e+00  7.92410692 295.62833635 
  1.357500e+00  7.92410692 295.62833634 
  1.360000e+00  7.92410692 295.62833632 
  1.362500e+00  7.92410692 295.62833630 
  1.365000e+00  7.92410692 295.62833629 
  1.367500e+00  7.92410692 295.62833627 
  1.370000e+00  7.92410692 295.62833626 
  1.372500e+00  7.92410692 295.62833624 
  1.375000e+00  7.92410692 295.62833623 
  1.377500e+00  7.92410692 295.62833621 
  1.380000e+00  7.92410692 295.62833620 
  1.382500e+00  7.92410692 295.62833619 
  1.385000e+00  7.92410692 295.62833617 
  1.387500e+00  7.92410692 295.62833616 
  1.390000e+00  7.92410692 295.62833615 
  1.392500e+00  7.92410692 295.62833614 
  1.395000e+00  7.92410692 295.62833612 
  1.397500e+00  7.92410692 295.62833611 
  1.400000e+00  7.92410692 295.62833610 
  1.402500e+00  7.92410692 295.62833609 
  1.405000e+00  7.92410692 295.62833608 
  1.407500e+00  7.92410692 295.62833607 
  1.410000e+00  7.92410692 295.62833606 
  1.412500e+00  7.92410692 295.62833605 
  1.415000e+00  7.92410692 295.62833604 
  1.417500e+00  7.92410692 295.62833604 
  1.420000e+00  7.92410692 295.62833603 
  1.422500e+00  7.92410692 295.62833602 
  1.425000e+00  7.92410692 295.62833601 
  1.427500e+00  7.92410692 295.62833601 
  1.430000e+00  7.92410692 295.62833600 
  1.432500e+00  7.92410692 295.62833599 
  1.435000e+00  7.92410692 295.62833599 
  1.437500e+00  7.92410692 295.62833598 
  1.440000e+00  7.92410692 295.62833597 
  1.442500e+00  7.92410692 295.62833597 
  1.445000e+00  7.92410692 295.62833596 
  1.447500e+00  7.92410692 295.62833596 
  1.450000e+00  7.92410692 295.62833595 
  1.452500e+00  7.92410692 295.62833595 
  1.455000e+00  7.92410692 295.62833594 
  1.457500e+00  7.92410692 295.62833594 
  1.460000e+00  7.92410692 295.62833593 
  1.462500e+00  7.92410692 295.62833593 
  1.465000e+00  7.92410692 295.62833593 
  1.467500e+00  7.92410692 295.62833592 
  1.470000e+00  7.92410692 295.62833592 
  1.472500e+00  7.92410692 295.62833592 
  1.475000e+00  7.92410692 295.62833592 
  1.477500e+00  7.92410692 295.62833591 
  1.480000e+00  7.92410692 295.62833591 
  1.482500e+00  7.92410692 295.62833591 
  1.485000e+00  7.92410692 295.62833591 
  1.487500e+00  7.92410692 295.62833590 
  1.490000e+00  7.92410692 295.62833590 
  1.492500e+00  7.92410692 295.62833590 
  1.495000e+00  7.92410692 295.62833590 
  1.497500e+00  7.92410692 295.62833590 
  1.500000e+00  7.92410692 295.62833590 
  1.502500e+00  7.92410692 295.62833590 
  1.505000e+00  7.92410692 295.62833590 
  1.507500e+00  7.92410692 295.62833590 
  1.510000e+00  7.92410692 295.62833589 
  1.512500e+00  7.92410692 295.62833589 
  1.515000e+00  7.92410692 295.62833589 
  1.517500e+00  7.92410692 295.62833589 
  1.520000e+00  7.92410692 295.62833589 
  1.522500e+00  7.92410692 295.62833589 
  1.525000e+00  7.92410692 295.62833589 
  1.527500e+00  7.92410692 295.62833590 
  1.530000e+00  7.92410692 295.62833590 
  1.532500e+00  7.92410692 295.62833590 
  1.535000e+00  7.92410692 295.62833590 
  1.537500e+00  7.92410692 295.62833590 
  1.540000e+00  7.92410692 295.62833590 
  1.542500e+00  7.92410692 295.62833590 
  1.545000e+00  7.92410692 295.62833590 
  1.547500e+00  7.92410692 295.62833590 
  1.550000e+00  7.92410692 295.62833590 
  1.552500e+00  7.92410692 295.62833591 
  1.555000e+00  7.92410692 295.62833591 
  1.557500e+00  7.92410692 295.62833591 
  1.560000e+00  7.92410692 295.62833591 
  1.562500e+00  7.92410692 295.62833591 
  1.565000e+00  7.92410692 295.62833591 
  1.567500e+00  7.92410692 295.62833592 
  1.570000e+00  7.92410692 295.62833592 
  1.572500e+00  7.92410692 295.62833592 
  1.575000e+00  7.92410692 295.62833592 
  1.577500e+00  7.92410692 295.62833592 
  1.580000e+00  7.92410692 295.62833593 
  1.582500e+00  7.92410692 295.62833593 
  1.585000e+00  7.92410692 295.62833593 
  1.587500e+00  7.92410692 295.62833593 
  1.590000e+00  7.92410692 295.62833594 
  1.592500e+00  7.92410692 295.62833594 
  1.595000e+00  7.92410692 295.62833594 
  1.597500e+00  7.92410692 295.62833594 
  1.600000e+00  7.92410692 295.62833595 
  1.602500e+00  7.92410692 295.62833595 
  1.605000e+00  7.92410692 295.62833595 
  1.607500e+00  7.92410692 295.62833596 
  1.610000e+00  7.92410692 295.62833596 
  1.612500e+00  7.92410692 295.62833596 
  1.615000e+00  7.92410692 295.62833596 
  1.617500e+00  7.92410692 295.62833597 
  1.620000e+00  7.92410692 295.62833597 
  1.622500e+00  7.92410692 295.62833597 
  1.625000e+00  7.92410692 295.62833598 
  1.627500e+00  7.92410692 295.62833598 
  1.630000e+00  7.92410692 295.62833598 
  1.632500e+00  7.92410692 295.62833599 
  1.635000e+00  7.92410692 295.62833599 
  1.637500e+00  7.92410692 295.62833599 
  1.640000e+00  7.92410692 295.62833600 
  1.642500e+00  7.92410692 295.62833600 
  1.645000e+00  7.92410692 295.62833600 
  1.647500e+00  7.92410692 295.62833601 
  1.650000e+00  7.92410692 295.62833601 
  1.652500e+00  7.92410692 295.62833602 
  1.655000e+00  7.92410692 295.62833602 
  1.657500e+00  7.92410692 295.62833602 
  1.660000e+00  7.92410692 295.62833603 
  1.662500e+00  7.92410692 295.62833603 
  1.665000e+00  7.92410692 295.62833603 
  1.667500e+00  7.92410692 295.62833604 
  1.670000e+00  7.92410692 295.62833604 
  1.672500e+00  7.92410692 295.62833605 
  1.675000e+00  7.92410692 295.62833605 
  1.677500e+00  7.92410692 295.62833605 
  1.680000e+00  7.92410692 295.62833606 
  1.682500e+00  7.92410692 295.62833606 
  1.685000e+00  7.92410692 295.62833607 
  1.687500e+00  7.92410692 295.62833607 
  1.690000e+00  7.92410692 295.62833607 
  1.692500e+00  7.92410692 295.62833608 
  1.695000e+00  7.92410692 295.62833608 
  1.697500e+00  7.92410692 295.62833609 
  1.700000e+00  7.92410692 295.62833609 
  1.702500e+00  7.92410692 295.62833609 
  1.705000e+00  7.92410692 295.62833610 
  1.707500e+00  7.92410692 295.62833610 
  1.710000e+00  7.92410692 295.62833611 
  1.712500e+00  7.92410692 295.62833611 
  1.715000e+00  7.92410692 295.62833611 
  1.717500e+00  7.92410692 295.62833612 
  1.720000e+00  7.92410692 295.62833612 
  1.722500e+00  7.92410692 295.62833613 
  1.725000e+00  7.92410692 295.62833613 
  1.727500e+00  7.92410692 295.62833614 
  1.730000e+00  7.92410692 295.62833614 
  1.732500e+00  7.92410692 295.62833614 
  1.735000e+00  7.92410692 295.62833615 
  1.737500e+00  7.92410692 295.62833615 
  1.740000e+00  7.92410692 295.62833616 
  1.742500e+00  7.92410692 295.62833616 
  1.745000e+00  7.92410692 295.62833617 
  1.747500e+00  7.92410692 295.62833617 
  1.750000e+00  7.92410692 295.62833617 
  1.752500e+00  7.92410692 295.62833618 
  1.755000e+00  7.92410692 295.62833618 
  1.757500e+00  7.92410692 295.62833619 
  1.760000e+00  7.92410692 295.62833619 
  1.762500e+00  7.92410692 295.62833619 
  1.765000e+00  7.92410692 295.62833620 
  1.767500e+00  7.92410692 295.62833620 
  1.770000e+00  7.92410692 295.62833621 
  1.772500e+00  7.92410692 295.62833621 
  1.775000e+00  7.92410692 295.62833622 
  1.777500e+00  7.92410692 295.62833622 
  1.780000e+00  7.92410692 295.62833622 
  1.782500e+00  7.92410692 295.62833623 
  1.785000e+00  7.92410692 295.62833623 
  1.787500e+00  7.92410692 295.62833624 
  1.790000e+00  7.92410692 295.62833624 
  1.792500e+00  7.92410692 295.62833624 
  1.795000e+00  7.92410692 295.62833625 
  1.797500e+00  7.92410692 295.62833625 
  1.800000e+00  7.92410692 295.62833626 
  1.802500e+00  7.92410692 295.62833626 
  1.805000e+00  7.92410692 295.62833626 
  1.807500e+00  7.92410692 295.62833627 
  1.810000e+00  7.92410692 295.62833627 
  1.812500e+00  7.92410692 295.62833628 
  1.815000e+00  7.92410692 295.62833628 
  1.817500e+00  7.92410692 295.62833628 
  1.820000e+00  7.92410692 295.62833629 
  1.822500e+00  7.92410692 295.62833629 
  1.825000e+00  7.92410692 295.62833630 
  1.827500e+00  7.92410692 295.62833630 
  1.830000e+00  7.92410692 295.62833630 
  1.832500e+00  7.92410692 295.62833631 
  1.835000e+00  7.92410692 295.62833631 
  1.837500e+00  7.92410692 295.62833631 
  1.840000e+00  7.92410692 295.62833632 
  1.842500e+00  7.92410692 295.62833632 
  1.845000e+00  7.92410692 295.62833632 
  1.847500e+00  7.92410692 295.62833633 
  1.850000e+00  7.92410692 295.62833633 
  1.852500e+00  7.92410692 295.62833634 
  1.855000e+00  7.92410692 295.62833634 
  1.857500e+00  7.92410692 295.62833634 
  1.860000e+00  7.92410692 295.62833635 
  1.862500e+00  7.92410692 295.62833635 
  1.865000e+00  7.92410692 295.62833635 
  1.867500e+00  7.92410692 295.62833636 
  1.870000e+00  7.92410692 295.62833636 
  1.872500e+00  7.92410692 295.62833636 
  1.875000e+00  7.92410692 295.62833637 
  1.877500e+00  7.92410692 295.62833637 
  1.880000e+00  7.92410692 295.62833637 
  1.882500e+00  7.92410692 295.62833638 
  1.885000e+00  7.92410692 295.62833638 
  1.887500e+00  7.92410692 295.62833638 
  1.890000e+00  7.92410692 295.62833638 
  1.892500e+00  7.92410692 295.62833639 
  1.895000e+00  7.92410692 295.62833639 
  1.897500e+00  7.92410692 295.62833639 
  1.900000e+00  7.92410692 295.62833640 
  1.902500e+00  7.92410692 295.62833640 
  1.905000e+00  7.92410692 295.62833640 
  1.907500e+00  7.92410692 295.62833641 
  1.910000e+00  7.92410692 295.62833641 
  1.912500e+00  7.92410692 295.62833641 
  1.915000e+00  7.92410692 295.62833641 
  1.917500e+00  7.92410692 295.62833642 
  1.920000e+00  7.92410692 295.62833642 
  1.922500e+00  7.92410692 295.62833642 
  1.925000e+00  7.92410692 295.62833642 
  1.927500e+00  7.92410692 295.62833643 
  1.930000e+00  7.92410692 295.62833643 
  1.932500e+00  7.92410692 295.62833643 
  1.935000e+00  7.92410692 295.62833644 
  1.937500e+00  7.92410692 295.62833644 
  1.940000e+00  7.92410692 295.62833644 
  1.942500e+00  7.92410692 295.62833644 
  1.945000e+00  7.92410692 295.62833644 
  1.947500e+00  7.92410692 295.62833645 
  1.950000e+00  7.92410692 295.62833645 
  1.952500e+00  7.92410692 295.62833645 
  1.955000e+00  7.92410692 295.62833645 
  1.957500e+00  7.92410692 295.62833646 
  1.960000e+00  7.92410692 295.62833646 
  1.962500e+00  7.92410692 295.62833646 
  1.965000e+00  7.92410692 295.62833646 
  1.967500e+00  7.92410692 295.62833646 
  1.970000e+00  7.92410692 295.62833647 
  1.972500e+00  7.92410692 295.62833647 
  1.975000e+00  7.92410692 295.62833647 
  1.977500e+00  7.92410692 295.62833647 
  1.980000e+00  7.92410692 295.62833647 
  1.982500e+00  7.92410692 295.62833648 
  1.985000e+00  7.92410692 295.62833648 
  1.987500e+00  7.92410692 295.62833648 
  1.990000e+00  7.92410692 295.62833648 
  1.992500e+00  7.92410692 295.62833648 
  1.995000e+00  7.92410692 295.62833649 
  1.997500e+00  7.92410692 295.62833649 
  2.000000e+00  7.92410692 295.62833649 
