  1.000000e-02  138.162257 
  1.500000e-02  137.972851 
  2.000000e-02  137.752737 
  2.500000e-02  137.478505 
  3.000000e-02  137.125907 
  3.500000e-02  136.669325 
  4.000000e-02  136.058748 
  4.500000e-02  135.306305 
  5.000000e-02  134.383299 
  5.500000e-02  133.288710 
  6.000000e-02  132.034792 
  6.500000e-02  130.652428 
  7.000000e-02  129.182856 
  7.500000e-02  127.664170 
  8.000000e-02  126.114810 
  8.500000e-02  124.221386 
  9.000000e-02  122.595931 
  9.500000e-02  121.082258 
  1.000000e-01  119.682349 
  1.050000e-01  118.339707 
  1.100000e-01  117.074616 
  1.150000e-01  115.882932 
  1.200000e-01  114.754949 
  1.250000e-01  113.689775 
  1.300000e-01  112.689856 
  1.350000e-01  111.756564 
  1.400000e-01  110.807647 
  1.450000e-01  109.999189 
  1.500000e-01  109.215468 
  1.550000e-01  108.507695 
  1.600000e-01  107.829645 
  1.650000e-01  107.209148 
  1.700000e-01  106.621398 
  1.750000e-01  106.070006 
  1.800000e-01  105.550150 
  1.850000e-01  105.054870 
  1.900000e-01  104.576194 
  1.950000e-01  104.105455 
  2.000000e-01  103.633275 
  2.050000e-01  103.149522 
  2.100000e-01  102.643925 
  2.150000e-01  102.044831 
  2.200000e-01  101.470621 
  2.250000e-01  100.828943 
  2.300000e-01  100.159413 
  2.350000e-01  99.435363 
  2.400000e-01  98.677215 
  2.450000e-01  97.885639 
  2.500000e-01  97.059878 
  2.550000e-01  96.202552 
  2.600000e-01  95.322568 
  2.650000e-01  94.437622 
  2.700000e-01  93.568190 
  2.750000e-01  92.728668 
  2.800000e-01  91.927021 
  2.850000e-01  91.043093 
  2.900000e-01  90.321924 
  2.950000e-01  89.609733 
  3.000000e-01  88.962749 
  3.050000e-01  88.353390 
  3.100000e-01  87.786513 
  3.150000e-01  87.250761 
  3.200000e-01  86.748826 
  3.250000e-01  86.272869 
  3.300000e-01  85.815986 
  3.350000e-01  85.373435 
  3.400000e-01  84.942111 
  3.450000e-01  84.520233 
  3.500000e-01  84.106866 
  3.550000e-01  83.701430 
  3.600000e-01  83.303531 
  3.650000e-01  82.877269 
  3.700000e-01  82.500514 
  3.750000e-01  82.116541 
  3.800000e-01  81.751176 
  3.850000e-01  81.388267 
  3.900000e-01  81.035096 
  3.950000e-01  80.692711 
  4.000000e-01  80.361090 
  4.050000e-01  80.039830 
  4.100000e-01  79.728367 
  4.150000e-01  79.426137 
  4.200000e-01  79.132679 
  4.250000e-01  78.847658 
  4.300000e-01  78.570881 
  4.350000e-01  78.302340 
  4.400000e-01  78.042252 
  4.450000e-01  77.791056 
  4.500000e-01  77.549342 
  4.550000e-01  77.317751 
  4.600000e-01  77.096867 
  4.650000e-01  76.887149 
  4.700000e-01  76.688887 
  4.750000e-01  76.502192 
  4.800000e-01  76.326996 
  4.850000e-01  76.163060 
  4.900000e-01  76.009970 
  4.950000e-01  75.867131 
  5.000000e-01  75.733781 
  5.050000e-01  75.609021 
  5.100000e-01  75.491887 
  5.150000e-01  75.381407 
  5.200000e-01  75.276654 
  5.250000e-01  75.176775 
  5.300000e-01  75.080992 
  5.350000e-01  74.988608 
  5.400000e-01  74.898996 
  5.450000e-01  74.811608 
  5.500000e-01  74.725968 
  5.550000e-01  74.641682 
  5.600000e-01  74.558434 
  5.650000e-01  74.475983 
  5.700000e-01  74.394160 
  5.750000e-01  74.312852 
  5.800000e-01  74.231992 
  5.850000e-01  74.151550 
  5.900000e-01  74.071518 
  5.950000e-01  73.977724 
  6.000000e-01  73.905645 
  6.050000e-01  73.823671 
  6.100000e-01  73.748132 
  6.150000e-01  73.667165 
  6.200000e-01  73.587194 
  6.250000e-01  73.508562 
  6.300000e-01  73.430884 
  6.350000e-01  73.353882 
  6.400000e-01  73.277653 
  6.450000e-01  73.201851 
  6.500000e-01  73.126897 
  6.550000e-01  73.052404 
  6.600000e-01  72.978311 
  6.650000e-01  72.904565 
  6.700000e-01  72.831115 
  6.750000e-01  72.757921 
  6.800000e-01  72.684964 
  6.850000e-01  72.612247 
  6.900000e-01  72.539780 
  6.950000e-01  72.467573 
  7.000000e-01  72.395633 
  7.050000e-01  72.323965 
  7.100000e-01  72.252579 
  7.150000e-01  72.181485 
  7.200000e-01  72.110698 
  7.250000e-01  72.040235 
  7.300000e-01  71.970110 
  7.350000e-01  71.900338 
  7.400000e-01  71.830931 
  7.450000e-01  71.761902 
  7.500000e-01  71.693260 
  7.550000e-01  71.625015 
  7.600000e-01  71.557177 
  7.650000e-01  71.489754 
  7.700000e-01  71.422756 
  7.750000e-01  71.356189 
  7.800000e-01  71.290062 
  7.850000e-01  71.224384 
  7.900000e-01  71.159161 
  7.950000e-01  71.094403 
  8.000000e-01  71.030118 
  8.050000e-01  70.966317 
  8.100000e-01  70.903009 
  8.150000e-01  70.840205 
  8.200000e-01  70.777915 
  8.250000e-01  70.716151 
  8.300000e-01  70.654923 
  8.350000e-01  70.594240 
  8.400000e-01  70.534111 
  8.450000e-01  70.474547 
  8.500000e-01  70.415554 
  8.550000e-01  70.357140 
  8.600000e-01  70.299314 
  8.650000e-01  70.242081 
  8.700000e-01  70.185447 
  8.750000e-01  70.129419 
  8.800000e-01  70.074002 
  8.850000e-01  70.019201 
  8.900000e-01  69.965020 
  8.950000e-01  69.911464 
  9.000000e-01  69.858538 
  9.050000e-01  69.806243 
  9.100000e-01  69.754583 
  9.150000e-01  69.703561 
  9.200000e-01  69.653178 
  9.250000e-01  69.603434 
  9.300000e-01  69.554329 
  9.350000e-01  69.505860 
  9.400000e-01  69.458026 
  9.450000e-01  69.410821 
  9.500000e-01  69.364243 
  9.550000e-01  69.318284 
  9.600000e-01  69.272939 
  9.650000e-01  69.228200 
  9.700000e-01  69.184061 
  9.750000e-01  69.140515 
  9.800000e-01  69.097554 
  9.850000e-01  69.055172 
  9.900000e-01  69.013363 
  9.950000e-01  68.972120 
  1.000000e+00  68.931439 
  1.005000e+00  68.891315 
  1.010000e+00  68.851744 
  1.015000e+00  68.812723 
  1.020000e+00  68.774248 
  1.025000e+00  68.736316 
  1.030000e+00  68.698924 
  1.035000e+00  68.662068 
  1.040000e+00  68.625746 
  1.045000e+00  68.589952 
  1.050000e+00  68.554682 
  1.055000e+00  68.519931 
  1.060000e+00  68.485693 
  1.065000e+00  68.451963 
  1.070000e+00  68.418732 
  1.075000e+00  68.385995 
  1.080000e+00  68.353745 
  1.085000e+00  68.321973 
  1.090000e+00  68.290673 
  1.095000e+00  68.259838 
  1.100000e+00  68.229460 
  1.105000e+00  68.199534 
  1.110000e+00  68.170054 
  1.115000e+00  68.141012 
  1.120000e+00  68.112405 
  1.125000e+00  68.084226 
  1.130000e+00  68.056472 
  1.135000e+00  68.029138 
  1.140000e+00  68.002220 
  1.145000e+00  67.975714 
  1.150000e+00  67.949618 
  1.155000e+00  67.923926 
  1.160000e+00  67.898637 
  1.165000e+00  67.873746 
  1.170000e+00  67.849250 
  1.175000e+00  67.825144 
  1.180000e+00  67.801424 
  1.185000e+00  67.778087 
  1.190000e+00  67.755126 
  1.195000e+00  67.732538 
  1.200000e+00  67.710317 
  1.205000e+00  67.688458 
  1.210000e+00  67.666954 
  1.215000e+00  67.645801 
  1.220000e+00  67.624991 
  1.225000e+00  67.604520 
  1.230000e+00  67.584382 
  1.235000e+00  67.564570 
  1.240000e+00  67.545079 
  1.245000e+00  67.525902 
  1.250000e+00  67.507035 
  1.255000e+00  67.488471 
  1.260000e+00  67.470207 
  1.265000e+00  67.452235 
  1.270000e+00  67.434553 
  1.275000e+00  67.417154 
  1.280000e+00  67.400035 
  1.285000e+00  67.383192 
  1.290000e+00  67.366620 
  1.295000e+00  67.350315 
  1.300000e+00  67.334273 
  1.305000e+00  67.318491 
  1.310000e+00  67.302966 
  1.315000e+00  67.287692 
  1.320000e+00  67.272668 
  1.325000e+00  67.257890 
  1.330000e+00  67.243354 
  1.335000e+00  67.229056 
  1.340000e+00  67.214992 
  1.345000e+00  67.201161 
  1.350000e+00  67.187557 
  1.355000e+00  67.174176 
  1.360000e+00  67.161016 
  1.365000e+00  67.148073 
  1.370000e+00  67.135342 
  1.375000e+00  67.122819 
  1.380000e+00  67.110501 
  1.385000e+00  67.098384 
  1.390000e+00  67.086464 
  1.395000e+00  67.074737 
  1.400000e+00  67.063198 
  1.405000e+00  67.051845 
  1.410000e+00  67.040673 
  1.415000e+00  67.029678 
  1.420000e+00  67.018856 
  1.425000e+00  67.008205 
  1.430000e+00  66.997719 
  1.435000e+00  66.987397 
  1.440000e+00  66.977233 
  1.445000e+00  66.967226 
  1.450000e+00  66.957370 
  1.455000e+00  66.947665 
  1.460000e+00  66.938105 
  1.465000e+00  66.928689 
  1.470000e+00  66.919413 
  1.475000e+00  66.910275 
  1.480000e+00  66.901272 
  1.485000e+00  66.892402 
  1.490000e+00  66.883661 
  1.495000e+00  66.875048 
  1.500000e+00  66.866561 
  1.505000e+00  66.858196 
  1.510000e+00  66.849953 
  1.515000e+00  66.841829 
  1.520000e+00  66.833821 
  1.525000e+00  66.825930 
  1.530000e+00  66.818151 
  1.535000e+00  66.810484 
  1.540000e+00  66.802927 
  1.545000e+00  66.795479 
  1.550000e+00  66.788136 
  1.555000e+00  66.780899 
  1.560000e+00  66.773766 
  1.565000e+00  66.766734 
  1.570000e+00  66.759802 
  1.575000e+00  66.752970 
  1.580000e+00  66.746235 
  1.585000e+00  66.739596 
  1.590000e+00  66.733051 
  1.595000e+00  66.726599 
  1.600000e+00  66.720239 
  1.605000e+00  66.713969 
  1.610000e+00  66.707787 
  1.615000e+00  66.701693 
  1.620000e+00  66.695685 
  1.625000e+00  66.689761 
  1.630000e+00  66.683920 
  1.635000e+00  66.678161 
  1.640000e+00  66.672482 
  1.645000e+00  66.666881 
  1.650000e+00  66.661358 
  1.655000e+00  66.655912 
  1.660000e+00  66.650540 
  1.665000e+00  66.645241 
  1.670000e+00  66.640014 
  1.675000e+00  66.634858 
  1.680000e+00  66.629771 
  1.685000e+00  66.624753 
  1.690000e+00  66.619801 
  1.695000e+00  66.614915 
  1.700000e+00  66.610093 
  1.705000e+00  66.605334 
  1.710000e+00  66.600637 
  1.715000e+00  66.596001 
  1.720000e+00  66.591424 
  1.725000e+00  66.586906 
  1.730000e+00  66.582446 
  1.735000e+00  66.578041 
  1.740000e+00  66.573692 
  1.745000e+00  66.569397 
  1.750000e+00  66.565155 
  1.755000e+00  66.560966 
  1.760000e+00  66.556827 
  1.765000e+00  66.552740 
  1.770000e+00  66.548701 
  1.775000e+00  66.544711 
  1.780000e+00  66.540769 
  1.785000e+00  66.536874 
  1.790000e+00  66.533025 
  1.795000e+00  66.529221 
  1.800000e+00  66.525462 
  1.805000e+00  66.521747 
  1.810000e+00  66.518075 
  1.815000e+00  66.514445 
  1.820000e+00  66.510857 
  1.825000e+00  66.507310 
  1.830000e+00  66.503804 
  1.835000e+00  66.500338 
  1.840000e+00  66.496911 
  1.845000e+00  66.493522 
  1.850000e+00  66.490172 
  1.855000e+00  66.486860 
  1.860000e+00  66.483585 
  1.865000e+00  66.480346 
  1.870000e+00  66.477144 
  1.875000e+00  66.473977 
  1.880000e+00  66.470846 
  1.885000e+00  66.467750 
  1.890000e+00  66.464688 
  1.895000e+00  66.461660 
  1.900000e+00  66.458665 
  1.905000e+00  66.455704 
  1.910000e+00  66.452776 
  1.915000e+00  66.449880 
  1.920000e+00  66.447016 
  1.925000e+00  66.444183 
  1.930000e+00  66.441382 
  1.935000e+00  66.438612 
  1.940000e+00  66.435873 
  1.945000e+00  66.433164 
  1.950000e+00  66.430485 
  1.955000e+00  66.427835 
  1.960000e+00  66.425215 
  1.965000e+00  66.422623 
  1.970000e+00  66.420061 
  1.975000e+00  66.417526 
  1.980000e+00  66.415019 
  1.985000e+00  66.412540 
  1.990000e+00  66.410089 
  1.995000e+00  66.407664 
  2.000000e+00  66.405266 
