  2.500000e-03  138.172722 
  3.750000e-03  137.961256 
  5.000000e-03  137.740033 
  6.250000e-03  137.502396 
  7.500000e-03  137.240159 
  8.750000e-03  136.945573 
  1.000000e-02  136.612855 
  1.125000e-02  136.237920 
  1.250000e-02  135.813557 
  1.375000e-02  135.342250 
  1.500000e-02  134.816289 
  1.625000e-02  134.234930 
  1.750000e-02  133.593080 
  1.875000e-02  132.888651 
  2.000000e-02  132.120029 
  2.125000e-02  131.289029 
  2.250000e-02  130.400395 
  2.375000e-02  129.462708 
  2.500000e-02  128.487321 
  2.625000e-02  127.487770 
  2.750000e-02  126.478343 
  2.875000e-02  125.473004 
  3.000000e-02  124.484288 
  3.125000e-02  123.522570 
  3.250000e-02  122.595618 
  3.375000e-02  121.708484 
  3.500000e-02  120.863705 
  3.625000e-02  120.061748 
  3.750000e-02  119.301603 
  3.875000e-02  118.581388 
  4.000000e-02  117.898852 
  4.125000e-02  117.251713 
  4.250000e-02  116.637829 
  4.375000e-02  116.055243 
  4.500000e-02  115.502173 
  4.625000e-02  114.976972 
  4.750000e-02  114.478093 
  4.875000e-02  114.004059 
  5.000000e-02  113.553444 
  5.125000e-02  113.124874 
  5.250000e-02  112.717024 
  5.375000e-02  112.328636 
  5.500000e-02  111.958471 
  5.625000e-02  111.605398 
  5.750000e-02  111.268391 
  5.875000e-02  110.946416 
  6.000000e-02  110.638549 
  6.125000e-02  110.344013 
  6.250000e-02  110.061965 
  6.375000e-02  109.791666 
  6.500000e-02  109.532521 
  6.625000e-02  109.283840 
  6.750000e-02  109.045021 
  6.875000e-02  108.815582 
  7.000000e-02  108.594930 
  7.125000e-02  108.382633 
  7.250000e-02  108.178165 
  7.375000e-02  107.981137 
  7.500000e-02  107.791076 
  7.625000e-02  107.607636 
  7.750000e-02  107.430384 
  7.875000e-02  107.259011 
  8.000000e-02  107.093120 
  8.125000e-02  106.932423 
  8.250000e-02  106.776603 
  8.375000e-02  106.625330 
  8.500000e-02  106.478348 
  8.625000e-02  106.335381 
  8.750000e-02  106.196140 
  8.875000e-02  106.060398 
  9.000000e-02  105.927904 
  9.125000e-02  105.798414 
  9.250000e-02  105.671679 
  9.375000e-02  105.547488 
  9.500000e-02  105.425610 
  9.625000e-02  105.305815 
  9.750000e-02  105.187873 
  9.875000e-02  105.071549 
  1.000000e-01  104.956630 
  1.012500e-01  104.842874 
  1.025000e-01  104.730037 
  1.037500e-01  104.617864 
  1.050000e-01  104.506093 
  1.062500e-01  104.394443 
  1.075000e-01  104.282623 
  1.087500e-01  104.170327 
  1.100000e-01  104.057209 
  1.112500e-01  103.942893 
  1.125000e-01  103.826970 
  1.137500e-01  103.708992 
  1.150000e-01  103.588466 
  1.162500e-01  103.464848 
  1.175000e-01  103.337531 
  1.187500e-01  103.205844 
  1.200000e-01  103.069048 
  1.212500e-01  102.926264 
  1.225000e-01  102.776647 
  1.237500e-01  102.619183 
  1.250000e-01  102.452822 
  1.262500e-01  102.276468 
  1.275000e-01  102.089027 
  1.287500e-01  101.889456 
  1.300000e-01  101.676841 
  1.312500e-01  101.450500 
  1.325000e-01  101.210081 
  1.337500e-01  100.955674 
  1.350000e-01  100.687893 
  1.362500e-01  100.407920 
  1.375000e-01  100.117495 
  1.387500e-01  99.818825 
  1.400000e-01  99.514436 
  1.412500e-01  99.206973 
  1.425000e-01  98.898990 
  1.437500e-01  98.592754 
  1.450000e-01  98.290097 
  1.462500e-01  97.992317 
  1.475000e-01  97.700144 
  1.487500e-01  97.413747 
  1.500000e-01  97.132773 
  1.512500e-01  96.856418 
  1.525000e-01  96.583498 
  1.537500e-01  96.312527 
  1.550000e-01  96.041788 
  1.562500e-01  95.769399 
  1.575000e-01  95.493367 
  1.587500e-01  95.211635 
  1.600000e-01  94.922125 
  1.612500e-01  94.622785 
  1.625000e-01  94.311652 
  1.637500e-01  93.986927 
  1.650000e-01  93.647077 
  1.662500e-01  93.290957 
  1.675000e-01  92.917944 
  1.687500e-01  92.528080 
  1.700000e-01  92.122193 
  1.712500e-01  91.701969 
  1.725000e-01  91.269962 
  1.737500e-01  90.829512 
  1.750000e-01  90.384576 
  1.762500e-01  89.939486 
  1.775000e-01  89.498657 
  1.787500e-01  89.066297 
  1.800000e-01  88.646154 
  1.812500e-01  88.241329 
  1.825000e-01  87.854164 
  1.837500e-01  87.486211 
  1.850000e-01  87.138274 
  1.862500e-01  86.810491 
  1.875000e-01  86.502455 
  1.887500e-01  86.213339 
  1.900000e-01  85.942026 
  1.912500e-01  85.687224 
  1.925000e-01  85.447565 
  1.937500e-01  85.221674 
  1.950000e-01  85.008133 
  1.962500e-01  84.805883 
  1.975000e-01  84.613563 
  1.987500e-01  84.430385 
  2.000000e-01  84.255321 
  2.012500e-01  84.087506 
  2.025000e-01  83.926188 
  2.037500e-01  83.770471 
  2.050000e-01  83.620206 
  2.062500e-01  83.474707 
  2.075000e-01  83.333489 
  2.087500e-01  83.196133 
  2.100000e-01  83.062268 
  2.112500e-01  82.931571 
  2.125000e-01  82.803755 
  2.137500e-01  82.678570 
  2.150000e-01  82.555797 
  2.162500e-01  82.435242 
  2.175000e-01  82.316736 
  2.187500e-01  82.200126 
  2.200000e-01  82.085280 
  2.212500e-01  81.972077 
  2.225000e-01  81.860412 
  2.237500e-01  81.750189 
  2.250000e-01  81.641105 
  2.262500e-01  81.533477 
  2.275000e-01  81.427110 
  2.287500e-01  81.321916 
  2.300000e-01  81.217826 
  2.312500e-01  81.114783 
  2.325000e-01  81.012742 
  2.337500e-01  80.911667 
  2.350000e-01  80.811527 
  2.362500e-01  80.712296 
  2.375000e-01  80.613952 
  2.387500e-01  80.516474 
  2.400000e-01  80.419842 
  2.412500e-01  80.324040 
  2.425000e-01  80.229052 
  2.437500e-01  80.134863 
  2.450000e-01  80.041464 
  2.462500e-01  79.948846 
  2.475000e-01  79.857004 
  2.487500e-01  79.765937 
  2.500000e-01  79.675642 
  2.512500e-01  79.586123 
  2.525000e-01  79.497383 
  2.537500e-01  79.409425 
  2.550000e-01  79.322257 
  2.562500e-01  79.235885 
  2.575000e-01  79.150316 
  2.587500e-01  79.065559 
  2.600000e-01  78.981623 
  2.612500e-01  78.898518 
  2.625000e-01  78.816254 
  2.637500e-01  78.734840 
  2.650000e-01  78.654041 
  2.662500e-01  78.574311 
  2.675000e-01  78.495501 
  2.687500e-01  78.417589 
  2.700000e-01  78.340567 
  2.712500e-01  78.264434 
  2.725000e-01  78.189197 
  2.737500e-01  78.114865 
  2.750000e-01  78.041448 
  2.762500e-01  77.968955 
  2.775000e-01  77.897392 
  2.787500e-01  77.826762 
  2.800000e-01  77.757066 
  2.812500e-01  77.688302 
  2.825000e-01  77.620465 
  2.837500e-01  77.553549 
  2.850000e-01  77.487550 
  2.862500e-01  77.422461 
  2.875000e-01  77.358276 
  2.887500e-01  77.294989 
  2.900000e-01  77.232592 
  2.912500e-01  77.171079 
  2.925000e-01  77.110440 
  2.937500e-01  77.050668 
  2.950000e-01  76.991752 
  2.962500e-01  76.933682 
  2.975000e-01  76.876446 
  2.987500e-01  76.820035 
  3.000000e-01  76.764435 
  3.012500e-01  76.709635 
  3.025000e-01  76.655623 
  3.037500e-01  76.602386 
  3.050000e-01  76.549911 
  3.062500e-01  76.498185 
  3.075000e-01  76.447196 
  3.087500e-01  76.396930 
  3.100000e-01  76.347373 
  3.112500e-01  76.298513 
  3.125000e-01  76.250335 
  3.137500e-01  76.202827 
  3.150000e-01  76.155975 
  3.162500e-01  76.109767 
  3.175000e-01  76.064188 
  3.187500e-01  76.019225 
  3.200000e-01  75.974867 
  3.212500e-01  75.931099 
  3.225000e-01  75.887910 
  3.237500e-01  75.845285 
  3.250000e-01  75.803214 
  3.262500e-01  75.761684 
  3.275000e-01  75.720682 
  3.287500e-01  75.680197 
  3.300000e-01  75.640217 
  3.312500e-01  75.600730 
  3.325000e-01  75.561726 
  3.337500e-01  75.523192 
  3.350000e-01  75.485118 
  3.362500e-01  75.447493 
  3.375000e-01  75.410307 
  3.387500e-01  75.373549 
  3.400000e-01  75.337209 
  3.412500e-01  75.301278 
  3.425000e-01  75.265744 
  3.437500e-01  75.230600 
  3.450000e-01  75.195835 
  3.462500e-01  75.161440 
  3.475000e-01  75.127407 
  3.487500e-01  75.093726 
  3.500000e-01  75.060390 
  3.512500e-01  75.027389 
  3.525000e-01  74.994716 
  3.537500e-01  74.962362 
  3.550000e-01  74.930320 
  3.562500e-01  74.898582 
  3.575000e-01  74.867140 
  3.587500e-01  74.835987 
  3.600000e-01  74.805117 
  3.612500e-01  74.774521 
  3.625000e-01  74.744194 
  3.637500e-01  74.714128 
  3.650000e-01  74.684317 
  3.662500e-01  74.654754 
  3.675000e-01  74.625434 
  3.687500e-01  74.596349 
  3.700000e-01  74.567495 
  3.712500e-01  74.538865 
  3.725000e-01  74.510454 
  3.737500e-01  74.482255 
  3.750000e-01  74.454265 
  3.762500e-01  74.426476 
  3.775000e-01  74.398884 
  3.787500e-01  74.371484 
  3.800000e-01  74.344271 
  3.812500e-01  74.317240 
  3.825000e-01  74.290386 
  3.837500e-01  74.263705 
  3.850000e-01  74.237192 
  3.862500e-01  74.210842 
  3.875000e-01  74.184652 
  3.887500e-01  74.158617 
  3.900000e-01  74.132732 
  3.912500e-01  74.106995 
  3.925000e-01  74.081401 
  3.937500e-01  74.055946 
  3.950000e-01  74.030626 
  3.962500e-01  74.005439 
  3.975000e-01  73.980379 
  3.987500e-01  73.955445 
  4.000000e-01  73.930632 
  4.012500e-01  73.905938 
  4.025000e-01  73.881358 
  4.037500e-01  73.856891 
  4.050000e-01  73.832533 
  4.062500e-01  73.808280 
  4.075000e-01  73.784132 
  4.087500e-01  73.760084 
  4.100000e-01  73.736133 
  4.112500e-01  73.712279 
  4.125000e-01  73.688517 
  4.137500e-01  73.664846 
  4.150000e-01  73.641263 
  4.162500e-01  73.617766 
  4.175000e-01  73.594353 
  4.187500e-01  73.571022 
  4.200000e-01  73.547770 
  4.212500e-01  73.524597 
  4.225000e-01  73.501499 
  4.237500e-01  73.478476 
  4.250000e-01  73.455525 
  4.262500e-01  73.432644 
  4.275000e-01  73.409833 
  4.287500e-01  73.387090 
  4.300000e-01  73.364413 
  4.312500e-01  73.341801 
  4.325000e-01  73.319253 
  4.337500e-01  73.296767 
  4.350000e-01  73.274342 
  4.362500e-01  73.251977 
  4.375000e-01  73.229670 
  4.387500e-01  73.207422 
  4.400000e-01  73.185231 
  4.412500e-01  73.163095 
  4.425000e-01  73.141015 
  4.437500e-01  73.118988 
  4.450000e-01  73.097016 
  4.462500e-01  73.075095 
  4.475000e-01  73.053227 
  4.487500e-01  73.031410 
  4.500000e-01  73.009644 
  4.512500e-01  72.987928 
  4.525000e-01  72.966262 
  4.537500e-01  72.944644 
  4.550000e-01  72.923075 
  4.562500e-01  72.901554 
  4.575000e-01  72.880081 
  4.587500e-01  72.858654 
  4.600000e-01  72.837275 
  4.612500e-01  72.815942 
  4.625000e-01  72.794655 
  4.637500e-01  72.773414 
  4.650000e-01  72.752218 
  4.662500e-01  72.731067 
  4.675000e-01  72.709961 
  4.687500e-01  72.688900 
  4.700000e-01  72.667883 
  4.712500e-01  72.646910 
  4.725000e-01  72.625980 
  4.737500e-01  72.605095 
  4.750000e-01  72.584252 
  4.762500e-01  72.563453 
  4.775000e-01  72.542697 
  4.787500e-01  72.521983 
  4.800000e-01  72.501312 
  4.812500e-01  72.480683 
  4.825000e-01  72.460096 
  4.837500e-01  72.439551 
  4.850000e-01  72.419047 
  4.862500e-01  72.398585 
  4.875000e-01  72.378164 
  4.887500e-01  72.357784 
  4.900000e-01  72.337445 
  4.912500e-01  72.317147 
  4.925000e-01  72.296889 
  4.937500e-01  72.276671 
  4.950000e-01  72.256494 
  4.962500e-01  72.236356 
  4.975000e-01  72.216258 
  4.987500e-01  72.196199 
  5.000000e-01  72.176179 
  5.012500e-01  72.156199 
  5.025000e-01  72.136258 
  5.037500e-01  72.116355 
  5.050000e-01  72.096491 
  5.062500e-01  72.076665 
  5.075000e-01  72.056878 
  5.087500e-01  72.037129 
  5.100000e-01  72.017417 
  5.112500e-01  71.997744 
  5.125000e-01  71.978108 
  5.137500e-01  71.958509 
  5.150000e-01  71.938948 
  5.162500e-01  71.919425 
  5.175000e-01  71.899938 
  5.187500e-01  71.880489 
  5.200000e-01  71.861077 
  5.212500e-01  71.841701 
  5.225000e-01  71.822363 
  5.237500e-01  71.803062 
  5.250000e-01  71.783797 
  5.262500e-01  71.764570 
  5.275000e-01  71.745379 
  5.287500e-01  71.726226 
  5.300000e-01  71.707109 
  5.312500e-01  71.688029 
  5.325000e-01  71.668987 
  5.337500e-01  71.649981 
  5.350000e-01  71.631013 
  5.362500e-01  71.612083 
  5.375000e-01  71.593189 
  5.387500e-01  71.574334 
  5.400000e-01  71.555516 
  5.412500e-01  71.536736 
  5.425000e-01  71.517994 
  5.437500e-01  71.499291 
  5.450000e-01  71.480626 
  5.462500e-01  71.461845 
  5.475000e-01  71.443231 
  5.487500e-01  71.424673 
  5.500000e-01  71.406161 
  5.512500e-01  71.387691 
  5.525000e-01  71.369261 
  5.537500e-01  71.350868 
  5.550000e-01  71.332515 
  5.562500e-01  71.314200 
  5.575000e-01  71.295927 
  5.587500e-01  71.277695 
  5.600000e-01  71.259506 
  5.612500e-01  71.241360 
  5.625000e-01  71.223257 
  5.637500e-01  71.205197 
  5.650000e-01  71.187180 
  5.662500e-01  71.169206 
  5.675000e-01  71.151275 
  5.687500e-01  71.133387 
  5.700000e-01  71.115543 
  5.712500e-01  71.097741 
  5.725000e-01  71.079984 
  5.737500e-01  71.062271 
  5.750000e-01  71.044602 
  5.762500e-01  71.026977 
  5.775000e-01  71.009396 
  5.787500e-01  70.991861 
  5.800000e-01  70.974370 
  5.812500e-01  70.956925 
  5.825000e-01  70.939524 
  5.837500e-01  70.922169 
  5.850000e-01  70.904859 
  5.862500e-01  70.887595 
  5.875000e-01  70.870376 
  5.887500e-01  70.853203 
  5.900000e-01  70.836076 
  5.912500e-01  70.818994 
  5.925000e-01  70.801958 
  5.937500e-01  70.784968 
  5.950000e-01  70.768024 
  5.962500e-01  70.751125 
  5.975000e-01  70.734273 
  5.987500e-01  70.717467 
  6.000000e-01  70.700706 
  6.012500e-01  70.683992 
  6.025000e-01  70.667323 
  6.037500e-01  70.650700 
  6.050000e-01  70.634124 
  6.062500e-01  70.617593 
  6.075000e-01  70.601108 
  6.087500e-01  70.584669 
  6.100000e-01  70.568277 
  6.112500e-01  70.551929 
  6.125000e-01  70.535628 
  6.137500e-01  70.519373 
  6.150000e-01  70.503164 
  6.162500e-01  70.487000 
  6.175000e-01  70.470883 
  6.187500e-01  70.454811 
  6.200000e-01  70.438786 
  6.212500e-01  70.422806 
  6.225000e-01  70.406872 
  6.237500e-01  70.390985 
  6.250000e-01  70.375143 
  6.262500e-01  70.359348 
  6.275000e-01  70.343599 
  6.287500e-01  70.327896 
  6.300000e-01  70.312240 
  6.312500e-01  70.296630 
  6.325000e-01  70.281067 
  6.337500e-01  70.265551 
  6.350000e-01  70.250081 
  6.362500e-01  70.234659 
  6.375000e-01  70.219283 
  6.387500e-01  70.203955 
  6.400000e-01  70.188674 
  6.412500e-01  70.173441 
  6.425000e-01  70.158256 
  6.437500e-01  70.143118 
  6.450000e-01  70.128029 
  6.462500e-01  70.112988 
  6.475000e-01  70.097995 
  6.487500e-01  70.083051 
  6.500000e-01  70.068156 
  6.512500e-01  70.053310 
  6.525000e-01  70.038513 
  6.537500e-01  70.023765 
  6.550000e-01  70.009067 
  6.562500e-01  69.994419 
  6.575000e-01  69.979821 
  6.587500e-01  69.965274 
  6.600000e-01  69.950776 
  6.612500e-01  69.936329 
  6.625000e-01  69.921933 
  6.637500e-01  69.907588 
  6.650000e-01  69.893294 
  6.662500e-01  69.879050 
  6.675000e-01  69.864859 
  6.687500e-01  69.850718 
  6.700000e-01  69.836629 
  6.712500e-01  69.822592 
  6.725000e-01  69.808606 
  6.737500e-01  69.794673 
  6.750000e-01  69.780791 
  6.762500e-01  69.766961 
  6.775000e-01  69.753182 
  6.787500e-01  69.739456 
  6.800000e-01  69.725781 
  6.812500e-01  69.712158 
  6.825000e-01  69.698588 
  6.837500e-01  69.685069 
  6.850000e-01  69.671602 
  6.862500e-01  69.658186 
  6.875000e-01  69.644823 
  6.887500e-01  69.631511 
  6.900000e-01  69.618251 
  6.912500e-01  69.605042 
  6.925000e-01  69.591884 
  6.937500e-01  69.578778 
  6.950000e-01  69.565723 
  6.962500e-01  69.552718 
  6.975000e-01  69.539765 
  6.987500e-01  69.526862 
  7.000000e-01  69.514009 
  7.012500e-01  69.501206 
  7.025000e-01  69.488454 
  7.037500e-01  69.475751 
  7.050000e-01  69.463098 
  7.062500e-01  69.450495 
  7.075000e-01  69.437940 
  7.087500e-01  69.425435 
  7.100000e-01  69.412978 
  7.112500e-01  69.400570 
  7.125000e-01  69.388210 
  7.137500e-01  69.375898 
  7.150000e-01  69.363634 
  7.162500e-01  69.351418 
  7.175000e-01  69.339249 
  7.187500e-01  69.327127 
  7.200000e-01  69.315053 
  7.212500e-01  69.303025 
  7.225000e-01  69.291044 
  7.237500e-01  69.279109 
  7.250000e-01  69.267221 
  7.262500e-01  69.255378 
  7.275000e-01  69.243581 
  7.287500e-01  69.231830 
  7.300000e-01  69.220125 
  7.312500e-01  69.208464 
  7.325000e-01  69.196849 
  7.337500e-01  69.185279 
  7.350000e-01  69.173754 
  7.362500e-01  69.162273 
  7.375000e-01  69.150837 
  7.387500e-01  69.139445 
  7.400000e-01  69.128098 
  7.412500e-01  69.116795 
  7.425000e-01  69.105536 
  7.437500e-01  69.094321 
  7.450000e-01  69.083150 
  7.462500e-01  69.072023 
  7.475000e-01  69.060940 
  7.487500e-01  69.049900 
  7.500000e-01  69.038904 
  7.512500e-01  69.027951 
  7.525000e-01  69.017042 
  7.537500e-01  69.006177 
  7.550000e-01  68.995355 
  7.562500e-01  68.984576 
  7.575000e-01  68.973841 
  7.587500e-01  68.963148 
  7.600000e-01  68.952499 
  7.612500e-01  68.941894 
  7.625000e-01  68.931331 
  7.637500e-01  68.920812 
  7.650000e-01  68.910335 
  7.662500e-01  68.899902 
  7.675000e-01  68.889512 
  7.687500e-01  68.879164 
  7.700000e-01  68.868860 
  7.712500e-01  68.858598 
  7.725000e-01  68.848380 
  7.737500e-01  68.838204 
  7.750000e-01  68.828070 
  7.762500e-01  68.817980 
  7.775000e-01  68.807932 
  7.787500e-01  68.797926 
  7.800000e-01  68.787963 
  7.812500e-01  68.778042 
  7.825000e-01  68.768163 
  7.837500e-01  68.758327 
  7.850000e-01  68.748533 
  7.862500e-01  68.738780 
  7.875000e-01  68.729069 
  7.887500e-01  68.719400 
  7.900000e-01  68.709773 
  7.912500e-01  68.700187 
  7.925000e-01  68.690642 
  7.937500e-01  68.681139 
  7.950000e-01  68.671676 
  7.962500e-01  68.662254 
  7.975000e-01  68.652873 
  7.987500e-01  68.643533 
  8.000000e-01  68.634232 
  8.012500e-01  68.624972 
  8.025000e-01  68.615752 
  8.037500e-01  68.606571 
  8.050000e-01  68.597430 
  8.062500e-01  68.588328 
  8.075000e-01  68.579266 
  8.087500e-01  68.570242 
  8.100000e-01  68.561257 
  8.112500e-01  68.552311 
  8.125000e-01  68.543402 
  8.137500e-01  68.534532 
  8.150000e-01  68.525700 
  8.162500e-01  68.516905 
  8.175000e-01  68.508147 
  8.187500e-01  68.499427 
  8.200000e-01  68.490743 
  8.212500e-01  68.482096 
  8.225000e-01  68.473486 
  8.237500e-01  68.464912 
  8.250000e-01  68.456373 
  8.262500e-01  68.447871 
  8.275000e-01  68.439404 
  8.287500e-01  68.430972 
  8.300000e-01  68.422575 
  8.312500e-01  68.414213 
  8.325000e-01  68.405886 
  8.337500e-01  68.397593 
  8.350000e-01  68.389334 
  8.362500e-01  68.381109 
  8.375000e-01  68.372918 
  8.387500e-01  68.364760 
  8.400000e-01  68.356636 
  8.412500e-01  68.348545 
  8.425000e-01  68.340487 
  8.437500e-01  68.332461 
  8.450000e-01  68.324468 
  8.462500e-01  68.316508 
  8.475000e-01  68.308580 
  8.487500e-01  68.300684 
  8.500000e-01  68.292819 
  8.512500e-01  68.284987 
  8.525000e-01  68.277186 
  8.537500e-01  68.269416 
  8.550000e-01  68.261678 
  8.562500e-01  68.253971 
  8.575000e-01  68.246295 
  8.587500e-01  68.238650 
  8.600000e-01  68.231035 
  8.612500e-01  68.223451 
  8.625000e-01  68.215898 
  8.637500e-01  68.208375 
  8.650000e-01  68.200882 
  8.662500e-01  68.193419 
  8.675000e-01  68.185987 
  8.687500e-01  68.178584 
  8.700000e-01  68.171211 
  8.712500e-01  68.163869 
  8.725000e-01  68.156555 
  8.737500e-01  68.149272 
  8.750000e-01  68.142018 
  8.762500e-01  68.134793 
  8.775000e-01  68.127598 
  8.787500e-01  68.120433 
  8.800000e-01  68.113296 
  8.812500e-01  68.106189 
  8.825000e-01  68.099111 
  8.837500e-01  68.092062 
  8.850000e-01  68.085042 
  8.862500e-01  68.078050 
  8.875000e-01  68.071088 
  8.887500e-01  68.064155 
  8.900000e-01  68.057250 
  8.912500e-01  68.050374 
  8.925000e-01  68.043527 
  8.937500e-01  68.036708 
  8.950000e-01  68.029918 
  8.962500e-01  68.023156 
  8.975000e-01  68.016422 
  8.987500e-01  68.009717 
  9.000000e-01  68.003041 
  9.012500e-01  67.996392 
  9.025000e-01  67.989772 
  9.037500e-01  67.983179 
  9.050000e-01  67.976615 
  9.062500e-01  67.970078 
  9.075000e-01  67.963570 
  9.087500e-01  67.957089 
  9.100000e-01  67.950635 
  9.112500e-01  67.944210 
  9.125000e-01  67.937812 
  9.137500e-01  67.931441 
  9.150000e-01  67.925098 
  9.162500e-01  67.918782 
  9.175000e-01  67.912493 
  9.187500e-01  67.906231 
  9.200000e-01  67.899996 
  9.212500e-01  67.893788 
  9.225000e-01  67.887607 
  9.237500e-01  67.881452 
  9.250000e-01  67.875324 
  9.262500e-01  67.869222 
  9.275000e-01  67.863147 
  9.287500e-01  67.857097 
  9.300000e-01  67.851074 
  9.312500e-01  67.845077 
  9.325000e-01  67.839106 
  9.337500e-01  67.833160 
  9.350000e-01  67.827240 
  9.362500e-01  67.821345 
  9.375000e-01  67.815476 
  9.387500e-01  67.809632 
  9.400000e-01  67.803813 
  9.412500e-01  67.798019 
  9.425000e-01  67.792250 
  9.437500e-01  67.786505 
  9.450000e-01  67.780785 
  9.462500e-01  67.775089 
  9.475000e-01  67.769418 
  9.487500e-01  67.763770 
  9.500000e-01  67.758147 
  9.512500e-01  67.752547 
  9.525000e-01  67.746971 
  9.537500e-01  67.741419 
  9.550000e-01  67.735890 
  9.562500e-01  67.730384 
  9.575000e-01  67.724902 
  9.587500e-01  67.719442 
  9.600000e-01  67.714005 
  9.612500e-01  67.708591 
  9.625000e-01  67.703199 
  9.637500e-01  67.697830 
  9.650000e-01  67.692483 
  9.662500e-01  67.687159 
  9.675000e-01  67.681856 
  9.687500e-01  67.676575 
  9.700000e-01  67.671316 
  9.712500e-01  67.666078 
  9.725000e-01  67.660862 
  9.737500e-01  67.655667 
  9.750000e-01  67.650493 
  9.762500e-01  67.645341 
  9.775000e-01  67.640209 
  9.787500e-01  67.635098 
  9.800000e-01  67.630008 
  9.812500e-01  67.624938 
  9.825000e-01  67.619889 
  9.837500e-01  67.614860 
  9.850000e-01  67.609852 
  9.862500e-01  67.604863 
  9.875000e-01  67.599895 
  9.887500e-01  67.594946 
  9.900000e-01  67.590017 
  9.912500e-01  67.585108 
  9.925000e-01  67.580218 
  9.937500e-01  67.575348 
  9.950000e-01  67.570497 
  9.962500e-01  67.565665 
  9.975000e-01  67.560853 
  9.987500e-01  67.556059 
  1.000000e+00  67.551285 
  1.001250e+00  67.546529 
  1.002500e+00  67.541792 
  1.003750e+00  67.537074 
  1.005000e+00  67.532374 
  1.006250e+00  67.527693 
  1.007500e+00  67.523031 
  1.008750e+00  67.518386 
  1.010000e+00  67.513760 
  1.011250e+00  67.509153 
  1.012500e+00  67.504563 
  1.013750e+00  67.499991 
  1.015000e+00  67.495438 
  1.016250e+00  67.490902 
  1.017500e+00  67.486384 
  1.018750e+00  67.481884 
  1.020000e+00  67.477402 
  1.021250e+00  67.472937 
  1.022500e+00  67.468490 
  1.023750e+00  67.464061 
  1.025000e+00  67.459649 
  1.026250e+00  67.455254 
  1.027500e+00  67.450877 
  1.028750e+00  67.446517 
  1.030000e+00  67.442175 
  1.031250e+00  67.437850 
  1.032500e+00  67.433541 
  1.033750e+00  67.429250 
  1.035000e+00  67.424976 
  1.036250e+00  67.420719 
  1.037500e+00  67.416479 
  1.038750e+00  67.412256 
  1.040000e+00  67.408050 
  1.041250e+00  67.403861 
  1.042500e+00  67.399688 
  1.043750e+00  67.395533 
  1.045000e+00  67.391393 
  1.046250e+00  67.387271 
  1.047500e+00  67.383165 
  1.048750e+00  67.379076 
  1.050000e+00  67.375003 
  1.051250e+00  67.370947 
  1.052500e+00  67.366907 
  1.053750e+00  67.362884 
  1.055000e+00  67.358877 
  1.056250e+00  67.354886 
  1.057500e+00  67.350912 
  1.058750e+00  67.346953 
  1.060000e+00  67.343011 
  1.061250e+00  67.339085 
  1.062500e+00  67.335176 
  1.063750e+00  67.331282 
  1.065000e+00  67.327404 
  1.066250e+00  67.323542 
  1.067500e+00  67.319696 
  1.068750e+00  67.315866 
  1.070000e+00  67.312052 
  1.071250e+00  67.308253 
  1.072500e+00  67.304471 
  1.073750e+00  67.300703 
  1.075000e+00  67.296952 
  1.076250e+00  67.293216 
  1.077500e+00  67.289496 
  1.078750e+00  67.285791 
  1.080000e+00  67.282101 
  1.081250e+00  67.278427 
  1.082500e+00  67.274768 
  1.083750e+00  67.271124 
  1.085000e+00  67.267495 
  1.086250e+00  67.263882 
  1.087500e+00  67.260284 
  1.088750e+00  67.256700 
  1.090000e+00  67.253132 
  1.091250e+00  67.249579 
  1.092500e+00  67.246040 
  1.093750e+00  67.242516 
  1.095000e+00  67.239007 
  1.096250e+00  67.235512 
  1.097500e+00  67.232033 
  1.098750e+00  67.228567 
  1.100000e+00  67.225116 
  1.101250e+00  67.221680 
  1.102500e+00  67.218257 
  1.103750e+00  67.214850 
  1.105000e+00  67.211456 
  1.106250e+00  67.208076 
  1.107500e+00  67.204711 
  1.108750e+00  67.201359 
  1.110000e+00  67.198022 
  1.111250e+00  67.194698 
  1.112500e+00  67.191388 
  1.113750e+00  67.188092 
  1.115000e+00  67.184809 
  1.116250e+00  67.181540 
  1.117500e+00  67.178285 
  1.118750e+00  67.175043 
  1.120000e+00  67.171814 
  1.121250e+00  67.168599 
  1.122500e+00  67.165396 
  1.123750e+00  67.162207 
  1.125000e+00  67.159032 
  1.126250e+00  67.155869 
  1.127500e+00  67.152719 
  1.128750e+00  67.149582 
  1.130000e+00  67.146457 
  1.131250e+00  67.143346 
  1.132500e+00  67.140247 
  1.133750e+00  67.137161 
  1.135000e+00  67.134087 
  1.136250e+00  67.131026 
  1.137500e+00  67.127977 
  1.138750e+00  67.124940 
  1.140000e+00  67.121916 
  1.141250e+00  67.118903 
  1.142500e+00  67.115903 
  1.143750e+00  67.112915 
  1.145000e+00  67.109939 
  1.146250e+00  67.106974 
  1.147500e+00  67.104022 
  1.148750e+00  67.101081 
  1.150000e+00  67.098151 
  1.151250e+00  67.095234 
  1.152500e+00  67.092328 
  1.153750e+00  67.089433 
  1.155000e+00  67.086550 
  1.156250e+00  67.083678 
  1.157500e+00  67.080817 
  1.158750e+00  67.077967 
  1.160000e+00  67.075129 
  1.161250e+00  67.072302 
  1.162500e+00  67.069485 
  1.163750e+00  67.066680 
  1.165000e+00  67.063885 
  1.166250e+00  67.061101 
  1.167500e+00  67.058328 
  1.168750e+00  67.055565 
  1.170000e+00  67.052813 
  1.171250e+00  67.050072 
  1.172500e+00  67.047341 
  1.173750e+00  67.044620 
  1.175000e+00  67.041910 
  1.176250e+00  67.039210 
  1.177500e+00  67.036520 
  1.178750e+00  67.033841 
  1.180000e+00  67.031171 
  1.181250e+00  67.028512 
  1.182500e+00  67.025862 
  1.183750e+00  67.023223 
  1.185000e+00  67.020593 
  1.186250e+00  67.017973 
  1.187500e+00  67.015363 
  1.188750e+00  67.012763 
  1.190000e+00  67.010172 
  1.191250e+00  67.007591 
  1.192500e+00  67.005019 
  1.193750e+00  67.002457 
  1.195000e+00  66.999904 
  1.196250e+00  66.997361 
  1.197500e+00  66.994827 
  1.198750e+00  66.992302 
  1.200000e+00  66.989787 
  1.201250e+00  66.987280 
  1.202500e+00  66.984783 
  1.203750e+00  66.982295 
  1.205000e+00  66.979816 
  1.206250e+00  66.977346 
  1.207500e+00  66.974885 
  1.208750e+00  66.972433 
  1.210000e+00  66.969989 
  1.211250e+00  66.967555 
  1.212500e+00  66.965129 
  1.213750e+00  66.962712 
  1.215000e+00  66.960304 
  1.216250e+00  66.957904 
  1.217500e+00  66.955513 
  1.218750e+00  66.953131 
  1.220000e+00  66.950757 
  1.221250e+00  66.948391 
  1.222500e+00  66.946034 
  1.223750e+00  66.943685 
  1.225000e+00  66.941345 
  1.226250e+00  66.939013 
  1.227500e+00  66.936690 
  1.228750e+00  66.934374 
  1.230000e+00  66.932067 
  1.231250e+00  66.929768 
  1.232500e+00  66.927477 
  1.233750e+00  66.925195 
  1.235000e+00  66.922920 
  1.236250e+00  66.920653 
  1.237500e+00  66.918395 
  1.238750e+00  66.916144 
  1.240000e+00  66.913902 
  1.241250e+00  66.911667 
  1.242500e+00  66.909440 
  1.243750e+00  66.907221 
  1.245000e+00  66.905010 
  1.246250e+00  66.902807 
  1.247500e+00  66.900611 
  1.248750e+00  66.898423 
  1.250000e+00  66.896243 
  1.251250e+00  66.894071 
  1.252500e+00  66.891906 
  1.253750e+00  66.889749 
  1.255000e+00  66.887599 
  1.256250e+00  66.885457 
  1.257500e+00  66.883323 
  1.258750e+00  66.881196 
  1.260000e+00  66.879076 
  1.261250e+00  66.876964 
  1.262500e+00  66.874860 
  1.263750e+00  66.872763 
  1.265000e+00  66.870673 
  1.266250e+00  66.868591 
  1.267500e+00  66.866516 
  1.268750e+00  66.864448 
  1.270000e+00  66.862387 
  1.271250e+00  66.860334 
  1.272500e+00  66.858288 
  1.273750e+00  66.856249 
  1.275000e+00  66.854218 
  1.276250e+00  66.852193 
  1.277500e+00  66.850176 
  1.278750e+00  66.848166 
  1.280000e+00  66.846163 
  1.281250e+00  66.844167 
  1.282500e+00  66.842178 
  1.283750e+00  66.840196 
  1.285000e+00  66.838221 
  1.286250e+00  66.836253 
  1.287500e+00  66.834292 
  1.288750e+00  66.832338 
  1.290000e+00  66.830391 
  1.291250e+00  66.828451 
  1.292500e+00  66.826517 
  1.293750e+00  66.824591 
  1.295000e+00  66.822671 
  1.296250e+00  66.820758 
  1.297500e+00  66.818852 
  1.298750e+00  66.816952 
  1.300000e+00  66.815060 
  1.301250e+00  66.813174 
  1.302500e+00  66.811294 
  1.303750e+00  66.809422 
  1.305000e+00  66.807556 
  1.306250e+00  66.805696 
  1.307500e+00  66.803843 
  1.308750e+00  66.801997 
  1.310000e+00  66.800158 
  1.311250e+00  66.798324 
  1.312500e+00  66.796498 
  1.313750e+00  66.794677 
  1.315000e+00  66.792864 
  1.316250e+00  66.791056 
  1.317500e+00  66.789256 
  1.318750e+00  66.787461 
  1.320000e+00  66.785673 
  1.321250e+00  66.783891 
  1.322500e+00  66.782116 
  1.323750e+00  66.780347 
  1.325000e+00  66.778584 
  1.326250e+00  66.776827 
  1.327500e+00  66.775077 
  1.328750e+00  66.773333 
  1.330000e+00  66.771595 
  1.331250e+00  66.769863 
  1.332500e+00  66.768137 
  1.333750e+00  66.766418 
  1.335000e+00  66.764704 
  1.336250e+00  66.762997 
  1.337500e+00  66.761295 
  1.338750e+00  66.759600 
  1.340000e+00  66.757911 
  1.341250e+00  66.756228 
  1.342500e+00  66.754550 
  1.343750e+00  66.752879 
  1.345000e+00  66.751213 
  1.346250e+00  66.749554 
  1.347500e+00  66.747900 
  1.348750e+00  66.746252 
  1.350000e+00  66.744610 
  1.351250e+00  66.742974 
  1.352500e+00  66.741343 
  1.353750e+00  66.739718 
  1.355000e+00  66.738099 
  1.356250e+00  66.736486 
  1.357500e+00  66.734878 
  1.358750e+00  66.733276 
  1.360000e+00  66.731680 
  1.361250e+00  66.730089 
  1.362500e+00  66.728504 
  1.363750e+00  66.726924 
  1.365000e+00  66.725350 
  1.366250e+00  66.723781 
  1.367500e+00  66.722218 
  1.368750e+00  66.720661 
  1.370000e+00  66.719108 
  1.371250e+00  66.717562 
  1.372500e+00  66.716020 
  1.373750e+00  66.714484 
  1.375000e+00  66.712954 
  1.376250e+00  66.711428 
  1.377500e+00  66.709908 
  1.378750e+00  66.708393 
  1.380000e+00  66.706884 
  1.381250e+00  66.705379 
  1.382500e+00  66.703880 
  1.383750e+00  66.702386 
  1.385000e+00  66.700898 
  1.386250e+00  66.699414 
  1.387500e+00  66.697936 
  1.388750e+00  66.696462 
  1.390000e+00  66.694994 
  1.391250e+00  66.693531 
  1.392500e+00  66.692072 
  1.393750e+00  66.690619 
  1.395000e+00  66.689171 
  1.396250e+00  66.687727 
  1.397500e+00  66.686289 
  1.398750e+00  66.684855 
  1.400000e+00  66.683427 
  1.401250e+00  66.682003 
  1.402500e+00  66.680584 
  1.403750e+00  66.679170 
  1.405000e+00  66.677760 
  1.406250e+00  66.676356 
  1.407500e+00  66.674956 
  1.408750e+00  66.673560 
  1.410000e+00  66.672170 
  1.411250e+00  66.670784 
  1.412500e+00  66.669403 
  1.413750e+00  66.668027 
  1.415000e+00  66.666655 
  1.416250e+00  66.665287 
  1.417500e+00  66.663925 
  1.418750e+00  66.662566 
  1.420000e+00  66.661213 
  1.421250e+00  66.659863 
  1.422500e+00  66.658519 
  1.423750e+00  66.657178 
  1.425000e+00  66.655843 
  1.426250e+00  66.654511 
  1.427500e+00  66.653184 
  1.428750e+00  66.651861 
  1.430000e+00  66.650543 
  1.431250e+00  66.649229 
  1.432500e+00  66.647919 
  1.433750e+00  66.646614 
  1.435000e+00  66.645313 
  1.436250e+00  66.644016 
  1.437500e+00  66.642723 
  1.438750e+00  66.641435 
  1.440000e+00  66.640150 
  1.441250e+00  66.638870 
  1.442500e+00  66.637594 
  1.443750e+00  66.636322 
  1.445000e+00  66.635055 
  1.446250e+00  66.633791 
  1.447500e+00  66.632531 
  1.448750e+00  66.631276 
  1.450000e+00  66.630024 
  1.451250e+00  66.628776 
  1.452500e+00  66.627533 
  1.453750e+00  66.626293 
  1.455000e+00  66.625057 
  1.456250e+00  66.623826 
  1.457500e+00  66.622598 
  1.458750e+00  66.621374 
  1.460000e+00  66.620154 
  1.461250e+00  66.618937 
  1.462500e+00  66.617725 
  1.463750e+00  66.616516 
  1.465000e+00  66.615311 
  1.466250e+00  66.614110 
  1.467500e+00  66.612913 
  1.468750e+00  66.611719 
  1.470000e+00  66.610529 
  1.471250e+00  66.609343 
  1.472500e+00  66.608161 
  1.473750e+00  66.606982 
  1.475000e+00  66.605807 
  1.476250e+00  66.604635 
  1.477500e+00  66.603467 
  1.478750e+00  66.602303 
  1.480000e+00  66.601142 
  1.481250e+00  66.599985 
  1.482500e+00  66.598831 
  1.483750e+00  66.597681 
  1.485000e+00  66.596535 
  1.486250e+00  66.595392 
  1.487500e+00  66.594252 
  1.488750e+00  66.593116 
  1.490000e+00  66.591983 
  1.491250e+00  66.590854 
  1.492500e+00  66.589728 
  1.493750e+00  66.588606 
  1.495000e+00  66.587487 
  1.496250e+00  66.586371 
  1.497500e+00  66.585259 
  1.498750e+00  66.584150 
  1.500000e+00  66.583044 
  1.501250e+00  66.581942 
  1.502500e+00  66.580843 
  1.503750e+00  66.579747 
  1.505000e+00  66.578655 
  1.506250e+00  66.577566 
  1.507500e+00  66.576480 
  1.508750e+00  66.575397 
  1.510000e+00  66.574317 
  1.511250e+00  66.573241 
  1.512500e+00  66.572168 
  1.513750e+00  66.571098 
  1.515000e+00  66.570031 
  1.516250e+00  66.568968 
  1.517500e+00  66.567907 
  1.518750e+00  66.566850 
  1.520000e+00  66.565795 
  1.521250e+00  66.564744 
  1.522500e+00  66.563696 
  1.523750e+00  66.562651 
  1.525000e+00  66.561609 
  1.526250e+00  66.560570 
  1.527500e+00  66.559534 
  1.528750e+00  66.558501 
  1.530000e+00  66.557471 
  1.531250e+00  66.556444 
  1.532500e+00  66.555420 
  1.533750e+00  66.554399 
  1.535000e+00  66.553381 
  1.536250e+00  66.552366 
  1.537500e+00  66.551354 
  1.538750e+00  66.550345 
  1.540000e+00  66.549339 
  1.541250e+00  66.548335 
  1.542500e+00  66.547335 
  1.543750e+00  66.546337 
  1.545000e+00  66.545342 
  1.546250e+00  66.544350 
  1.547500e+00  66.543361 
  1.548750e+00  66.542375 
  1.550000e+00  66.541392 
  1.551250e+00  66.540411 
  1.552500e+00  66.539433 
  1.553750e+00  66.538458 
  1.555000e+00  66.537486 
  1.556250e+00  66.536517 
  1.557500e+00  66.535550 
  1.558750e+00  66.534586 
  1.560000e+00  66.533625 
  1.561250e+00  66.532666 
  1.562500e+00  66.531711 
  1.563750e+00  66.530758 
  1.565000e+00  66.529807 
  1.566250e+00  66.528860 
  1.567500e+00  66.527915 
  1.568750e+00  66.526972 
  1.570000e+00  66.526033 
  1.571250e+00  66.525096 
  1.572500e+00  66.524161 
  1.573750e+00  66.523230 
  1.575000e+00  66.522301 
  1.576250e+00  66.521374 
  1.577500e+00  66.520451 
  1.578750e+00  66.519529 
  1.580000e+00  66.518611 
  1.581250e+00  66.517695 
  1.582500e+00  66.516781 
  1.583750e+00  66.515870 
  1.585000e+00  66.514962 
  1.586250e+00  66.514056 
  1.587500e+00  66.513153 
  1.588750e+00  66.512253 
  1.590000e+00  66.511354 
  1.591250e+00  66.510459 
  1.592500e+00  66.509566 
  1.593750e+00  66.508675 
  1.595000e+00  66.507787 
  1.596250e+00  66.506901 
  1.597500e+00  66.506018 
  1.598750e+00  66.505138 
  1.600000e+00  66.504259 
  1.601250e+00  66.503384 
  1.602500e+00  66.502510 
  1.603750e+00  66.501640 
  1.605000e+00  66.500771 
  1.606250e+00  66.499905 
  1.607500e+00  66.499042 
  1.608750e+00  66.498180 
  1.610000e+00  66.497322 
  1.611250e+00  66.496465 
  1.612500e+00  66.495612 
  1.613750e+00  66.494760 
  1.615000e+00  66.493911 
  1.616250e+00  66.493064 
  1.617500e+00  66.492220 
  1.618750e+00  66.491378 
  1.620000e+00  66.490538 
  1.621250e+00  66.489701 
  1.622500e+00  66.488866 
  1.623750e+00  66.488033 
  1.625000e+00  66.487203 
  1.626250e+00  66.486374 
  1.627500e+00  66.485549 
  1.628750e+00  66.484725 
  1.630000e+00  66.483904 
  1.631250e+00  66.483085 
  1.632500e+00  66.482269 
  1.633750e+00  66.481455 
  1.635000e+00  66.480643 
  1.636250e+00  66.479833 
  1.637500e+00  66.479026 
  1.638750e+00  66.478220 
  1.640000e+00  66.477417 
  1.641250e+00  66.476617 
  1.642500e+00  66.475818 
  1.643750e+00  66.475022 
  1.645000e+00  66.474228 
  1.646250e+00  66.473436 
  1.647500e+00  66.472647 
  1.648750e+00  66.471859 
  1.650000e+00  66.471074 
  1.651250e+00  66.470291 
  1.652500e+00  66.469510 
  1.653750e+00  66.468732 
  1.655000e+00  66.467955 
  1.656250e+00  66.467181 
  1.657500e+00  66.466409 
  1.658750e+00  66.465639 
  1.660000e+00  66.464872 
  1.661250e+00  66.464106 
  1.662500e+00  66.463342 
  1.663750e+00  66.462581 
  1.665000e+00  66.461822 
  1.666250e+00  66.461065 
  1.667500e+00  66.460310 
  1.668750e+00  66.459557 
  1.670000e+00  66.458806 
  1.671250e+00  66.458058 
  1.672500e+00  66.457311 
  1.673750e+00  66.456567 
  1.675000e+00  66.455825 
  1.676250e+00  66.455084 
  1.677500e+00  66.454346 
  1.678750e+00  66.453610 
  1.680000e+00  66.452876 
  1.681250e+00  66.452144 
  1.682500e+00  66.451414 
  1.683750e+00  66.450686 
  1.685000e+00  66.449960 
  1.686250e+00  66.449236 
  1.687500e+00  66.448515 
  1.688750e+00  66.447795 
  1.690000e+00  66.447077 
  1.691250e+00  66.446361 
  1.692500e+00  66.445648 
  1.693750e+00  66.444936 
  1.695000e+00  66.444226 
  1.696250e+00  66.443518 
  1.697500e+00  66.442813 
  1.698750e+00  66.442109 
  1.700000e+00  66.441407 
  1.701250e+00  66.440707 
  1.702500e+00  66.440009 
  1.703750e+00  66.439314 
  1.705000e+00  66.438620 
  1.706250e+00  66.437928 
  1.707500e+00  66.437238 
  1.708750e+00  66.436549 
  1.710000e+00  66.435863 
  1.711250e+00  66.435179 
  1.712500e+00  66.434497 
  1.713750e+00  66.433816 
  1.715000e+00  66.433138 
  1.716250e+00  66.432461 
  1.717500e+00  66.431786 
  1.718750e+00  66.431114 
  1.720000e+00  66.430443 
  1.721250e+00  66.429774 
  1.722500e+00  66.429107 
  1.723750e+00  66.428441 
  1.725000e+00  66.427778 
  1.726250e+00  66.427116 
  1.727500e+00  66.426457 
  1.728750e+00  66.425799 
  1.730000e+00  66.425143 
  1.731250e+00  66.424489 
  1.732500e+00  66.423836 
  1.733750e+00  66.423186 
  1.735000e+00  66.422537 
  1.736250e+00  66.421890 
  1.737500e+00  66.421245 
  1.738750e+00  66.420602 
  1.740000e+00  66.419960 
  1.741250e+00  66.419321 
  1.742500e+00  66.418683 
  1.743750e+00  66.418047 
  1.745000e+00  66.417413 
  1.746250e+00  66.416780 
  1.747500e+00  66.416149 
  1.748750e+00  66.415520 
  1.750000e+00  66.414893 
  1.751250e+00  66.414268 
  1.752500e+00  66.413644 
  1.753750e+00  66.413022 
  1.755000e+00  66.412402 
  1.756250e+00  66.411783 
  1.757500e+00  66.411167 
  1.758750e+00  66.410551 
  1.760000e+00  66.409938 
  1.761250e+00  66.409327 
  1.762500e+00  66.408717 
  1.763750e+00  66.408108 
  1.765000e+00  66.407502 
  1.766250e+00  66.406897 
  1.767500e+00  66.406294 
  1.768750e+00  66.405692 
  1.770000e+00  66.405093 
  1.771250e+00  66.404495 
  1.772500e+00  66.403898 
  1.773750e+00  66.403303 
  1.775000e+00  66.402710 
  1.776250e+00  66.402119 
  1.777500e+00  66.401529 
  1.778750e+00  66.400941 
  1.780000e+00  66.400354 
  1.781250e+00  66.399769 
  1.782500e+00  66.399186 
  1.783750e+00  66.398604 
  1.785000e+00  66.398024 
  1.786250e+00  66.397445 
  1.787500e+00  66.396869 
  1.788750e+00  66.396293 
  1.790000e+00  66.395720 
  1.791250e+00  66.395147 
  1.792500e+00  66.394577 
  1.793750e+00  66.394008 
  1.795000e+00  66.393441 
  1.796250e+00  66.392875 
  1.797500e+00  66.392310 
  1.798750e+00  66.391748 
  1.800000e+00  66.391187 
  1.801250e+00  66.390627 
  1.802500e+00  66.390069 
  1.803750e+00  66.389512 
  1.805000e+00  66.388957 
  1.806250e+00  66.388404 
  1.807500e+00  66.387852 
  1.808750e+00  66.387301 
  1.810000e+00  66.386752 
  1.811250e+00  66.386205 
  1.812500e+00  66.385659 
  1.813750e+00  66.385114 
  1.815000e+00  66.384571 
  1.816250e+00  66.384030 
  1.817500e+00  66.383490 
  1.818750e+00  66.382951 
  1.820000e+00  66.382414 
  1.821250e+00  66.381879 
  1.822500e+00  66.381344 
  1.823750e+00  66.380812 
  1.825000e+00  66.380280 
  1.826250e+00  66.379751 
  1.827500e+00  66.379222 
  1.828750e+00  66.378695 
  1.830000e+00  66.378170 
  1.831250e+00  66.377646 
  1.832500e+00  66.377123 
  1.833750e+00  66.376602 
  1.835000e+00  66.376082 
  1.836250e+00  66.375563 
  1.837500e+00  66.375046 
  1.838750e+00  66.374531 
  1.840000e+00  66.374016 
  1.841250e+00  66.373503 
  1.842500e+00  66.372992 
  1.843750e+00  66.372482 
  1.845000e+00  66.371973 
  1.846250e+00  66.371465 
  1.847500e+00  66.370959 
  1.848750e+00  66.370455 
  1.850000e+00  66.369951 
  1.851250e+00  66.369449 
  1.852500e+00  66.368949 
  1.853750e+00  66.368449 
  1.855000e+00  66.367951 
  1.856250e+00  66.367455 
  1.857500e+00  66.366959 
  1.858750e+00  66.366465 
  1.860000e+00  66.365972 
  1.861250e+00  66.365481 
  1.862500e+00  66.364991 
  1.863750e+00  66.364502 
  1.865000e+00  66.364015 
  1.866250e+00  66.363528 
  1.867500e+00  66.363043 
  1.868750e+00  66.362560 
  1.870000e+00  66.362077 
  1.871250e+00  66.361596 
  1.872500e+00  66.361116 
  1.873750e+00  66.360638 
  1.875000e+00  66.360160 
  1.876250e+00  66.359684 
  1.877500e+00  66.359209 
  1.878750e+00  66.358736 
  1.880000e+00  66.358263 
  1.881250e+00  66.357792 
  1.882500e+00  66.357322 
  1.883750e+00  66.356853 
  1.885000e+00  66.356386 
  1.886250e+00  66.355920 
  1.887500e+00  66.355455 
  1.888750e+00  66.354991 
  1.890000e+00  66.354528 
  1.891250e+00  66.354067 
  1.892500e+00  66.353607 
  1.893750e+00  66.353147 
  1.895000e+00  66.352690 
  1.896250e+00  66.352233 
  1.897500e+00  66.351777 
  1.898750e+00  66.351323 
  1.900000e+00  66.350870 
  1.901250e+00  66.350418 
  1.902500e+00  66.349967 
  1.903750e+00  66.349517 
  1.905000e+00  66.349069 
  1.906250e+00  66.348621 
  1.907500e+00  66.348175 
  1.908750e+00  66.347730 
  1.910000e+00  66.347286 
  1.911250e+00  66.346843 
  1.912500e+00  66.346401 
  1.913750e+00  66.345961 
  1.915000e+00  66.345521 
  1.916250e+00  66.345083 
  1.917500e+00  66.344646 
  1.918750e+00  66.344210 
  1.920000e+00  66.343775 
  1.921250e+00  66.343341 
  1.922500e+00  66.342908 
  1.923750e+00  66.342476 
  1.925000e+00  66.342045 
  1.926250e+00  66.341616 
  1.927500e+00  66.341187 
  1.928750e+00  66.340760 
  1.930000e+00  66.340333 
  1.931250e+00  66.339908 
  1.932500e+00  66.339484 
  1.933750e+00  66.339061 
  1.935000e+00  66.338638 
  1.936250e+00  66.338217 
  1.937500e+00  66.337797 
  1.938750e+00  66.337378 
  1.940000e+00  66.336960 
  1.941250e+00  66.336543 
  1.942500e+00  66.336128 
  1.943750e+00  66.335713 
  1.945000e+00  66.335299 
  1.946250e+00  66.334886 
  1.947500e+00  66.334474 
  1.948750e+00  66.334063 
  1.950000e+00  66.333654 
  1.951250e+00  66.333245 
  1.952500e+00  66.332837 
  1.953750e+00  66.332430 
  1.955000e+00  66.332025 
  1.956250e+00  66.331620 
  1.957500e+00  66.331216 
  1.958750e+00  66.330813 
  1.960000e+00  66.330411 
  1.961250e+00  66.330011 
  1.962500e+00  66.329611 
  1.963750e+00  66.329212 
  1.965000e+00  66.328814 
  1.966250e+00  66.328417 
  1.967500e+00  66.328021 
  1.968750e+00  66.327626 
  1.970000e+00  66.327232 
  1.971250e+00  66.326839 
  1.972500e+00  66.326447 
  1.973750e+00  66.326055 
  1.975000e+00  66.325665 
  1.976250e+00  66.325276 
  1.977500e+00  66.324887 
  1.978750e+00  66.324500 
  1.980000e+00  66.324113 
  1.981250e+00  66.323727 
  1.982500e+00  66.323343 
  1.983750e+00  66.322959 
  1.985000e+00  66.322576 
  1.986250e+00  66.322194 
  1.987500e+00  66.321813 
  1.988750e+00  66.321433 
  1.990000e+00  66.321053 
  1.991250e+00  66.320675 
  1.992500e+00  66.320298 
  1.993750e+00  66.319921 
  1.995000e+00  66.319545 
  1.996250e+00  66.319170 
  1.997500e+00  66.318796 
  1.998750e+00  66.318423 
  2.000000e+00  66.318051 
