  1.000000e-02  7.92410692 295.63151595 
  1.500000e-02  7.92410692 295.62890583 
  2.000000e-02  7.92410692 295.62961993 
  2.500000e-02  7.92410692 295.62845403 
  3.000000e-02  7.92410692 295.62460092 
  3.500000e-02  7.92410692 295.61485214 
  4.000000e-02  7.92410692 295.65021420 
  4.500000e-02  7.92410692 295.64327036 
  5.000000e-02  7.92410692 295.65237938 
  5.500000e-02  7.92410692 295.65621668 
  6.000000e-02  7.92410692 295.66032703 
  6.500000e-02  7.92410692 295.66380014 
  7.000000e-02  7.92410692 295.66949255 
  7.500000e-02  7.92410692 295.67978785 
  8.000000e-02  7.92410692 295.69172673 
  8.500000e-02  7.92410692 295.55886573 
  9.000000e-02  7.92410692 295.60572598 
  9.500000e-02  7.92410692 295.60121614 
  1.000000e-01  7.92410692 295.60325586 
  1.050000e-01  7.92410692 295.64844511 
  1.100000e-01  7.92410692 295.64568910 
  1.150000e-01  7.92410692 295.64114678 
  1.200000e-01  7.92410692 295.63979259 
  1.250000e-01  7.92410692 295.63962311 
  1.300000e-01  7.92410692 295.64038925 
  1.350000e-01  7.92410692 295.64277444 
  1.400000e-01  7.92410692 295.61016224 
  1.450000e-01  7.92410692 295.63354169 
  1.500000e-01  7.92410692 295.61951935 
  1.550000e-01  7.92410692 295.63257069 
  1.600000e-01  7.92410692 295.61879350 
  1.650000e-01  7.92410692 295.62693628 
  1.700000e-01  7.92410692 295.63147803 
  1.750000e-01  7.92410692 295.63232310 
  1.800000e-01  7.92410692 295.63210033 
  1.850000e-01  7.92410692 295.63224777 
  1.900000e-01  7.92410692 295.63303947 
  1.950000e-01  7.92410692 295.63450793 
  2.000000e-01  7.92410692 295.63664118 
  2.050000e-01  7.92410692 295.63922600 
  2.100000e-01  7.92410692 295.64186710 
  2.150000e-01  7.92410692 295.61147945 
  2.200000e-01  7.92410692 295.63040020 
  2.250000e-01  7.92410692 295.61543715 
  2.300000e-01  7.92410692 295.62788267 
  2.350000e-01  7.92410692 295.63618611 
  2.400000e-01  7.92410692 295.63592838 
  2.450000e-01  7.92410692 295.63518744 
  2.500000e-01  7.92410692 295.63617577 
  2.550000e-01  7.92410692 295.63784444 
  2.600000e-01  7.92410692 295.63900217 
  2.650000e-01  7.92410692 295.63948972 
  2.700000e-01  7.92410692 295.63987034 
  2.750000e-01  7.92410692 295.64040596 
  2.800000e-01  7.92410692 295.64103674 
  2.850000e-01  7.92410692 295.61517140 
  2.900000e-01  7.92410692 295.63098428 
  2.950000e-01  7.92410692 295.62158614 
  3.000000e-01  7.92410692 295.62793118 
  3.050000e-01  7.92410692 295.62382961 
  3.100000e-01  7.92410692 295.62703632 
  3.150000e-01  7.92410692 295.62883743 
  3.200000e-01  7.92410692 295.62879270 
  3.250000e-01  7.92410692 295.62863858 
  3.300000e-01  7.92410692 295.62872677 
  3.350000e-01  7.92410692 295.62899218 
  3.400000e-01  7.92410692 295.62940159 
  3.450000e-01  7.92410692 295.62994952 
  3.500000e-01  7.92410692 295.63059979 
  3.550000e-01  7.92410692 295.63126855 
  3.600000e-01  7.92410692 295.63186349 
  3.650000e-01  7.92410692 295.62236065 
  3.700000e-01  7.92410692 295.62840201 
  3.750000e-01  7.92410692 295.62448658 
  3.800000e-01  7.92410692 295.62750163 
  3.850000e-01  7.92410692 295.62878648 
  3.900000e-01  7.92410692 295.62872691 
  3.950000e-01  7.92410692 295.62844429 
  4.000000e-01  7.92410692 295.62834989 
  4.050000e-01  7.92410692 295.62841746 
  4.100000e-01  7.92410692 295.62857797 
  4.150000e-01  7.92410692 295.62880955 
  4.200000e-01  7.92410692 295.62911341 
  4.250000e-01  7.92410692 295.62948197 
  4.300000e-01  7.92410692 295.62987851 
  4.350000e-01  7.92410692 295.63024142 
  4.400000e-01  7.92410692 295.63051385 
  4.450000e-01  7.92410692 295.63067312 
  4.500000e-01  7.92410692 295.63073500 
  4.550000e-01  7.92410692 295.63073766 
  4.600000e-01  7.92410692 295.63072199 
  4.650000e-01  7.92410692 295.63071844 
  4.700000e-01  7.92410692 295.63074213 
  4.750000e-01  7.92410692 295.63079542 
  4.800000e-01  7.92410692 295.63087578 
  4.850000e-01  7.92410692 295.63098420 
  4.900000e-01  7.92410692 295.63112811 
  4.950000e-01  7.92410692 295.63131649 
  5.000000e-01  7.92410692 295.63155082 
  5.050000e-01  7.92410692 295.63181915 
  5.100000e-01  7.92410692 295.63209896 
  5.150000e-01  7.92410692 295.63236648 
  5.200000e-01  7.92410692 295.63260543 
  5.250000e-01  7.92410692 295.63280941 
  5.300000e-01  7.92410692 295.63297946 
  5.350000e-01  7.92410692 295.63311979 
  5.400000e-01  7.92410692 295.63323488 
  5.450000e-01  7.92410692 295.63332844 
  5.500000e-01  7.92410692 295.63340365 
  5.550000e-01  7.92410692 295.63346374 
  5.600000e-01  7.92410692 295.63351259 
  5.650000e-01  7.92410692 295.63355426 
  5.700000e-01  7.92410692 295.63359313 
  5.750000e-01  7.92410692 295.63363326 
  5.800000e-01  7.92410692 295.63367765 
  5.850000e-01  7.92410692 295.63372815 
  5.900000e-01  7.92410692 295.63378525 
  5.950000e-01  7.92410692 295.62062370 
  6.000000e-01  7.92410692 295.62850397 
  6.050000e-01  7.92410692 295.62318514 
  6.100000e-01  7.92410692 295.62732968 
  6.150000e-01  7.92410692 295.62901217 
  6.200000e-01  7.92410692 295.62900288 
  6.250000e-01  7.92410692 295.62844748 
  6.300000e-01  7.92410692 295.62802891 
  6.350000e-01  7.92410692 295.62814017 
  6.400000e-01  7.92410692 295.62808222 
  6.450000e-01  7.92410692 295.62833665 
  6.500000e-01  7.92410692 295.62839427 
  6.550000e-01  7.92410692 295.62846165 
  6.600000e-01  7.92410692 295.62858859 
  6.650000e-01  7.92410692 295.62876769 
  6.700000e-01  7.92410692 295.62896702 
  6.750000e-01  7.92410692 295.62915027 
  6.800000e-01  7.92410692 295.62929315 
  6.850000e-01  7.92410692 295.62939167 
  6.900000e-01  7.92410692 295.62945749 
  6.950000e-01  7.92410692 295.62950730 
  7.000000e-01  7.92410692 295.62955449 
  7.050000e-01  7.92410692 295.62960593 
  7.100000e-01  7.92410692 295.62966249 
  7.150000e-01  7.92410692 295.62972145 
  7.200000e-01  7.92410692 295.62977881 
  7.250000e-01  7.92410692 295.62983101 
  7.300000e-01  7.92410692 295.62987593 
  7.350000e-01  7.92410692 295.62991310 
  7.400000e-01  7.92410692 295.62994346 
  7.450000e-01  7.92410692 295.62996891 
  7.500000e-01  7.92410692 295.62999181 
  7.550000e-01  7.92410692 295.63001447 
  7.600000e-01  7.92410692 295.63003881 
  7.650000e-01  7.92410692 295.63006606 
  7.700000e-01  7.92410692 295.63009665 
  7.750000e-01  7.92410692 295.63013028 
  7.800000e-01  7.92410692 295.63016599 
  7.850000e-01  7.92410692 295.63020250 
  7.900000e-01  7.92410692 295.63023840 
  7.950000e-01  7.92410692 295.63027239 
  8.000000e-01  7.92410692 295.63030356 
  8.050000e-01  7.92410692 295.63033137 
  8.100000e-01  7.92410692 295.63035566 
  8.150000e-01  7.92410692 295.63037664 
  8.200000e-01  7.92410692 295.63039472 
  8.250000e-01  7.92410692 295.63041042 
  8.300000e-01  7.92410692 295.63042431 
  8.350000e-01  7.92410692 295.63043687 
  8.400000e-01  7.92410692 295.63044851 
  8.450000e-01  7.92410692 295.63045953 
  8.500000e-01  7.92410692 295.63047014 
  8.550000e-01  7.92410692 295.63048043 
  8.600000e-01  7.92410692 295.63049037 
  8.650000e-01  7.92410692 295.63049990 
  8.700000e-01  7.92410692 295.63050894 
  8.750000e-01  7.92410692 295.63051736 
  8.800000e-01  7.92410692 295.63052504 
  8.850000e-01  7.92410692 295.63053186 
  8.900000e-01  7.92410692 295.63053773 
  8.950000e-01  7.92410692 295.63054259 
  9.000000e-01  7.92410692 295.63054644 
  9.050000e-01  7.92410692 295.63054933 
  9.100000e-01  7.92410692 295.63055129 
  9.150000e-01  7.92410692 295.63055236 
  9.200000e-01  7.92410692 295.63055262 
  9.250000e-01  7.92410692 295.63055213 
  9.300000e-01  7.92410692 295.63055091 
  9.350000e-01  7.92410692 295.63054900 
  9.400000e-01  7.92410692 295.63054637 
  9.450000e-01  7.92410692 295.63054303 
  9.500000e-01  7.92410692 295.63053892 
  9.550000e-01  7.92410692 295.63053401 
  9.600000e-01  7.92410692 295.63052828 
  9.650000e-01  7.92410692 295.63052172 
  9.700000e-01  7.92410692 295.63051432 
  9.750000e-01  7.92410692 295.63050609 
  9.800000e-01  7.92410692 295.63049706 
  9.850000e-01  7.92410692 295.63048729 
  9.900000e-01  7.92410692 295.63047687 
  9.950000e-01  7.92410692 295.63046588 
  1.000000e+00  7.92410692 295.63045442 
  1.005000e+00  7.92410692 295.63044255 
  1.010000e+00  7.92410692 295.63043034 
  1.015000e+00  7.92410692 295.63041789 
  1.020000e+00  7.92410692 295.63040521 
  1.025000e+00  7.92410692 295.63039235 
  1.030000e+00  7.92410692 295.63037930 
  1.035000e+00  7.92410692 295.63036608 
  1.040000e+00  7.92410692 295.63035268 
  1.045000e+00  7.92410692 295.63033908 
  1.050000e+00  7.92410692 295.63032528 
  1.055000e+00  7.92410692 295.63031126 
  1.060000e+00  7.92410692 295.63029700 
  1.065000e+00  7.92410692 295.63028248 
  1.070000e+00  7.92410692 295.63026775 
  1.075000e+00  7.92410692 295.63025279 
  1.080000e+00  7.92410692 295.63023763 
  1.085000e+00  7.92410692 295.63022225 
  1.090000e+00  7.92410692 295.63020672 
  1.095000e+00  7.92410692 295.63019106 
  1.100000e+00  7.92410692 295.63017530 
  1.105000e+00  7.92410692 295.63015949 
  1.110000e+00  7.92410692 295.63014364 
  1.115000e+00  7.92410692 295.63012777 
  1.120000e+00  7.92410692 295.63011193 
  1.125000e+00  7.92410692 295.63009615 
  1.130000e+00  7.92410692 295.63008045 
  1.135000e+00  7.92410692 295.63006485 
  1.140000e+00  7.92410692 295.63004937 
  1.145000e+00  7.92410692 295.63003401 
  1.150000e+00  7.92410692 295.63001878 
  1.155000e+00  7.92410692 295.63000369 
  1.160000e+00  7.92410692 295.62998873 
  1.165000e+00  7.92410692 295.62997391 
  1.170000e+00  7.92410692 295.62995922 
  1.175000e+00  7.92410692 295.62994467 
  1.180000e+00  7.92410692 295.62993021 
  1.185000e+00  7.92410692 295.62991587 
  1.190000e+00  7.92410692 295.62990161 
  1.195000e+00  7.92410692 295.62988743 
  1.200000e+00  7.92410692 295.62987332 
  1.205000e+00  7.92410692 295.62985928 
  1.210000e+00  7.92410692 295.62984529 
  1.215000e+00  7.92410692 295.62983133 
  1.220000e+00  7.92410692 295.62981742 
  1.225000e+00  7.92410692 295.62980353 
  1.230000e+00  7.92410692 295.62978966 
  1.235000e+00  7.92410692 295.62977582 
  1.240000e+00  7.92410692 295.62976199 
  1.245000e+00  7.92410692 295.62974819 
  1.250000e+00  7.92410692 295.62973440 
  1.255000e+00  7.92410692 295.62972063 
  1.260000e+00  7.92410692 295.62970689 
  1.265000e+00  7.92410692 295.62969318 
  1.270000e+00  7.92410692 295.62967952 
  1.275000e+00  7.92410692 295.62966589 
  1.280000e+00  7.92410692 295.62965233 
  1.285000e+00  7.92410692 295.62963885 
  1.290000e+00  7.92410692 295.62962544 
  1.295000e+00  7.92410692 295.62961211 
  1.300000e+00  7.92410692 295.62959887 
  1.305000e+00  7.92410692 295.62958573 
  1.310000e+00  7.92410692 295.62957271 
  1.315000e+00  7.92410692 295.62955978 
  1.320000e+00  7.92410692 295.62954696 
  1.325000e+00  7.92410692 295.62953426 
  1.330000e+00  7.92410692 295.62952166 
  1.335000e+00  7.92410692 295.62950916 
  1.340000e+00  7.92410692 295.62949676 
  1.345000e+00  7.92410692 295.62948446 
  1.350000e+00  7.92410692 295.62947224 
  1.355000e+00  7.92410692 295.62946009 
  1.360000e+00  7.92410692 295.62944801 
  1.365000e+00  7.92410692 295.62943600 
  1.370000e+00  7.92410692 295.62942404 
  1.375000e+00  7.92410692 295.62941212 
  1.380000e+00  7.92410692 295.62940024 
  1.385000e+00  7.92410692 295.62938840 
  1.390000e+00  7.92410692 295.62937657 
  1.395000e+00  7.92410692 295.62936476 
  1.400000e+00  7.92410692 295.62935296 
  1.405000e+00  7.92410692 295.62934117 
  1.410000e+00  7.92410692 295.62932937 
  1.415000e+00  7.92410692 295.62931758 
  1.420000e+00  7.92410692 295.62930580 
  1.425000e+00  7.92410692 295.62929402 
  1.430000e+00  7.92410692 295.62928223 
  1.435000e+00  7.92410692 295.62927043 
  1.440000e+00  7.92410692 295.62925864 
  1.445000e+00  7.92410692 295.62924685 
  1.450000e+00  7.92410692 295.62923506 
  1.455000e+00  7.92410692 295.62922328 
  1.460000e+00  7.92410692 295.62921151 
  1.465000e+00  7.92410692 295.62919976 
  1.470000e+00  7.92410692 295.62918802 
  1.475000e+00  7.92410692 295.62917630 
  1.480000e+00  7.92410692 295.62916461 
  1.485000e+00  7.92410692 295.62915295 
  1.490000e+00  7.92410692 295.62914132 
  1.495000e+00  7.92410692 295.62912972 
  1.500000e+00  7.92410692 295.62911818 
  1.505000e+00  7.92410692 295.62910668 
  1.510000e+00  7.92410692 295.62909524 
  1.515000e+00  7.92410692 295.62908384 
  1.520000e+00  7.92410692 295.62907251 
  1.525000e+00  7.92410692 295.62906124 
  1.530000e+00  7.92410692 295.62905004 
  1.535000e+00  7.92410692 295.62903890 
  1.540000e+00  7.92410692 295.62902783 
  1.545000e+00  7.92410692 295.62901683 
  1.550000e+00  7.92410692 295.62900590 
  1.555000e+00  7.92410692 295.62899505 
  1.560000e+00  7.92410692 295.62898427 
  1.565000e+00  7.92410692 295.62897357 
  1.570000e+00  7.92410692 295.62896293 
  1.575000e+00  7.92410692 295.62895237 
  1.580000e+00  7.92410692 295.62894189 
  1.585000e+00  7.92410692 295.62893149 
  1.590000e+00  7.92410692 295.62892116 
  1.595000e+00  7.92410692 295.62891091 
  1.600000e+00  7.92410692 295.62890072 
  1.605000e+00  7.92410692 295.62889061 
  1.610000e+00  7.92410692 295.62888058 
  1.615000e+00  7.92410692 295.62887061 
  1.620000e+00  7.92410692 295.62886072 
  1.625000e+00  7.92410692 295.62885089 
  1.630000e+00  7.92410692 295.62884113 
  1.635000e+00  7.92410692 295.62883144 
  1.640000e+00  7.92410692 295.62882181 
  1.645000e+00  7.92410692 295.62881224 
  1.650000e+00  7.92410692 295.62880272 
  1.655000e+00  7.92410692 295.62879328 
  1.660000e+00  7.92410692 295.62878390 
  1.665000e+00  7.92410692 295.62877458 
  1.670000e+00  7.92410692 295.62876531 
  1.675000e+00  7.92410692 295.62875609 
  1.680000e+00  7.92410692 295.62874692 
  1.685000e+00  7.92410692 295.62873782 
  1.690000e+00  7.92410692 295.62872876 
  1.695000e+00  7.92410692 295.62871976 
  1.700000e+00  7.92410692 295.62871081 
  1.705000e+00  7.92410692 295.62870190 
  1.710000e+00  7.92410692 295.62869305 
  1.715000e+00  7.92410692 295.62868423 
  1.720000e+00  7.92410692 295.62867547 
  1.725000e+00  7.92410692 295.62866675 
  1.730000e+00  7.92410692 295.62865808 
  1.735000e+00  7.92410692 295.62864946 
  1.740000e+00  7.92410692 295.62864088 
  1.745000e+00  7.92410692 295.62863235 
  1.750000e+00  7.92410692 295.62862386 
  1.755000e+00  7.92410692 295.62861542 
  1.760000e+00  7.92410692 295.62860702 
  1.765000e+00  7.92410692 295.62859867 
  1.770000e+00  7.92410692 295.62859036 
  1.775000e+00  7.92410692 295.62858210 
  1.780000e+00  7.92410692 295.62857389 
  1.785000e+00  7.92410692 295.62856605 
  1.790000e+00  7.92410692 295.62855823 
  1.795000e+00  7.92410692 295.62855036 
  1.800000e+00  7.92410692 295.62854245 
  1.805000e+00  7.92410692 295.62853457 
  1.810000e+00  7.92410692 295.62852675 
  1.815000e+00  7.92410692 295.62851901 
  1.820000e+00  7.92410692 295.62851134 
  1.825000e+00  7.92410692 295.62850374 
  1.830000e+00  7.92410692 295.62849619 
  1.835000e+00  7.92410692 295.62848869 
  1.840000e+00  7.92410692 295.62848123 
  1.845000e+00  7.92410692 295.62847381 
  1.850000e+00  7.92410692 295.62846642 
  1.855000e+00  7.92410692 295.62845909 
  1.860000e+00  7.92410692 295.62845181 
  1.865000e+00  7.92410692 295.62844458 
  1.870000e+00  7.92410692 295.62843740 
  1.875000e+00  7.92410692 295.62843027 
  1.880000e+00  7.92410692 295.62842320 
  1.885000e+00  7.92410692 295.62841617 
  1.890000e+00  7.92410692 295.62840920 
  1.895000e+00  7.92410692 295.62840227 
  1.900000e+00  7.92410692 295.62839540 
  1.905000e+00  7.92410692 295.62838858 
  1.910000e+00  7.92410692 295.62838181 
  1.915000e+00  7.92410692 295.62837509 
  1.920000e+00  7.92410692 295.62836843 
  1.925000e+00  7.92410692 295.62836182 
  1.930000e+00  7.92410692 295.62835526 
  1.935000e+00  7.92410692 295.62834875 
  1.940000e+00  7.92410692 295.62834229 
  1.945000e+00  7.92410692 295.62833588 
  1.950000e+00  7.92410692 295.62832953 
  1.955000e+00  7.92410692 295.62832322 
  1.960000e+00  7.92410692 295.62831697 
  1.965000e+00  7.92410692 295.62831076 
  1.970000e+00  7.92410692 295.62830460 
  1.975000e+00  7.92410692 295.62829849 
  1.980000e+00  7.92410692 295.62829243 
  1.985000e+00  7.92410692 295.62828641 
  1.990000e+00  7.92410692 295.62828045 
  1.995000e+00  7.92410692 295.62827453 
  2.000000e+00  7.92410692 295.62826866 
