  0.000000e+00  7.36119156 19.77832190 
  5.000000e-03  7.36119156 19.77907707 
  1.000000e-02  7.36119156 19.77952560 
  1.500000e-02  7.36119156 19.77973962 
  2.000000e-02  7.36119156 19.77984253 
  2.500000e-02  7.36119156 19.77984487 
  3.000000e-02  7.36119156 19.77963421 
  3.500000e-02  7.36119156 19.77917196 
  4.000000e-02  7.36119156 19.77869007 
  4.500000e-02  7.36119156 19.77835091 
  5.000000e-02  7.36119156 19.77824702 
  5.500000e-02  7.36119156 19.77841115 
  6.000000e-02  7.36119156 19.77871082 
  6.500000e-02  7.36119156 19.77905257 
  7.000000e-02  7.36119156 19.77939858 
  7.500000e-02  7.36119156 19.77972030 
  8.000000e-02  7.36119156 19.77999653 
  8.500000e-02  7.36119156 19.78022110 
  9.000000e-02  7.36119156 19.78040000 
  9.500000e-02  7.36119156 19.78054406 
  1.000000e-01  7.36119156 19.78066327 
  1.050000e-01  7.36119156 19.78076405 
  1.100000e-01  7.36119156 19.78084880 
  1.150000e-01  7.36119156 19.78091658 
  1.200000e-01  7.36119156 19.78096469 
  1.250000e-01  7.36119156 19.78099111 
  1.300000e-01  7.36119156 19.78099728 
  1.350000e-01  7.36119156 19.78098958 
  1.400000e-01  7.36119156 19.78097751 
  1.450000e-01  7.36119156 19.78096964 
  1.500000e-01  7.36119156 19.78097078 
  1.550000e-01  7.36119156 19.78098188 
  1.600000e-01  7.36119156 19.78100103 
  1.650000e-01  7.36119156 19.78102480 
  1.700000e-01  7.36119156 19.78105017 
  1.750000e-01  7.36119156 19.78107561 
  1.800000e-01  7.36119156 19.78110052 
  1.850000e-01  7.36119156 19.78112434 
  1.900000e-01  7.36119156 19.78114649 
  1.950000e-01  7.36119156 19.78116660 
  2.000000e-01  7.36119156 19.78118457 
  2.050000e-01  7.36119156 19.78120042 
  2.100000e-01  7.36119156 19.78121427 
  2.150000e-01  7.36119156 19.78122638 
  2.200000e-01  7.36119156 19.78123708 
  2.250000e-01  7.36119156 19.78124670 
  2.300000e-01  7.36119156 19.78125553 
  2.350000e-01  7.36119156 19.78126374 
  2.400000e-01  7.36119156 19.78127146 
  2.450000e-01  7.36119156 19.78127872 
  2.500000e-01  7.36119156 19.78128558 
  2.550000e-01  7.36119156 19.78129206 
  2.600000e-01  7.36119156 19.78129819 
  2.650000e-01  7.36119156 19.78130402 
  2.700000e-01  7.36119156 19.78130956 
  2.750000e-01  7.36119156 19.78131486 
  2.800000e-01  7.36119156 19.78131993 
  2.850000e-01  7.36119156 19.78132477 
  2.900000e-01  7.36119156 19.78132937 
  2.950000e-01  7.36119156 19.78133370 
  3.000000e-01  7.36119156 19.78133771 
  3.050000e-01  7.36119156 19.78134137 
  3.100000e-01  7.36119156 19.78134463 
  3.150000e-01  7.36119156 19.78134747 
  3.200000e-01  7.36119156 19.78134990 
  3.250000e-01  7.36119156 19.78135196 
  3.300000e-01  7.36119156 19.78135369 
  3.350000e-01  7.36119156 19.78135518 
  3.400000e-01  7.36119156 19.78135649 
  3.450000e-01  7.36119156 19.78135769 
  3.500000e-01  7.36119156 19.78135884 
  3.550000e-01  7.36119156 19.78135997 
  3.600000e-01  7.36119156 19.78136110 
  3.650000e-01  7.36119156 19.78136223 
  3.700000e-01  7.36119156 19.78136335 
  3.750000e-01  7.36119156 19.78136443 
  3.800000e-01  7.36119156 19.78136546 
  3.850000e-01  7.36119156 19.78136641 
  3.900000e-01  7.36119156 19.78136727 
  3.950000e-01  7.36119156 19.78136803 
  4.000000e-01  7.36119156 19.78136868 
  4.050000e-01  7.36119156 19.78136922 
  4.100000e-01  7.36119156 19.78136968 
  4.150000e-01  7.36119156 19.78137007 
  4.200000e-01  7.36119156 19.78137040 
  4.250000e-01  7.36119156 19.78137070 
  4.300000e-01  7.36119156 19.78137099 
  4.350000e-01  7.36119156 19.78137128 
  4.400000e-01  7.36119156 19.78137157 
  4.450000e-01  7.36119156 19.78137188 
  4.500000e-01  7.36119156 19.78137219 
  4.550000e-01  7.36119156 19.78137250 
  4.600000e-01  7.36119156 19.78137280 
  4.650000e-01  7.36119156 19.78137308 
  4.700000e-01  7.36119156 19.78137334 
  4.750000e-01  7.36119156 19.78137355 
  4.800000e-01  7.36119156 19.78137372 
  4.850000e-01  7.36119156 19.78137385 
  4.900000e-01  7.36119156 19.78137395 
  4.950000e-01  7.36119156 19.78137401 
  5.000000e-01  7.36119156 19.78137405 
  5.050000e-01  7.36119156 19.78137408 
  5.100000e-01  7.36119156 19.78137411 
  5.150000e-01  7.36119156 19.78137413 
  5.200000e-01  7.36119156 19.78137416 
  5.250000e-01  7.36119156 19.78137420 
  5.300000e-01  7.36119156 19.78137424 
  5.350000e-01  7.36119156 19.78137429 
  5.400000e-01  7.36119156 19.78137435 
  5.450000e-01  7.36119156 19.78137440 
  5.500000e-01  7.36119156 19.78137445 
  5.550000e-01  7.36119156 19.78137450 
  5.600000e-01  7.36119156 19.78137454 
  5.650000e-01  7.36119156 19.78137458 
  5.700000e-01  7.36119156 19.78137460 
  5.750000e-01  7.36119156 19.78137462 
  5.800000e-01  7.36119156 19.78137464 
  5.850000e-01  7.36119156 19.78137465 
  5.900000e-01  7.36119156 19.78137465 
  5.950000e-01  7.36119156 19.78137466 
  6.000000e-01  7.36119156 19.78137466 
  6.050000e-01  7.36119156 19.78137466 
  6.100000e-01  7.36119156 19.78137466 
  6.150000e-01  7.36119156 19.78137467 
  6.200000e-01  7.36119156 19.78137467 
  6.250000e-01  7.36119156 19.78137467 
  6.300000e-01  7.36119156 19.78137467 
  6.350000e-01  7.36119156 19.78137467 
  6.400000e-01  7.36119156 19.78137467 
  6.450000e-01  7.36119156 19.78137467 
  6.500000e-01  7.36119156 19.78137466 
  6.550000e-01  7.36119156 19.78137466 
  6.600000e-01  7.36119156 19.78137465 
  6.650000e-01  7.36119156 19.78137464 
  6.700000e-01  7.36119156 19.78137463 
  6.750000e-01  7.36119156 19.78137462 
  6.800000e-01  7.36119156 19.78137461 
  6.850000e-01  7.36119156 19.78137460 
  6.900000e-01  7.36119156 19.78137459 
  6.950000e-01  7.36119156 19.78137458 
  7.000000e-01  7.36119156 19.78137457 
  7.050000e-01  7.36119156 19.78137456 
  7.100000e-01  7.36119156 19.78137455 
  7.150000e-01  7.36119156 19.78137454 
  7.200000e-01  7.36119156 19.78137452 
  7.250000e-01  7.36119156 19.78137451 
  7.300000e-01  7.36119156 19.78137450 
  7.350000e-01  7.36119156 19.78137448 
  7.400000e-01  7.36119156 19.78137447 
  7.450000e-01  7.36119156 19.78137445 
  7.500000e-01  7.36119156 19.78137444 
  7.550000e-01  7.36119156 19.78137442 
  7.600000e-01  7.36119156 19.78137441 
  7.650000e-01  7.36119156 19.78137439 
  7.700000e-01  7.36119156 19.78137438 
  7.750000e-01  7.36119156 19.78137436 
  7.800000e-01  7.36119156 19.78137435 
  7.850000e-01  7.36119156 19.78137433 
  7.900000e-01  7.36119156 19.78137431 
  7.950000e-01  7.36119156 19.78137430 
  8.000000e-01  7.36119156 19.78137428 
  8.050000e-01  7.36119156 19.78137427 
  8.100000e-01  7.36119156 19.78137425 
  8.150000e-01  7.36119156 19.78137424 
  8.200000e-01  7.36119156 19.78137422 
  8.250000e-01  7.36119156 19.78137421 
  8.300000e-01  7.36119156 19.78137419 
  8.350000e-01  7.36119156 19.78137418 
  8.400000e-01  7.36119156 19.78137416 
  8.450000e-01  7.36119156 19.78137415 
  8.500000e-01  7.36119156 19.78137413 
  8.550000e-01  7.36119156 19.78137412 
  8.600000e-01  7.36119156 19.78137411 
  8.650000e-01  7.36119156 19.78137409 
  8.700000e-01  7.36119156 19.78137408 
  8.750000e-01  7.36119156 19.78137407 
  8.800000e-01  7.36119156 19.78137405 
  8.850000e-01  7.36119156 19.78137404 
  8.900000e-01  7.36119156 19.78137403 
  8.950000e-01  7.36119156 19.78137402 
  9.000000e-01  7.36119156 19.78137401 
  9.050000e-01  7.36119156 19.78137399 
  9.100000e-01  7.36119156 19.78137398 
  9.150000e-01  7.36119156 19.78137397 
  9.200000e-01  7.36119156 19.78137396 
  9.250000e-01  7.36119156 19.78137395 
  9.300000e-01  7.36119156 19.78137394 
  9.350000e-01  7.36119156 19.78137393 
  9.400000e-01  7.36119156 19.78137392 
  9.450000e-01  7.36119156 19.78137391 
  9.500000e-01  7.36119156 19.78137390 
  9.550000e-01  7.36119156 19.78137389 
  9.600000e-01  7.36119156 19.78137388 
  9.650000e-01  7.36119156 19.78137387 
  9.700000e-01  7.36119156 19.78137386 
  9.750000e-01  7.36119156 19.78137386 
  9.800000e-01  7.36119156 19.78137385 
  9.850000e-01  7.36119156 19.78137384 
  9.900000e-01  7.36119156 19.78137383 
  9.950000e-01  7.36119156 19.78137382 
  1.000000e+00  7.36119156 19.78137382 
  1.005000e+00  7.36119156 19.78137381 
  1.010000e+00  7.36119156 19.78137380 
  1.015000e+00  7.36119156 19.78137379 
  1.020000e+00  7.36119156 19.78137379 
  1.025000e+00  7.36119156 19.78137378 
  1.030000e+00  7.36119156 19.78137377 
  1.035000e+00  7.36119156 19.78137377 
  1.040000e+00  7.36119156 19.78137376 
  1.045000e+00  7.36119156 19.78137376 
  1.050000e+00  7.36119156 19.78137375 
  1.055000e+00  7.36119156 19.78137374 
  1.060000e+00  7.36119156 19.78137374 
  1.065000e+00  7.36119156 19.78137373 
  1.070000e+00  7.36119156 19.78137373 
  1.075000e+00  7.36119156 19.78137372 
  1.080000e+00  7.36119156 19.78137372 
  1.085000e+00  7.36119156 19.78137371 
  1.090000e+00  7.36119156 19.78137371 
  1.095000e+00  7.36119156 19.78137370 
  1.100000e+00  7.36119156 19.78137370 
  1.105000e+00  7.36119156 19.78137370 
  1.110000e+00  7.36119156 19.78137369 
  1.115000e+00  7.36119156 19.78137369 
  1.120000e+00  7.36119156 19.78137368 
  1.125000e+00  7.36119156 19.78137368 
  1.130000e+00  7.36119156 19.78137368 
  1.135000e+00  7.36119156 19.78137367 
  1.140000e+00  7.36119156 19.78137367 
  1.145000e+00  7.36119156 19.78137367 
  1.150000e+00  7.36119156 19.78137366 
  1.155000e+00  7.36119156 19.78137366 
  1.160000e+00  7.36119156 19.78137366 
  1.165000e+00  7.36119156 19.78137365 
  1.170000e+00  7.36119156 19.78137365 
  1.175000e+00  7.36119156 19.78137365 
  1.180000e+00  7.36119156 19.78137365 
  1.185000e+00  7.36119156 19.78137364 
  1.190000e+00  7.36119156 19.78137364 
  1.195000e+00  7.36119156 19.78137364 
  1.200000e+00  7.36119156 19.78137364 
  1.205000e+00  7.36119156 19.78137364 
  1.210000e+00  7.36119156 19.78137363 
  1.215000e+00  7.36119156 19.78137363 
  1.220000e+00  7.36119156 19.78137363 
  1.225000e+00  7.36119156 19.78137363 
  1.230000e+00  7.36119156 19.78137363 
  1.235000e+00  7.36119156 19.78137362 
  1.240000e+00  7.36119156 19.78137362 
  1.245000e+00  7.36119156 19.78137362 
  1.250000e+00  7.36119156 19.78137362 
  1.255000e+00  7.36119156 19.78137362 
  1.260000e+00  7.36119156 19.78137362 
  1.265000e+00  7.36119156 19.78137362 
  1.270000e+00  7.36119156 19.78137362 
  1.275000e+00  7.36119156 19.78137361 
  1.280000e+00  7.36119156 19.78137361 
  1.285000e+00  7.36119156 19.78137361 
  1.290000e+00  7.36119156 19.78137361 
  1.295000e+00  7.36119156 19.78137361 
  1.300000e+00  7.36119156 19.78137361 
  1.305000e+00  7.36119156 19.78137361 
  1.310000e+00  7.36119156 19.78137361 
  1.315000e+00  7.36119156 19.78137361 
  1.320000e+00  7.36119156 19.78137361 
  1.325000e+00  7.36119156 19.78137361 
  1.330000e+00  7.36119156 19.78137361 
  1.335000e+00  7.36119156 19.78137361 
  1.340000e+00  7.36119156 19.78137360 
  1.345000e+00  7.36119156 19.78137360 
  1.350000e+00  7.36119156 19.78137360 
  1.355000e+00  7.36119156 19.78137360 
  1.360000e+00  7.36119156 19.78137360 
  1.365000e+00  7.36119156 19.78137360 
  1.370000e+00  7.36119156 19.78137360 
  1.375000e+00  7.36119156 19.78137360 
  1.380000e+00  7.36119156 19.78137360 
  1.385000e+00  7.36119156 19.78137360 
  1.390000e+00  7.36119156 19.78137360 
  1.395000e+00  7.36119156 19.78137360 
  1.400000e+00  7.36119156 19.78137360 
  1.405000e+00  7.36119156 19.78137360 
  1.410000e+00  7.36119156 19.78137360 
  1.415000e+00  7.36119156 19.78137360 
  1.420000e+00  7.36119156 19.78137360 
  1.425000e+00  7.36119156 19.78137360 
  1.430000e+00  7.36119156 19.78137360 
  1.435000e+00  7.36119156 19.78137360 
  1.440000e+00  7.36119156 19.78137360 
  1.445000e+00  7.36119156 19.78137360 
  1.450000e+00  7.36119156 19.78137360 
  1.455000e+00  7.36119156 19.78137360 
  1.460000e+00  7.36119156 19.78137360 
  1.465000e+00  7.36119156 19.78137360 
  1.470000e+00  7.36119156 19.78137360 
  1.475000e+00  7.36119156 19.78137360 
  1.480000e+00  7.36119156 19.78137360 
  1.485000e+00  7.36119156 19.78137361 
  1.490000e+00  7.36119156 19.78137361 
  1.495000e+00  7.36119156 19.78137361 
  1.500000e+00  7.36119156 19.78137361 
  1.505000e+00  7.36119156 19.78137361 
  1.510000e+00  7.36119156 19.78137361 
  1.515000e+00  7.36119156 19.78137361 
  1.520000e+00  7.36119156 19.78137361 
  1.525000e+00  7.36119156 19.78137361 
  1.530000e+00  7.36119156 19.78137361 
  1.535000e+00  7.36119156 19.78137361 
  1.540000e+00  7.36119156 19.78137361 
  1.545000e+00  7.36119156 19.78137361 
  1.550000e+00  7.36119156 19.78137361 
  1.555000e+00  7.36119156 19.78137361 
  1.560000e+00  7.36119156 19.78137361 
  1.565000e+00  7.36119156 19.78137361 
  1.570000e+00  7.36119156 19.78137361 
  1.575000e+00  7.36119156 19.78137361 
  1.580000e+00  7.36119156 19.78137361 
  1.585000e+00  7.36119156 19.78137361 
  1.590000e+00  7.36119156 19.78137361 
  1.595000e+00  7.36119156 19.78137361 
  1.600000e+00  7.36119156 19.78137362 
  1.605000e+00  7.36119156 19.78137362 
  1.610000e+00  7.36119156 19.78137362 
  1.615000e+00  7.36119156 19.78137362 
  1.620000e+00  7.36119156 19.78137362 
  1.625000e+00  7.36119156 19.78137362 
  1.630000e+00  7.36119156 19.78137362 
  1.635000e+00  7.36119156 19.78137362 
  1.640000e+00  7.36119156 19.78137362 
  1.645000e+00  7.36119156 19.78137362 
  1.650000e+00  7.36119156 19.78137362 
  1.655000e+00  7.36119156 19.78137362 
  1.660000e+00  7.36119156 19.78137362 
  1.665000e+00  7.36119156 19.78137362 
  1.670000e+00  7.36119156 19.78137362 
  1.675000e+00  7.36119156 19.78137362 
  1.680000e+00  7.36119156 19.78137362 
  1.685000e+00  7.36119156 19.78137362 
  1.690000e+00  7.36119156 19.78137362 
  1.695000e+00  7.36119156 19.78137363 
  1.700000e+00  7.36119156 19.78137363 
  1.705000e+00  7.36119156 19.78137363 
  1.710000e+00  7.36119156 19.78137363 
  1.715000e+00  7.36119156 19.78137363 
  1.720000e+00  7.36119156 19.78137363 
  1.725000e+00  7.36119156 19.78137363 
  1.730000e+00  7.36119156 19.78137363 
  1.735000e+00  7.36119156 19.78137363 
  1.740000e+00  7.36119156 19.78137363 
  1.745000e+00  7.36119156 19.78137363 
  1.750000e+00  7.36119156 19.78137363 
  1.755000e+00  7.36119156 19.78137363 
  1.760000e+00  7.36119156 19.78137363 
  1.765000e+00  7.36119156 19.78137363 
  1.770000e+00  7.36119156 19.78137363 
  1.775000e+00  7.36119156 19.78137363 
  1.780000e+00  7.36119156 19.78137363 
  1.785000e+00  7.36119156 19.78137363 
  1.790000e+00  7.36119156 19.78137363 
  1.795000e+00  7.36119156 19.78137364 
  1.800000e+00  7.36119156 19.78137364 
  1.805000e+00  7.36119156 19.78137364 
  1.810000e+00  7.36119156 19.78137364 
  1.815000e+00  7.36119156 19.78137364 
  1.820000e+00  7.36119156 19.78137364 
  1.825000e+00  7.36119156 19.78137364 
  1.830000e+00  7.36119156 19.78137364 
  1.835000e+00  7.36119156 19.78137364 
  1.840000e+00  7.36119156 19.78137364 
  1.845000e+00  7.36119156 19.78137364 
  1.850000e+00  7.36119156 19.78137364 
  1.855000e+00  7.36119156 19.78137364 
  1.860000e+00  7.36119156 19.78137364 
  1.865000e+00  7.36119156 19.78137364 
  1.870000e+00  7.36119156 19.78137364 
  1.875000e+00  7.36119156 19.78137364 
  1.880000e+00  7.36119156 19.78137364 
  1.885000e+00  7.36119156 19.78137364 
  1.890000e+00  7.36119156 19.78137364 
  1.895000e+00  7.36119156 19.78137364 
  1.900000e+00  7.36119156 19.78137364 
  1.905000e+00  7.36119156 19.78137364 
  1.910000e+00  7.36119156 19.78137364 
  1.915000e+00  7.36119156 19.78137365 
  1.920000e+00  7.36119156 19.78137365 
  1.925000e+00  7.36119156 19.78137365 
  1.930000e+00  7.36119156 19.78137365 
  1.935000e+00  7.36119156 19.78137365 
  1.940000e+00  7.36119156 19.78137365 
  1.945000e+00  7.36119156 19.78137365 
  1.950000e+00  7.36119156 19.78137365 
  1.955000e+00  7.36119156 19.78137365 
  1.960000e+00  7.36119156 19.78137365 
  1.965000e+00  7.36119156 19.78137365 
  1.970000e+00  7.36119156 19.78137365 
  1.975000e+00  7.36119156 19.78137365 
  1.980000e+00  7.36119156 19.78137365 
  1.985000e+00  7.36119156 19.78137365 
  1.990000e+00  7.36119156 19.78137365 
  1.995000e+00  7.36119156 19.78137365 
  2.000000e+00  7.36119156 19.78137365 
