  0.000000e+00  7.36119156 19.77832190 
  2.500000e-03  7.36119156 19.77901796 
  5.000000e-03  7.36119156 19.77942462 
  7.500000e-03  7.36119156 19.77961611 
  1.000000e-02  7.36119156 19.77971308 
  1.250000e-02  7.36119156 19.77975800 
  1.500000e-02  7.36119156 19.77971126 
  1.750000e-02  7.36119156 19.77953032 
  2.000000e-02  7.36119156 19.77926926 
  2.250000e-02  7.36119156 19.77903229 
  2.500000e-02  7.36119156 19.77886888 
  2.750000e-02  7.36119156 19.77880987 
  3.000000e-02  7.36119156 19.77885774 
  3.250000e-02  7.36119156 19.77897262 
  3.500000e-02  7.36119156 19.77911597 
  3.750000e-02  7.36119156 19.77926472 
  4.000000e-02  7.36119156 19.77940328 
  4.250000e-02  7.36119156 19.77952170 
  4.500000e-02  7.36119156 19.77961711 
  4.750000e-02  7.36119156 19.77969213 
  5.000000e-02  7.36119156 19.77975162 
  5.250000e-02  7.36119156 19.77980007 
  5.500000e-02  7.36119156 19.77984050 
  5.750000e-02  7.36119156 19.77987446 
  6.000000e-02  7.36119156 19.77990250 
  6.250000e-02  7.36119156 19.77992476 
  6.500000e-02  7.36119156 19.77994137 
  6.750000e-02  7.36119156 19.77995270 
  7.000000e-02  7.36119156 19.77995949 
  7.250000e-02  7.36119156 19.77996278 
  7.500000e-02  7.36119156 19.77996374 
  7.750000e-02  7.36119156 19.77996349 
  8.000000e-02  7.36119156 19.77996293 
  8.250000e-02  7.36119156 19.77996263 
  8.500000e-02  7.36119156 19.77996290 
  8.750000e-02  7.36119156 19.77996383 
  9.000000e-02  7.36119156 19.77996543 
  9.250000e-02  7.36119156 19.77996762 
  9.500000e-02  7.36119156 19.77997026 
  9.750000e-02  7.36119156 19.77997320 
  1.000000e-01  7.36119156 19.77997625 
  1.025000e-01  7.36119156 19.77997926 
  1.050000e-01  7.36119156 19.77998211 
  1.075000e-01  7.36119156 19.77998475 
  1.100000e-01  7.36119156 19.77998712 
  1.125000e-01  7.36119156 19.77998925 
  1.150000e-01  7.36119156 19.77999114 
  1.175000e-01  7.36119156 19.77999282 
  1.200000e-01  7.36119156 19.77999433 
  1.225000e-01  7.36119156 19.77999570 
  1.250000e-01  7.36119156 19.77999693 
  1.275000e-01  7.36119156 19.77999807 
  1.300000e-01  7.36119156 19.77999910 
  1.325000e-01  7.36119156 19.78000005 
  1.350000e-01  7.36119156 19.78000093 
  1.375000e-01  7.36119156 19.78000173 
  1.400000e-01  7.36119156 19.78000246 
  1.425000e-01  7.36119156 19.78000315 
  1.450000e-01  7.36119156 19.78000378 
  1.475000e-01  7.36119156 19.78000438 
  1.500000e-01  7.36119156 19.78000494 
  1.525000e-01  7.36119156 19.78000548 
  1.550000e-01  7.36119156 19.78000599 
  1.575000e-01  7.36119156 19.78000648 
  1.600000e-01  7.36119156 19.78000694 
  1.625000e-01  7.36119156 19.78000737 
  1.650000e-01  7.36119156 19.78000777 
  1.675000e-01  7.36119156 19.78000815 
  1.700000e-01  7.36119156 19.78000849 
  1.725000e-01  7.36119156 19.78000881 
  1.750000e-01  7.36119156 19.78000910 
  1.775000e-01  7.36119156 19.78000937 
  1.800000e-01  7.36119156 19.78000963 
  1.825000e-01  7.36119156 19.78000987 
  1.850000e-01  7.36119156 19.78001009 
  1.875000e-01  7.36119156 19.78001031 
  1.900000e-01  7.36119156 19.78001053 
  1.925000e-01  7.36119156 19.78001073 
  1.950000e-01  7.36119156 19.78001094 
  1.975000e-01  7.36119156 19.78001113 
  2.000000e-01  7.36119156 19.78001132 
  2.025000e-01  7.36119156 19.78001151 
  2.050000e-01  7.36119156 19.78001168 
  2.075000e-01  7.36119156 19.78001186 
  2.100000e-01  7.36119156 19.78001202 
  2.125000e-01  7.36119156 19.78001218 
  2.150000e-01  7.36119156 19.78001234 
  2.175000e-01  7.36119156 19.78001248 
  2.200000e-01  7.36119156 19.78001263 
  2.225000e-01  7.36119156 19.78001276 
  2.250000e-01  7.36119156 19.78001290 
  2.275000e-01  7.36119156 19.78001302 
  2.300000e-01  7.36119156 19.78001315 
  2.325000e-01  7.36119156 19.78001327 
  2.350000e-01  7.36119156 19.78001338 
  2.375000e-01  7.36119156 19.78001349 
  2.400000e-01  7.36119156 19.78001360 
  2.425000e-01  7.36119156 19.78001371 
  2.450000e-01  7.36119156 19.78001381 
  2.475000e-01  7.36119156 19.78001391 
  2.500000e-01  7.36119156 19.78001401 
  2.525000e-01  7.36119156 19.78001410 
  2.550000e-01  7.36119156 19.78001419 
  2.575000e-01  7.36119156 19.78001428 
  2.600000e-01  7.36119156 19.78001436 
  2.625000e-01  7.36119156 19.78001445 
  2.650000e-01  7.36119156 19.78001453 
  2.675000e-01  7.36119156 19.78001460 
  2.700000e-01  7.36119156 19.78001468 
  2.725000e-01  7.36119156 19.78001475 
  2.750000e-01  7.36119156 19.78001482 
  2.775000e-01  7.36119156 19.78001489 
  2.800000e-01  7.36119156 19.78001495 
  2.825000e-01  7.36119156 19.78001502 
  2.850000e-01  7.36119156 19.78001508 
  2.875000e-01  7.36119156 19.78001514 
  2.900000e-01  7.36119156 19.78001520 
  2.925000e-01  7.36119156 19.78001525 
  2.950000e-01  7.36119156 19.78001531 
  2.975000e-01  7.36119156 19.78001536 
  3.000000e-01  7.36119156 19.78001541 
  3.025000e-01  7.36119156 19.78001546 
  3.050000e-01  7.36119156 19.78001551 
  3.075000e-01  7.36119156 19.78001556 
  3.100000e-01  7.36119156 19.78001560 
  3.125000e-01  7.36119156 19.78001565 
  3.150000e-01  7.36119156 19.78001569 
  3.175000e-01  7.36119156 19.78001573 
  3.200000e-01  7.36119156 19.78001577 
  3.225000e-01  7.36119156 19.78001581 
  3.250000e-01  7.36119156 19.78001585 
  3.275000e-01  7.36119156 19.78001588 
  3.300000e-01  7.36119156 19.78001592 
  3.325000e-01  7.36119156 19.78001595 
  3.350000e-01  7.36119156 19.78001598 
  3.375000e-01  7.36119156 19.78001602 
  3.400000e-01  7.36119156 19.78001605 
  3.425000e-01  7.36119156 19.78001608 
  3.450000e-01  7.36119156 19.78001610 
  3.475000e-01  7.36119156 19.78001613 
  3.500000e-01  7.36119156 19.78001616 
  3.525000e-01  7.36119156 19.78001619 
  3.550000e-01  7.36119156 19.78001621 
  3.575000e-01  7.36119156 19.78001623 
  3.600000e-01  7.36119156 19.78001626 
  3.625000e-01  7.36119156 19.78001628 
  3.650000e-01  7.36119156 19.78001630 
  3.675000e-01  7.36119156 19.78001632 
  3.700000e-01  7.36119156 19.78001634 
  3.725000e-01  7.36119156 19.78001636 
  3.750000e-01  7.36119156 19.78001638 
  3.775000e-01  7.36119156 19.78001640 
  3.800000e-01  7.36119156 19.78001642 
  3.825000e-01  7.36119156 19.78001644 
  3.850000e-01  7.36119156 19.78001645 
  3.875000e-01  7.36119156 19.78001647 
  3.900000e-01  7.36119156 19.78001648 
  3.925000e-01  7.36119156 19.78001650 
  3.950000e-01  7.36119156 19.78001651 
  3.975000e-01  7.36119156 19.78001653 
  4.000000e-01  7.36119156 19.78001654 
  4.025000e-01  7.36119156 19.78001655 
  4.050000e-01  7.36119156 19.78001657 
  4.075000e-01  7.36119156 19.78001658 
  4.100000e-01  7.36119156 19.78001659 
  4.125000e-01  7.36119156 19.78001660 
  4.150000e-01  7.36119156 19.78001661 
  4.175000e-01  7.36119156 19.78001662 
  4.200000e-01  7.36119156 19.78001663 
  4.225000e-01  7.36119156 19.78001664 
  4.250000e-01  7.36119156 19.78001665 
  4.275000e-01  7.36119156 19.78001666 
  4.300000e-01  7.36119156 19.78001667 
  4.325000e-01  7.36119156 19.78001668 
  4.350000e-01  7.36119156 19.78001668 
  4.375000e-01  7.36119156 19.78001669 
  4.400000e-01  7.36119156 19.78001670 
  4.425000e-01  7.36119156 19.78001671 
  4.450000e-01  7.36119156 19.78001671 
  4.475000e-01  7.36119156 19.78001672 
  4.500000e-01  7.36119156 19.78001673 
  4.525000e-01  7.36119156 19.78001673 
  4.550000e-01  7.36119156 19.78001674 
  4.575000e-01  7.36119156 19.78001675 
  4.600000e-01  7.36119156 19.78001675 
  4.625000e-01  7.36119156 19.78001676 
  4.650000e-01  7.36119156 19.78001676 
  4.675000e-01  7.36119156 19.78001677 
  4.700000e-01  7.36119156 19.78001677 
  4.725000e-01  7.36119156 19.78001678 
  4.750000e-01  7.36119156 19.78001678 
  4.775000e-01  7.36119156 19.78001679 
  4.800000e-01  7.36119156 19.78001679 
  4.825000e-01  7.36119156 19.78001680 
  4.850000e-01  7.36119156 19.78001680 
  4.875000e-01  7.36119156 19.78001680 
  4.900000e-01  7.36119156 19.78001681 
  4.925000e-01  7.36119156 19.78001681 
  4.950000e-01  7.36119156 19.78001681 
  4.975000e-01  7.36119156 19.78001682 
  5.000000e-01  7.36119156 19.78001682 
  5.025000e-01  7.36119156 19.78001682 
  5.050000e-01  7.36119156 19.78001683 
  5.075000e-01  7.36119156 19.78001683 
  5.100000e-01  7.36119156 19.78001683 
  5.125000e-01  7.36119156 19.78001684 
  5.150000e-01  7.36119156 19.78001684 
  5.175000e-01  7.36119156 19.78001684 
  5.200000e-01  7.36119156 19.78001684 
  5.225000e-01  7.36119156 19.78001685 
  5.250000e-01  7.36119156 19.78001685 
  5.275000e-01  7.36119156 19.78001685 
  5.300000e-01  7.36119156 19.78001685 
  5.325000e-01  7.36119156 19.78001686 
  5.350000e-01  7.36119156 19.78001686 
  5.375000e-01  7.36119156 19.78001686 
  5.400000e-01  7.36119156 19.78001686 
  5.425000e-01  7.36119156 19.78001686 
  5.450000e-01  7.36119156 19.78001687 
  5.475000e-01  7.36119156 19.78001687 
  5.500000e-01  7.36119156 19.78001687 
  5.525000e-01  7.36119156 19.78001687 
  5.550000e-01  7.36119156 19.78001687 
  5.575000e-01  7.36119156 19.78001687 
  5.600000e-01  7.36119156 19.78001688 
  5.625000e-01  7.36119156 19.78001688 
  5.650000e-01  7.36119156 19.78001688 
  5.675000e-01  7.36119156 19.78001688 
  5.700000e-01  7.36119156 19.78001688 
  5.725000e-01  7.36119156 19.78001688 
  5.750000e-01  7.36119156 19.78001688 
  5.775000e-01  7.36119156 19.78001689 
  5.800000e-01  7.36119156 19.78001689 
  5.825000e-01  7.36119156 19.78001689 
  5.850000e-01  7.36119156 19.78001689 
  5.875000e-01  7.36119156 19.78001689 
  5.900000e-01  7.36119156 19.78001689 
  5.925000e-01  7.36119156 19.78001689 
  5.950000e-01  7.36119156 19.78001689 
  5.975000e-01  7.36119156 19.78001689 
  6.000000e-01  7.36119156 19.78001689 
  6.025000e-01  7.36119156 19.78001690 
  6.050000e-01  7.36119156 19.78001690 
  6.075000e-01  7.36119156 19.78001690 
  6.100000e-01  7.36119156 19.78001690 
  6.125000e-01  7.36119156 19.78001690 
  6.150000e-01  7.36119156 19.78001690 
  6.175000e-01  7.36119156 19.78001690 
  6.200000e-01  7.36119156 19.78001690 
  6.225000e-01  7.36119156 19.78001690 
  6.250000e-01  7.36119156 19.78001690 
  6.275000e-01  7.36119156 19.78001690 
  6.300000e-01  7.36119156 19.78001690 
  6.325000e-01  7.36119156 19.78001690 
  6.350000e-01  7.36119156 19.78001690 
  6.375000e-01  7.36119156 19.78001690 
  6.400000e-01  7.36119156 19.78001690 
  6.425000e-01  7.36119156 19.78001690 
  6.450000e-01  7.36119156 19.78001690 
  6.475000e-01  7.36119156 19.78001690 
  6.500000e-01  7.36119156 19.78001690 
  6.525000e-01  7.36119156 19.78001690 
  6.550000e-01  7.36119156 19.78001690 
  6.575000e-01  7.36119156 19.78001690 
  6.600000e-01  7.36119156 19.78001690 
  6.625000e-01  7.36119156 19.78001690 
  6.650000e-01  7.36119156 19.78001690 
  6.675000e-01  7.36119156 19.78001690 
  6.700000e-01  7.36119156 19.78001690 
  6.725000e-01  7.36119156 19.78001690 
  6.750000e-01  7.36119156 19.78001690 
  6.775000e-01  7.36119156 19.78001690 
  6.800000e-01  7.36119156 19.78001690 
  6.825000e-01  7.36119156 19.78001690 
  6.850000e-01  7.36119156 19.78001690 
  6.875000e-01  7.36119156 19.78001690 
  6.900000e-01  7.36119156 19.78001690 
  6.925000e-01  7.36119156 19.78001690 
  6.950000e-01  7.36119156 19.78001690 
  6.975000e-01  7.36119156 19.78001690 
  7.000000e-01  7.36119156 19.78001690 
  7.025000e-01  7.36119156 19.78001690 
  7.050000e-01  7.36119156 19.78001690 
  7.075000e-01  7.36119156 19.78001690 
  7.100000e-01  7.36119156 19.78001690 
  7.125000e-01  7.36119156 19.78001690 
  7.150000e-01  7.36119156 19.78001690 
  7.175000e-01  7.36119156 19.78001689 
  7.200000e-01  7.36119156 19.78001689 
  7.225000e-01  7.36119156 19.78001689 
  7.250000e-01  7.36119156 19.78001689 
  7.275000e-01  7.36119156 19.78001689 
  7.300000e-01  7.36119156 19.78001689 
  7.325000e-01  7.36119156 19.78001689 
  7.350000e-01  7.36119156 19.78001689 
  7.375000e-01  7.36119156 19.78001689 
  7.400000e-01  7.36119156 19.78001689 
  7.425000e-01  7.36119156 19.78001689 
  7.450000e-01  7.36119156 19.78001689 
  7.475000e-01  7.36119156 19.78001688 
  7.500000e-01  7.36119156 19.78001688 
  7.525000e-01  7.36119156 19.78001688 
  7.550000e-01  7.36119156 19.78001688 
  7.575000e-01  7.36119156 19.78001688 
  7.600000e-01  7.36119156 19.78001688 
  7.625000e-01  7.36119156 19.78001688 
  7.650000e-01  7.36119156 19.78001688 
  7.675000e-01  7.36119156 19.78001688 
  7.700000e-01  7.36119156 19.78001688 
  7.725000e-01  7.36119156 19.78001687 
  7.750000e-01  7.36119156 19.78001687 
  7.775000e-01  7.36119156 19.78001687 
  7.800000e-01  7.36119156 19.78001687 
  7.825000e-01  7.36119156 19.78001687 
  7.850000e-01  7.36119156 19.78001687 
  7.875000e-01  7.36119156 19.78001687 
  7.900000e-01  7.36119156 19.78001687 
  7.925000e-01  7.36119156 19.78001686 
  7.950000e-01  7.36119156 19.78001686 
  7.975000e-01  7.36119156 19.78001686 
  8.000000e-01  7.36119156 19.78001686 
  8.025000e-01  7.36119156 19.78001686 
  8.050000e-01  7.36119156 19.78001686 
  8.075000e-01  7.36119156 19.78001686 
  8.100000e-01  7.36119156 19.78001685 
  8.125000e-01  7.36119156 19.78001685 
  8.150000e-01  7.36119156 19.78001685 
  8.175000e-01  7.36119156 19.78001685 
  8.200000e-01  7.36119156 19.78001685 
  8.225000e-01  7.36119156 19.78001685 
  8.250000e-01  7.36119156 19.78001685 
  8.275000e-01  7.36119156 19.78001684 
  8.300000e-01  7.36119156 19.78001684 
  8.325000e-01  7.36119156 19.78001684 
  8.350000e-01  7.36119156 19.78001684 
  8.375000e-01  7.36119156 19.78001684 
  8.400000e-01  7.36119156 19.78001684 
  8.425000e-01  7.36119156 19.78001683 
  8.450000e-01  7.36119156 19.78001683 
  8.475000e-01  7.36119156 19.78001683 
  8.500000e-01  7.36119156 19.78001683 
  8.525000e-01  7.36119156 19.78001683 
  8.550000e-01  7.36119156 19.78001683 
  8.575000e-01  7.36119156 19.78001682 
  8.600000e-01  7.36119156 19.78001682 
  8.625000e-01  7.36119156 19.78001682 
  8.650000e-01  7.36119156 19.78001682 
  8.675000e-01  7.36119156 19.78001682 
  8.700000e-01  7.36119156 19.78001682 
  8.725000e-01  7.36119156 19.78001681 
  8.750000e-01  7.36119156 19.78001681 
  8.775000e-01  7.36119156 19.78001681 
  8.800000e-01  7.36119156 19.78001681 
  8.825000e-01  7.36119156 19.78001681 
  8.850000e-01  7.36119156 19.78001681 
  8.875000e-01  7.36119156 19.78001680 
  8.900000e-01  7.36119156 19.78001680 
  8.925000e-01  7.36119156 19.78001680 
  8.950000e-01  7.36119156 19.78001680 
  8.975000e-01  7.36119156 19.78001680 
  9.000000e-01  7.36119156 19.78001680 
  9.025000e-01  7.36119156 19.78001679 
  9.050000e-01  7.36119156 19.78001679 
  9.075000e-01  7.36119156 19.78001679 
  9.100000e-01  7.36119156 19.78001679 
  9.125000e-01  7.36119156 19.78001679 
  9.150000e-01  7.36119156 19.78001679 
  9.175000e-01  7.36119156 19.78001678 
  9.200000e-01  7.36119156 19.78001678 
  9.225000e-01  7.36119156 19.78001678 
  9.250000e-01  7.36119156 19.78001678 
  9.275000e-01  7.36119156 19.78001678 
  9.300000e-01  7.36119156 19.78001678 
  9.325000e-01  7.36119156 19.78001677 
  9.350000e-01  7.36119156 19.78001677 
  9.375000e-01  7.36119156 19.78001677 
  9.400000e-01  7.36119156 19.78001677 
  9.425000e-01  7.36119156 19.78001677 
  9.450000e-01  7.36119156 19.78001677 
  9.475000e-01  7.36119156 19.78001676 
  9.500000e-01  7.36119156 19.78001676 
  9.525000e-01  7.36119156 19.78001676 
  9.550000e-01  7.36119156 19.78001676 
  9.575000e-01  7.36119156 19.78001676 
  9.600000e-01  7.36119156 19.78001676 
  9.625000e-01  7.36119156 19.78001675 
  9.650000e-01  7.36119156 19.78001675 
  9.675000e-01  7.36119156 19.78001675 
  9.700000e-01  7.36119156 19.78001675 
  9.725000e-01  7.36119156 19.78001675 
  9.750000e-01  7.36119156 19.78001675 
  9.775000e-01  7.36119156 19.78001674 
  9.800000e-01  7.36119156 19.78001674 
  9.825000e-01  7.36119156 19.78001674 
  9.850000e-01  7.36119156 19.78001674 
  9.875000e-01  7.36119156 19.78001674 
  9.900000e-01  7.36119156 19.78001674 
  9.925000e-01  7.36119156 19.78001674 
  9.950000e-01  7.36119156 19.78001673 
  9.975000e-01  7.36119156 19.78001673 
  1.000000e+00  7.36119156 19.78001673 
  1.002500e+00  7.36119156 19.78001673 
  1.005000e+00  7.36119156 19.78001673 
  1.007500e+00  7.36119156 19.78001673 
  1.010000e+00  7.36119156 19.78001673 
  1.012500e+00  7.36119156 19.78001672 
  1.015000e+00  7.36119156 19.78001672 
  1.017500e+00  7.36119156 19.78001672 
  1.020000e+00  7.36119156 19.78001672 
  1.022500e+00  7.36119156 19.78001672 
  1.025000e+00  7.36119156 19.78001672 
  1.027500e+00  7.36119156 19.78001672 
  1.030000e+00  7.36119156 19.78001671 
  1.032500e+00  7.36119156 19.78001671 
  1.035000e+00  7.36119156 19.78001671 
  1.037500e+00  7.36119156 19.78001671 
  1.040000e+00  7.36119156 19.78001671 
  1.042500e+00  7.36119156 19.78001671 
  1.045000e+00  7.36119156 19.78001671 
  1.047500e+00  7.36119156 19.78001671 
  1.050000e+00  7.36119156 19.78001670 
  1.052500e+00  7.36119156 19.78001670 
  1.055000e+00  7.36119156 19.78001670 
  1.057500e+00  7.36119156 19.78001670 
  1.060000e+00  7.36119156 19.78001670 
  1.062500e+00  7.36119156 19.78001670 
  1.065000e+00  7.36119156 19.78001670 
  1.067500e+00  7.36119156 19.78001670 
  1.070000e+00  7.36119156 19.78001669 
  1.072500e+00  7.36119156 19.78001669 
  1.075000e+00  7.36119156 19.78001669 
  1.077500e+00  7.36119156 19.78001669 
  1.080000e+00  7.36119156 19.78001669 
  1.082500e+00  7.36119156 19.78001669 
  1.085000e+00  7.36119156 19.78001669 
  1.087500e+00  7.36119156 19.78001669 
  1.090000e+00  7.36119156 19.78001669 
  1.092500e+00  7.36119156 19.78001668 
  1.095000e+00  7.36119156 19.78001668 
  1.097500e+00  7.36119156 19.78001668 
  1.100000e+00  7.36119156 19.78001668 
  1.102500e+00  7.36119156 19.78001668 
  1.105000e+00  7.36119156 19.78001668 
  1.107500e+00  7.36119156 19.78001668 
  1.110000e+00  7.36119156 19.78001668 
  1.112500e+00  7.36119156 19.78001668 
  1.115000e+00  7.36119156 19.78001668 
  1.117500e+00  7.36119156 19.78001668 
  1.120000e+00  7.36119156 19.78001667 
  1.122500e+00  7.36119156 19.78001667 
  1.125000e+00  7.36119156 19.78001667 
  1.127500e+00  7.36119156 19.78001667 
  1.130000e+00  7.36119156 19.78001667 
  1.132500e+00  7.36119156 19.78001667 
  1.135000e+00  7.36119156 19.78001667 
  1.137500e+00  7.36119156 19.78001667 
  1.140000e+00  7.36119156 19.78001667 
  1.142500e+00  7.36119156 19.78001667 
  1.145000e+00  7.36119156 19.78001667 
  1.147500e+00  7.36119156 19.78001667 
  1.150000e+00  7.36119156 19.78001666 
  1.152500e+00  7.36119156 19.78001666 
  1.155000e+00  7.36119156 19.78001666 
  1.157500e+00  7.36119156 19.78001666 
  1.160000e+00  7.36119156 19.78001666 
  1.162500e+00  7.36119156 19.78001666 
  1.165000e+00  7.36119156 19.78001666 
  1.167500e+00  7.36119156 19.78001666 
  1.170000e+00  7.36119156 19.78001666 
  1.172500e+00  7.36119156 19.78001666 
  1.175000e+00  7.36119156 19.78001666 
  1.177500e+00  7.36119156 19.78001666 
  1.180000e+00  7.36119156 19.78001666 
  1.182500e+00  7.36119156 19.78001666 
  1.185000e+00  7.36119156 19.78001666 
  1.187500e+00  7.36119156 19.78001666 
  1.190000e+00  7.36119156 19.78001665 
  1.192500e+00  7.36119156 19.78001665 
  1.195000e+00  7.36119156 19.78001665 
  1.197500e+00  7.36119156 19.78001665 
  1.200000e+00  7.36119156 19.78001665 
  1.202500e+00  7.36119156 19.78001665 
  1.205000e+00  7.36119156 19.78001665 
  1.207500e+00  7.36119156 19.78001665 
  1.210000e+00  7.36119156 19.78001665 
  1.212500e+00  7.36119156 19.78001665 
  1.215000e+00  7.36119156 19.78001665 
  1.217500e+00  7.36119156 19.78001665 
  1.220000e+00  7.36119156 19.78001665 
  1.222500e+00  7.36119156 19.78001665 
  1.225000e+00  7.36119156 19.78001665 
  1.227500e+00  7.36119156 19.78001665 
  1.230000e+00  7.36119156 19.78001665 
  1.232500e+00  7.36119156 19.78001665 
  1.235000e+00  7.36119156 19.78001665 
  1.237500e+00  7.36119156 19.78001665 
  1.240000e+00  7.36119156 19.78001665 
  1.242500e+00  7.36119156 19.78001665 
  1.245000e+00  7.36119156 19.78001665 
  1.247500e+00  7.36119156 19.78001665 
  1.250000e+00  7.36119156 19.78001665 
  1.252500e+00  7.36119156 19.78001665 
  1.255000e+00  7.36119156 19.78001665 
  1.257500e+00  7.36119156 19.78001664 
  1.260000e+00  7.36119156 19.78001664 
  1.262500e+00  7.36119156 19.78001664 
  1.265000e+00  7.36119156 19.78001664 
  1.267500e+00  7.36119156 19.78001664 
  1.270000e+00  7.36119156 19.78001664 
  1.272500e+00  7.36119156 19.78001664 
  1.275000e+00  7.36119156 19.78001664 
  1.277500e+00  7.36119156 19.78001664 
  1.280000e+00  7.36119156 19.78001664 
  1.282500e+00  7.36119156 19.78001664 
  1.285000e+00  7.36119156 19.78001664 
  1.287500e+00  7.36119156 19.78001664 
  1.290000e+00  7.36119156 19.78001664 
  1.292500e+00  7.36119156 19.78001664 
  1.295000e+00  7.36119156 19.78001664 
  1.297500e+00  7.36119156 19.78001664 
  1.300000e+00  7.36119156 19.78001664 
  1.302500e+00  7.36119156 19.78001664 
  1.305000e+00  7.36119156 19.78001664 
  1.307500e+00  7.36119156 19.78001664 
  1.310000e+00  7.36119156 19.78001664 
  1.312500e+00  7.36119156 19.78001664 
  1.315000e+00  7.36119156 19.78001664 
  1.317500e+00  7.36119156 19.78001664 
  1.320000e+00  7.36119156 19.78001664 
  1.322500e+00  7.36119156 19.78001664 
  1.325000e+00  7.36119156 19.78001664 
  1.327500e+00  7.36119156 19.78001664 
  1.330000e+00  7.36119156 19.78001664 
  1.332500e+00  7.36119156 19.78001664 
  1.335000e+00  7.36119156 19.78001664 
  1.337500e+00  7.36119156 19.78001664 
  1.340000e+00  7.36119156 19.78001664 
  1.342500e+00  7.36119156 19.78001664 
  1.345000e+00  7.36119156 19.78001664 
  1.347500e+00  7.36119156 19.78001664 
  1.350000e+00  7.36119156 19.78001664 
  1.352500e+00  7.36119156 19.78001664 
  1.355000e+00  7.36119156 19.78001664 
  1.357500e+00  7.36119156 19.78001664 
  1.360000e+00  7.36119156 19.78001664 
  1.362500e+00  7.36119156 19.78001664 
  1.365000e+00  7.36119156 19.78001664 
  1.367500e+00  7.36119156 19.78001664 
  1.370000e+00  7.36119156 19.78001664 
  1.372500e+00  7.36119156 19.78001664 
  1.375000e+00  7.36119156 19.78001664 
  1.377500e+00  7.36119156 19.78001664 
  1.380000e+00  7.36119156 19.78001664 
  1.382500e+00  7.36119156 19.78001664 
  1.385000e+00  7.36119156 19.78001664 
  1.387500e+00  7.36119156 19.78001664 
  1.390000e+00  7.36119156 19.78001664 
  1.392500e+00  7.36119156 19.78001664 
  1.395000e+00  7.36119156 19.78001664 
  1.397500e+00  7.36119156 19.78001664 
  1.400000e+00  7.36119156 19.78001664 
  1.402500e+00  7.36119156 19.78001664 
  1.405000e+00  7.36119156 19.78001664 
  1.407500e+00  7.36119156 19.78001664 
  1.410000e+00  7.36119156 19.78001664 
  1.412500e+00  7.36119156 19.78001664 
  1.415000e+00  7.36119156 19.78001665 
  1.417500e+00  7.36119156 19.78001665 
  1.420000e+00  7.36119156 19.78001665 
  1.422500e+00  7.36119156 19.78001665 
  1.425000e+00  7.36119156 19.78001665 
  1.427500e+00  7.36119156 19.78001665 
  1.430000e+00  7.36119156 19.78001665 
  1.432500e+00  7.36119156 19.78001665 
  1.435000e+00  7.36119156 19.78001665 
  1.437500e+00  7.36119156 19.78001665 
  1.440000e+00  7.36119156 19.78001665 
  1.442500e+00  7.36119156 19.78001665 
  1.445000e+00  7.36119156 19.78001665 
  1.447500e+00  7.36119156 19.78001665 
  1.450000e+00  7.36119156 19.78001665 
  1.452500e+00  7.36119156 19.78001665 
  1.455000e+00  7.36119156 19.78001665 
  1.457500e+00  7.36119156 19.78001665 
  1.460000e+00  7.36119156 19.78001665 
  1.462500e+00  7.36119156 19.78001665 
  1.465000e+00  7.36119156 19.78001665 
  1.467500e+00  7.36119156 19.78001665 
  1.470000e+00  7.36119156 19.78001665 
  1.472500e+00  7.36119156 19.78001665 
  1.475000e+00  7.36119156 19.78001665 
  1.477500e+00  7.36119156 19.78001665 
  1.480000e+00  7.36119156 19.78001665 
  1.482500e+00  7.36119156 19.78001665 
  1.485000e+00  7.36119156 19.78001665 
  1.487500e+00  7.36119156 19.78001665 
  1.490000e+00  7.36119156 19.78001665 
  1.492500e+00  7.36119156 19.78001665 
  1.495000e+00  7.36119156 19.78001665 
  1.497500e+00  7.36119156 19.78001665 
  1.500000e+00  7.36119156 19.78001665 
  1.502500e+00  7.36119156 19.78001665 
  1.505000e+00  7.36119156 19.78001665 
  1.507500e+00  7.36119156 19.78001665 
  1.510000e+00  7.36119156 19.78001665 
  1.512500e+00  7.36119156 19.78001666 
  1.515000e+00  7.36119156 19.78001666 
  1.517500e+00  7.36119156 19.78001666 
  1.520000e+00  7.36119156 19.78001666 
  1.522500e+00  7.36119156 19.78001666 
  1.525000e+00  7.36119156 19.78001666 
  1.527500e+00  7.36119156 19.78001666 
  1.530000e+00  7.36119156 19.78001666 
  1.532500e+00  7.36119156 19.78001666 
  1.535000e+00  7.36119156 19.78001666 
  1.537500e+00  7.36119156 19.78001666 
  1.540000e+00  7.36119156 19.78001666 
  1.542500e+00  7.36119156 19.78001666 
  1.545000e+00  7.36119156 19.78001666 
  1.547500e+00  7.36119156 19.78001666 
  1.550000e+00  7.36119156 19.78001666 
  1.552500e+00  7.36119156 19.78001666 
  1.555000e+00  7.36119156 19.78001666 
  1.557500e+00  7.36119156 19.78001666 
  1.560000e+00  7.36119156 19.78001666 
  1.562500e+00  7.36119156 19.78001666 
  1.565000e+00  7.36119156 19.78001666 
  1.567500e+00  7.36119156 19.78001666 
  1.570000e+00  7.36119156 19.78001666 
  1.572500e+00  7.36119156 19.78001666 
  1.575000e+00  7.36119156 19.78001666 
  1.577500e+00  7.36119156 19.78001666 
  1.580000e+00  7.36119156 19.78001666 
  1.582500e+00  7.36119156 19.78001666 
  1.585000e+00  7.36119156 19.78001666 
  1.587500e+00  7.36119156 19.78001666 
  1.590000e+00  7.36119156 19.78001667 
  1.592500e+00  7.36119156 19.78001667 
  1.595000e+00  7.36119156 19.78001667 
  1.597500e+00  7.36119156 19.78001667 
  1.600000e+00  7.36119156 19.78001667 
  1.602500e+00  7.36119156 19.78001667 
  1.605000e+00  7.36119156 19.78001667 
  1.607500e+00  7.36119156 19.78001667 
  1.610000e+00  7.36119156 19.78001667 
  1.612500e+00  7.36119156 19.78001667 
  1.615000e+00  7.36119156 19.78001667 
  1.617500e+00  7.36119156 19.78001667 
  1.620000e+00  7.36119156 19.78001667 
  1.622500e+00  7.36119156 19.78001667 
  1.625000e+00  7.36119156 19.78001667 
  1.627500e+00  7.36119156 19.78001667 
  1.630000e+00  7.36119156 19.78001667 
  1.632500e+00  7.36119156 19.78001667 
  1.635000e+00  7.36119156 19.78001667 
  1.637500e+00  7.36119156 19.78001667 
  1.640000e+00  7.36119156 19.78001667 
  1.642500e+00  7.36119156 19.78001667 
  1.645000e+00  7.36119156 19.78001667 
  1.647500e+00  7.36119156 19.78001667 
  1.650000e+00  7.36119156 19.78001667 
  1.652500e+00  7.36119156 19.78001667 
  1.655000e+00  7.36119156 19.78001667 
  1.657500e+00  7.36119156 19.78001667 
  1.660000e+00  7.36119156 19.78001667 
  1.662500e+00  7.36119156 19.78001667 
  1.665000e+00  7.36119156 19.78001668 
  1.667500e+00  7.36119156 19.78001668 
  1.670000e+00  7.36119156 19.78001668 
  1.672500e+00  7.36119156 19.78001668 
  1.675000e+00  7.36119156 19.78001668 
  1.677500e+00  7.36119156 19.78001668 
  1.680000e+00  7.36119156 19.78001668 
  1.682500e+00  7.36119156 19.78001668 
  1.685000e+00  7.36119156 19.78001668 
  1.687500e+00  7.36119156 19.78001668 
  1.690000e+00  7.36119156 19.78001668 
  1.692500e+00  7.36119156 19.78001668 
  1.695000e+00  7.36119156 19.78001668 
  1.697500e+00  7.36119156 19.78001668 
  1.700000e+00  7.36119156 19.78001668 
  1.702500e+00  7.36119156 19.78001668 
  1.705000e+00  7.36119156 19.78001668 
  1.707500e+00  7.36119156 19.78001668 
  1.710000e+00  7.36119156 19.78001668 
  1.712500e+00  7.36119156 19.78001668 
  1.715000e+00  7.36119156 19.78001668 
  1.717500e+00  7.36119156 19.78001668 
  1.720000e+00  7.36119156 19.78001668 
  1.722500e+00  7.36119156 19.78001668 
  1.725000e+00  7.36119156 19.78001668 
  1.727500e+00  7.36119156 19.78001668 
  1.730000e+00  7.36119156 19.78001668 
  1.732500e+00  7.36119156 19.78001668 
  1.735000e+00  7.36119156 19.78001668 
  1.737500e+00  7.36119156 19.78001668 
  1.740000e+00  7.36119156 19.78001669 
  1.742500e+00  7.36119156 19.78001669 
  1.745000e+00  7.36119156 19.78001669 
  1.747500e+00  7.36119156 19.78001669 
  1.750000e+00  7.36119156 19.78001669 
  1.752500e+00  7.36119156 19.78001669 
  1.755000e+00  7.36119156 19.78001669 
  1.757500e+00  7.36119156 19.78001669 
  1.760000e+00  7.36119156 19.78001669 
  1.762500e+00  7.36119156 19.78001669 
  1.765000e+00  7.36119156 19.78001669 
  1.767500e+00  7.36119156 19.78001669 
  1.770000e+00  7.36119156 19.78001669 
  1.772500e+00  7.36119156 19.78001669 
  1.775000e+00  7.36119156 19.78001669 
  1.777500e+00  7.36119156 19.78001669 
  1.780000e+00  7.36119156 19.78001669 
  1.782500e+00  7.36119156 19.78001669 
  1.785000e+00  7.36119156 19.78001669 
  1.787500e+00  7.36119156 19.78001669 
  1.790000e+00  7.36119156 19.78001669 
  1.792500e+00  7.36119156 19.78001669 
  1.795000e+00  7.36119156 19.78001669 
  1.797500e+00  7.36119156 19.78001669 
  1.800000e+00  7.36119156 19.78001669 
  1.802500e+00  7.36119156 19.78001669 
  1.805000e+00  7.36119156 19.78001669 
  1.807500e+00  7.36119156 19.78001669 
  1.810000e+00  7.36119156 19.78001669 
  1.812500e+00  7.36119156 19.78001669 
  1.815000e+00  7.36119156 19.78001669 
  1.817500e+00  7.36119156 19.78001669 
  1.820000e+00  7.36119156 19.78001669 
  1.822500e+00  7.36119156 19.78001669 
  1.825000e+00  7.36119156 19.78001670 
  1.827500e+00  7.36119156 19.78001670 
  1.830000e+00  7.36119156 19.78001670 
  1.832500e+00  7.36119156 19.78001670 
  1.835000e+00  7.36119156 19.78001670 
  1.837500e+00  7.36119156 19.78001670 
  1.840000e+00  7.36119156 19.78001670 
  1.842500e+00  7.36119156 19.78001670 
  1.845000e+00  7.36119156 19.78001670 
  1.847500e+00  7.36119156 19.78001670 
  1.850000e+00  7.36119156 19.78001670 
  1.852500e+00  7.36119156 19.78001670 
  1.855000e+00  7.36119156 19.78001670 
  1.857500e+00  7.36119156 19.78001670 
  1.860000e+00  7.36119156 19.78001670 
  1.862500e+00  7.36119156 19.78001670 
  1.865000e+00  7.36119156 19.78001670 
  1.867500e+00  7.36119156 19.78001670 
  1.870000e+00  7.36119156 19.78001670 
  1.872500e+00  7.36119156 19.78001670 
  1.875000e+00  7.36119156 19.78001670 
  1.877500e+00  7.36119156 19.78001670 
  1.880000e+00  7.36119156 19.78001670 
  1.882500e+00  7.36119156 19.78001670 
  1.885000e+00  7.36119156 19.78001670 
  1.887500e+00  7.36119156 19.78001670 
  1.890000e+00  7.36119156 19.78001670 
  1.892500e+00  7.36119156 19.78001670 
  1.895000e+00  7.36119156 19.78001670 
  1.897500e+00  7.36119156 19.78001670 
  1.900000e+00  7.36119156 19.78001670 
  1.902500e+00  7.36119156 19.78001670 
  1.905000e+00  7.36119156 19.78001670 
  1.907500e+00  7.36119156 19.78001670 
  1.910000e+00  7.36119156 19.78001670 
  1.912500e+00  7.36119156 19.78001670 
  1.915000e+00  7.36119156 19.78001670 
  1.917500e+00  7.36119156 19.78001670 
  1.920000e+00  7.36119156 19.78001670 
  1.922500e+00  7.36119156 19.78001670 
  1.925000e+00  7.36119156 19.78001671 
  1.927500e+00  7.36119156 19.78001671 
  1.930000e+00  7.36119156 19.78001671 
  1.932500e+00  7.36119156 19.78001671 
  1.935000e+00  7.36119156 19.78001671 
  1.937500e+00  7.36119156 19.78001671 
  1.940000e+00  7.36119156 19.78001671 
  1.942500e+00  7.36119156 19.78001671 
  1.945000e+00  7.36119156 19.78001671 
  1.947500e+00  7.36119156 19.78001671 
  1.950000e+00  7.36119156 19.78001671 
  1.952500e+00  7.36119156 19.78001671 
  1.955000e+00  7.36119156 19.78001671 
  1.957500e+00  7.36119156 19.78001671 
  1.960000e+00  7.36119156 19.78001671 
  1.962500e+00  7.36119156 19.78001671 
  1.965000e+00  7.36119156 19.78001671 
  1.967500e+00  7.36119156 19.78001671 
  1.970000e+00  7.36119156 19.78001671 
  1.972500e+00  7.36119156 19.78001671 
  1.975000e+00  7.36119156 19.78001671 
  1.977500e+00  7.36119156 19.78001671 
  1.980000e+00  7.36119156 19.78001671 
  1.982500e+00  7.36119156 19.78001671 
  1.985000e+00  7.36119156 19.78001671 
  1.987500e+00  7.36119156 19.78001671 
  1.990000e+00  7.36119156 19.78001671 
  1.992500e+00  7.36119156 19.78001671 
  1.995000e+00  7.36119156 19.78001671 
  1.997500e+00  7.36119156 19.78001671 
  2.000000e+00  7.36119156 19.78001671 
