  0.000000e+00  60.425052  60.425052
  5.000000e-03  59.405720  59.417917
  1.000000e-02  57.968040  58.778338
  1.500000e-02  56.451945  58.170668
  2.000000e-02  54.949763  57.479723
  2.500000e-02  53.421034  56.641981
  3.000000e-02  51.849390  55.675709
  3.500000e-02  50.313714  54.623695
  4.000000e-02  48.914183  53.520660
  4.500000e-02  47.735035  52.466369
  5.000000e-02  46.812977  51.494638
  5.500000e-02  46.105826  50.611213
  6.000000e-02  45.553960  49.828607
  6.500000e-02  45.100124  49.122003
  7.000000e-02  44.695620  48.474922
  7.500000e-02  44.317509  47.886316
  8.000000e-02  43.967338  47.353979
  8.500000e-02  43.653596  46.869439
  9.000000e-02  43.377356  46.422051
  9.500000e-02  43.128651  46.002558
  1.000000e-01  42.890284  45.604150
  1.050000e-01  42.644301  45.222435
  1.100000e-01  42.377877  44.854985
  1.150000e-01  42.086673  44.500648
  1.200000e-01  41.775183  44.158984
  1.250000e-01  41.454638  43.829854
  1.300000e-01  41.139308  43.513023
  1.350000e-01  40.842333  43.208025
  1.400000e-01  40.572743  42.914633
  1.450000e-01  40.334728  42.633370
  1.500000e-01  40.128243  42.365149
  1.550000e-01  39.949864  42.110742
  1.600000e-01  39.794527  41.870989
  1.650000e-01  39.657673  41.646437
  1.700000e-01  39.535434  41.436217
  1.750000e-01  39.423257  41.238270
  1.800000e-01  39.315846  41.050835
  1.850000e-01  39.208708  40.873010
  1.900000e-01  39.099203  40.704132
  1.950000e-01  38.986341  40.543342
  2.000000e-01  38.870227  40.389741
  2.050000e-01  38.751780  40.242604
  2.100000e-01  38.632529  40.101345
  2.150000e-01  38.514256  39.965425
  2.200000e-01  38.398614  39.834368
  2.250000e-01  38.286895  39.707819
  2.300000e-01  38.179999  39.585567
  2.350000e-01  38.078476  39.467524
  2.400000e-01  37.982598  39.353674
  2.450000e-01  37.892404  39.244028
  2.500000e-01  37.807739  39.138596
  2.550000e-01  37.728293  39.037363
  2.600000e-01  37.653622  38.940272
  2.650000e-01  37.583188  38.847225
  2.700000e-01  37.516392  38.758078
  2.750000e-01  37.452606  38.672648
  2.800000e-01  37.391213  38.590726
  2.850000e-01  37.331653  38.512090
  2.900000e-01  37.273462  38.436516
  2.950000e-01  37.216310  38.363796
  3.000000e-01  37.160024  38.293744
  3.050000e-01  37.104595  38.226199
  3.100000e-01  37.050157  38.161030
  3.150000e-01  36.996951  38.098130
  3.200000e-01  36.945272  38.037412
  3.250000e-01  36.895414  37.978803
  3.300000e-01  36.847616  37.922242
  3.350000e-01  36.802026  37.867670
  3.400000e-01  36.758681  37.815031
  3.450000e-01  36.717506  37.764266
  3.500000e-01  36.678333  37.715312
  3.550000e-01  36.640929  37.668103
  3.600000e-01  36.605026  37.622566
  3.650000e-01  36.570360  37.578625
  3.700000e-01  36.536697  37.536200
  3.750000e-01  36.503847  37.495213
  3.800000e-01  36.471683  37.455584
  3.850000e-01  36.440138  37.417240
  3.900000e-01  36.409199  37.380113
  3.950000e-01  36.378895  37.344141
  4.000000e-01  36.349283  37.309268
  4.050000e-01  36.320428  37.275445
  4.100000e-01  36.292391  37.242627
  4.150000e-01  36.265211  37.210772
  4.200000e-01  36.238902  37.179841
  4.250000e-01  36.213443  37.149794
  4.300000e-01  36.188785  37.120591
  4.350000e-01  36.164850  37.092190
  4.400000e-01  36.141546  37.064552
  4.450000e-01  36.118774  37.037633
  4.500000e-01  36.096441  37.011395
  4.550000e-01  36.074468  36.985797
  4.600000e-01  36.052798  36.960805
  4.650000e-01  36.031401  36.936385
  4.700000e-01  36.010272  36.912511
  4.750000e-01  35.989428  36.889157
  4.800000e-01  35.968901  36.866304
  4.850000e-01  35.948732  36.843934
  4.900000e-01  35.928960  36.822033
  4.950000e-01  35.909620  36.800589
  5.000000e-01  35.890733  36.779592
  5.050000e-01  35.872309  36.759032
  5.100000e-01  35.854341  36.738901
  5.150000e-01  35.836811  36.719188
  5.200000e-01  35.819693  36.699885
  5.250000e-01  35.802954  36.680981
  5.300000e-01  35.786562  36.662465
  5.350000e-01  35.770483  36.644326
  5.400000e-01  35.754691  36.626552
  5.450000e-01  35.739165  36.609132
  5.500000e-01  35.723889  36.592052
  5.550000e-01  35.708853  36.575302
  5.600000e-01  35.694054  36.558870
  5.650000e-01  35.679490  36.542745
  5.700000e-01  35.665161  36.526918
  5.750000e-01  35.651069  36.511380
  5.800000e-01  35.637215  36.496121
  5.850000e-01  35.623598  36.481134
  5.900000e-01  35.610216  36.466412
  5.950000e-01  35.597065  36.451948
  6.000000e-01  35.584139  36.437736
  6.050000e-01  35.571432  36.423768
  6.100000e-01  35.558938  36.410040
  6.150000e-01  35.546648  36.396545
  6.200000e-01  35.534556  36.383279
  6.250000e-01  35.522657  36.370235
  6.300000e-01  35.510946  36.357410
  6.350000e-01  35.499419  36.344797
  6.400000e-01  35.488073  36.332394
  6.450000e-01  35.476907  36.320195
  6.500000e-01  35.465918  36.308196
  6.550000e-01  35.455106  36.296394
  6.600000e-01  35.444469  36.284785
  6.650000e-01  35.434006  36.273365
  6.700000e-01  35.423715  36.262133
  6.750000e-01  35.413593  36.251083
  6.800000e-01  35.403639  36.240215
  6.850000e-01  35.393848  36.229523
  6.900000e-01  35.384220  36.219007
  6.950000e-01  35.374749  36.208662
  7.000000e-01  35.365434  36.198486
  7.050000e-01  35.356272  36.188477
  7.100000e-01  35.347258  36.178631
  7.150000e-01  35.338392  36.168947
  7.200000e-01  35.329670  36.159421
  7.250000e-01  35.321091  36.150050
  7.300000e-01  35.312651  36.140833
  7.350000e-01  35.304350  36.131768
  7.400000e-01  35.296184  36.122850
  7.450000e-01  35.288154  36.114079
  7.500000e-01  35.280256  36.105452
  7.550000e-01  35.272489  36.096967
  7.600000e-01  35.264851  36.088621
  7.650000e-01  35.257340  36.080413
  7.700000e-01  35.249955  36.072340
  7.750000e-01  35.242693  36.064401
  7.800000e-01  35.235552  36.056593
  7.850000e-01  35.228531  36.048914
  7.900000e-01  35.221627  36.041363
  7.950000e-01  35.214839  36.033937
  8.000000e-01  35.208164  36.026634
  8.050000e-01  35.201601  36.019452
  8.100000e-01  35.195147  36.012391
  8.150000e-01  35.188802  36.005446
  8.200000e-01  35.182562  35.998618
  8.250000e-01  35.176428  35.991903
  8.300000e-01  35.170395  35.985300
  8.350000e-01  35.164464  35.978808
  8.400000e-01  35.158633  35.972424
  8.450000e-01  35.152899  35.966147
  8.500000e-01  35.147261  35.959974
  8.550000e-01  35.141718  35.953905
  8.600000e-01  35.136268  35.947937
  8.650000e-01  35.130909  35.942069
  8.700000e-01  35.125639  35.936299
  8.750000e-01  35.120458  35.930626
  8.800000e-01  35.115363  35.925047
  8.850000e-01  35.110353  35.919561
  8.900000e-01  35.105426  35.914167
  8.950000e-01  35.100582  35.908863
  9.000000e-01  35.095818  35.903647
  9.050000e-01  35.091132  35.898518
  9.100000e-01  35.086525  35.893475
  9.150000e-01  35.081993  35.888515
  9.200000e-01  35.077537  35.883637
  9.250000e-01  35.073154  35.878841
  9.300000e-01  35.068843  35.874124
  9.350000e-01  35.064603  35.869484
  9.400000e-01  35.060433  35.864922
  9.450000e-01  35.056330  35.860434
  9.500000e-01  35.052295  35.856021
  9.550000e-01  35.048325  35.851679
  9.600000e-01  35.044420  35.847409
  9.650000e-01  35.040578  35.843209
  9.700000e-01  35.036798  35.839078
  9.750000e-01  35.033078  35.835014
  9.800000e-01  35.029419  35.831015
  9.850000e-01  35.025818  35.827082
  9.900000e-01  35.022275  35.823212
  9.950000e-01  35.018788  35.819405
  1.000000e+00  35.015356  35.815659
  1.005000e+00  35.011979  35.811974
  1.010000e+00  35.008655  35.808347
  1.015000e+00  35.005384  35.804778
  1.020000e+00  35.002164  35.801267
  1.025000e+00  34.998994  35.797811
  1.030000e+00  34.995874  35.794410
  1.035000e+00  34.992803  35.791063
  1.040000e+00  34.989779  35.787768
  1.045000e+00  34.986803  35.784526
  1.050000e+00  34.983872  35.781334
  1.055000e+00  34.980987  35.778192
  1.060000e+00  34.978146  35.775100
  1.065000e+00  34.975348  35.772055
  1.070000e+00  34.972594  35.769058
  1.075000e+00  34.969881  35.766108
  1.080000e+00  34.967210  35.763203
  1.085000e+00  34.964579  35.760342
  1.090000e+00  34.961988  35.757526
  1.095000e+00  34.959436  35.754753
  1.100000e+00  34.956923  35.752022
  1.105000e+00  34.954447  35.749333
  1.110000e+00  34.952009  35.746685
  1.115000e+00  34.949607  35.744077
  1.120000e+00  34.947241  35.741509
  1.125000e+00  34.944910  35.738979
  1.130000e+00  34.942614  35.736488
  1.135000e+00  34.940352  35.734034
  1.140000e+00  34.938123  35.731616
  1.145000e+00  34.935928  35.729235
  1.150000e+00  34.933764  35.726890
  1.155000e+00  34.931633  35.724580
  1.160000e+00  34.929533  35.722303
  1.165000e+00  34.927464  35.720061
  1.170000e+00  34.925425  35.717852
  1.175000e+00  34.923415  35.715676
  1.180000e+00  34.921436  35.713531
  1.185000e+00  34.919485  35.711419
  1.190000e+00  34.917562  35.709337
  1.195000e+00  34.915667  35.707286
  1.200000e+00  34.913800  35.705265
  1.205000e+00  34.911960  35.703274
  1.210000e+00  34.910147  35.701312
  1.215000e+00  34.908360  35.699378
  1.220000e+00  34.906598  35.697473
  1.225000e+00  34.904863  35.695595
  1.230000e+00  34.903152  35.693745
  1.235000e+00  34.901466  35.691921
  1.240000e+00  34.899804  35.690124
  1.245000e+00  34.898166  35.688353
  1.250000e+00  34.896552  35.686608
  1.255000e+00  34.894961  35.684888
  1.260000e+00  34.893392  35.683193
  1.265000e+00  34.891847  35.681522
  1.270000e+00  34.890323  35.679875
  1.275000e+00  34.888822  35.678253
  1.280000e+00  34.887342  35.676653
  1.285000e+00  34.885883  35.675077
  1.290000e+00  34.884445  35.673523
  1.295000e+00  34.883028  35.671992
  1.300000e+00  34.881632  35.670483
  1.305000e+00  34.880255  35.668995
  1.310000e+00  34.878898  35.667529
  1.315000e+00  34.877560  35.666084
  1.320000e+00  34.876242  35.664660
  1.325000e+00  34.874943  35.663256
  1.330000e+00  34.873662  35.661872
  1.335000e+00  34.872400  35.660509
  1.340000e+00  34.871156  35.659165
  1.345000e+00  34.869930  35.657840
  1.350000e+00  34.868722  35.656534
  1.355000e+00  34.867531  35.655248
  1.360000e+00  34.866357  35.653979
  1.365000e+00  34.865200  35.652729
  1.370000e+00  34.864060  35.651497
  1.375000e+00  34.862937  35.650283
  1.380000e+00  34.861829  35.649086
  1.385000e+00  34.860738  35.647907
  1.390000e+00  34.859662  35.646745
  1.395000e+00  34.858602  35.645599
  1.400000e+00  34.857558  35.644470
  1.405000e+00  34.856528  35.643357
  1.410000e+00  34.855514  35.642261
  1.415000e+00  34.854514  35.641180
  1.420000e+00  34.853529  35.640115
  1.425000e+00  34.852559  35.639066
  1.430000e+00  34.851602  35.638032
  1.435000e+00  34.850660  35.637013
  1.440000e+00  34.849731  35.636008
  1.445000e+00  34.848816  35.635019
  1.450000e+00  34.847914  35.634043
  1.455000e+00  34.847026  35.633082
  1.460000e+00  34.846151  35.632135
  1.465000e+00  34.845288  35.631202
  1.470000e+00  34.844438  35.630283
  1.475000e+00  34.843601  35.629377
  1.480000e+00  34.842776  35.628485
  1.485000e+00  34.841964  35.627605
  1.490000e+00  34.841163  35.626739
  1.495000e+00  34.840375  35.625885
  1.500000e+00  34.839598  35.625044
  1.505000e+00  34.838832  35.624215
  1.510000e+00  34.838079  35.623399
  1.515000e+00  34.837336  35.622595
  1.520000e+00  34.836604  35.621802
  1.525000e+00  34.835884  35.621022
  1.530000e+00  34.835174  35.620253
  1.535000e+00  34.834475  35.619495
  1.540000e+00  34.833786  35.618749
  1.545000e+00  34.833108  35.618014
  1.550000e+00  34.832440  35.617290
  1.555000e+00  34.831782  35.616577
  1.560000e+00  34.831134  35.615874
  1.565000e+00  34.830496  35.615182
  1.570000e+00  34.829867  35.614501
  1.575000e+00  34.829248  35.613830
  1.580000e+00  34.828639  35.613169
  1.585000e+00  34.828038  35.612518
  1.590000e+00  34.827447  35.611876
  1.595000e+00  34.826865  35.611245
  1.600000e+00  34.826292  35.610623
  1.605000e+00  34.825728  35.610010
  1.610000e+00  34.825172  35.609407
  1.615000e+00  34.824625  35.608813
  1.620000e+00  34.824086  35.608228
  1.625000e+00  34.823556  35.607652
  1.630000e+00  34.823033  35.607085
  1.635000e+00  34.822519  35.606527
  1.640000e+00  34.822013  35.605977
  1.645000e+00  34.821515  35.605435
  1.650000e+00  34.821024  35.604902
  1.655000e+00  34.820541  35.604377
  1.660000e+00  34.820065  35.603861
  1.665000e+00  34.819597  35.603352
  1.670000e+00  34.819137  35.602851
  1.675000e+00  34.818683  35.602358
  1.680000e+00  34.818236  35.601872
  1.685000e+00  34.817797  35.601395
  1.690000e+00  34.817364  35.600924
  1.695000e+00  34.816939  35.600461
  1.700000e+00  34.816520  35.600005
  1.705000e+00  34.816107  35.599556
  1.710000e+00  34.815701  35.599115
  1.715000e+00  34.815302  35.598680
  1.720000e+00  34.814908  35.598252
  1.725000e+00  34.814521  35.597830
  1.730000e+00  34.814140  35.597416
  1.735000e+00  34.813766  35.597008
  1.740000e+00  34.813397  35.596606
  1.745000e+00  34.813034  35.596211
  1.750000e+00  34.812677  35.595822
  1.755000e+00  34.812325  35.595439
  1.760000e+00  34.811979  35.595062
  1.765000e+00  34.811639  35.594691
  1.770000e+00  34.811304  35.594326
  1.775000e+00  34.810974  35.593967
  1.780000e+00  34.810650  35.593614
  1.785000e+00  34.810331  35.593266
  1.790000e+00  34.810017  35.592924
  1.795000e+00  34.809708  35.592587
  1.800000e+00  34.809405  35.592256
  1.805000e+00  34.809106  35.591930
  1.810000e+00  34.808812  35.591609
  1.815000e+00  34.808522  35.591293
  1.820000e+00  34.808238  35.590983
  1.825000e+00  34.807957  35.590677
  1.830000e+00  34.807682  35.590377
  1.835000e+00  34.807411  35.590081
  1.840000e+00  34.807144  35.589790
  1.845000e+00  34.806882  35.589504
  1.850000e+00  34.806624  35.589222
  1.855000e+00  34.806370  35.588945
  1.860000e+00  34.806121  35.588673
  1.865000e+00  34.805875  35.588404
  1.870000e+00  34.805633  35.588141
  1.875000e+00  34.805396  35.587881
  1.880000e+00  34.805162  35.587626
  1.885000e+00  34.804932  35.587375
  1.890000e+00  34.804706  35.587128
  1.895000e+00  34.804484  35.586885
  1.900000e+00  34.804265  35.586646
  1.905000e+00  34.804050  35.586411
  1.910000e+00  34.803839  35.586180
  1.915000e+00  34.803630  35.585952
  1.920000e+00  34.803426  35.585729
  1.925000e+00  34.803225  35.585509
  1.930000e+00  34.803027  35.585292
  1.935000e+00  34.802832  35.585080
  1.940000e+00  34.802641  35.584870
  1.945000e+00  34.802452  35.584664
  1.950000e+00  34.802267  35.584462
  1.955000e+00  34.802085  35.584263
  1.960000e+00  34.801906  35.584067
  1.965000e+00  34.801730  35.583875
  1.970000e+00  34.801557  35.583685
  1.975000e+00  34.801387  35.583499
  1.980000e+00  34.801219  35.583316
  1.985000e+00  34.801055  35.583136
  1.990000e+00  34.800893  35.582959
  1.995000e+00  34.800734  35.582785
  2.000000e+00  34.800577  35.582613
