  0.000000e+00  60.425052  60.425052
  2.500000e-03  59.445423  59.458141
  5.000000e-03  58.097977  58.762669
  7.500000e-03  56.718887  58.080009
  1.000000e-02  55.406046  57.291710
  1.250000e-02  54.117662  56.346449
  1.500000e-02  52.801221  55.265919
  1.750000e-02  51.473102  54.117219
  2.000000e-02  50.201037  52.967641
  2.250000e-02  49.050343  51.875394
  2.500000e-02  48.064510  50.883505
  2.750000e-02  47.251917  49.996957
  3.000000e-02  46.587870  49.206291
  3.250000e-02  46.037096  48.498687
  3.500000e-02  45.565588  47.857093
  3.750000e-02  45.146394  47.270228
  4.000000e-02  44.765265  46.734237
  4.250000e-02  44.419393  46.246932
  4.500000e-02  44.110062  45.804609
  4.750000e-02  43.836146  45.402453
  5.000000e-02  43.592049  45.035631
  5.250000e-02  43.369177  44.699721
  5.500000e-02  43.158630  44.390684
  5.750000e-02  42.953387  44.104713
  6.000000e-02  42.749287  43.838193
  6.250000e-02  42.544904  43.587816
  6.500000e-02  42.340825  43.350802
  6.750000e-02  42.138830  43.125074
  7.000000e-02  41.941205  42.909287
  7.250000e-02  41.750260  42.702724
  7.500000e-02  41.567987  42.505103
  7.750000e-02  41.395852  42.316388
  8.000000e-02  41.234707  42.136630
  8.250000e-02  41.084811  41.965849
  8.500000e-02  40.945890  41.803947
  8.750000e-02  40.817215  41.650669
  9.000000e-02  40.697680  41.505634
  9.250000e-02  40.585945  41.368390
  9.500000e-02  40.480629  41.238458
  9.750000e-02  40.380477  41.115336
  1.000000e-01  40.284458  40.998491
  1.025000e-01  40.191787  40.887374
  1.050000e-01  40.101918  40.781444
  1.075000e-01  40.014508  40.680186
  1.100000e-01  39.929370  40.583132
  1.125000e-01  39.846423  40.489867
  1.150000e-01  39.765643  40.400036
  1.175000e-01  39.687028  40.313340
  1.200000e-01  39.610575  40.229535
  1.225000e-01  39.536269  40.148423
  1.250000e-01  39.464080  40.069845
  1.275000e-01  39.393961  39.993669
  1.300000e-01  39.325859  39.919784
  1.325000e-01  39.259710  39.848096
  1.350000e-01  39.195448  39.778516
  1.375000e-01  39.133006  39.710964
  1.400000e-01  39.072313  39.645360
  1.425000e-01  39.013293  39.581623
  1.450000e-01  38.955868  39.519674
  1.475000e-01  38.899954  39.459429
  1.500000e-01  38.845462  39.400809
  1.525000e-01  38.792308  39.343733
  1.550000e-01  38.740408  39.288123
  1.575000e-01  38.689685  39.233903
  1.600000e-01  38.640072  39.181005
  1.625000e-01  38.591513  39.129363
  1.650000e-01  38.543964  39.078917
  1.675000e-01  38.497390  39.029616
  1.700000e-01  38.451767  38.981411
  1.725000e-01  38.407072  38.934259
  1.750000e-01  38.363289  38.888122
  1.775000e-01  38.320398  38.842965
  1.800000e-01  38.278383  38.798756
  1.825000e-01  38.237221  38.755465
  1.850000e-01  38.196888  38.713062
  1.875000e-01  38.157359  38.671521
  1.900000e-01  38.118607  38.630813
  1.925000e-01  38.080605  38.590914
  1.950000e-01  38.043326  38.551796
  1.975000e-01  38.006743  38.513435
  2.000000e-01  37.970833  38.475807
  2.025000e-01  37.935573  38.438888
  2.050000e-01  37.900940  38.402654
  2.075000e-01  37.866917  38.367084
  2.100000e-01  37.833485  38.332158
  2.125000e-01  37.800627  38.297855
  2.150000e-01  37.768327  38.264157
  2.175000e-01  37.736572  38.231047
  2.200000e-01  37.705348  38.198508
  2.225000e-01  37.674641  38.166524
  2.250000e-01  37.644440  38.135080
  2.275000e-01  37.614732  38.104162
  2.300000e-01  37.585505  38.073757
  2.325000e-01  37.556748  38.043850
  2.350000e-01  37.528449  38.014429
  2.375000e-01  37.500595  37.985481
  2.400000e-01  37.473175  37.956995
  2.425000e-01  37.446178  37.928959
  2.450000e-01  37.419593  37.901360
  2.475000e-01  37.393407  37.874188
  2.500000e-01  37.367612  37.847432
  2.525000e-01  37.342198  37.821082
  2.550000e-01  37.317155  37.795127
  2.575000e-01  37.292475  37.769559
  2.600000e-01  37.268150  37.744367
  2.625000e-01  37.244171  37.719543
  2.650000e-01  37.220531  37.695078
  2.675000e-01  37.197223  37.670965
  2.700000e-01  37.174240  37.647194
  2.725000e-01  37.151575  37.623759
  2.750000e-01  37.129221  37.600653
  2.775000e-01  37.107172  37.577868
  2.800000e-01  37.085421  37.555397
  2.825000e-01  37.063964  37.533234
  2.850000e-01  37.042792  37.511372
  2.875000e-01  37.021902  37.489806
  2.900000e-01  37.001286  37.468528
  2.925000e-01  36.980941  37.447535
  2.950000e-01  36.960860  37.426819
  2.975000e-01  36.941039  37.406375
  3.000000e-01  36.921473  37.386199
  3.025000e-01  36.902157  37.366284
  3.050000e-01  36.883086  37.346627
  3.075000e-01  36.864256  37.327221
  3.100000e-01  36.845662  37.308063
  3.125000e-01  36.827301  37.289148
  3.150000e-01  36.809167  37.270471
  3.175000e-01  36.791258  37.252029
  3.200000e-01  36.773569  37.233816
  3.225000e-01  36.756096  37.215829
  3.250000e-01  36.738836  37.198064
  3.275000e-01  36.721785  37.180516
  3.300000e-01  36.704939  37.163183
  3.325000e-01  36.688294  37.146060
  3.350000e-01  36.671848  37.129143
  3.375000e-01  36.655596  37.112430
  3.400000e-01  36.639536  37.095916
  3.425000e-01  36.623664  37.079598
  3.450000e-01  36.607977  37.063473
  3.475000e-01  36.592472  37.047537
  3.500000e-01  36.577146  37.031787
  3.525000e-01  36.561995  37.016220
  3.550000e-01  36.547017  37.000833
  3.575000e-01  36.532209  36.985623
  3.600000e-01  36.517568  36.970587
  3.625000e-01  36.503092  36.955722
  3.650000e-01  36.488776  36.941024
  3.675000e-01  36.474620  36.926492
  3.700000e-01  36.460619  36.912123
  3.725000e-01  36.446772  36.897912
  3.750000e-01  36.433076  36.883859
  3.775000e-01  36.419528  36.869961
  3.800000e-01  36.406126  36.856214
  3.825000e-01  36.392867  36.842616
  3.850000e-01  36.379750  36.829165
  3.875000e-01  36.366771  36.815858
  3.900000e-01  36.353929  36.802693
  3.925000e-01  36.341221  36.789668
  3.950000e-01  36.328645  36.776780
  3.975000e-01  36.316199  36.764027
  4.000000e-01  36.303880  36.751407
  4.025000e-01  36.291687  36.738917
  4.050000e-01  36.279618  36.726556
  4.075000e-01  36.267671  36.714321
  4.100000e-01  36.255843  36.702211
  4.125000e-01  36.244133  36.690223
  4.150000e-01  36.232539  36.678355
  4.175000e-01  36.221058  36.666605
  4.200000e-01  36.209690  36.654972
  4.225000e-01  36.198433  36.643454
  4.250000e-01  36.187284  36.632049
  4.275000e-01  36.176242  36.620755
  4.300000e-01  36.165306  36.609570
  4.325000e-01  36.154473  36.598492
  4.350000e-01  36.143743  36.587521
  4.375000e-01  36.133113  36.576654
  4.400000e-01  36.122582  36.565890
  4.425000e-01  36.112149  36.555227
  4.450000e-01  36.101813  36.544664
  4.475000e-01  36.091570  36.534198
  4.500000e-01  36.081422  36.523830
  4.525000e-01  36.071365  36.513557
  4.550000e-01  36.061399  36.503377
  4.575000e-01  36.051523  36.493291
  4.600000e-01  36.041734  36.483295
  4.625000e-01  36.032033  36.473389
  4.650000e-01  36.022417  36.463572
  4.675000e-01  36.012885  36.453842
  4.700000e-01  36.003437  36.444199
  4.725000e-01  35.994071  36.434640
  4.750000e-01  35.984787  36.425165
  4.775000e-01  35.975582  36.415772
  4.800000e-01  35.966456  36.406462
  4.825000e-01  35.957408  36.397231
  4.850000e-01  35.948437  36.388080
  4.875000e-01  35.939542  36.379007
  4.900000e-01  35.930721  36.370011
  4.925000e-01  35.921975  36.361092
  4.950000e-01  35.913302  36.352248
  4.975000e-01  35.904701  36.343478
  5.000000e-01  35.896171  36.334782
  5.025000e-01  35.887712  36.326158
  5.050000e-01  35.879322  36.317606
  5.075000e-01  35.871001  36.309124
  5.100000e-01  35.862748  36.300713
  5.125000e-01  35.854562  36.292370
  5.150000e-01  35.846442  36.284096
  5.175000e-01  35.838388  36.275889
  5.200000e-01  35.830399  36.267749
  5.225000e-01  35.822474  36.259674
  5.250000e-01  35.814612  36.251665
  5.275000e-01  35.806813  36.243720
  5.300000e-01  35.799076  36.235839
  5.325000e-01  35.791401  36.228021
  5.350000e-01  35.783786  36.220265
  5.375000e-01  35.776231  36.212570
  5.400000e-01  35.768736  36.204937
  5.425000e-01  35.761300  36.197364
  5.450000e-01  35.753922  36.189851
  5.475000e-01  35.746601  36.182397
  5.500000e-01  35.739338  36.175001
  5.525000e-01  35.732131  36.167663
  5.550000e-01  35.724980  36.160383
  5.575000e-01  35.717885  36.153159
  5.600000e-01  35.710845  36.145991
  5.625000e-01  35.703859  36.138879
  5.650000e-01  35.696927  36.131823
  5.675000e-01  35.690048  36.124820
  5.700000e-01  35.683222  36.117872
  5.725000e-01  35.676449  36.110978
  5.750000e-01  35.669727  36.104136
  5.775000e-01  35.663057  36.097348
  5.800000e-01  35.656439  36.090611
  5.825000e-01  35.649870  36.083926
  5.850000e-01  35.643352  36.077292
  5.875000e-01  35.636884  36.070709
  5.900000e-01  35.630465  36.064176
  5.925000e-01  35.624095  36.057693
  5.950000e-01  35.617773  36.051260
  5.975000e-01  35.611500  36.044876
  6.000000e-01  35.605274  36.038540
  6.025000e-01  35.599096  36.032253
  6.050000e-01  35.592964  36.026013
  6.075000e-01  35.586879  36.019821
  6.100000e-01  35.580841  36.013676
  6.125000e-01  35.574848  36.007578
  6.150000e-01  35.568901  36.001526
  6.175000e-01  35.562999  35.995520
  6.200000e-01  35.557142  35.989559
  6.225000e-01  35.551329  35.983644
  6.250000e-01  35.545560  35.977774
  6.275000e-01  35.539835  35.971949
  6.300000e-01  35.534154  35.966167
  6.325000e-01  35.528516  35.960430
  6.350000e-01  35.522921  35.954736
  6.375000e-01  35.517368  35.949086
  6.400000e-01  35.511857  35.943478
  6.425000e-01  35.506389  35.937913
  6.450000e-01  35.500962  35.932391
  6.475000e-01  35.495576  35.926910
  6.500000e-01  35.490232  35.921472
  6.525000e-01  35.484928  35.916074
  6.550000e-01  35.479665  35.910718
  6.575000e-01  35.474442  35.905403
  6.600000e-01  35.469259  35.900128
  6.625000e-01  35.464115  35.894894
  6.650000e-01  35.459011  35.889699
  6.675000e-01  35.453946  35.884544
  6.700000e-01  35.448920  35.879429
  6.725000e-01  35.443932  35.874353
  6.750000e-01  35.438983  35.869316
  6.775000e-01  35.434072  35.864317
  6.800000e-01  35.429198  35.859357
  6.825000e-01  35.424362  35.854435
  6.850000e-01  35.419564  35.849550
  6.875000e-01  35.414802  35.844704
  6.900000e-01  35.410077  35.839894
  6.925000e-01  35.405389  35.835122
  6.950000e-01  35.400737  35.830387
  6.975000e-01  35.396120  35.825688
  7.000000e-01  35.391540  35.821025
  7.025000e-01  35.386995  35.816399
  7.050000e-01  35.382486  35.811808
  7.075000e-01  35.378011  35.807253
  7.100000e-01  35.373571  35.802734
  7.125000e-01  35.369166  35.798249
  7.150000e-01  35.364796  35.793799
  7.175000e-01  35.360459  35.789384
  7.200000e-01  35.356156  35.785004
  7.225000e-01  35.351887  35.780657
  7.250000e-01  35.347651  35.776344
  7.275000e-01  35.343448  35.772065
  7.300000e-01  35.339278  35.767820
  7.325000e-01  35.335141  35.763608
  7.350000e-01  35.331037  35.759428
  7.375000e-01  35.326964  35.755282
  7.400000e-01  35.322924  35.751168
  7.425000e-01  35.318916  35.747086
  7.450000e-01  35.314939  35.743036
  7.475000e-01  35.310993  35.739018
  7.500000e-01  35.307078  35.735032
  7.525000e-01  35.303195  35.731077
  7.550000e-01  35.299342  35.727154
  7.575000e-01  35.295519  35.723261
  7.600000e-01  35.291727  35.719399
  7.625000e-01  35.287965  35.715568
  7.650000e-01  35.284232  35.711766
  7.675000e-01  35.280529  35.707995
  7.700000e-01  35.276855  35.704254
  7.725000e-01  35.273211  35.700542
  7.750000e-01  35.269595  35.696860
  7.775000e-01  35.266008  35.693207
  7.800000e-01  35.262450  35.689582
  7.825000e-01  35.258920  35.685987
  7.850000e-01  35.255418  35.682420
  7.875000e-01  35.251943  35.678881
  7.900000e-01  35.248497  35.675371
  7.925000e-01  35.245078  35.671888
  7.950000e-01  35.241686  35.668433
  7.975000e-01  35.238320  35.665006
  8.000000e-01  35.234982  35.661606
  8.025000e-01  35.231670  35.658232
  8.050000e-01  35.228385  35.654886
  8.075000e-01  35.225126  35.651566
  8.100000e-01  35.221893  35.648273
  8.125000e-01  35.218685  35.645006
  8.150000e-01  35.215503  35.641765
  8.175000e-01  35.212347  35.638550
  8.200000e-01  35.209215  35.635360
  8.225000e-01  35.206109  35.632196
  8.250000e-01  35.203027  35.629056
  8.275000e-01  35.199970  35.625942
  8.300000e-01  35.196937  35.622853
  8.325000e-01  35.193928  35.619788
  8.350000e-01  35.190943  35.616748
  8.375000e-01  35.187982  35.613731
  8.400000e-01  35.185044  35.610739
  8.425000e-01  35.182130  35.607771
  8.450000e-01  35.179239  35.604826
  8.475000e-01  35.176371  35.601904
  8.500000e-01  35.173525  35.599006
  8.525000e-01  35.170703  35.596131
  8.550000e-01  35.167902  35.593279
  8.575000e-01  35.165124  35.590449
  8.600000e-01  35.162368  35.587641
  8.625000e-01  35.159633  35.584856
  8.650000e-01  35.156921  35.582093
  8.675000e-01  35.154229  35.579352
  8.700000e-01  35.151559  35.576633
  8.725000e-01  35.148911  35.573935
  8.750000e-01  35.146283  35.571258
  8.775000e-01  35.143675  35.568603
  8.800000e-01  35.141089  35.565968
  8.825000e-01  35.138522  35.563354
  8.850000e-01  35.135976  35.560761
  8.875000e-01  35.133450  35.558188
  8.900000e-01  35.130944  35.555636
  8.925000e-01  35.128457  35.553103
  8.950000e-01  35.125990  35.550591
  8.975000e-01  35.123542  35.548098
  9.000000e-01  35.121114  35.545625
  9.025000e-01  35.118704  35.543171
  9.050000e-01  35.116314  35.540736
  9.075000e-01  35.113941  35.538321
  9.100000e-01  35.111588  35.535924
  9.125000e-01  35.109253  35.533546
  9.150000e-01  35.106936  35.531187
  9.175000e-01  35.104637  35.528846
  9.200000e-01  35.102355  35.526523
  9.225000e-01  35.100092  35.524218
  9.250000e-01  35.097846  35.521931
  9.275000e-01  35.095617  35.519662
  9.300000e-01  35.093406  35.517411
  9.325000e-01  35.091212  35.515176
  9.350000e-01  35.089034  35.512960
  9.375000e-01  35.086874  35.510760
  9.400000e-01  35.084730  35.508577
  9.425000e-01  35.082603  35.506411
  9.450000e-01  35.080491  35.504262
  9.475000e-01  35.078396  35.502129
  9.500000e-01  35.076318  35.500013
  9.525000e-01  35.074255  35.497913
  9.550000e-01  35.072207  35.495829
  9.575000e-01  35.070176  35.493761
  9.600000e-01  35.068160  35.491709
  9.625000e-01  35.066159  35.489672
  9.650000e-01  35.064173  35.487651
  9.675000e-01  35.062203  35.485645
  9.700000e-01  35.060247  35.483655
  9.725000e-01  35.058306  35.481679
  9.750000e-01  35.056380  35.479719
  9.775000e-01  35.054469  35.477773
  9.800000e-01  35.052571  35.475842
  9.825000e-01  35.050689  35.473926
  9.850000e-01  35.048820  35.472024
  9.875000e-01  35.046965  35.470137
  9.900000e-01  35.045124  35.468264
  9.925000e-01  35.043297  35.466404
  9.950000e-01  35.041484  35.464559
  9.975000e-01  35.039684  35.462728
  1.000000e+00  35.037898  35.460910
  1.002500e+00  35.036124  35.459106
  1.005000e+00  35.034364  35.457315
  1.007500e+00  35.032618  35.455538
  1.010000e+00  35.030884  35.453773
  1.012500e+00  35.029163  35.452022
  1.015000e+00  35.027454  35.450284
  1.017500e+00  35.025758  35.448559
  1.020000e+00  35.024075  35.446846
  1.022500e+00  35.022404  35.445147
  1.025000e+00  35.020746  35.443459
  1.027500e+00  35.019099  35.441784
  1.030000e+00  35.017465  35.440122
  1.032500e+00  35.015843  35.438472
  1.035000e+00  35.014232  35.436833
  1.037500e+00  35.012633  35.435207
  1.040000e+00  35.011046  35.433593
  1.042500e+00  35.009470  35.431990
  1.045000e+00  35.007906  35.430399
  1.047500e+00  35.006354  35.428820
  1.050000e+00  35.004812  35.427252
  1.052500e+00  35.003282  35.425696
  1.055000e+00  35.001762  35.424151
  1.057500e+00  35.000254  35.422617
  1.060000e+00  34.998757  35.421094
  1.062500e+00  34.997270  35.419582
  1.065000e+00  34.995794  35.418081
  1.067500e+00  34.994329  35.416591
  1.070000e+00  34.992874  35.415112
  1.072500e+00  34.991429  35.413643
  1.075000e+00  34.989995  35.412185
  1.077500e+00  34.988571  35.410737
  1.080000e+00  34.987158  35.409299
  1.082500e+00  34.985754  35.407872
  1.085000e+00  34.984361  35.406455
  1.087500e+00  34.982977  35.405048
  1.090000e+00  34.981603  35.403652
  1.092500e+00  34.980239  35.402265
  1.095000e+00  34.978884  35.400888
  1.097500e+00  34.977539  35.399520
  1.100000e+00  34.976204  35.398163
  1.102500e+00  34.974878  35.396815
  1.105000e+00  34.973561  35.395476
  1.107500e+00  34.972254  35.394147
  1.110000e+00  34.970956  35.392828
  1.112500e+00  34.969667  35.391517
  1.115000e+00  34.968387  35.390216
  1.117500e+00  34.967116  35.388924
  1.120000e+00  34.965853  35.387641
  1.122500e+00  34.964600  35.386368
  1.125000e+00  34.963356  35.385103
  1.127500e+00  34.962120  35.383846
  1.130000e+00  34.960892  35.382599
  1.132500e+00  34.959674  35.381360
  1.135000e+00  34.958463  35.380130
  1.137500e+00  34.957262  35.378909
  1.140000e+00  34.956068  35.377696
  1.142500e+00  34.954883  35.376492
  1.145000e+00  34.953706  35.375296
  1.147500e+00  34.952537  35.374108
  1.150000e+00  34.951376  35.372928
  1.152500e+00  34.950224  35.371757
  1.155000e+00  34.949079  35.370593
  1.157500e+00  34.947942  35.369438
  1.160000e+00  34.946813  35.368291
  1.162500e+00  34.945692  35.367151
  1.165000e+00  34.944578  35.366020
  1.167500e+00  34.943472  35.364896
  1.170000e+00  34.942374  35.363780
  1.172500e+00  34.941283  35.362672
  1.175000e+00  34.940200  35.361571
  1.177500e+00  34.939124  35.360478
  1.180000e+00  34.938055  35.359392
  1.182500e+00  34.936994  35.358314
  1.185000e+00  34.935940  35.357243
  1.187500e+00  34.934893  35.356180
  1.190000e+00  34.933854  35.355124
  1.192500e+00  34.932821  35.354075
  1.195000e+00  34.931796  35.353033
  1.197500e+00  34.930777  35.351998
  1.200000e+00  34.929766  35.350970
  1.202500e+00  34.928761  35.349950
  1.205000e+00  34.927763  35.348936
  1.207500e+00  34.926772  35.347929
  1.210000e+00  34.925788  35.346929
  1.212500e+00  34.924810  35.345936
  1.215000e+00  34.923839  35.344950
  1.217500e+00  34.922875  35.343970
  1.220000e+00  34.921917  35.342997
  1.222500e+00  34.920966  35.342030
  1.225000e+00  34.920021  35.341071
  1.227500e+00  34.919082  35.340117
  1.230000e+00  34.918150  35.339170
  1.232500e+00  34.917224  35.338230
  1.235000e+00  34.916304  35.337295
  1.237500e+00  34.915391  35.336368
  1.240000e+00  34.914484  35.335446
  1.242500e+00  34.913583  35.334531
  1.245000e+00  34.912688  35.333622
  1.247500e+00  34.911799  35.332718
  1.250000e+00  34.910916  35.331822
  1.252500e+00  34.910038  35.330931
  1.255000e+00  34.909167  35.330046
  1.257500e+00  34.908302  35.329167
  1.260000e+00  34.907443  35.328294
  1.262500e+00  34.906589  35.327427
  1.265000e+00  34.905741  35.326566
  1.267500e+00  34.904899  35.325710
  1.270000e+00  34.904062  35.324860
  1.272500e+00  34.903231  35.324016
  1.275000e+00  34.902406  35.323178
  1.277500e+00  34.901586  35.322345
  1.280000e+00  34.900772  35.321518
  1.282500e+00  34.899963  35.320697
  1.285000e+00  34.899160  35.319881
  1.287500e+00  34.898362  35.319071
  1.290000e+00  34.897569  35.318265
  1.292500e+00  34.896782  35.317466
  1.295000e+00  34.896000  35.316672
  1.297500e+00  34.895223  35.315883
  1.300000e+00  34.894452  35.315099
  1.302500e+00  34.893685  35.314321
  1.305000e+00  34.892924  35.313548
  1.307500e+00  34.892168  35.312780
  1.310000e+00  34.891417  35.312017
  1.312500e+00  34.890671  35.311259
  1.315000e+00  34.889930  35.310507
  1.317500e+00  34.889194  35.309759
  1.320000e+00  34.888463  35.309017
  1.322500e+00  34.887737  35.308279
  1.325000e+00  34.887016  35.307547
  1.327500e+00  34.886299  35.306819
  1.330000e+00  34.885588  35.306097
  1.332500e+00  34.884881  35.305379
  1.335000e+00  34.884179  35.304666
  1.337500e+00  34.883482  35.303957
  1.340000e+00  34.882789  35.303254
  1.342500e+00  34.882101  35.302555
  1.345000e+00  34.881418  35.301861
  1.347500e+00  34.880739  35.301172
  1.350000e+00  34.880065  35.300487
  1.352500e+00  34.879395  35.299807
  1.355000e+00  34.878730  35.299131
  1.357500e+00  34.878069  35.298460
  1.360000e+00  34.877413  35.297794
  1.362500e+00  34.876761  35.297132
  1.365000e+00  34.876114  35.296474
  1.367500e+00  34.875471  35.295821
  1.370000e+00  34.874832  35.295172
  1.372500e+00  34.874198  35.294528
  1.375000e+00  34.873567  35.293888
  1.377500e+00  34.872942  35.293252
  1.380000e+00  34.872320  35.292621
  1.382500e+00  34.871702  35.291994
  1.385000e+00  34.871089  35.291371
  1.387500e+00  34.870480  35.290752
  1.390000e+00  34.869875  35.290138
  1.392500e+00  34.869274  35.289527
  1.395000e+00  34.868677  35.288921
  1.397500e+00  34.868084  35.288319
  1.400000e+00  34.867495  35.287721
  1.402500e+00  34.866910  35.287126
  1.405000e+00  34.866330  35.286536
  1.407500e+00  34.865753  35.285950
  1.410000e+00  34.865179  35.285368
  1.412500e+00  34.864610  35.284790
  1.415000e+00  34.864045  35.284216
  1.417500e+00  34.863483  35.283646
  1.420000e+00  34.862926  35.283079
  1.422500e+00  34.862372  35.282516
  1.425000e+00  34.861822  35.281958
  1.427500e+00  34.861275  35.281403
  1.430000e+00  34.860733  35.280851
  1.432500e+00  34.860194  35.280304
  1.435000e+00  34.859658  35.279760
  1.437500e+00  34.859127  35.279220
  1.440000e+00  34.858599  35.278684
  1.442500e+00  34.858074  35.278151
  1.445000e+00  34.857553  35.277622
  1.447500e+00  34.857036  35.277096
  1.450000e+00  34.856522  35.276574
  1.452500e+00  34.856012  35.276056
  1.455000e+00  34.855505  35.275541
  1.457500e+00  34.855002  35.275030
  1.460000e+00  34.854502  35.274522
  1.462500e+00  34.854005  35.274017
  1.465000e+00  34.853512  35.273517
  1.467500e+00  34.853022  35.273019
  1.470000e+00  34.852536  35.272525
  1.472500e+00  34.852053  35.272034
  1.475000e+00  34.851573  35.271547
  1.477500e+00  34.851097  35.271063
  1.480000e+00  34.850624  35.270582
  1.482500e+00  34.850154  35.270105
  1.485000e+00  34.849687  35.269631
  1.487500e+00  34.849224  35.269160
  1.490000e+00  34.848763  35.268692
  1.492500e+00  34.848306  35.268228
  1.495000e+00  34.847852  35.267767
  1.497500e+00  34.847402  35.267309
  1.500000e+00  34.846954  35.266854
  1.502500e+00  34.846509  35.266402
  1.505000e+00  34.846068  35.265953
  1.507500e+00  34.845629  35.265508
  1.510000e+00  34.845194  35.265065
  1.512500e+00  34.844761  35.264626
  1.515000e+00  34.844332  35.264190
  1.517500e+00  34.843905  35.263756
  1.520000e+00  34.843482  35.263326
  1.522500e+00  34.843061  35.262899
  1.525000e+00  34.842644  35.262474
  1.527500e+00  34.842229  35.262053
  1.530000e+00  34.841817  35.261634
  1.532500e+00  34.841408  35.261219
  1.535000e+00  34.841002  35.260806
  1.537500e+00  34.840598  35.260396
  1.540000e+00  34.840198  35.259989
  1.542500e+00  34.839800  35.259585
  1.545000e+00  34.839405  35.259184
  1.547500e+00  34.839013  35.258785
  1.550000e+00  34.838623  35.258389
  1.552500e+00  34.838237  35.257996
  1.555000e+00  34.837853  35.257606
  1.557500e+00  34.837471  35.257218
  1.560000e+00  34.837093  35.256833
  1.562500e+00  34.836717  35.256451
  1.565000e+00  34.836343  35.256072
  1.567500e+00  34.835972  35.255695
  1.570000e+00  34.835604  35.255321
  1.572500e+00  34.835239  35.254949
  1.575000e+00  34.834876  35.254580
  1.577500e+00  34.834515  35.254214
  1.580000e+00  34.834157  35.253850
  1.582500e+00  34.833802  35.253489
  1.585000e+00  34.833449  35.253130
  1.587500e+00  34.833098  35.252774
  1.590000e+00  34.832750  35.252421
  1.592500e+00  34.832405  35.252069
  1.595000e+00  34.832062  35.251721
  1.597500e+00  34.831721  35.251375
  1.600000e+00  34.831383  35.251031
  1.602500e+00  34.831047  35.250689
  1.605000e+00  34.830714  35.250351
  1.607500e+00  34.830383  35.250014
  1.610000e+00  34.830054  35.249680
  1.612500e+00  34.829728  35.249348
  1.615000e+00  34.829404  35.249019
  1.617500e+00  34.829082  35.248692
  1.620000e+00  34.828762  35.248367
  1.622500e+00  34.828445  35.248045
  1.625000e+00  34.828130  35.247724
  1.627500e+00  34.827817  35.247407
  1.630000e+00  34.827507  35.247091
  1.632500e+00  34.827199  35.246778
  1.635000e+00  34.826893  35.246466
  1.637500e+00  34.826589  35.246158
  1.640000e+00  34.826287  35.245851
  1.642500e+00  34.825988  35.245546
  1.645000e+00  34.825690  35.245244
  1.647500e+00  34.825395  35.244944
  1.650000e+00  34.825102  35.244646
  1.652500e+00  34.824811  35.244350
  1.655000e+00  34.824522  35.244056
  1.657500e+00  34.824235  35.243765
  1.660000e+00  34.823950  35.243475
  1.662500e+00  34.823667  35.243188
  1.665000e+00  34.823387  35.242902
  1.667500e+00  34.823108  35.242619
  1.670000e+00  34.822831  35.242337
  1.672500e+00  34.822556  35.242058
  1.675000e+00  34.822284  35.241781
  1.677500e+00  34.822013  35.241506
  1.680000e+00  34.821744  35.241232
  1.682500e+00  34.821477  35.240961
  1.685000e+00  34.821212  35.240692
  1.687500e+00  34.820949  35.240424
  1.690000e+00  34.820688  35.240159
  1.692500e+00  34.820429  35.239895
  1.695000e+00  34.820172  35.239633
  1.697500e+00  34.819916  35.239374
  1.700000e+00  34.819663  35.239116
  1.702500e+00  34.819411  35.238860
  1.705000e+00  34.819161  35.238606
  1.707500e+00  34.818913  35.238353
  1.710000e+00  34.818666  35.238103
  1.712500e+00  34.818422  35.237854
  1.715000e+00  34.818179  35.237607
  1.717500e+00  34.817938  35.237362
  1.720000e+00  34.817699  35.237119
  1.722500e+00  34.817462  35.236878
  1.725000e+00  34.817226  35.236638
  1.727500e+00  34.816992  35.236400
  1.730000e+00  34.816760  35.236164
  1.732500e+00  34.816529  35.235929
  1.735000e+00  34.816300  35.235697
  1.737500e+00  34.816073  35.235465
  1.740000e+00  34.815847  35.235236
  1.742500e+00  34.815623  35.235008
  1.745000e+00  34.815401  35.234782
  1.747500e+00  34.815181  35.234558
  1.750000e+00  34.814962  35.234335
  1.752500e+00  34.814744  35.234114
  1.755000e+00  34.814528  35.233895
  1.757500e+00  34.814314  35.233677
  1.760000e+00  34.814102  35.233461
  1.762500e+00  34.813891  35.233246
  1.765000e+00  34.813681  35.233033
  1.767500e+00  34.813473  35.232821
  1.770000e+00  34.813267  35.232611
  1.772500e+00  34.813062  35.232403
  1.775000e+00  34.812858  35.232196
  1.777500e+00  34.812657  35.231991
  1.780000e+00  34.812456  35.231787
  1.782500e+00  34.812257  35.231585
  1.785000e+00  34.812060  35.231384
  1.787500e+00  34.811864  35.231185
  1.790000e+00  34.811669  35.230987
  1.792500e+00  34.811476  35.230790
  1.795000e+00  34.811285  35.230595
  1.797500e+00  34.811094  35.230402
  1.800000e+00  34.810906  35.230210
  1.802500e+00  34.810718  35.230019
  1.805000e+00  34.810532  35.229830
  1.807500e+00  34.810348  35.229642
  1.810000e+00  34.810164  35.229456
  1.812500e+00  34.809983  35.229271
  1.815000e+00  34.809802  35.229087
  1.817500e+00  34.809623  35.228905
  1.820000e+00  34.809445  35.228724
  1.822500e+00  34.809269  35.228545
  1.825000e+00  34.809093  35.228366
  1.827500e+00  34.808920  35.228190
  1.830000e+00  34.808747  35.228014
  1.832500e+00  34.808576  35.227840
  1.835000e+00  34.808406  35.227667
  1.837500e+00  34.808237  35.227495
  1.840000e+00  34.808070  35.227325
  1.842500e+00  34.807903  35.227156
  1.845000e+00  34.807738  35.226988
  1.847500e+00  34.807575  35.226821
  1.850000e+00  34.807412  35.226656
  1.852500e+00  34.807251  35.226492
  1.855000e+00  34.807091  35.226329
  1.857500e+00  34.806932  35.226168
  1.860000e+00  34.806775  35.226007
  1.862500e+00  34.806618  35.225848
  1.865000e+00  34.806463  35.225690
  1.867500e+00  34.806309  35.225533
  1.870000e+00  34.806156  35.225378
  1.872500e+00  34.806004  35.225223
  1.875000e+00  34.805853  35.225070
  1.877500e+00  34.805704  35.224918
  1.880000e+00  34.805555  35.224767
  1.882500e+00  34.805408  35.224617
  1.885000e+00  34.805262  35.224468
  1.887500e+00  34.805117  35.224321
  1.890000e+00  34.804973  35.224174
  1.892500e+00  34.804830  35.224029
  1.895000e+00  34.804688  35.223885
  1.897500e+00  34.804548  35.223741
  1.900000e+00  34.804408  35.223599
  1.902500e+00  34.804270  35.223458
  1.905000e+00  34.804132  35.223318
  1.907500e+00  34.803996  35.223180
  1.910000e+00  34.803860  35.223042
  1.912500e+00  34.803726  35.222905
  1.915000e+00  34.803592  35.222769
  1.917500e+00  34.803460  35.222635
  1.920000e+00  34.803329  35.222501
  1.922500e+00  34.803198  35.222368
  1.925000e+00  34.803069  35.222237
  1.927500e+00  34.802941  35.222106
  1.930000e+00  34.802813  35.221976
  1.932500e+00  34.802687  35.221848
  1.935000e+00  34.802561  35.221720
  1.937500e+00  34.802437  35.221593
  1.940000e+00  34.802313  35.221467
  1.942500e+00  34.802191  35.221343
  1.945000e+00  34.802069  35.221219
  1.947500e+00  34.801948  35.221096
  1.950000e+00  34.801828  35.220974
  1.952500e+00  34.801709  35.220853
  1.955000e+00  34.801591  35.220733
  1.957500e+00  34.801474  35.220614
  1.960000e+00  34.801358  35.220496
  1.962500e+00  34.801243  35.220378
  1.965000e+00  34.801128  35.220262
  1.967500e+00  34.801015  35.220146
  1.970000e+00  34.800902  35.220032
  1.972500e+00  34.800790  35.219918
  1.975000e+00  34.800679  35.219805
  1.977500e+00  34.800569  35.219693
  1.980000e+00  34.800460  35.219582
  1.982500e+00  34.800352  35.219471
  1.985000e+00  34.800244  35.219362
  1.987500e+00  34.800137  35.219253
  1.990000e+00  34.800031  35.219145
  1.992500e+00  34.799926  35.219038
  1.995000e+00  34.799822  35.218932
  1.997500e+00  34.799719  35.218827
  2.000000e+00  34.799616  35.218722
