  0.000000e+00  7.36119156 19.77832190 
  1.250000e-03  7.36119156 19.77892409 
  2.500000e-03  7.36119156 19.77926423 
  3.750000e-03  7.36119156 19.77941878 
  5.000000e-03  7.36119156 19.77949956 
  6.250000e-03  7.36119156 19.77956332 
  7.500000e-03  7.36119156 19.77961041 
  8.750000e-03  7.36119156 19.77961764 
  1.000000e-02  7.36119156 19.77957560 
  1.125000e-02  7.36119156 19.77950220 
  1.250000e-02  7.36119156 19.77942536 
  1.375000e-02  7.36119156 19.77936255 
  1.500000e-02  7.36119156 19.77931993 
  1.625000e-02  7.36119156 19.77929853 
  1.750000e-02  7.36119156 19.77929616 
  1.875000e-02  7.36119156 19.77930800 
  2.000000e-02  7.36119156 19.77932818 
  2.125000e-02  7.36119156 19.77935142 
  2.250000e-02  7.36119156 19.77937387 
  2.375000e-02  7.36119156 19.77939348 
  2.500000e-02  7.36119156 19.77940970 
  2.625000e-02  7.36119156 19.77942285 
  2.750000e-02  7.36119156 19.77943356 
  2.875000e-02  7.36119156 19.77944238 
  3.000000e-02  7.36119156 19.77944974 
  3.125000e-02  7.36119156 19.77945590 
  3.250000e-02  7.36119156 19.77946109 
  3.375000e-02  7.36119156 19.77946545 
  3.500000e-02  7.36119156 19.77946911 
  3.625000e-02  7.36119156 19.77947216 
  3.750000e-02  7.36119156 19.77947467 
  3.875000e-02  7.36119156 19.77947669 
  4.000000e-02  7.36119156 19.77947828 
  4.125000e-02  7.36119156 19.77947950 
  4.250000e-02  7.36119156 19.77948040 
  4.375000e-02  7.36119156 19.77948103 
  4.500000e-02  7.36119156 19.77948144 
  4.625000e-02  7.36119156 19.77948169 
  4.750000e-02  7.36119156 19.77948180 
  4.875000e-02  7.36119156 19.77948182 
  5.000000e-02  7.36119156 19.77948178 
  5.125000e-02  7.36119156 19.77948171 
  5.250000e-02  7.36119156 19.77948161 
  5.375000e-02  7.36119156 19.77948150 
  5.500000e-02  7.36119156 19.77948139 
  5.625000e-02  7.36119156 19.77948129 
  5.750000e-02  7.36119156 19.77948121 
  5.875000e-02  7.36119156 19.77948113 
  6.000000e-02  7.36119156 19.77948106 
  6.125000e-02  7.36119156 19.77948101 
  6.250000e-02  7.36119156 19.77948097 
  6.375000e-02  7.36119156 19.77948093 
  6.500000e-02  7.36119156 19.77948090 
  6.625000e-02  7.36119156 19.77948088 
  6.750000e-02  7.36119156 19.77948087 
  6.875000e-02  7.36119156 19.77948086 
  7.000000e-02  7.36119156 19.77948085 
  7.125000e-02  7.36119156 19.77948085 
  7.250000e-02  7.36119156 19.77948085 
  7.375000e-02  7.36119156 19.77948086 
  7.500000e-02  7.36119156 19.77948086 
  7.625000e-02  7.36119156 19.77948087 
  7.750000e-02  7.36119156 19.77948088 
  7.875000e-02  7.36119156 19.77948090 
  8.000000e-02  7.36119156 19.77948091 
  8.125000e-02  7.36119156 19.77948093 
  8.250000e-02  7.36119156 19.77948095 
  8.375000e-02  7.36119156 19.77948097 
  8.500000e-02  7.36119156 19.77948100 
  8.625000e-02  7.36119156 19.77948102 
  8.750000e-02  7.36119156 19.77948105 
  8.875000e-02  7.36119156 19.77948108 
  9.000000e-02  7.36119156 19.77948110 
  9.125000e-02  7.36119156 19.77948113 
  9.250000e-02  7.36119156 19.77948116 
  9.375000e-02  7.36119156 19.77948120 
  9.500000e-02  7.36119156 19.77948123 
  9.625000e-02  7.36119156 19.77948126 
  9.750000e-02  7.36119156 19.77948129 
  9.875000e-02  7.36119156 19.77948133 
  1.000000e-01  7.36119156 19.77948136 
  1.012500e-01  7.36119156 19.77948140 
  1.025000e-01  7.36119156 19.77948143 
  1.037500e-01  7.36119156 19.77948147 
  1.050000e-01  7.36119156 19.77948150 
  1.062500e-01  7.36119156 19.77948154 
  1.075000e-01  7.36119156 19.77948157 
  1.087500e-01  7.36119156 19.77948161 
  1.100000e-01  7.36119156 19.77948164 
  1.112500e-01  7.36119156 19.77948168 
  1.125000e-01  7.36119156 19.77948171 
  1.137500e-01  7.36119156 19.77948175 
  1.150000e-01  7.36119156 19.77948179 
  1.162500e-01  7.36119156 19.77948182 
  1.175000e-01  7.36119156 19.77948186 
  1.187500e-01  7.36119156 19.77948189 
  1.200000e-01  7.36119156 19.77948193 
  1.212500e-01  7.36119156 19.77948196 
  1.225000e-01  7.36119156 19.77948200 
  1.237500e-01  7.36119156 19.77948203 
  1.250000e-01  7.36119156 19.77948207 
  1.262500e-01  7.36119156 19.77948210 
  1.275000e-01  7.36119156 19.77948213 
  1.287500e-01  7.36119156 19.77948217 
  1.300000e-01  7.36119156 19.77948220 
  1.312500e-01  7.36119156 19.77948223 
  1.325000e-01  7.36119156 19.77948227 
  1.337500e-01  7.36119156 19.77948230 
  1.350000e-01  7.36119156 19.77948233 
  1.362500e-01  7.36119156 19.77948236 
  1.375000e-01  7.36119156 19.77948240 
  1.387500e-01  7.36119156 19.77948243 
  1.400000e-01  7.36119156 19.77948246 
  1.412500e-01  7.36119156 19.77948249 
  1.425000e-01  7.36119156 19.77948252 
  1.437500e-01  7.36119156 19.77948255 
  1.450000e-01  7.36119156 19.77948258 
  1.462500e-01  7.36119156 19.77948261 
  1.475000e-01  7.36119156 19.77948264 
  1.487500e-01  7.36119156 19.77948267 
  1.500000e-01  7.36119156 19.77948270 
  1.512500e-01  7.36119156 19.77948273 
  1.525000e-01  7.36119156 19.77948276 
  1.537500e-01  7.36119156 19.77948279 
  1.550000e-01  7.36119156 19.77948281 
  1.562500e-01  7.36119156 19.77948284 
  1.575000e-01  7.36119156 19.77948287 
  1.587500e-01  7.36119156 19.77948290 
  1.600000e-01  7.36119156 19.77948292 
  1.612500e-01  7.36119156 19.77948295 
  1.625000e-01  7.36119156 19.77948298 
  1.637500e-01  7.36119156 19.77948300 
  1.650000e-01  7.36119156 19.77948303 
  1.662500e-01  7.36119156 19.77948305 
  1.675000e-01  7.36119156 19.77948308 
  1.687500e-01  7.36119156 19.77948310 
  1.700000e-01  7.36119156 19.77948313 
  1.712500e-01  7.36119156 19.77948315 
  1.725000e-01  7.36119156 19.77948317 
  1.737500e-01  7.36119156 19.77948320 
  1.750000e-01  7.36119156 19.77948322 
  1.762500e-01  7.36119156 19.77948324 
  1.775000e-01  7.36119156 19.77948326 
  1.787500e-01  7.36119156 19.77948329 
  1.800000e-01  7.36119156 19.77948331 
  1.812500e-01  7.36119156 19.77948333 
  1.825000e-01  7.36119156 19.77948335 
  1.837500e-01  7.36119156 19.77948337 
  1.850000e-01  7.36119156 19.77948339 
  1.862500e-01  7.36119156 19.77948341 
  1.875000e-01  7.36119156 19.77948343 
  1.887500e-01  7.36119156 19.77948345 
  1.900000e-01  7.36119156 19.77948347 
  1.912500e-01  7.36119156 19.77948349 
  1.925000e-01  7.36119156 19.77948351 
  1.937500e-01  7.36119156 19.77948353 
  1.950000e-01  7.36119156 19.77948355 
  1.962500e-01  7.36119156 19.77948357 
  1.975000e-01  7.36119156 19.77948359 
  1.987500e-01  7.36119156 19.77948360 
  2.000000e-01  7.36119156 19.77948362 
  2.012500e-01  7.36119156 19.77948364 
  2.025000e-01  7.36119156 19.77948366 
  2.037500e-01  7.36119156 19.77948367 
  2.050000e-01  7.36119156 19.77948369 
  2.062500e-01  7.36119156 19.77948371 
  2.075000e-01  7.36119156 19.77948372 
  2.087500e-01  7.36119156 19.77948374 
  2.100000e-01  7.36119156 19.77948375 
  2.112500e-01  7.36119156 19.77948377 
  2.125000e-01  7.36119156 19.77948378 
  2.137500e-01  7.36119156 19.77948380 
  2.150000e-01  7.36119156 19.77948381 
  2.162500e-01  7.36119156 19.77948383 
  2.175000e-01  7.36119156 19.77948384 
  2.187500e-01  7.36119156 19.77948386 
  2.200000e-01  7.36119156 19.77948387 
  2.212500e-01  7.36119156 19.77948389 
  2.225000e-01  7.36119156 19.77948390 
  2.237500e-01  7.36119156 19.77948391 
  2.250000e-01  7.36119156 19.77948393 
  2.262500e-01  7.36119156 19.77948394 
  2.275000e-01  7.36119156 19.77948395 
  2.287500e-01  7.36119156 19.77948396 
  2.300000e-01  7.36119156 19.77948398 
  2.312500e-01  7.36119156 19.77948399 
  2.325000e-01  7.36119156 19.77948400 
  2.337500e-01  7.36119156 19.77948401 
  2.350000e-01  7.36119156 19.77948402 
  2.362500e-01  7.36119156 19.77948404 
  2.375000e-01  7.36119156 19.77948405 
  2.387500e-01  7.36119156 19.77948406 
  2.400000e-01  7.36119156 19.77948407 
  2.412500e-01  7.36119156 19.77948408 
  2.425000e-01  7.36119156 19.77948409 
  2.437500e-01  7.36119156 19.77948410 
  2.450000e-01  7.36119156 19.77948411 
  2.462500e-01  7.36119156 19.77948412 
  2.475000e-01  7.36119156 19.77948413 
  2.487500e-01  7.36119156 19.77948414 
  2.500000e-01  7.36119156 19.77948415 
  2.512500e-01  7.36119156 19.77948416 
  2.525000e-01  7.36119156 19.77948417 
  2.537500e-01  7.36119156 19.77948418 
  2.550000e-01  7.36119156 19.77948419 
  2.562500e-01  7.36119156 19.77948420 
  2.575000e-01  7.36119156 19.77948421 
  2.587500e-01  7.36119156 19.77948422 
  2.600000e-01  7.36119156 19.77948423 
  2.612500e-01  7.36119156 19.77948424 
  2.625000e-01  7.36119156 19.77948424 
  2.637500e-01  7.36119156 19.77948425 
  2.650000e-01  7.36119156 19.77948426 
  2.662500e-01  7.36119156 19.77948427 
  2.675000e-01  7.36119156 19.77948428 
  2.687500e-01  7.36119156 19.77948428 
  2.700000e-01  7.36119156 19.77948429 
  2.712500e-01  7.36119156 19.77948430 
  2.725000e-01  7.36119156 19.77948431 
  2.737500e-01  7.36119156 19.77948432 
  2.750000e-01  7.36119156 19.77948432 
  2.762500e-01  7.36119156 19.77948433 
  2.775000e-01  7.36119156 19.77948434 
  2.787500e-01  7.36119156 19.77948434 
  2.800000e-01  7.36119156 19.77948435 
  2.812500e-01  7.36119156 19.77948436 
  2.825000e-01  7.36119156 19.77948436 
  2.837500e-01  7.36119156 19.77948437 
  2.850000e-01  7.36119156 19.77948438 
  2.862500e-01  7.36119156 19.77948438 
  2.875000e-01  7.36119156 19.77948439 
  2.887500e-01  7.36119156 19.77948440 
  2.900000e-01  7.36119156 19.77948440 
  2.912500e-01  7.36119156 19.77948441 
  2.925000e-01  7.36119156 19.77948441 
  2.937500e-01  7.36119156 19.77948442 
  2.950000e-01  7.36119156 19.77948443 
  2.962500e-01  7.36119156 19.77948443 
  2.975000e-01  7.36119156 19.77948444 
  2.987500e-01  7.36119156 19.77948444 
  3.000000e-01  7.36119156 19.77948445 
  3.012500e-01  7.36119156 19.77948445 
  3.025000e-01  7.36119156 19.77948446 
  3.037500e-01  7.36119156 19.77948446 
  3.050000e-01  7.36119156 19.77948447 
  3.062500e-01  7.36119156 19.77948447 
  3.075000e-01  7.36119156 19.77948448 
  3.087500e-01  7.36119156 19.77948448 
  3.100000e-01  7.36119156 19.77948449 
  3.112500e-01  7.36119156 19.77948449 
  3.125000e-01  7.36119156 19.77948450 
  3.137500e-01  7.36119156 19.77948450 
  3.150000e-01  7.36119156 19.77948450 
  3.162500e-01  7.36119156 19.77948451 
  3.175000e-01  7.36119156 19.77948451 
  3.187500e-01  7.36119156 19.77948452 
  3.200000e-01  7.36119156 19.77948452 
  3.212500e-01  7.36119156 19.77948452 
  3.225000e-01  7.36119156 19.77948453 
  3.237500e-01  7.36119156 19.77948453 
  3.250000e-01  7.36119156 19.77948454 
  3.262500e-01  7.36119156 19.77948454 
  3.275000e-01  7.36119156 19.77948454 
  3.287500e-01  7.36119156 19.77948455 
  3.300000e-01  7.36119156 19.77948455 
  3.312500e-01  7.36119156 19.77948455 
  3.325000e-01  7.36119156 19.77948456 
  3.337500e-01  7.36119156 19.77948456 
  3.350000e-01  7.36119156 19.77948456 
  3.362500e-01  7.36119156 19.77948456 
  3.375000e-01  7.36119156 19.77948457 
  3.387500e-01  7.36119156 19.77948457 
  3.400000e-01  7.36119156 19.77948457 
  3.412500e-01  7.36119156 19.77948458 
  3.425000e-01  7.36119156 19.77948458 
  3.437500e-01  7.36119156 19.77948458 
  3.450000e-01  7.36119156 19.77948458 
  3.462500e-01  7.36119156 19.77948459 
  3.475000e-01  7.36119156 19.77948459 
  3.487500e-01  7.36119156 19.77948459 
  3.500000e-01  7.36119156 19.77948459 
  3.512500e-01  7.36119156 19.77948460 
  3.525000e-01  7.36119156 19.77948460 
  3.537500e-01  7.36119156 19.77948460 
  3.550000e-01  7.36119156 19.77948460 
  3.562500e-01  7.36119156 19.77948460 
  3.575000e-01  7.36119156 19.77948461 
  3.587500e-01  7.36119156 19.77948461 
  3.600000e-01  7.36119156 19.77948461 
  3.612500e-01  7.36119156 19.77948461 
  3.625000e-01  7.36119156 19.77948461 
  3.637500e-01  7.36119156 19.77948462 
  3.650000e-01  7.36119156 19.77948462 
  3.662500e-01  7.36119156 19.77948462 
  3.675000e-01  7.36119156 19.77948462 
  3.687500e-01  7.36119156 19.77948462 
  3.700000e-01  7.36119156 19.77948462 
  3.712500e-01  7.36119156 19.77948462 
  3.725000e-01  7.36119156 19.77948463 
  3.737500e-01  7.36119156 19.77948463 
  3.750000e-01  7.36119156 19.77948463 
  3.762500e-01  7.36119156 19.77948463 
  3.775000e-01  7.36119156 19.77948463 
  3.787500e-01  7.36119156 19.77948463 
  3.800000e-01  7.36119156 19.77948463 
  3.812500e-01  7.36119156 19.77948463 
  3.825000e-01  7.36119156 19.77948464 
  3.837500e-01  7.36119156 19.77948464 
  3.850000e-01  7.36119156 19.77948464 
  3.862500e-01  7.36119156 19.77948464 
  3.875000e-01  7.36119156 19.77948464 
  3.887500e-01  7.36119156 19.77948464 
  3.900000e-01  7.36119156 19.77948464 
  3.912500e-01  7.36119156 19.77948464 
  3.925000e-01  7.36119156 19.77948464 
  3.937500e-01  7.36119156 19.77948464 
  3.950000e-01  7.36119156 19.77948464 
  3.962500e-01  7.36119156 19.77948465 
  3.975000e-01  7.36119156 19.77948465 
  3.987500e-01  7.36119156 19.77948465 
  4.000000e-01  7.36119156 19.77948465 
  4.012500e-01  7.36119156 19.77948465 
  4.025000e-01  7.36119156 19.77948465 
  4.037500e-01  7.36119156 19.77948465 
  4.050000e-01  7.36119156 19.77948465 
  4.062500e-01  7.36119156 19.77948465 
  4.075000e-01  7.36119156 19.77948465 
  4.087500e-01  7.36119156 19.77948465 
  4.100000e-01  7.36119156 19.77948465 
  4.112500e-01  7.36119156 19.77948465 
  4.125000e-01  7.36119156 19.77948465 
  4.137500e-01  7.36119156 19.77948465 
  4.150000e-01  7.36119156 19.77948465 
  4.162500e-01  7.36119156 19.77948465 
  4.175000e-01  7.36119156 19.77948465 
  4.187500e-01  7.36119156 19.77948465 
  4.200000e-01  7.36119156 19.77948465 
  4.212500e-01  7.36119156 19.77948465 
  4.225000e-01  7.36119156 19.77948466 
  4.237500e-01  7.36119156 19.77948466 
  4.250000e-01  7.36119156 19.77948466 
  4.262500e-01  7.36119156 19.77948466 
  4.275000e-01  7.36119156 19.77948466 
  4.287500e-01  7.36119156 19.77948466 
  4.300000e-01  7.36119156 19.77948466 
  4.312500e-01  7.36119156 19.77948466 
  4.325000e-01  7.36119156 19.77948466 
  4.337500e-01  7.36119156 19.77948466 
  4.350000e-01  7.36119156 19.77948466 
  4.362500e-01  7.36119156 19.77948466 
  4.375000e-01  7.36119156 19.77948466 
  4.387500e-01  7.36119156 19.77948466 
  4.400000e-01  7.36119156 19.77948466 
  4.412500e-01  7.36119156 19.77948466 
  4.425000e-01  7.36119156 19.77948466 
  4.437500e-01  7.36119156 19.77948466 
  4.450000e-01  7.36119156 19.77948466 
  4.462500e-01  7.36119156 19.77948466 
  4.475000e-01  7.36119156 19.77948466 
  4.487500e-01  7.36119156 19.77948466 
  4.500000e-01  7.36119156 19.77948466 
  4.512500e-01  7.36119156 19.77948466 
  4.525000e-01  7.36119156 19.77948466 
  4.537500e-01  7.36119156 19.77948466 
  4.550000e-01  7.36119156 19.77948466 
  4.562500e-01  7.36119156 19.77948466 
  4.575000e-01  7.36119156 19.77948466 
  4.587500e-01  7.36119156 19.77948466 
  4.600000e-01  7.36119156 19.77948466 
  4.612500e-01  7.36119156 19.77948466 
  4.625000e-01  7.36119156 19.77948466 
  4.637500e-01  7.36119156 19.77948466 
  4.650000e-01  7.36119156 19.77948466 
  4.662500e-01  7.36119156 19.77948466 
  4.675000e-01  7.36119156 19.77948466 
  4.687500e-01  7.36119156 19.77948466 
  4.700000e-01  7.36119156 19.77948466 
  4.712500e-01  7.36119156 19.77948466 
  4.725000e-01  7.36119156 19.77948466 
  4.737500e-01  7.36119156 19.77948466 
  4.750000e-01  7.36119156 19.77948466 
  4.762500e-01  7.36119156 19.77948466 
  4.775000e-01  7.36119156 19.77948466 
  4.787500e-01  7.36119156 19.77948466 
  4.800000e-01  7.36119156 19.77948466 
  4.812500e-01  7.36119156 19.77948466 
  4.825000e-01  7.36119156 19.77948466 
  4.837500e-01  7.36119156 19.77948466 
  4.850000e-01  7.36119156 19.77948466 
  4.862500e-01  7.36119156 19.77948466 
  4.875000e-01  7.36119156 19.77948466 
  4.887500e-01  7.36119156 19.77948466 
  4.900000e-01  7.36119156 19.77948466 
  4.912500e-01  7.36119156 19.77948466 
  4.925000e-01  7.36119156 19.77948466 
  4.937500e-01  7.36119156 19.77948466 
  4.950000e-01  7.36119156 19.77948466 
  4.962500e-01  7.36119156 19.77948466 
  4.975000e-01  7.36119156 19.77948466 
  4.987500e-01  7.36119156 19.77948466 
  5.000000e-01  7.36119156 19.77948466 
  5.012500e-01  7.36119156 19.77948466 
  5.025000e-01  7.36119156 19.77948466 
  5.037500e-01  7.36119156 19.77948466 
  5.050000e-01  7.36119156 19.77948466 
  5.062500e-01  7.36119156 19.77948466 
  5.075000e-01  7.36119156 19.77948466 
  5.087500e-01  7.36119156 19.77948466 
  5.100000e-01  7.36119156 19.77948466 
  5.112500e-01  7.36119156 19.77948466 
  5.125000e-01  7.36119156 19.77948467 
  5.137500e-01  7.36119156 19.77948467 
  5.150000e-01  7.36119156 19.77948467 
  5.162500e-01  7.36119156 19.77948467 
  5.175000e-01  7.36119156 19.77948467 
  5.187500e-01  7.36119156 19.77948467 
  5.200000e-01  7.36119156 19.77948467 
  5.212500e-01  7.36119156 19.77948467 
  5.225000e-01  7.36119156 19.77948467 
  5.237500e-01  7.36119156 19.77948467 
  5.250000e-01  7.36119156 19.77948467 
  5.262500e-01  7.36119156 19.77948467 
  5.275000e-01  7.36119156 19.77948467 
  5.287500e-01  7.36119156 19.77948467 
  5.300000e-01  7.36119156 19.77948467 
  5.312500e-01  7.36119156 19.77948467 
  5.325000e-01  7.36119156 19.77948467 
  5.337500e-01  7.36119156 19.77948467 
  5.350000e-01  7.36119156 19.77948467 
  5.362500e-01  7.36119156 19.77948467 
  5.375000e-01  7.36119156 19.77948467 
  5.387500e-01  7.36119156 19.77948467 
  5.400000e-01  7.36119156 19.77948467 
  5.412500e-01  7.36119156 19.77948467 
  5.425000e-01  7.36119156 19.77948467 
  5.437500e-01  7.36119156 19.77948467 
  5.450000e-01  7.36119156 19.77948467 
  5.462500e-01  7.36119156 19.77948467 
  5.475000e-01  7.36119156 19.77948467 
  5.487500e-01  7.36119156 19.77948467 
  5.500000e-01  7.36119156 19.77948467 
  5.512500e-01  7.36119156 19.77948467 
  5.525000e-01  7.36119156 19.77948467 
  5.537500e-01  7.36119156 19.77948467 
  5.550000e-01  7.36119156 19.77948467 
  5.562500e-01  7.36119156 19.77948468 
  5.575000e-01  7.36119156 19.77948468 
  5.587500e-01  7.36119156 19.77948468 
  5.600000e-01  7.36119156 19.77948468 
  5.612500e-01  7.36119156 19.77948468 
  5.625000e-01  7.36119156 19.77948468 
  5.637500e-01  7.36119156 19.77948468 
  5.650000e-01  7.36119156 19.77948468 
  5.662500e-01  7.36119156 19.77948468 
  5.675000e-01  7.36119156 19.77948468 
  5.687500e-01  7.36119156 19.77948468 
  5.700000e-01  7.36119156 19.77948468 
  5.712500e-01  7.36119156 19.77948468 
  5.725000e-01  7.36119156 19.77948468 
  5.737500e-01  7.36119156 19.77948468 
  5.750000e-01  7.36119156 19.77948468 
  5.762500e-01  7.36119156 19.77948468 
  5.775000e-01  7.36119156 19.77948468 
  5.787500e-01  7.36119156 19.77948468 
  5.800000e-01  7.36119156 19.77948468 
  5.812500e-01  7.36119156 19.77948468 
  5.825000e-01  7.36119156 19.77948468 
  5.837500e-01  7.36119156 19.77948468 
  5.850000e-01  7.36119156 19.77948468 
  5.862500e-01  7.36119156 19.77948469 
  5.875000e-01  7.36119156 19.77948469 
  5.887500e-01  7.36119156 19.77948469 
  5.900000e-01  7.36119156 19.77948469 
  5.912500e-01  7.36119156 19.77948469 
  5.925000e-01  7.36119156 19.77948469 
  5.937500e-01  7.36119156 19.77948469 
  5.950000e-01  7.36119156 19.77948469 
  5.962500e-01  7.36119156 19.77948469 
  5.975000e-01  7.36119156 19.77948469 
  5.987500e-01  7.36119156 19.77948469 
  6.000000e-01  7.36119156 19.77948469 
  6.012500e-01  7.36119156 19.77948469 
  6.025000e-01  7.36119156 19.77948469 
  6.037500e-01  7.36119156 19.77948469 
  6.050000e-01  7.36119156 19.77948469 
  6.062500e-01  7.36119156 19.77948469 
  6.075000e-01  7.36119156 19.77948469 
  6.087500e-01  7.36119156 19.77948469 
  6.100000e-01  7.36119156 19.77948469 
  6.112500e-01  7.36119156 19.77948469 
  6.125000e-01  7.36119156 19.77948469 
  6.137500e-01  7.36119156 19.77948470 
  6.150000e-01  7.36119156 19.77948470 
  6.162500e-01  7.36119156 19.77948470 
  6.175000e-01  7.36119156 19.77948470 
  6.187500e-01  7.36119156 19.77948470 
  6.200000e-01  7.36119156 19.77948470 
  6.212500e-01  7.36119156 19.77948470 
  6.225000e-01  7.36119156 19.77948470 
  6.237500e-01  7.36119156 19.77948470 
  6.250000e-01  7.36119156 19.77948470 
  6.262500e-01  7.36119156 19.77948470 
  6.275000e-01  7.36119156 19.77948470 
  6.287500e-01  7.36119156 19.77948470 
  6.300000e-01  7.36119156 19.77948470 
  6.312500e-01  7.36119156 19.77948470 
  6.325000e-01  7.36119156 19.77948470 
  6.337500e-01  7.36119156 19.77948470 
  6.350000e-01  7.36119156 19.77948470 
  6.362500e-01  7.36119156 19.77948470 
  6.375000e-01  7.36119156 19.77948470 
  6.387500e-01  7.36119156 19.77948470 
  6.400000e-01  7.36119156 19.77948471 
  6.412500e-01  7.36119156 19.77948471 
  6.425000e-01  7.36119156 19.77948471 
  6.437500e-01  7.36119156 19.77948471 
  6.450000e-01  7.36119156 19.77948471 
  6.462500e-01  7.36119156 19.77948471 
  6.475000e-01  7.36119156 19.77948471 
  6.487500e-01  7.36119156 19.77948471 
  6.500000e-01  7.36119156 19.77948471 
  6.512500e-01  7.36119156 19.77948471 
  6.525000e-01  7.36119156 19.77948471 
  6.537500e-01  7.36119156 19.77948471 
  6.550000e-01  7.36119156 19.77948471 
  6.562500e-01  7.36119156 19.77948471 
  6.575000e-01  7.36119156 19.77948471 
  6.587500e-01  7.36119156 19.77948471 
  6.600000e-01  7.36119156 19.77948471 
  6.612500e-01  7.36119156 19.77948471 
  6.625000e-01  7.36119156 19.77948471 
  6.637500e-01  7.36119156 19.77948471 
  6.650000e-01  7.36119156 19.77948471 
  6.662500e-01  7.36119156 19.77948471 
  6.675000e-01  7.36119156 19.77948471 
  6.687500e-01  7.36119156 19.77948472 
  6.700000e-01  7.36119156 19.77948472 
  6.712500e-01  7.36119156 19.77948472 
  6.725000e-01  7.36119156 19.77948472 
  6.737500e-01  7.36119156 19.77948472 
  6.750000e-01  7.36119156 19.77948472 
  6.762500e-01  7.36119156 19.77948472 
  6.775000e-01  7.36119156 19.77948472 
  6.787500e-01  7.36119156 19.77948472 
  6.800000e-01  7.36119156 19.77948472 
  6.812500e-01  7.36119156 19.77948472 
  6.825000e-01  7.36119156 19.77948472 
  6.837500e-01  7.36119156 19.77948472 
  6.850000e-01  7.36119156 19.77948472 
  6.862500e-01  7.36119156 19.77948472 
  6.875000e-01  7.36119156 19.77948472 
  6.887500e-01  7.36119156 19.77948472 
  6.900000e-01  7.36119156 19.77948472 
  6.912500e-01  7.36119156 19.77948472 
  6.925000e-01  7.36119156 19.77948472 
  6.937500e-01  7.36119156 19.77948472 
  6.950000e-01  7.36119156 19.77948472 
  6.962500e-01  7.36119156 19.77948472 
  6.975000e-01  7.36119156 19.77948472 
  6.987500e-01  7.36119156 19.77948472 
  7.000000e-01  7.36119156 19.77948472 
  7.012500e-01  7.36119156 19.77948472 
  7.025000e-01  7.36119156 19.77948472 
  7.037500e-01  7.36119156 19.77948472 
  7.050000e-01  7.36119156 19.77948472 
  7.062500e-01  7.36119156 19.77948473 
  7.075000e-01  7.36119156 19.77948473 
  7.087500e-01  7.36119156 19.77948473 
  7.100000e-01  7.36119156 19.77948473 
  7.112500e-01  7.36119156 19.77948473 
  7.125000e-01  7.36119156 19.77948473 
  7.137500e-01  7.36119156 19.77948473 
  7.150000e-01  7.36119156 19.77948473 
  7.162500e-01  7.36119156 19.77948473 
  7.175000e-01  7.36119156 19.77948473 
  7.187500e-01  7.36119156 19.77948473 
  7.200000e-01  7.36119156 19.77948473 
  7.212500e-01  7.36119156 19.77948473 
  7.225000e-01  7.36119156 19.77948473 
  7.237500e-01  7.36119156 19.77948473 
  7.250000e-01  7.36119156 19.77948473 
  7.262500e-01  7.36119156 19.77948473 
  7.275000e-01  7.36119156 19.77948473 
  7.287500e-01  7.36119156 19.77948473 
  7.300000e-01  7.36119156 19.77948473 
  7.312500e-01  7.36119156 19.77948473 
  7.325000e-01  7.36119156 19.77948473 
  7.337500e-01  7.36119156 19.77948473 
  7.350000e-01  7.36119156 19.77948473 
  7.362500e-01  7.36119156 19.77948473 
  7.375000e-01  7.36119156 19.77948473 
  7.387500e-01  7.36119156 19.77948473 
  7.400000e-01  7.36119156 19.77948473 
  7.412500e-01  7.36119156 19.77948473 
  7.425000e-01  7.36119156 19.77948473 
  7.437500e-01  7.36119156 19.77948473 
  7.450000e-01  7.36119156 19.77948473 
  7.462500e-01  7.36119156 19.77948473 
  7.475000e-01  7.36119156 19.77948473 
  7.487500e-01  7.36119156 19.77948473 
  7.500000e-01  7.36119156 19.77948473 
  7.512500e-01  7.36119156 19.77948473 
  7.525000e-01  7.36119156 19.77948473 
  7.537500e-01  7.36119156 19.77948473 
  7.550000e-01  7.36119156 19.77948473 
  7.562500e-01  7.36119156 19.77948473 
  7.575000e-01  7.36119156 19.77948473 
  7.587500e-01  7.36119156 19.77948473 
  7.600000e-01  7.36119156 19.77948473 
  7.612500e-01  7.36119156 19.77948473 
  7.625000e-01  7.36119156 19.77948473 
  7.637500e-01  7.36119156 19.77948473 
  7.650000e-01  7.36119156 19.77948473 
  7.662500e-01  7.36119156 19.77948473 
  7.675000e-01  7.36119156 19.77948473 
  7.687500e-01  7.36119156 19.77948473 
  7.700000e-01  7.36119156 19.77948473 
  7.712500e-01  7.36119156 19.77948473 
  7.725000e-01  7.36119156 19.77948473 
  7.737500e-01  7.36119156 19.77948473 
  7.750000e-01  7.36119156 19.77948473 
  7.762500e-01  7.36119156 19.77948473 
  7.775000e-01  7.36119156 19.77948473 
  7.787500e-01  7.36119156 19.77948473 
  7.800000e-01  7.36119156 19.77948473 
  7.812500e-01  7.36119156 19.77948473 
  7.825000e-01  7.36119156 19.77948473 
  7.837500e-01  7.36119156 19.77948473 
  7.850000e-01  7.36119156 19.77948473 
  7.862500e-01  7.36119156 19.77948473 
  7.875000e-01  7.36119156 19.77948473 
  7.887500e-01  7.36119156 19.77948473 
  7.900000e-01  7.36119156 19.77948473 
  7.912500e-01  7.36119156 19.77948473 
  7.925000e-01  7.36119156 19.77948473 
  7.937500e-01  7.36119156 19.77948473 
  7.950000e-01  7.36119156 19.77948473 
  7.962500e-01  7.36119156 19.77948473 
  7.975000e-01  7.36119156 19.77948473 
  7.987500e-01  7.36119156 19.77948473 
  8.000000e-01  7.36119156 19.77948473 
  8.012500e-01  7.36119156 19.77948473 
  8.025000e-01  7.36119156 19.77948473 
  8.037500e-01  7.36119156 19.77948473 
  8.050000e-01  7.36119156 19.77948473 
  8.062500e-01  7.36119156 19.77948473 
  8.075000e-01  7.36119156 19.77948473 
  8.087500e-01  7.36119156 19.77948472 
  8.100000e-01  7.36119156 19.77948472 
  8.112500e-01  7.36119156 19.77948472 
  8.125000e-01  7.36119156 19.77948472 
  8.137500e-01  7.36119156 19.77948472 
  8.150000e-01  7.36119156 19.77948472 
  8.162500e-01  7.36119156 19.77948472 
  8.175000e-01  7.36119156 19.77948472 
  8.187500e-01  7.36119156 19.77948472 
  8.200000e-01  7.36119156 19.77948472 
  8.212500e-01  7.36119156 19.77948472 
  8.225000e-01  7.36119156 19.77948472 
  8.237500e-01  7.36119156 19.77948472 
  8.250000e-01  7.36119156 19.77948472 
  8.262500e-01  7.36119156 19.77948472 
  8.275000e-01  7.36119156 19.77948472 
  8.287500e-01  7.36119156 19.77948472 
  8.300000e-01  7.36119156 19.77948472 
  8.312500e-01  7.36119156 19.77948472 
  8.325000e-01  7.36119156 19.77948472 
  8.337500e-01  7.36119156 19.77948472 
  8.350000e-01  7.36119156 19.77948472 
  8.362500e-01  7.36119156 19.77948472 
  8.375000e-01  7.36119156 19.77948472 
  8.387500e-01  7.36119156 19.77948472 
  8.400000e-01  7.36119156 19.77948472 
  8.412500e-01  7.36119156 19.77948472 
  8.425000e-01  7.36119156 19.77948472 
  8.437500e-01  7.36119156 19.77948472 
  8.450000e-01  7.36119156 19.77948472 
  8.462500e-01  7.36119156 19.77948472 
  8.475000e-01  7.36119156 19.77948471 
  8.487500e-01  7.36119156 19.77948471 
  8.500000e-01  7.36119156 19.77948471 
  8.512500e-01  7.36119156 19.77948471 
  8.525000e-01  7.36119156 19.77948471 
  8.537500e-01  7.36119156 19.77948471 
  8.550000e-01  7.36119156 19.77948471 
  8.562500e-01  7.36119156 19.77948471 
  8.575000e-01  7.36119156 19.77948471 
  8.587500e-01  7.36119156 19.77948471 
  8.600000e-01  7.36119156 19.77948471 
  8.612500e-01  7.36119156 19.77948471 
  8.625000e-01  7.36119156 19.77948471 
  8.637500e-01  7.36119156 19.77948471 
  8.650000e-01  7.36119156 19.77948471 
  8.662500e-01  7.36119156 19.77948471 
  8.675000e-01  7.36119156 19.77948471 
  8.687500e-01  7.36119156 19.77948471 
  8.700000e-01  7.36119156 19.77948471 
  8.712500e-01  7.36119156 19.77948471 
  8.725000e-01  7.36119156 19.77948471 
  8.737500e-01  7.36119156 19.77948471 
  8.750000e-01  7.36119156 19.77948471 
  8.762500e-01  7.36119156 19.77948470 
  8.775000e-01  7.36119156 19.77948470 
  8.787500e-01  7.36119156 19.77948470 
  8.800000e-01  7.36119156 19.77948470 
  8.812500e-01  7.36119156 19.77948470 
  8.825000e-01  7.36119156 19.77948470 
  8.837500e-01  7.36119156 19.77948470 
  8.850000e-01  7.36119156 19.77948470 
  8.862500e-01  7.36119156 19.77948470 
  8.875000e-01  7.36119156 19.77948470 
  8.887500e-01  7.36119156 19.77948470 
  8.900000e-01  7.36119156 19.77948470 
  8.912500e-01  7.36119156 19.77948470 
  8.925000e-01  7.36119156 19.77948470 
  8.937500e-01  7.36119156 19.77948470 
  8.950000e-01  7.36119156 19.77948470 
  8.962500e-01  7.36119156 19.77948470 
  8.975000e-01  7.36119156 19.77948470 
  8.987500e-01  7.36119156 19.77948470 
  9.000000e-01  7.36119156 19.77948470 
  9.012500e-01  7.36119156 19.77948469 
  9.025000e-01  7.36119156 19.77948469 
  9.037500e-01  7.36119156 19.77948469 
  9.050000e-01  7.36119156 19.77948469 
  9.062500e-01  7.36119156 19.77948469 
  9.075000e-01  7.36119156 19.77948469 
  9.087500e-01  7.36119156 19.77948469 
  9.100000e-01  7.36119156 19.77948469 
  9.112500e-01  7.36119156 19.77948469 
  9.125000e-01  7.36119156 19.77948469 
  9.137500e-01  7.36119156 19.77948469 
  9.150000e-01  7.36119156 19.77948469 
  9.162500e-01  7.36119156 19.77948469 
  9.175000e-01  7.36119156 19.77948469 
  9.187500e-01  7.36119156 19.77948469 
  9.200000e-01  7.36119156 19.77948469 
  9.212500e-01  7.36119156 19.77948469 
  9.225000e-01  7.36119156 19.77948469 
  9.237500e-01  7.36119156 19.77948469 
  9.250000e-01  7.36119156 19.77948468 
  9.262500e-01  7.36119156 19.77948468 
  9.275000e-01  7.36119156 19.77948468 
  9.287500e-01  7.36119156 19.77948468 
  9.300000e-01  7.36119156 19.77948468 
  9.312500e-01  7.36119156 19.77948468 
  9.325000e-01  7.36119156 19.77948468 
  9.337500e-01  7.36119156 19.77948468 
  9.350000e-01  7.36119156 19.77948468 
  9.362500e-01  7.36119156 19.77948468 
  9.375000e-01  7.36119156 19.77948468 
  9.387500e-01  7.36119156 19.77948468 
  9.400000e-01  7.36119156 19.77948468 
  9.412500e-01  7.36119156 19.77948468 
  9.425000e-01  7.36119156 19.77948468 
  9.437500e-01  7.36119156 19.77948468 
  9.450000e-01  7.36119156 19.77948468 
  9.462500e-01  7.36119156 19.77948468 
  9.475000e-01  7.36119156 19.77948467 
  9.487500e-01  7.36119156 19.77948467 
  9.500000e-01  7.36119156 19.77948467 
  9.512500e-01  7.36119156 19.77948467 
  9.525000e-01  7.36119156 19.77948467 
  9.537500e-01  7.36119156 19.77948467 
  9.550000e-01  7.36119156 19.77948467 
  9.562500e-01  7.36119156 19.77948467 
  9.575000e-01  7.36119156 19.77948467 
  9.587500e-01  7.36119156 19.77948467 
  9.600000e-01  7.36119156 19.77948467 
  9.612500e-01  7.36119156 19.77948467 
  9.625000e-01  7.36119156 19.77948467 
  9.637500e-01  7.36119156 19.77948467 
  9.650000e-01  7.36119156 19.77948467 
  9.662500e-01  7.36119156 19.77948467 
  9.675000e-01  7.36119156 19.77948467 
  9.687500e-01  7.36119156 19.77948467 
  9.700000e-01  7.36119156 19.77948466 
  9.712500e-01  7.36119156 19.77948466 
  9.725000e-01  7.36119156 19.77948466 
  9.737500e-01  7.36119156 19.77948466 
  9.750000e-01  7.36119156 19.77948466 
  9.762500e-01  7.36119156 19.77948466 
  9.775000e-01  7.36119156 19.77948466 
  9.787500e-01  7.36119156 19.77948466 
  9.800000e-01  7.36119156 19.77948466 
  9.812500e-01  7.36119156 19.77948466 
  9.825000e-01  7.36119156 19.77948466 
  9.837500e-01  7.36119156 19.77948466 
  9.850000e-01  7.36119156 19.77948466 
  9.862500e-01  7.36119156 19.77948466 
  9.875000e-01  7.36119156 19.77948466 
  9.887500e-01  7.36119156 19.77948466 
  9.900000e-01  7.36119156 19.77948466 
  9.912500e-01  7.36119156 19.77948466 
  9.925000e-01  7.36119156 19.77948465 
  9.937500e-01  7.36119156 19.77948465 
  9.950000e-01  7.36119156 19.77948465 
  9.962500e-01  7.36119156 19.77948465 
  9.975000e-01  7.36119156 19.77948465 
  9.987500e-01  7.36119156 19.77948465 
  1.000000e+00  7.36119156 19.77948465 
  1.001250e+00  7.36119156 19.77948465 
  1.002500e+00  7.36119156 19.77948465 
  1.003750e+00  7.36119156 19.77948465 
  1.005000e+00  7.36119156 19.77948465 
  1.006250e+00  7.36119156 19.77948465 
  1.007500e+00  7.36119156 19.77948465 
  1.008750e+00  7.36119156 19.77948465 
  1.010000e+00  7.36119156 19.77948465 
  1.011250e+00  7.36119156 19.77948465 
  1.012500e+00  7.36119156 19.77948465 
  1.013750e+00  7.36119156 19.77948465 
  1.015000e+00  7.36119156 19.77948465 
  1.016250e+00  7.36119156 19.77948464 
  1.017500e+00  7.36119156 19.77948464 
  1.018750e+00  7.36119156 19.77948464 
  1.020000e+00  7.36119156 19.77948464 
  1.021250e+00  7.36119156 19.77948464 
  1.022500e+00  7.36119156 19.77948464 
  1.023750e+00  7.36119156 19.77948464 
  1.025000e+00  7.36119156 19.77948464 
  1.026250e+00  7.36119156 19.77948464 
  1.027500e+00  7.36119156 19.77948464 
  1.028750e+00  7.36119156 19.77948464 
  1.030000e+00  7.36119156 19.77948464 
  1.031250e+00  7.36119156 19.77948464 
  1.032500e+00  7.36119156 19.77948464 
  1.033750e+00  7.36119156 19.77948464 
  1.035000e+00  7.36119156 19.77948464 
  1.036250e+00  7.36119156 19.77948464 
  1.037500e+00  7.36119156 19.77948464 
  1.038750e+00  7.36119156 19.77948464 
  1.040000e+00  7.36119156 19.77948464 
  1.041250e+00  7.36119156 19.77948463 
  1.042500e+00  7.36119156 19.77948463 
  1.043750e+00  7.36119156 19.77948463 
  1.045000e+00  7.36119156 19.77948463 
  1.046250e+00  7.36119156 19.77948463 
  1.047500e+00  7.36119156 19.77948463 
  1.048750e+00  7.36119156 19.77948463 
  1.050000e+00  7.36119156 19.77948463 
  1.051250e+00  7.36119156 19.77948463 
  1.052500e+00  7.36119156 19.77948463 
  1.053750e+00  7.36119156 19.77948463 
  1.055000e+00  7.36119156 19.77948463 
  1.056250e+00  7.36119156 19.77948463 
  1.057500e+00  7.36119156 19.77948463 
  1.058750e+00  7.36119156 19.77948463 
  1.060000e+00  7.36119156 19.77948463 
  1.061250e+00  7.36119156 19.77948463 
  1.062500e+00  7.36119156 19.77948463 
  1.063750e+00  7.36119156 19.77948463 
  1.065000e+00  7.36119156 19.77948463 
  1.066250e+00  7.36119156 19.77948463 
  1.067500e+00  7.36119156 19.77948463 
  1.068750e+00  7.36119156 19.77948462 
  1.070000e+00  7.36119156 19.77948462 
  1.071250e+00  7.36119156 19.77948462 
  1.072500e+00  7.36119156 19.77948462 
  1.073750e+00  7.36119156 19.77948462 
  1.075000e+00  7.36119156 19.77948462 
  1.076250e+00  7.36119156 19.77948462 
  1.077500e+00  7.36119156 19.77948462 
  1.078750e+00  7.36119156 19.77948462 
  1.080000e+00  7.36119156 19.77948462 
  1.081250e+00  7.36119156 19.77948462 
  1.082500e+00  7.36119156 19.77948462 
  1.083750e+00  7.36119156 19.77948462 
  1.085000e+00  7.36119156 19.77948462 
  1.086250e+00  7.36119156 19.77948462 
  1.087500e+00  7.36119156 19.77948462 
  1.088750e+00  7.36119156 19.77948462 
  1.090000e+00  7.36119156 19.77948462 
  1.091250e+00  7.36119156 19.77948462 
  1.092500e+00  7.36119156 19.77948462 
  1.093750e+00  7.36119156 19.77948462 
  1.095000e+00  7.36119156 19.77948462 
  1.096250e+00  7.36119156 19.77948462 
  1.097500e+00  7.36119156 19.77948462 
  1.098750e+00  7.36119156 19.77948461 
  1.100000e+00  7.36119156 19.77948461 
  1.101250e+00  7.36119156 19.77948461 
  1.102500e+00  7.36119156 19.77948461 
  1.103750e+00  7.36119156 19.77948461 
  1.105000e+00  7.36119156 19.77948461 
  1.106250e+00  7.36119156 19.77948461 
  1.107500e+00  7.36119156 19.77948461 
  1.108750e+00  7.36119156 19.77948461 
  1.110000e+00  7.36119156 19.77948461 
  1.111250e+00  7.36119156 19.77948461 
  1.112500e+00  7.36119156 19.77948461 
  1.113750e+00  7.36119156 19.77948461 
  1.115000e+00  7.36119156 19.77948461 
  1.116250e+00  7.36119156 19.77948461 
  1.117500e+00  7.36119156 19.77948461 
  1.118750e+00  7.36119156 19.77948461 
  1.120000e+00  7.36119156 19.77948461 
  1.121250e+00  7.36119156 19.77948461 
  1.122500e+00  7.36119156 19.77948461 
  1.123750e+00  7.36119156 19.77948461 
  1.125000e+00  7.36119156 19.77948461 
  1.126250e+00  7.36119156 19.77948461 
  1.127500e+00  7.36119156 19.77948461 
  1.128750e+00  7.36119156 19.77948461 
  1.130000e+00  7.36119156 19.77948461 
  1.131250e+00  7.36119156 19.77948461 
  1.132500e+00  7.36119156 19.77948461 
  1.133750e+00  7.36119156 19.77948461 
  1.135000e+00  7.36119156 19.77948460 
  1.136250e+00  7.36119156 19.77948460 
  1.137500e+00  7.36119156 19.77948460 
  1.138750e+00  7.36119156 19.77948460 
  1.140000e+00  7.36119156 19.77948460 
  1.141250e+00  7.36119156 19.77948460 
  1.142500e+00  7.36119156 19.77948460 
  1.143750e+00  7.36119156 19.77948460 
  1.145000e+00  7.36119156 19.77948460 
  1.146250e+00  7.36119156 19.77948460 
  1.147500e+00  7.36119156 19.77948460 
  1.148750e+00  7.36119156 19.77948460 
  1.150000e+00  7.36119156 19.77948460 
  1.151250e+00  7.36119156 19.77948460 
  1.152500e+00  7.36119156 19.77948460 
  1.153750e+00  7.36119156 19.77948460 
  1.155000e+00  7.36119156 19.77948460 
  1.156250e+00  7.36119156 19.77948460 
  1.157500e+00  7.36119156 19.77948460 
  1.158750e+00  7.36119156 19.77948460 
  1.160000e+00  7.36119156 19.77948460 
  1.161250e+00  7.36119156 19.77948460 
  1.162500e+00  7.36119156 19.77948460 
  1.163750e+00  7.36119156 19.77948460 
  1.165000e+00  7.36119156 19.77948460 
  1.166250e+00  7.36119156 19.77948460 
  1.167500e+00  7.36119156 19.77948460 
  1.168750e+00  7.36119156 19.77948460 
  1.170000e+00  7.36119156 19.77948460 
  1.171250e+00  7.36119156 19.77948460 
  1.172500e+00  7.36119156 19.77948460 
  1.173750e+00  7.36119156 19.77948460 
  1.175000e+00  7.36119156 19.77948460 
  1.176250e+00  7.36119156 19.77948460 
  1.177500e+00  7.36119156 19.77948460 
  1.178750e+00  7.36119156 19.77948460 
  1.180000e+00  7.36119156 19.77948460 
  1.181250e+00  7.36119156 19.77948460 
  1.182500e+00  7.36119156 19.77948460 
  1.183750e+00  7.36119156 19.77948459 
  1.185000e+00  7.36119156 19.77948459 
  1.186250e+00  7.36119156 19.77948459 
  1.187500e+00  7.36119156 19.77948459 
  1.188750e+00  7.36119156 19.77948459 
  1.190000e+00  7.36119156 19.77948459 
  1.191250e+00  7.36119156 19.77948459 
  1.192500e+00  7.36119156 19.77948459 
  1.193750e+00  7.36119156 19.77948459 
  1.195000e+00  7.36119156 19.77948459 
  1.196250e+00  7.36119156 19.77948459 
  1.197500e+00  7.36119156 19.77948459 
  1.198750e+00  7.36119156 19.77948459 
  1.200000e+00  7.36119156 19.77948459 
  1.201250e+00  7.36119156 19.77948459 
  1.202500e+00  7.36119156 19.77948459 
  1.203750e+00  7.36119156 19.77948459 
  1.205000e+00  7.36119156 19.77948459 
  1.206250e+00  7.36119156 19.77948459 
  1.207500e+00  7.36119156 19.77948459 
  1.208750e+00  7.36119156 19.77948459 
  1.210000e+00  7.36119156 19.77948459 
  1.211250e+00  7.36119156 19.77948459 
  1.212500e+00  7.36119156 19.77948459 
  1.213750e+00  7.36119156 19.77948459 
  1.215000e+00  7.36119156 19.77948459 
  1.216250e+00  7.36119156 19.77948459 
  1.217500e+00  7.36119156 19.77948459 
  1.218750e+00  7.36119156 19.77948459 
  1.220000e+00  7.36119156 19.77948459 
  1.221250e+00  7.36119156 19.77948459 
  1.222500e+00  7.36119156 19.77948459 
  1.223750e+00  7.36119156 19.77948459 
  1.225000e+00  7.36119156 19.77948459 
  1.226250e+00  7.36119156 19.77948459 
  1.227500e+00  7.36119156 19.77948459 
  1.228750e+00  7.36119156 19.77948459 
  1.230000e+00  7.36119156 19.77948459 
  1.231250e+00  7.36119156 19.77948459 
  1.232500e+00  7.36119156 19.77948459 
  1.233750e+00  7.36119156 19.77948459 
  1.235000e+00  7.36119156 19.77948459 
  1.236250e+00  7.36119156 19.77948459 
  1.237500e+00  7.36119156 19.77948459 
  1.238750e+00  7.36119156 19.77948459 
  1.240000e+00  7.36119156 19.77948459 
  1.241250e+00  7.36119156 19.77948459 
  1.242500e+00  7.36119156 19.77948459 
  1.243750e+00  7.36119156 19.77948459 
  1.245000e+00  7.36119156 19.77948459 
  1.246250e+00  7.36119156 19.77948459 
  1.247500e+00  7.36119156 19.77948459 
  1.248750e+00  7.36119156 19.77948459 
  1.250000e+00  7.36119156 19.77948459 
  1.251250e+00  7.36119156 19.77948459 
  1.252500e+00  7.36119156 19.77948459 
  1.253750e+00  7.36119156 19.77948459 
  1.255000e+00  7.36119156 19.77948459 
  1.256250e+00  7.36119156 19.77948459 
  1.257500e+00  7.36119156 19.77948459 
  1.258750e+00  7.36119156 19.77948459 
  1.260000e+00  7.36119156 19.77948459 
  1.261250e+00  7.36119156 19.77948459 
  1.262500e+00  7.36119156 19.77948459 
  1.263750e+00  7.36119156 19.77948459 
  1.265000e+00  7.36119156 19.77948459 
  1.266250e+00  7.36119156 19.77948459 
  1.267500e+00  7.36119156 19.77948459 
  1.268750e+00  7.36119156 19.77948459 
  1.270000e+00  7.36119156 19.77948459 
  1.271250e+00  7.36119156 19.77948459 
  1.272500e+00  7.36119156 19.77948459 
  1.273750e+00  7.36119156 19.77948459 
  1.275000e+00  7.36119156 19.77948459 
  1.276250e+00  7.36119156 19.77948459 
  1.277500e+00  7.36119156 19.77948459 
  1.278750e+00  7.36119156 19.77948459 
  1.280000e+00  7.36119156 19.77948459 
  1.281250e+00  7.36119156 19.77948459 
  1.282500e+00  7.36119156 19.77948459 
  1.283750e+00  7.36119156 19.77948459 
  1.285000e+00  7.36119156 19.77948459 
  1.286250e+00  7.36119156 19.77948459 
  1.287500e+00  7.36119156 19.77948459 
  1.288750e+00  7.36119156 19.77948459 
  1.290000e+00  7.36119156 19.77948459 
  1.291250e+00  7.36119156 19.77948459 
  1.292500e+00  7.36119156 19.77948459 
  1.293750e+00  7.36119156 19.77948459 
  1.295000e+00  7.36119156 19.77948459 
  1.296250e+00  7.36119156 19.77948459 
  1.297500e+00  7.36119156 19.77948459 
  1.298750e+00  7.36119156 19.77948459 
  1.300000e+00  7.36119156 19.77948459 
  1.301250e+00  7.36119156 19.77948459 
  1.302500e+00  7.36119156 19.77948459 
  1.303750e+00  7.36119156 19.77948459 
  1.305000e+00  7.36119156 19.77948459 
  1.306250e+00  7.36119156 19.77948459 
  1.307500e+00  7.36119156 19.77948459 
  1.308750e+00  7.36119156 19.77948459 
  1.310000e+00  7.36119156 19.77948459 
  1.311250e+00  7.36119156 19.77948459 
  1.312500e+00  7.36119156 19.77948459 
  1.313750e+00  7.36119156 19.77948459 
  1.315000e+00  7.36119156 19.77948459 
  1.316250e+00  7.36119156 19.77948459 
  1.317500e+00  7.36119156 19.77948459 
  1.318750e+00  7.36119156 19.77948459 
  1.320000e+00  7.36119156 19.77948459 
  1.321250e+00  7.36119156 19.77948459 
  1.322500e+00  7.36119156 19.77948459 
  1.323750e+00  7.36119156 19.77948459 
  1.325000e+00  7.36119156 19.77948459 
  1.326250e+00  7.36119156 19.77948459 
  1.327500e+00  7.36119156 19.77948459 
  1.328750e+00  7.36119156 19.77948459 
  1.330000e+00  7.36119156 19.77948459 
  1.331250e+00  7.36119156 19.77948459 
  1.332500e+00  7.36119156 19.77948459 
  1.333750e+00  7.36119156 19.77948459 
  1.335000e+00  7.36119156 19.77948459 
  1.336250e+00  7.36119156 19.77948459 
  1.337500e+00  7.36119156 19.77948459 
  1.338750e+00  7.36119156 19.77948459 
  1.340000e+00  7.36119156 19.77948459 
  1.341250e+00  7.36119156 19.77948459 
  1.342500e+00  7.36119156 19.77948459 
  1.343750e+00  7.36119156 19.77948459 
  1.345000e+00  7.36119156 19.77948459 
  1.346250e+00  7.36119156 19.77948459 
  1.347500e+00  7.36119156 19.77948459 
  1.348750e+00  7.36119156 19.77948459 
  1.350000e+00  7.36119156 19.77948459 
  1.351250e+00  7.36119156 19.77948459 
  1.352500e+00  7.36119156 19.77948459 
  1.353750e+00  7.36119156 19.77948459 
  1.355000e+00  7.36119156 19.77948459 
  1.356250e+00  7.36119156 19.77948459 
  1.357500e+00  7.36119156 19.77948459 
  1.358750e+00  7.36119156 19.77948459 
  1.360000e+00  7.36119156 19.77948459 
  1.361250e+00  7.36119156 19.77948459 
  1.362500e+00  7.36119156 19.77948459 
  1.363750e+00  7.36119156 19.77948459 
  1.365000e+00  7.36119156 19.77948459 
  1.366250e+00  7.36119156 19.77948459 
  1.367500e+00  7.36119156 19.77948459 
  1.368750e+00  7.36119156 19.77948459 
  1.370000e+00  7.36119156 19.77948459 
  1.371250e+00  7.36119156 19.77948459 
  1.372500e+00  7.36119156 19.77948459 
  1.373750e+00  7.36119156 19.77948459 
  1.375000e+00  7.36119156 19.77948459 
  1.376250e+00  7.36119156 19.77948459 
  1.377500e+00  7.36119156 19.77948459 
  1.378750e+00  7.36119156 19.77948459 
  1.380000e+00  7.36119156 19.77948459 
  1.381250e+00  7.36119156 19.77948459 
  1.382500e+00  7.36119156 19.77948459 
  1.383750e+00  7.36119156 19.77948459 
  1.385000e+00  7.36119156 19.77948459 
  1.386250e+00  7.36119156 19.77948459 
  1.387500e+00  7.36119156 19.77948459 
  1.388750e+00  7.36119156 19.77948459 
  1.390000e+00  7.36119156 19.77948459 
  1.391250e+00  7.36119156 19.77948459 
  1.392500e+00  7.36119156 19.77948459 
  1.393750e+00  7.36119156 19.77948459 
  1.395000e+00  7.36119156 19.77948459 
  1.396250e+00  7.36119156 19.77948459 
  1.397500e+00  7.36119156 19.77948459 
  1.398750e+00  7.36119156 19.77948459 
  1.400000e+00  7.36119156 19.77948459 
  1.401250e+00  7.36119156 19.77948459 
  1.402500e+00  7.36119156 19.77948459 
  1.403750e+00  7.36119156 19.77948459 
  1.405000e+00  7.36119156 19.77948459 
  1.406250e+00  7.36119156 19.77948459 
  1.407500e+00  7.36119156 19.77948459 
  1.408750e+00  7.36119156 19.77948459 
  1.410000e+00  7.36119156 19.77948459 
  1.411250e+00  7.36119156 19.77948459 
  1.412500e+00  7.36119156 19.77948459 
  1.413750e+00  7.36119156 19.77948459 
  1.415000e+00  7.36119156 19.77948459 
  1.416250e+00  7.36119156 19.77948459 
  1.417500e+00  7.36119156 19.77948459 
  1.418750e+00  7.36119156 19.77948459 
  1.420000e+00  7.36119156 19.77948459 
  1.421250e+00  7.36119156 19.77948459 
  1.422500e+00  7.36119156 19.77948459 
  1.423750e+00  7.36119156 19.77948459 
  1.425000e+00  7.36119156 19.77948459 
  1.426250e+00  7.36119156 19.77948459 
  1.427500e+00  7.36119156 19.77948459 
  1.428750e+00  7.36119156 19.77948459 
  1.430000e+00  7.36119156 19.77948459 
  1.431250e+00  7.36119156 19.77948459 
  1.432500e+00  7.36119156 19.77948459 
  1.433750e+00  7.36119156 19.77948459 
  1.435000e+00  7.36119156 19.77948459 
  1.436250e+00  7.36119156 19.77948459 
  1.437500e+00  7.36119156 19.77948459 
  1.438750e+00  7.36119156 19.77948459 
  1.440000e+00  7.36119156 19.77948459 
  1.441250e+00  7.36119156 19.77948459 
  1.442500e+00  7.36119156 19.77948459 
  1.443750e+00  7.36119156 19.77948459 
  1.445000e+00  7.36119156 19.77948459 
  1.446250e+00  7.36119156 19.77948459 
  1.447500e+00  7.36119156 19.77948459 
  1.448750e+00  7.36119156 19.77948459 
  1.450000e+00  7.36119156 19.77948459 
  1.451250e+00  7.36119156 19.77948459 
  1.452500e+00  7.36119156 19.77948459 
  1.453750e+00  7.36119156 19.77948459 
  1.455000e+00  7.36119156 19.77948459 
  1.456250e+00  7.36119156 19.77948460 
  1.457500e+00  7.36119156 19.77948460 
  1.458750e+00  7.36119156 19.77948460 
  1.460000e+00  7.36119156 19.77948460 
  1.461250e+00  7.36119156 19.77948460 
  1.462500e+00  7.36119156 19.77948460 
  1.463750e+00  7.36119156 19.77948460 
  1.465000e+00  7.36119156 19.77948460 
  1.466250e+00  7.36119156 19.77948460 
  1.467500e+00  7.36119156 19.77948460 
  1.468750e+00  7.36119156 19.77948460 
  1.470000e+00  7.36119156 19.77948460 
  1.471250e+00  7.36119156 19.77948460 
  1.472500e+00  7.36119156 19.77948460 
  1.473750e+00  7.36119156 19.77948460 
  1.475000e+00  7.36119156 19.77948460 
  1.476250e+00  7.36119156 19.77948460 
  1.477500e+00  7.36119156 19.77948460 
  1.478750e+00  7.36119156 19.77948460 
  1.480000e+00  7.36119156 19.77948460 
  1.481250e+00  7.36119156 19.77948460 
  1.482500e+00  7.36119156 19.77948460 
  1.483750e+00  7.36119156 19.77948460 
  1.485000e+00  7.36119156 19.77948460 
  1.486250e+00  7.36119156 19.77948460 
  1.487500e+00  7.36119156 19.77948460 
  1.488750e+00  7.36119156 19.77948460 
  1.490000e+00  7.36119156 19.77948460 
  1.491250e+00  7.36119156 19.77948460 
  1.492500e+00  7.36119156 19.77948460 
  1.493750e+00  7.36119156 19.77948460 
  1.495000e+00  7.36119156 19.77948460 
  1.496250e+00  7.36119156 19.77948460 
  1.497500e+00  7.36119156 19.77948460 
  1.498750e+00  7.36119156 19.77948460 
  1.500000e+00  7.36119156 19.77948460 
  1.501250e+00  7.36119156 19.77948460 
  1.502500e+00  7.36119156 19.77948460 
  1.503750e+00  7.36119156 19.77948460 
  1.505000e+00  7.36119156 19.77948460 
  1.506250e+00  7.36119156 19.77948460 
  1.507500e+00  7.36119156 19.77948460 
  1.508750e+00  7.36119156 19.77948460 
  1.510000e+00  7.36119156 19.77948460 
  1.511250e+00  7.36119156 19.77948460 
  1.512500e+00  7.36119156 19.77948460 
  1.513750e+00  7.36119156 19.77948460 
  1.515000e+00  7.36119156 19.77948460 
  1.516250e+00  7.36119156 19.77948460 
  1.517500e+00  7.36119156 19.77948460 
  1.518750e+00  7.36119156 19.77948460 
  1.520000e+00  7.36119156 19.77948460 
  1.521250e+00  7.36119156 19.77948460 
  1.522500e+00  7.36119156 19.77948460 
  1.523750e+00  7.36119156 19.77948460 
  1.525000e+00  7.36119156 19.77948460 
  1.526250e+00  7.36119156 19.77948460 
  1.527500e+00  7.36119156 19.77948460 
  1.528750e+00  7.36119156 19.77948460 
  1.530000e+00  7.36119156 19.77948460 
  1.531250e+00  7.36119156 19.77948460 
  1.532500e+00  7.36119156 19.77948460 
  1.533750e+00  7.36119156 19.77948461 
  1.535000e+00  7.36119156 19.77948461 
  1.536250e+00  7.36119156 19.77948461 
  1.537500e+00  7.36119156 19.77948461 
  1.538750e+00  7.36119156 19.77948461 
  1.540000e+00  7.36119156 19.77948461 
  1.541250e+00  7.36119156 19.77948461 
  1.542500e+00  7.36119156 19.77948461 
  1.543750e+00  7.36119156 19.77948461 
  1.545000e+00  7.36119156 19.77948461 
  1.546250e+00  7.36119156 19.77948461 
  1.547500e+00  7.36119156 19.77948461 
  1.548750e+00  7.36119156 19.77948461 
  1.550000e+00  7.36119156 19.77948461 
  1.551250e+00  7.36119156 19.77948461 
  1.552500e+00  7.36119156 19.77948461 
  1.553750e+00  7.36119156 19.77948461 
  1.555000e+00  7.36119156 19.77948461 
  1.556250e+00  7.36119156 19.77948461 
  1.557500e+00  7.36119156 19.77948461 
  1.558750e+00  7.36119156 19.77948461 
  1.560000e+00  7.36119156 19.77948461 
  1.561250e+00  7.36119156 19.77948461 
  1.562500e+00  7.36119156 19.77948461 
  1.563750e+00  7.36119156 19.77948461 
  1.565000e+00  7.36119156 19.77948461 
  1.566250e+00  7.36119156 19.77948461 
  1.567500e+00  7.36119156 19.77948461 
  1.568750e+00  7.36119156 19.77948461 
  1.570000e+00  7.36119156 19.77948461 
  1.571250e+00  7.36119156 19.77948461 
  1.572500e+00  7.36119156 19.77948461 
  1.573750e+00  7.36119156 19.77948461 
  1.575000e+00  7.36119156 19.77948461 
  1.576250e+00  7.36119156 19.77948461 
  1.577500e+00  7.36119156 19.77948461 
  1.578750e+00  7.36119156 19.77948461 
  1.580000e+00  7.36119156 19.77948461 
  1.581250e+00  7.36119156 19.77948461 
  1.582500e+00  7.36119156 19.77948461 
  1.583750e+00  7.36119156 19.77948461 
  1.585000e+00  7.36119156 19.77948461 
  1.586250e+00  7.36119156 19.77948461 
  1.587500e+00  7.36119156 19.77948461 
  1.588750e+00  7.36119156 19.77948461 
  1.590000e+00  7.36119156 19.77948461 
  1.591250e+00  7.36119156 19.77948461 
  1.592500e+00  7.36119156 19.77948461 
  1.593750e+00  7.36119156 19.77948461 
  1.595000e+00  7.36119156 19.77948461 
  1.596250e+00  7.36119156 19.77948461 
  1.597500e+00  7.36119156 19.77948461 
  1.598750e+00  7.36119156 19.77948461 
  1.600000e+00  7.36119156 19.77948461 
  1.601250e+00  7.36119156 19.77948461 
  1.602500e+00  7.36119156 19.77948461 
  1.603750e+00  7.36119156 19.77948462 
  1.605000e+00  7.36119156 19.77948462 
  1.606250e+00  7.36119156 19.77948462 
  1.607500e+00  7.36119156 19.77948462 
  1.608750e+00  7.36119156 19.77948462 
  1.610000e+00  7.36119156 19.77948462 
  1.611250e+00  7.36119156 19.77948462 
  1.612500e+00  7.36119156 19.77948462 
  1.613750e+00  7.36119156 19.77948462 
  1.615000e+00  7.36119156 19.77948462 
  1.616250e+00  7.36119156 19.77948462 
  1.617500e+00  7.36119156 19.77948462 
  1.618750e+00  7.36119156 19.77948462 
  1.620000e+00  7.36119156 19.77948462 
  1.621250e+00  7.36119156 19.77948462 
  1.622500e+00  7.36119156 19.77948462 
  1.623750e+00  7.36119156 19.77948462 
  1.625000e+00  7.36119156 19.77948462 
  1.626250e+00  7.36119156 19.77948462 
  1.627500e+00  7.36119156 19.77948462 
  1.628750e+00  7.36119156 19.77948462 
  1.630000e+00  7.36119156 19.77948462 
  1.631250e+00  7.36119156 19.77948462 
  1.632500e+00  7.36119156 19.77948462 
  1.633750e+00  7.36119156 19.77948462 
  1.635000e+00  7.36119156 19.77948462 
  1.636250e+00  7.36119156 19.77948462 
  1.637500e+00  7.36119156 19.77948462 
  1.638750e+00  7.36119156 19.77948462 
  1.640000e+00  7.36119156 19.77948462 
  1.641250e+00  7.36119156 19.77948462 
  1.642500e+00  7.36119156 19.77948462 
  1.643750e+00  7.36119156 19.77948462 
  1.645000e+00  7.36119156 19.77948462 
  1.646250e+00  7.36119156 19.77948462 
  1.647500e+00  7.36119156 19.77948462 
  1.648750e+00  7.36119156 19.77948462 
  1.650000e+00  7.36119156 19.77948462 
  1.651250e+00  7.36119156 19.77948462 
  1.652500e+00  7.36119156 19.77948462 
  1.653750e+00  7.36119156 19.77948462 
  1.655000e+00  7.36119156 19.77948462 
  1.656250e+00  7.36119156 19.77948462 
  1.657500e+00  7.36119156 19.77948462 
  1.658750e+00  7.36119156 19.77948462 
  1.660000e+00  7.36119156 19.77948462 
  1.661250e+00  7.36119156 19.77948462 
  1.662500e+00  7.36119156 19.77948462 
  1.663750e+00  7.36119156 19.77948462 
  1.665000e+00  7.36119156 19.77948462 
  1.666250e+00  7.36119156 19.77948462 
  1.667500e+00  7.36119156 19.77948462 
  1.668750e+00  7.36119156 19.77948462 
  1.670000e+00  7.36119156 19.77948462 
  1.671250e+00  7.36119156 19.77948462 
  1.672500e+00  7.36119156 19.77948462 
  1.673750e+00  7.36119156 19.77948463 
  1.675000e+00  7.36119156 19.77948463 
  1.676250e+00  7.36119156 19.77948463 
  1.677500e+00  7.36119156 19.77948463 
  1.678750e+00  7.36119156 19.77948463 
  1.680000e+00  7.36119156 19.77948463 
  1.681250e+00  7.36119156 19.77948463 
  1.682500e+00  7.36119156 19.77948463 
  1.683750e+00  7.36119156 19.77948463 
  1.685000e+00  7.36119156 19.77948463 
  1.686250e+00  7.36119156 19.77948463 
  1.687500e+00  7.36119156 19.77948463 
  1.688750e+00  7.36119156 19.77948463 
  1.690000e+00  7.36119156 19.77948463 
  1.691250e+00  7.36119156 19.77948463 
  1.692500e+00  7.36119156 19.77948463 
  1.693750e+00  7.36119156 19.77948463 
  1.695000e+00  7.36119156 19.77948463 
  1.696250e+00  7.36119156 19.77948463 
  1.697500e+00  7.36119156 19.77948463 
  1.698750e+00  7.36119156 19.77948463 
  1.700000e+00  7.36119156 19.77948463 
  1.701250e+00  7.36119156 19.77948463 
  1.702500e+00  7.36119156 19.77948463 
  1.703750e+00  7.36119156 19.77948463 
  1.705000e+00  7.36119156 19.77948463 
  1.706250e+00  7.36119156 19.77948463 
  1.707500e+00  7.36119156 19.77948463 
  1.708750e+00  7.36119156 19.77948463 
  1.710000e+00  7.36119156 19.77948463 
  1.711250e+00  7.36119156 19.77948463 
  1.712500e+00  7.36119156 19.77948463 
  1.713750e+00  7.36119156 19.77948463 
  1.715000e+00  7.36119156 19.77948463 
  1.716250e+00  7.36119156 19.77948463 
  1.717500e+00  7.36119156 19.77948463 
  1.718750e+00  7.36119156 19.77948463 
  1.720000e+00  7.36119156 19.77948463 
  1.721250e+00  7.36119156 19.77948463 
  1.722500e+00  7.36119156 19.77948463 
  1.723750e+00  7.36119156 19.77948463 
  1.725000e+00  7.36119156 19.77948463 
  1.726250e+00  7.36119156 19.77948463 
  1.727500e+00  7.36119156 19.77948463 
  1.728750e+00  7.36119156 19.77948463 
  1.730000e+00  7.36119156 19.77948463 
  1.731250e+00  7.36119156 19.77948463 
  1.732500e+00  7.36119156 19.77948463 
  1.733750e+00  7.36119156 19.77948463 
  1.735000e+00  7.36119156 19.77948463 
  1.736250e+00  7.36119156 19.77948463 
  1.737500e+00  7.36119156 19.77948463 
  1.738750e+00  7.36119156 19.77948463 
  1.740000e+00  7.36119156 19.77948463 
  1.741250e+00  7.36119156 19.77948463 
  1.742500e+00  7.36119156 19.77948463 
  1.743750e+00  7.36119156 19.77948463 
  1.745000e+00  7.36119156 19.77948463 
  1.746250e+00  7.36119156 19.77948464 
  1.747500e+00  7.36119156 19.77948464 
  1.748750e+00  7.36119156 19.77948464 
  1.750000e+00  7.36119156 19.77948464 
  1.751250e+00  7.36119156 19.77948464 
  1.752500e+00  7.36119156 19.77948464 
  1.753750e+00  7.36119156 19.77948464 
  1.755000e+00  7.36119156 19.77948464 
  1.756250e+00  7.36119156 19.77948464 
  1.757500e+00  7.36119156 19.77948464 
  1.758750e+00  7.36119156 19.77948464 
  1.760000e+00  7.36119156 19.77948464 
  1.761250e+00  7.36119156 19.77948464 
  1.762500e+00  7.36119156 19.77948464 
  1.763750e+00  7.36119156 19.77948464 
  1.765000e+00  7.36119156 19.77948464 
  1.766250e+00  7.36119156 19.77948464 
  1.767500e+00  7.36119156 19.77948464 
  1.768750e+00  7.36119156 19.77948464 
  1.770000e+00  7.36119156 19.77948464 
  1.771250e+00  7.36119156 19.77948464 
  1.772500e+00  7.36119156 19.77948464 
  1.773750e+00  7.36119156 19.77948464 
  1.775000e+00  7.36119156 19.77948464 
  1.776250e+00  7.36119156 19.77948464 
  1.777500e+00  7.36119156 19.77948464 
  1.778750e+00  7.36119156 19.77948464 
  1.780000e+00  7.36119156 19.77948464 
  1.781250e+00  7.36119156 19.77948464 
  1.782500e+00  7.36119156 19.77948464 
  1.783750e+00  7.36119156 19.77948464 
  1.785000e+00  7.36119156 19.77948464 
  1.786250e+00  7.36119156 19.77948464 
  1.787500e+00  7.36119156 19.77948464 
  1.788750e+00  7.36119156 19.77948464 
  1.790000e+00  7.36119156 19.77948464 
  1.791250e+00  7.36119156 19.77948464 
  1.792500e+00  7.36119156 19.77948464 
  1.793750e+00  7.36119156 19.77948464 
  1.795000e+00  7.36119156 19.77948464 
  1.796250e+00  7.36119156 19.77948464 
  1.797500e+00  7.36119156 19.77948464 
  1.798750e+00  7.36119156 19.77948464 
  1.800000e+00  7.36119156 19.77948464 
  1.801250e+00  7.36119156 19.77948464 
  1.802500e+00  7.36119156 19.77948464 
  1.803750e+00  7.36119156 19.77948464 
  1.805000e+00  7.36119156 19.77948464 
  1.806250e+00  7.36119156 19.77948464 
  1.807500e+00  7.36119156 19.77948464 
  1.808750e+00  7.36119156 19.77948464 
  1.810000e+00  7.36119156 19.77948464 
  1.811250e+00  7.36119156 19.77948464 
  1.812500e+00  7.36119156 19.77948464 
  1.813750e+00  7.36119156 19.77948464 
  1.815000e+00  7.36119156 19.77948464 
  1.816250e+00  7.36119156 19.77948464 
  1.817500e+00  7.36119156 19.77948464 
  1.818750e+00  7.36119156 19.77948464 
  1.820000e+00  7.36119156 19.77948464 
  1.821250e+00  7.36119156 19.77948464 
  1.822500e+00  7.36119156 19.77948464 
  1.823750e+00  7.36119156 19.77948464 
  1.825000e+00  7.36119156 19.77948464 
  1.826250e+00  7.36119156 19.77948464 
  1.827500e+00  7.36119156 19.77948465 
  1.828750e+00  7.36119156 19.77948465 
  1.830000e+00  7.36119156 19.77948465 
  1.831250e+00  7.36119156 19.77948465 
  1.832500e+00  7.36119156 19.77948465 
  1.833750e+00  7.36119156 19.77948465 
  1.835000e+00  7.36119156 19.77948465 
  1.836250e+00  7.36119156 19.77948465 
  1.837500e+00  7.36119156 19.77948465 
  1.838750e+00  7.36119156 19.77948465 
  1.840000e+00  7.36119156 19.77948465 
  1.841250e+00  7.36119156 19.77948465 
  1.842500e+00  7.36119156 19.77948465 
  1.843750e+00  7.36119156 19.77948465 
  1.845000e+00  7.36119156 19.77948465 
  1.846250e+00  7.36119156 19.77948465 
  1.847500e+00  7.36119156 19.77948465 
  1.848750e+00  7.36119156 19.77948465 
  1.850000e+00  7.36119156 19.77948465 
  1.851250e+00  7.36119156 19.77948465 
  1.852500e+00  7.36119156 19.77948465 
  1.853750e+00  7.36119156 19.77948465 
  1.855000e+00  7.36119156 19.77948465 
  1.856250e+00  7.36119156 19.77948465 
  1.857500e+00  7.36119156 19.77948465 
  1.858750e+00  7.36119156 19.77948465 
  1.860000e+00  7.36119156 19.77948465 
  1.861250e+00  7.36119156 19.77948465 
  1.862500e+00  7.36119156 19.77948465 
  1.863750e+00  7.36119156 19.77948465 
  1.865000e+00  7.36119156 19.77948465 
  1.866250e+00  7.36119156 19.77948465 
  1.867500e+00  7.36119156 19.77948465 
  1.868750e+00  7.36119156 19.77948465 
  1.870000e+00  7.36119156 19.77948465 
  1.871250e+00  7.36119156 19.77948465 
  1.872500e+00  7.36119156 19.77948465 
  1.873750e+00  7.36119156 19.77948465 
  1.875000e+00  7.36119156 19.77948465 
  1.876250e+00  7.36119156 19.77948465 
  1.877500e+00  7.36119156 19.77948465 
  1.878750e+00  7.36119156 19.77948465 
  1.880000e+00  7.36119156 19.77948465 
  1.881250e+00  7.36119156 19.77948465 
  1.882500e+00  7.36119156 19.77948465 
  1.883750e+00  7.36119156 19.77948465 
  1.885000e+00  7.36119156 19.77948465 
  1.886250e+00  7.36119156 19.77948465 
  1.887500e+00  7.36119156 19.77948465 
  1.888750e+00  7.36119156 19.77948465 
  1.890000e+00  7.36119156 19.77948465 
  1.891250e+00  7.36119156 19.77948465 
  1.892500e+00  7.36119156 19.77948465 
  1.893750e+00  7.36119156 19.77948465 
  1.895000e+00  7.36119156 19.77948465 
  1.896250e+00  7.36119156 19.77948465 
  1.897500e+00  7.36119156 19.77948465 
  1.898750e+00  7.36119156 19.77948465 
  1.900000e+00  7.36119156 19.77948465 
  1.901250e+00  7.36119156 19.77948465 
  1.902500e+00  7.36119156 19.77948465 
  1.903750e+00  7.36119156 19.77948465 
  1.905000e+00  7.36119156 19.77948465 
  1.906250e+00  7.36119156 19.77948465 
  1.907500e+00  7.36119156 19.77948465 
  1.908750e+00  7.36119156 19.77948465 
  1.910000e+00  7.36119156 19.77948465 
  1.911250e+00  7.36119156 19.77948465 
  1.912500e+00  7.36119156 19.77948465 
  1.913750e+00  7.36119156 19.77948465 
  1.915000e+00  7.36119156 19.77948465 
  1.916250e+00  7.36119156 19.77948465 
  1.917500e+00  7.36119156 19.77948465 
  1.918750e+00  7.36119156 19.77948465 
  1.920000e+00  7.36119156 19.77948466 
  1.921250e+00  7.36119156 19.77948466 
  1.922500e+00  7.36119156 19.77948466 
  1.923750e+00  7.36119156 19.77948466 
  1.925000e+00  7.36119156 19.77948466 
  1.926250e+00  7.36119156 19.77948466 
  1.927500e+00  7.36119156 19.77948466 
  1.928750e+00  7.36119156 19.77948466 
  1.930000e+00  7.36119156 19.77948466 
  1.931250e+00  7.36119156 19.77948466 
  1.932500e+00  7.36119156 19.77948466 
  1.933750e+00  7.36119156 19.77948466 
  1.935000e+00  7.36119156 19.77948466 
  1.936250e+00  7.36119156 19.77948466 
  1.937500e+00  7.36119156 19.77948466 
  1.938750e+00  7.36119156 19.77948466 
  1.940000e+00  7.36119156 19.77948466 
  1.941250e+00  7.36119156 19.77948466 
  1.942500e+00  7.36119156 19.77948466 
  1.943750e+00  7.36119156 19.77948466 
  1.945000e+00  7.36119156 19.77948466 
  1.946250e+00  7.36119156 19.77948466 
  1.947500e+00  7.36119156 19.77948466 
  1.948750e+00  7.36119156 19.77948466 
  1.950000e+00  7.36119156 19.77948466 
  1.951250e+00  7.36119156 19.77948466 
  1.952500e+00  7.36119156 19.77948466 
  1.953750e+00  7.36119156 19.77948466 
  1.955000e+00  7.36119156 19.77948466 
  1.956250e+00  7.36119156 19.77948466 
  1.957500e+00  7.36119156 19.77948466 
  1.958750e+00  7.36119156 19.77948466 
  1.960000e+00  7.36119156 19.77948466 
  1.961250e+00  7.36119156 19.77948466 
  1.962500e+00  7.36119156 19.77948466 
  1.963750e+00  7.36119156 19.77948466 
  1.965000e+00  7.36119156 19.77948466 
  1.966250e+00  7.36119156 19.77948466 
  1.967500e+00  7.36119156 19.77948466 
  1.968750e+00  7.36119156 19.77948466 
  1.970000e+00  7.36119156 19.77948466 
  1.971250e+00  7.36119156 19.77948466 
  1.972500e+00  7.36119156 19.77948466 
  1.973750e+00  7.36119156 19.77948466 
  1.975000e+00  7.36119156 19.77948466 
  1.976250e+00  7.36119156 19.77948466 
  1.977500e+00  7.36119156 19.77948466 
  1.978750e+00  7.36119156 19.77948466 
  1.980000e+00  7.36119156 19.77948466 
  1.981250e+00  7.36119156 19.77948466 
  1.982500e+00  7.36119156 19.77948466 
  1.983750e+00  7.36119156 19.77948466 
  1.985000e+00  7.36119156 19.77948466 
  1.986250e+00  7.36119156 19.77948466 
  1.987500e+00  7.36119156 19.77948466 
  1.988750e+00  7.36119156 19.77948466 
  1.990000e+00  7.36119156 19.77948466 
  1.991250e+00  7.36119156 19.77948466 
  1.992500e+00  7.36119156 19.77948466 
  1.993750e+00  7.36119156 19.77948466 
  1.995000e+00  7.36119156 19.77948466 
  1.996250e+00  7.36119156 19.77948466 
  1.997500e+00  7.36119156 19.77948466 
  1.998750e+00  7.36119156 19.77948466 
  2.000000e+00  7.36119156 19.77948466 
