  0.000000e+00  218.431789  60.424687
  2.500000e-03  215.769804  59.125923
  5.000000e-03  212.095080  58.243019
  7.500000e-03  208.580020  57.468377
  1.000000e-02  205.801728  56.536750
  1.250000e-02  203.959143  55.444132
  1.500000e-02  203.083965  54.262183
  1.750000e-02  203.106366  53.059029
  2.000000e-02  203.860582  51.883110
  2.250000e-02  205.090460  50.779480
  2.500000e-02  206.472977  49.771864
  2.750000e-02  207.681516  48.860263
  3.000000e-02  208.466216  48.038932
  3.250000e-02  208.709126  47.300653
  3.500000e-02  208.433794  46.639126
  3.750000e-02  207.770869  46.049352
  4.000000e-02  206.899446  45.525080
  4.250000e-02  205.991219  45.058381
  4.500000e-02  205.174910  44.641036
  4.750000e-02  204.523676  44.265550
  5.000000e-02  204.059368  43.925312
  5.250000e-02  203.765618  43.614439
  5.500000e-02  203.603438  43.327725
  5.750000e-02  203.525431  43.060724
  6.000000e-02  203.486644  42.809856
  6.250000e-02  203.451407  42.572434
  6.500000e-02  203.396383  42.346610
  6.750000e-02  203.310593  42.131252
  7.000000e-02  203.193355  41.925763
  7.250000e-02  203.051097  41.729890
  7.500000e-02  202.893904  41.543536
  7.750000e-02  202.732471  41.366620
  8.000000e-02  202.575913  41.199000
  8.250000e-02  202.430562  41.040433
  8.500000e-02  202.299673  40.890569
  8.750000e-02  202.183776  40.748956
  9.000000e-02  202.081390  40.615064
  9.250000e-02  201.989875  40.488306
  9.500000e-02  201.906210  40.368073
  9.750000e-02  201.827602  40.253762
  1.000000e-01  201.751860  40.144798
  1.025000e-01  201.677558  40.040653
  1.050000e-01  201.604010  39.940858
  1.075000e-01  201.531123  39.845005
  1.100000e-01  201.459198  39.752744
  1.125000e-01  201.388728  39.663786
  1.150000e-01  201.320220  39.577889
  1.175000e-01  201.254079  39.494853
  1.200000e-01  201.190537  39.414511
  1.225000e-01  201.129643  39.336723
  1.250000e-01  201.071279  39.261364
  1.275000e-01  201.015211  39.188325
  1.300000e-01  200.961139  39.117503
  1.325000e-01  200.908755  39.048797
  1.350000e-01  200.857784  38.982112
  1.375000e-01  200.808015  38.917353
  1.400000e-01  200.759312  38.854425
  1.425000e-01  200.711611  38.793238
  1.450000e-01  200.664909  38.733702
  1.475000e-01  200.619238  38.675734
  1.500000e-01  200.574647  38.619255
  1.525000e-01  200.531177  38.564189
  1.550000e-01  200.488851  38.510470
  1.575000e-01  200.447665  38.458034
  1.600000e-01  200.407585  38.406824
  1.625000e-01  200.368558  38.356789
  1.650000e-01  200.330514  38.307881
  1.675000e-01  200.293379  38.260055
  1.700000e-01  200.257083  38.213273
  1.725000e-01  200.221567  38.167495
  1.750000e-01  200.186784  38.122686
  1.775000e-01  200.152700  38.078812
  1.800000e-01  200.119292  38.035842
  1.825000e-01  200.086544  37.993743
  1.850000e-01  200.054445  37.952487
  1.875000e-01  200.022985  37.912043
  1.900000e-01  199.992151  37.872386
  1.925000e-01  199.961930  37.833488
  1.950000e-01  199.932305  37.795326
  1.975000e-01  199.903256  37.757874
  2.000000e-01  199.874764  37.721111
  2.025000e-01  199.846809  37.685017
  2.050000e-01  199.819371  37.649570
  2.075000e-01  199.792433  37.614752
  2.100000e-01  199.765978  37.580546
  2.125000e-01  199.739990  37.546934
  2.150000e-01  199.714457  37.513900
  2.175000e-01  199.689367  37.481429
  2.200000e-01  199.664707  37.449506
  2.225000e-01  199.640467  37.418116
  2.250000e-01  199.616636  37.387246
  2.275000e-01  199.593205  37.356882
  2.300000e-01  199.570164  37.327010
  2.325000e-01  199.547502  37.297619
  2.350000e-01  199.525210  37.268697
  2.375000e-01  199.503279  37.240231
  2.400000e-01  199.481699  37.212210
  2.425000e-01  199.460462  37.184624
  2.450000e-01  199.439559  37.157461
  2.475000e-01  199.418981  37.130712
  2.500000e-01  199.398721  37.104366
  2.525000e-01  199.378769  37.078414
  2.550000e-01  199.359119  37.052847
  2.575000e-01  199.339764  37.027656
  2.600000e-01  199.320697  37.002832
  2.625000e-01  199.301910  36.978367
  2.650000e-01  199.283398  36.954252
  2.675000e-01  199.265155  36.930481
  2.700000e-01  199.247174  36.907045
  2.725000e-01  199.229450  36.883937
  2.750000e-01  199.211977  36.861150
  2.775000e-01  199.194750  36.838677
  2.800000e-01  199.177764  36.816511
  2.825000e-01  199.161013  36.794645
  2.850000e-01  199.144494  36.773074
  2.875000e-01  199.128201  36.751791
  2.900000e-01  199.112129  36.730790
  2.925000e-01  199.096274  36.710065
  2.950000e-01  199.080632  36.689611
  2.975000e-01  199.065198  36.669422
  3.000000e-01  199.049968  36.649493
  3.025000e-01  199.034939  36.629819
  3.050000e-01  199.020106  36.610394
  3.075000e-01  199.005466  36.591214
  3.100000e-01  198.991014  36.572274
  3.125000e-01  198.976747  36.553569
  3.150000e-01  198.962663  36.535096
  3.175000e-01  198.948756  36.516848
  3.200000e-01  198.935024  36.498823
  3.225000e-01  198.921464  36.481016
  3.250000e-01  198.908072  36.463423
  3.275000e-01  198.894846  36.446040
  3.300000e-01  198.881782  36.428862
  3.325000e-01  198.868877  36.411888
  3.350000e-01  198.856130  36.395112
  3.375000e-01  198.843535  36.378531
  3.400000e-01  198.831092  36.362143
  3.425000e-01  198.818798  36.345942
  3.450000e-01  198.806649  36.329927
  3.475000e-01  198.794643  36.314093
  3.500000e-01  198.782779  36.298438
  3.525000e-01  198.771052  36.282959
  3.550000e-01  198.759462  36.267653
  3.575000e-01  198.748005  36.252516
  3.600000e-01  198.736680  36.237546
  3.625000e-01  198.725484  36.222740
  3.650000e-01  198.714415  36.208096
  3.675000e-01  198.703471  36.193611
  3.700000e-01  198.692650  36.179281
  3.725000e-01  198.681950  36.165106
  3.750000e-01  198.671368  36.151081
  3.775000e-01  198.660904  36.137206
  3.800000e-01  198.650555  36.123476
  3.825000e-01  198.640319  36.109891
  3.850000e-01  198.630194  36.096448
  3.875000e-01  198.620179  36.083144
  3.900000e-01  198.610272  36.069978
  3.925000e-01  198.600472  36.056948
  3.950000e-01  198.590776  36.044050
  3.975000e-01  198.581182  36.031284
  4.000000e-01  198.571690  36.018648
  4.025000e-01  198.562298  36.006139
  4.050000e-01  198.553004  35.993755
  4.075000e-01  198.543807  35.981495
  4.100000e-01  198.534706  35.969357
  4.125000e-01  198.525698  35.957340
  4.150000e-01  198.516782  35.945440
  4.175000e-01  198.507958  35.933657
  4.200000e-01  198.499223  35.921990
  4.225000e-01  198.490577  35.910435
  4.250000e-01  198.482018  35.898993
  4.275000e-01  198.473545  35.887661
  4.300000e-01  198.465156  35.876438
  4.325000e-01  198.456851  35.865321
  4.350000e-01  198.448628  35.854311
  4.375000e-01  198.440486  35.843405
  4.400000e-01  198.432424  35.832602
  4.425000e-01  198.424441  35.821901
  4.450000e-01  198.416535  35.811299
  4.475000e-01  198.408706  35.800797
  4.500000e-01  198.400953  35.790392
  4.525000e-01  198.393274  35.780084
  4.550000e-01  198.385668  35.769870
  4.575000e-01  198.378135  35.759751
  4.600000e-01  198.370674  35.749724
  4.625000e-01  198.363283  35.739788
  4.650000e-01  198.355962  35.729943
  4.675000e-01  198.348709  35.720187
  4.700000e-01  198.341525  35.710519
  4.725000e-01  198.334407  35.700937
  4.750000e-01  198.327355  35.691442
  4.775000e-01  198.320368  35.682032
  4.800000e-01  198.313446  35.672705
  4.825000e-01  198.306587  35.663461
  4.850000e-01  198.299791  35.654299
  4.875000e-01  198.293057  35.645217
  4.900000e-01  198.286385  35.636216
  4.925000e-01  198.279772  35.627293
  4.950000e-01  198.273219  35.618448
  4.975000e-01  198.266725  35.609680
  5.000000e-01  198.260289  35.600989
  5.025000e-01  198.253911  35.592372
  5.050000e-01  198.247590  35.583830
  5.075000e-01  198.241324  35.575361
  5.100000e-01  198.235114  35.566966
  5.125000e-01  198.228959  35.558642
  5.150000e-01  198.222858  35.550389
  5.175000e-01  198.216810  35.542206
  5.200000e-01  198.210815  35.534093
  5.225000e-01  198.204873  35.526049
  5.250000e-01  198.198982  35.518072
  5.275000e-01  198.193142  35.510163
  5.300000e-01  198.187353  35.502320
  5.325000e-01  198.181613  35.494543
  5.350000e-01  198.175923  35.486831
  5.375000e-01  198.170282  35.479183
  5.400000e-01  198.164688  35.471599
  5.425000e-01  198.159143  35.464078
  5.450000e-01  198.153645  35.456620
  5.475000e-01  198.148193  35.449223
  5.500000e-01  198.142787  35.441887
  5.525000e-01  198.137427  35.434611
  5.550000e-01  198.132113  35.427396
  5.575000e-01  198.126842  35.420239
  5.600000e-01  198.121616  35.413141
  5.625000e-01  198.116434  35.406101
  5.650000e-01  198.111295  35.399118
  5.675000e-01  198.106199  35.392192
  5.700000e-01  198.101145  35.385323
  5.725000e-01  198.096133  35.378509
  5.750000e-01  198.091163  35.371750
  5.775000e-01  198.086233  35.365045
  5.800000e-01  198.081344  35.358395
  5.825000e-01  198.076496  35.351798
  5.850000e-01  198.071687  35.345254
  5.875000e-01  198.066917  35.338763
  5.900000e-01  198.062187  35.332323
  5.925000e-01  198.057495  35.325935
  5.950000e-01  198.052841  35.319598
  5.975000e-01  198.048226  35.313311
  6.000000e-01  198.043647  35.307075
  6.025000e-01  198.039106  35.300888
  6.050000e-01  198.034602  35.294750
  6.075000e-01  198.030134  35.288660
  6.100000e-01  198.025702  35.282619
  6.125000e-01  198.021305  35.276625
  6.150000e-01  198.016945  35.270678
  6.175000e-01  198.012619  35.264779
  6.200000e-01  198.008327  35.258925
  6.225000e-01  198.004070  35.253118
  6.250000e-01  197.999848  35.247356
  6.275000e-01  197.995658  35.241639
  6.300000e-01  197.991503  35.235967
  6.325000e-01  197.987380  35.230340
  6.350000e-01  197.983290  35.224756
  6.375000e-01  197.979233  35.219215
  6.400000e-01  197.975208  35.213718
  6.425000e-01  197.971214  35.208263
  6.450000e-01  197.967253  35.202851
  6.475000e-01  197.963322  35.197481
  6.500000e-01  197.959423  35.192152
  6.525000e-01  197.955554  35.186865
  6.550000e-01  197.951716  35.181618
  6.575000e-01  197.947909  35.176412
  6.600000e-01  197.944131  35.171246
  6.625000e-01  197.940382  35.166120
  6.650000e-01  197.936663  35.161033
  6.675000e-01  197.932974  35.155986
  6.700000e-01  197.929313  35.150977
  6.725000e-01  197.925681  35.146007
  6.750000e-01  197.922077  35.141074
  6.775000e-01  197.918502  35.136180
  6.800000e-01  197.914954  35.131323
  6.825000e-01  197.911434  35.126503
  6.850000e-01  197.907941  35.121720
  6.875000e-01  197.904476  35.116973
  6.900000e-01  197.901038  35.112263
  6.925000e-01  197.897626  35.107589
  6.950000e-01  197.894241  35.102950
  6.975000e-01  197.890882  35.098346
  7.000000e-01  197.887549  35.093778
  7.025000e-01  197.884242  35.089244
  7.050000e-01  197.880961  35.084744
  7.075000e-01  197.877705  35.080279
  7.100000e-01  197.874474  35.075848
  7.125000e-01  197.871269  35.071450
  7.150000e-01  197.868088  35.067085
  7.175000e-01  197.864931  35.062754
  7.200000e-01  197.861799  35.058455
  7.225000e-01  197.858692  35.054189
  7.250000e-01  197.855608  35.049955
  7.275000e-01  197.852548  35.045753
  7.300000e-01  197.849511  35.041582
  7.325000e-01  197.846498  35.037443
  7.350000e-01  197.843508  35.033335
  7.375000e-01  197.840541  35.029259
  7.400000e-01  197.837597  35.025212
  7.425000e-01  197.834676  35.021197
  7.450000e-01  197.831777  35.017211
  7.475000e-01  197.828900  35.013255
  7.500000e-01  197.826046  35.009329
  7.525000e-01  197.823213  35.005433
  7.550000e-01  197.820402  35.001565
  7.575000e-01  197.817613  34.997727
  7.600000e-01  197.814845  34.993918
  7.625000e-01  197.812098  34.990137
  7.650000e-01  197.809373  34.986384
  7.675000e-01  197.806668  34.982659
  7.700000e-01  197.803984  34.978963
  7.725000e-01  197.801320  34.975293
  7.750000e-01  197.798677  34.971652
  7.775000e-01  197.796054  34.968037
  7.800000e-01  197.793451  34.964450
  7.825000e-01  197.790868  34.960889
  7.850000e-01  197.788305  34.957355
  7.875000e-01  197.785761  34.953847
  7.900000e-01  197.783237  34.950365
  7.925000e-01  197.780732  34.946909
  7.950000e-01  197.778246  34.943479
  7.975000e-01  197.775780  34.940075
  8.000000e-01  197.773332  34.936695
  8.025000e-01  197.770902  34.933341
  8.050000e-01  197.768491  34.930012
  8.075000e-01  197.766099  34.926708
  8.100000e-01  197.763725  34.923428
  8.125000e-01  197.761369  34.920173
  8.150000e-01  197.759031  34.916942
  8.175000e-01  197.756710  34.913734
  8.200000e-01  197.754408  34.910551
  8.225000e-01  197.752123  34.907391
  8.250000e-01  197.749855  34.904255
  8.275000e-01  197.747604  34.901142
  8.300000e-01  197.745371  34.898051
  8.325000e-01  197.743155  34.894984
  8.350000e-01  197.740955  34.891940
  8.375000e-01  197.738772  34.888918
  8.400000e-01  197.736606  34.885919
  8.425000e-01  197.734457  34.882941
  8.450000e-01  197.732323  34.879986
  8.475000e-01  197.730206  34.877053
  8.500000e-01  197.728105  34.874141
  8.525000e-01  197.726020  34.871251
  8.550000e-01  197.723950  34.868382
  8.575000e-01  197.721897  34.865535
  8.600000e-01  197.719859  34.862708
  8.625000e-01  197.717836  34.859902
  8.650000e-01  197.715829  34.857117
  8.675000e-01  197.713837  34.854353
  8.700000e-01  197.711860  34.851609
  8.725000e-01  197.709898  34.848886
  8.750000e-01  197.707951  34.846182
  8.775000e-01  197.706018  34.843498
  8.800000e-01  197.704101  34.840835
  8.825000e-01  197.702198  34.838191
  8.850000e-01  197.700309  34.835566
  8.875000e-01  197.698434  34.832961
  8.900000e-01  197.696574  34.830375
  8.925000e-01  197.694728  34.827808
  8.950000e-01  197.692895  34.825259
  8.975000e-01  197.691077  34.822730
  9.000000e-01  197.689272  34.820219
  9.025000e-01  197.687481  34.817727
  9.050000e-01  197.685703  34.815253
  9.075000e-01  197.683939  34.812798
  9.100000e-01  197.682189  34.810360
  9.125000e-01  197.680451  34.807941
  9.150000e-01  197.678726  34.805539
  9.175000e-01  197.677015  34.803155
  9.200000e-01  197.675316  34.800789
  9.225000e-01  197.673631  34.798439
  9.250000e-01  197.671957  34.796108
  9.275000e-01  197.670297  34.793793
  9.300000e-01  197.668649  34.791495
  9.325000e-01  197.667013  34.789215
  9.350000e-01  197.665390  34.786951
  9.375000e-01  197.663779  34.784703
  9.400000e-01  197.662180  34.782473
  9.425000e-01  197.660593  34.780258
  9.450000e-01  197.659018  34.778060
  9.475000e-01  197.657455  34.775878
  9.500000e-01  197.655904  34.773712
  9.525000e-01  197.654364  34.771562
  9.550000e-01  197.652836  34.769428
  9.575000e-01  197.651319  34.767310
  9.600000e-01  197.649814  34.765207
  9.625000e-01  197.648320  34.763119
  9.650000e-01  197.646837  34.761047
  9.675000e-01  197.645365  34.758990
  9.700000e-01  197.643904  34.756948
  9.725000e-01  197.642455  34.754922
  9.750000e-01  197.641016  34.752910
  9.775000e-01  197.639588  34.750912
  9.800000e-01  197.638170  34.748930
  9.825000e-01  197.636763  34.746962
  9.850000e-01  197.635367  34.745009
  9.875000e-01  197.633981  34.743069
  9.900000e-01  197.632606  34.741145
  9.925000e-01  197.631240  34.739234
  9.950000e-01  197.629885  34.737337
  9.975000e-01  197.628540  34.735454
  1.000000e+00  197.627205  34.733585
  1.002500e+00  197.625880  34.731730
  1.005000e+00  197.624565  34.729888
  1.007500e+00  197.623260  34.728060
  1.010000e+00  197.621965  34.726245
  1.012500e+00  197.620679  34.724444
  1.015000e+00  197.619402  34.722656
  1.017500e+00  197.618136  34.720881
  1.020000e+00  197.616878  34.719119
  1.022500e+00  197.615630  34.717370
  1.025000e+00  197.614392  34.715633
  1.027500e+00  197.613162  34.713910
  1.030000e+00  197.611942  34.712199
  1.032500e+00  197.610730  34.710500
  1.035000e+00  197.609528  34.708815
  1.037500e+00  197.608335  34.707141
  1.040000e+00  197.607150  34.705480
  1.042500e+00  197.605974  34.703831
  1.045000e+00  197.604807  34.702194
  1.047500e+00  197.603649  34.700569
  1.050000e+00  197.602499  34.698956
  1.052500e+00  197.601358  34.697354
  1.055000e+00  197.600225  34.695765
  1.057500e+00  197.599100  34.694187
  1.060000e+00  197.597984  34.692621
  1.062500e+00  197.596876  34.691066
  1.065000e+00  197.595777  34.689523
  1.067500e+00  197.594685  34.687991
  1.070000e+00  197.593602  34.686470
  1.072500e+00  197.592526  34.684960
  1.075000e+00  197.591459  34.683462
  1.077500e+00  197.590399  34.681974
  1.080000e+00  197.589347  34.680498
  1.082500e+00  197.588303  34.679032
  1.085000e+00  197.587267  34.677577
  1.087500e+00  197.586238  34.676132
  1.090000e+00  197.585217  34.674698
  1.092500e+00  197.584203  34.673275
  1.095000e+00  197.583197  34.671862
  1.097500e+00  197.582198  34.670460
  1.100000e+00  197.581207  34.669068
  1.102500e+00  197.580223  34.667685
  1.105000e+00  197.579246  34.666314
  1.107500e+00  197.578276  34.664952
  1.110000e+00  197.577313  34.663600
  1.112500e+00  197.576358  34.662258
  1.115000e+00  197.575409  34.660926
  1.117500e+00  197.574468  34.659604
  1.120000e+00  197.573533  34.658291
  1.122500e+00  197.572605  34.656988
  1.125000e+00  197.571684  34.655695
  1.127500e+00  197.570770  34.654411
  1.130000e+00  197.569863  34.653136
  1.132500e+00  197.568962  34.651871
  1.135000e+00  197.568067  34.650615
  1.137500e+00  197.567180  34.649368
  1.140000e+00  197.566299  34.648131
  1.142500e+00  197.565424  34.646902
  1.145000e+00  197.564555  34.645683
  1.147500e+00  197.563693  34.644472
  1.150000e+00  197.562838  34.643271
  1.152500e+00  197.561988  34.642078
  1.155000e+00  197.561145  34.640894
  1.157500e+00  197.560308  34.639719
  1.160000e+00  197.559477  34.638552
  1.162500e+00  197.558652  34.637394
  1.165000e+00  197.557833  34.636244
  1.167500e+00  197.557020  34.635103
  1.170000e+00  197.556213  34.633970
  1.172500e+00  197.555412  34.632845
  1.175000e+00  197.554616  34.631729
  1.177500e+00  197.553827  34.630621
  1.180000e+00  197.553043  34.629521
  1.182500e+00  197.552265  34.628429
  1.185000e+00  197.551493  34.627345
  1.187500e+00  197.550726  34.626269
  1.190000e+00  197.549965  34.625201
  1.192500e+00  197.549209  34.624140
  1.195000e+00  197.548459  34.623088
  1.197500e+00  197.547714  34.622043
  1.200000e+00  197.546975  34.621006
  1.202500e+00  197.546241  34.619977
  1.205000e+00  197.545512  34.618955
  1.207500e+00  197.544789  34.617940
  1.210000e+00  197.544071  34.616933
  1.212500e+00  197.543358  34.615934
  1.215000e+00  197.542650  34.614941
  1.217500e+00  197.541948  34.613957
  1.220000e+00  197.541250  34.612979
  1.222500e+00  197.540558  34.612008
  1.225000e+00  197.539871  34.611045
  1.227500e+00  197.539188  34.610088
  1.230000e+00  197.538511  34.609139
  1.232500e+00  197.537838  34.608197
  1.235000e+00  197.537171  34.607261
  1.237500e+00  197.536508  34.606333
  1.240000e+00  197.535850  34.605411
  1.242500e+00  197.535196  34.604496
  1.245000e+00  197.534548  34.603587
  1.247500e+00  197.533904  34.602686
  1.250000e+00  197.533265  34.601791
  1.252500e+00  197.532630  34.600902
  1.255000e+00  197.532000  34.600020
  1.257500e+00  197.531375  34.599145
  1.260000e+00  197.530754  34.598276
  1.262500e+00  197.530138  34.597413
  1.265000e+00  197.529526  34.596557
  1.267500e+00  197.528918  34.595707
  1.270000e+00  197.528315  34.594863
  1.272500e+00  197.527716  34.594026
  1.275000e+00  197.527122  34.593194
  1.277500e+00  197.526531  34.592369
  1.280000e+00  197.525946  34.591550
  1.282500e+00  197.525364  34.590736
  1.285000e+00  197.524786  34.589929
  1.287500e+00  197.524213  34.589128
  1.290000e+00  197.523644  34.588332
  1.292500e+00  197.523079  34.587542
  1.295000e+00  197.522518  34.586759
  1.297500e+00  197.521961  34.585981
  1.300000e+00  197.521408  34.585208
  1.302500e+00  197.520859  34.584442
  1.305000e+00  197.520314  34.583680
  1.307500e+00  197.519773  34.582925
  1.310000e+00  197.519236  34.582175
  1.312500e+00  197.518702  34.581431
  1.315000e+00  197.518173  34.580692
  1.317500e+00  197.517647  34.579958
  1.320000e+00  197.517125  34.579230
  1.322500e+00  197.516607  34.578507
  1.325000e+00  197.516093  34.577790
  1.327500e+00  197.515582  34.577078
  1.330000e+00  197.515075  34.576371
  1.332500e+00  197.514572  34.575669
  1.335000e+00  197.514072  34.574972
  1.337500e+00  197.513576  34.574281
  1.340000e+00  197.513083  34.573594
  1.342500e+00  197.512594  34.572913
  1.345000e+00  197.512109  34.572237
  1.347500e+00  197.511627  34.571565
  1.350000e+00  197.511148  34.570899
  1.352500e+00  197.510673  34.570237
  1.355000e+00  197.510201  34.569580
  1.357500e+00  197.509733  34.568928
  1.360000e+00  197.509268  34.568281
  1.362500e+00  197.508806  34.567639
  1.365000e+00  197.508348  34.567001
  1.367500e+00  197.507893  34.566368
  1.370000e+00  197.507442  34.565740
  1.372500e+00  197.506993  34.565117
  1.375000e+00  197.506548  34.564497
  1.377500e+00  197.506106  34.563883
  1.380000e+00  197.505667  34.563273
  1.382500e+00  197.505231  34.562667
  1.385000e+00  197.504799  34.562066
  1.387500e+00  197.504369  34.561470
  1.390000e+00  197.503943  34.560877
  1.392500e+00  197.503519  34.560289
  1.395000e+00  197.503099  34.559706
  1.397500e+00  197.502682  34.559126
  1.400000e+00  197.502268  34.558551
  1.402500e+00  197.501856  34.557980
  1.405000e+00  197.501448  34.557414
  1.407500e+00  197.501043  34.556851
  1.410000e+00  197.500640  34.556293
  1.412500e+00  197.500241  34.555739
  1.415000e+00  197.499844  34.555189
  1.417500e+00  197.499450  34.554642
  1.420000e+00  197.499059  34.554100
  1.422500e+00  197.498671  34.553562
  1.425000e+00  197.498285  34.553028
  1.427500e+00  197.497902  34.552498
  1.430000e+00  197.497523  34.551971
  1.432500e+00  197.497145  34.551449
  1.435000e+00  197.496771  34.550930
  1.437500e+00  197.496399  34.550416
  1.440000e+00  197.496030  34.549905
  1.442500e+00  197.495663  34.549397
  1.445000e+00  197.495299  34.548894
  1.447500e+00  197.494938  34.548394
  1.450000e+00  197.494580  34.547898
  1.452500e+00  197.494223  34.547405
  1.455000e+00  197.493870  34.546916
  1.457500e+00  197.493519  34.546431
  1.460000e+00  197.493171  34.545949
  1.462500e+00  197.492825  34.545471
  1.465000e+00  197.492481  34.544996
  1.467500e+00  197.492140  34.544525
  1.470000e+00  197.491802  34.544057
  1.472500e+00  197.491465  34.543593
  1.475000e+00  197.491132  34.543132
  1.477500e+00  197.490800  34.542675
  1.480000e+00  197.490471  34.542221
  1.482500e+00  197.490145  34.541770
  1.485000e+00  197.489821  34.541322
  1.487500e+00  197.489499  34.540878
  1.490000e+00  197.489179  34.540437
  1.492500e+00  197.488862  34.540000
  1.495000e+00  197.488547  34.539565
  1.497500e+00  197.488234  34.539134
  1.500000e+00  197.487923  34.538706
  1.502500e+00  197.487615  34.538281
  1.505000e+00  197.487309  34.537859
  1.507500e+00  197.487005  34.537440
  1.510000e+00  197.486704  34.537025
  1.512500e+00  197.486404  34.536612
  1.515000e+00  197.486107  34.536203
  1.517500e+00  197.485811  34.535796
  1.520000e+00  197.485518  34.535392
  1.522500e+00  197.485227  34.534992
  1.525000e+00  197.484938  34.534594
  1.527500e+00  197.484652  34.534200
  1.530000e+00  197.484367  34.533808
  1.532500e+00  197.484084  34.533419
  1.535000e+00  197.483803  34.533033
  1.537500e+00  197.483525  34.532650
  1.540000e+00  197.483248  34.532269
  1.542500e+00  197.482973  34.531892
  1.545000e+00  197.482701  34.531517
  1.547500e+00  197.482430  34.531145
  1.550000e+00  197.482161  34.530775
  1.552500e+00  197.481894  34.530409
  1.555000e+00  197.481629  34.530045
  1.557500e+00  197.481366  34.529683
  1.560000e+00  197.481105  34.529325
  1.562500e+00  197.480846  34.528969
  1.565000e+00  197.480588  34.528616
  1.567500e+00  197.480333  34.528265
  1.570000e+00  197.480079  34.527917
  1.572500e+00  197.479827  34.527571
  1.575000e+00  197.479577  34.527228
  1.577500e+00  197.479329  34.526888
  1.580000e+00  197.479082  34.526549
  1.582500e+00  197.478838  34.526214
  1.585000e+00  197.478595  34.525881
  1.587500e+00  197.478353  34.525550
  1.590000e+00  197.478114  34.525222
  1.592500e+00  197.477876  34.524896
  1.595000e+00  197.477640  34.524573
  1.597500e+00  197.477406  34.524252
  1.600000e+00  197.477173  34.523933
  1.602500e+00  197.476942  34.523617
  1.605000e+00  197.476713  34.523303
  1.607500e+00  197.476485  34.522991
  1.610000e+00  197.476259  34.522682
  1.612500e+00  197.476035  34.522375
  1.615000e+00  197.475812  34.522070
  1.617500e+00  197.475591  34.521767
  1.620000e+00  197.475371  34.521467
  1.622500e+00  197.475153  34.521169
  1.625000e+00  197.474937  34.520873
  1.627500e+00  197.474722  34.520579
  1.630000e+00  197.474508  34.520287
  1.632500e+00  197.474297  34.519998
  1.635000e+00  197.474086  34.519711
  1.637500e+00  197.473878  34.519425
  1.640000e+00  197.473670  34.519142
  1.642500e+00  197.473465  34.518861
  1.645000e+00  197.473260  34.518582
  1.647500e+00  197.473057  34.518305
  1.650000e+00  197.472856  34.518030
  1.652500e+00  197.472656  34.517757
  1.655000e+00  197.472458  34.517487
  1.657500e+00  197.472261  34.517218
  1.660000e+00  197.472065  34.516951
  1.662500e+00  197.471871  34.516686
  1.665000e+00  197.471678  34.516423
  1.667500e+00  197.471487  34.516162
  1.670000e+00  197.471297  34.515903
  1.672500e+00  197.471108  34.515645
  1.675000e+00  197.470921  34.515390
  1.677500e+00  197.470735  34.515137
  1.680000e+00  197.470550  34.514885
  1.682500e+00  197.470367  34.514635
  1.685000e+00  197.470185  34.514387
  1.687500e+00  197.470004  34.514141
  1.690000e+00  197.469825  34.513897
  1.692500e+00  197.469647  34.513654
  1.695000e+00  197.469470  34.513414
  1.697500e+00  197.469295  34.513175
  1.700000e+00  197.469121  34.512938
  1.702500e+00  197.468948  34.512702
  1.705000e+00  197.468776  34.512469
  1.707500e+00  197.468605  34.512237
  1.710000e+00  197.468436  34.512006
  1.712500e+00  197.468268  34.511778
  1.715000e+00  197.468101  34.511551
  1.717500e+00  197.467936  34.511326
  1.720000e+00  197.467771  34.511102
  1.722500e+00  197.467608  34.510880
  1.725000e+00  197.467446  34.510660
  1.727500e+00  197.467285  34.510441
  1.730000e+00  197.467126  34.510224
  1.732500e+00  197.466967  34.510009
  1.735000e+00  197.466810  34.509795
  1.737500e+00  197.466654  34.509582
  1.740000e+00  197.466498  34.509372
  1.742500e+00  197.466344  34.509162
  1.745000e+00  197.466192  34.508955
  1.747500e+00  197.466040  34.508749
  1.750000e+00  197.465889  34.508544
  1.752500e+00  197.465739  34.508341
  1.755000e+00  197.465591  34.508139
  1.757500e+00  197.465443  34.507939
  1.760000e+00  197.465297  34.507740
  1.762500e+00  197.465152  34.507543
  1.765000e+00  197.465008  34.507347
  1.767500e+00  197.464864  34.507153
  1.770000e+00  197.464722  34.506960
  1.772500e+00  197.464581  34.506769
  1.775000e+00  197.464441  34.506579
  1.777500e+00  197.464302  34.506390
  1.780000e+00  197.464164  34.506203
  1.782500e+00  197.464026  34.506017
  1.785000e+00  197.463890  34.505832
  1.787500e+00  197.463755  34.505649
  1.790000e+00  197.463621  34.505467
  1.792500e+00  197.463488  34.505287
  1.795000e+00  197.463356  34.505108
  1.797500e+00  197.463224  34.504930
  1.800000e+00  197.463094  34.504753
  1.802500e+00  197.462965  34.504578
  1.805000e+00  197.462836  34.504404
  1.807500e+00  197.462709  34.504231
  1.810000e+00  197.462582  34.504060
  1.812500e+00  197.462456  34.503890
  1.815000e+00  197.462332  34.503721
  1.817500e+00  197.462208  34.503553
  1.820000e+00  197.462085  34.503387
  1.822500e+00  197.461963  34.503222
  1.825000e+00  197.461842  34.503058
  1.827500e+00  197.461721  34.502895
  1.830000e+00  197.461602  34.502733
  1.832500e+00  197.461483  34.502573
  1.835000e+00  197.461366  34.502414
  1.837500e+00  197.461249  34.502256
  1.840000e+00  197.461133  34.502099
  1.842500e+00  197.461018  34.501943
  1.845000e+00  197.460903  34.501789
  1.847500e+00  197.460790  34.501635
  1.850000e+00  197.460677  34.501483
  1.852500e+00  197.460565  34.501332
  1.855000e+00  197.460454  34.501182
  1.857500e+00  197.460344  34.501033
  1.860000e+00  197.460235  34.500885
  1.862500e+00  197.460126  34.500738
  1.865000e+00  197.460018  34.500592
  1.867500e+00  197.459911  34.500448
  1.870000e+00  197.459805  34.500304
  1.872500e+00  197.459699  34.500161
  1.875000e+00  197.459595  34.500020
  1.877500e+00  197.459491  34.499880
  1.880000e+00  197.459387  34.499740
  1.882500e+00  197.459285  34.499602
  1.885000e+00  197.459183  34.499464
  1.887500e+00  197.459082  34.499328
  1.890000e+00  197.458982  34.499193
  1.892500e+00  197.458882  34.499058
  1.895000e+00  197.458783  34.498925
  1.897500e+00  197.458685  34.498793
  1.900000e+00  197.458588  34.498661
  1.902500e+00  197.458491  34.498531
  1.905000e+00  197.458395  34.498401
  1.907500e+00  197.458300  34.498273
  1.910000e+00  197.458205  34.498145
  1.912500e+00  197.458111  34.498018
  1.915000e+00  197.458018  34.497893
  1.917500e+00  197.457926  34.497768
  1.920000e+00  197.457834  34.497644
  1.922500e+00  197.457743  34.497521
  1.925000e+00  197.457652  34.497399
  1.927500e+00  197.457562  34.497278
  1.930000e+00  197.457473  34.497158
  1.932500e+00  197.457384  34.497038
  1.935000e+00  197.457296  34.496920
  1.937500e+00  197.457209  34.496802
  1.940000e+00  197.457122  34.496685
  1.942500e+00  197.457036  34.496569
  1.945000e+00  197.456951  34.496454
  1.947500e+00  197.456866  34.496340
  1.950000e+00  197.456782  34.496227
  1.952500e+00  197.456698  34.496114
  1.955000e+00  197.456615  34.496002
  1.957500e+00  197.456533  34.495891
  1.960000e+00  197.456451  34.495781
  1.962500e+00  197.456370  34.495672
  1.965000e+00  197.456290  34.495564
  1.967500e+00  197.456210  34.495456
  1.970000e+00  197.456130  34.495349
  1.972500e+00  197.456051  34.495243
  1.975000e+00  197.455973  34.495138
  1.977500e+00  197.455896  34.495033
  1.980000e+00  197.455818  34.494929
  1.982500e+00  197.455742  34.494826
  1.985000e+00  197.455666  34.494724
  1.987500e+00  197.455590  34.494623
  1.990000e+00  197.455516  34.494522
  1.992500e+00  197.455441  34.494422
  1.995000e+00  197.455367  34.494322
  1.997500e+00  197.455294  34.494224
  2.000000e+00  197.455221  34.494126
