  0.000000e+00  -233.3278303230 19.7783218995 
  5.000000e-03  -233.3278303230 19.7771440229 
  1.000000e-02  -233.3278303230 19.7784985151 
  1.500000e-02  -233.3278303230 19.7797133037 
  2.000000e-02  -233.3278303230 19.7802494282 
  2.500000e-02  -233.3278303230 19.7802864860 
  3.000000e-02  -233.3278303230 19.7799363272 
  3.500000e-02  -233.3278303230 19.7793200881 
  4.000000e-02  -233.3278303230 19.7787176921 
  4.500000e-02  -233.3278303230 19.7783875459 
  5.000000e-02  -233.3278303230 19.7784035924 
  5.500000e-02  -233.3278303230 19.7786975927 
  6.000000e-02  -233.3278303230 19.7791585838 
  6.500000e-02  -233.3278303230 19.7796698767 
  7.000000e-02  -233.3278303230 19.7801378386 
  7.500000e-02  -233.3278303230 19.7805009656 
  8.000000e-02  -233.3278303230 19.7807317097 
  8.500000e-02  -233.3278303230 19.7808366354 
  9.000000e-02  -233.3278303230 19.7808476081 
  9.500000e-02  -233.3278303230 19.7808059519 
  1.000000e-01  -233.3278303230 19.7807481380 
  1.050000e-01  -233.3278303230 19.7806979971 
  1.100000e-01  -233.3278303230 19.7806653293 
  1.150000e-01  -233.3278303230 19.7806488274 
  1.200000e-01  -233.3278303230 19.7806410771 
  1.250000e-01  -233.3278303230 19.7806334190 
  1.300000e-01  -233.3278303230 19.7806190054 
  1.350000e-01  -233.3278303230 19.7805938230 
  1.400000e-01  -233.3278303230 19.7805565959 
  1.450000e-01  -233.3278303230 19.7805085537 
  1.500000e-01  -233.3278303230 19.7804531606 
  1.550000e-01  -233.3278303230 19.7803951191 
  1.600000e-01  -233.3278303230 19.7803388657 
  1.650000e-01  -233.3278303230 19.7802875225 
  1.700000e-01  -233.3278303230 19.7802426184 
  1.750000e-01  -233.3278303230 19.7802042757 
  1.800000e-01  -233.3278303230 19.7801715687 
  1.850000e-01  -233.3278303230 19.7801429517 
  1.900000e-01  -233.3278303230 19.7801167126 
  1.950000e-01  -233.3278303230 19.7800913626 
  2.000000e-01  -233.3278303230 19.7800658566 
  2.050000e-01  -233.3278303230 19.7800396153 
  2.100000e-01  -233.3278303230 19.7800124075 
  2.150000e-01  -233.3278303230 19.7799841905 
  2.200000e-01  -233.3278303230 19.7799549858 
  2.250000e-01  -233.3278303230 19.7799248156 
  2.300000e-01  -233.3278303230 19.7798936904 
  2.350000e-01  -233.3278303230 19.7798616292 
  2.400000e-01  -233.3278303230 19.7798286935 
  2.450000e-01  -233.3278303230 19.7797950231 
  2.500000e-01  -233.3278303230 19.7797608607 
  2.550000e-01  -233.3278303230 19.7797265557 
  2.600000e-01  -233.3278303230 19.7796925385 
  2.650000e-01  -233.3278303230 19.7796592675 
  2.700000e-01  -233.3278303230 19.7796271600 
  2.750000e-01  -233.3278303230 19.7795965233 
  2.800000e-01  -233.3278303230 19.7795675047 
  2.850000e-01  -233.3278303230 19.7795400758 
  2.900000e-01  -233.3278303230 19.7795140536 
  2.950000e-01  -233.3278303230 19.7794891525 
  3.000000e-01  -233.3278303230 19.7794650534 
  3.050000e-01  -233.3278303230 19.7794414700 
  3.100000e-01  -233.3278303230 19.7794181987 
  3.150000e-01  -233.3278303230 19.7793951419 
  3.200000e-01  -233.3278303230 19.7793723069 
  3.250000e-01  -233.3278303230 19.7793497845 
  3.300000e-01  -233.3278303230 19.7793277170 
  3.350000e-01  -233.3278303230 19.7793062655 
  3.400000e-01  -233.3278303230 19.7792855808 
  3.450000e-01  -233.3278303230 19.7792657823 
  3.500000e-01  -233.3278303230 19.7792469455 
  3.550000e-01  -233.3278303230 19.7792290967 
  3.600000e-01  -233.3278303230 19.7792122145 
  3.650000e-01  -233.3278303230 19.7791962365 
  3.700000e-01  -233.3278303230 19.7791810704 
  3.750000e-01  -233.3278303230 19.7791666073 
  3.800000e-01  -233.3278303230 19.7791527375 
  3.850000e-01  -233.3278303230 19.7791393642 
  3.900000e-01  -233.3278303230 19.7791264155 
  3.950000e-01  -233.3278303230 19.7791138506 
  4.000000e-01  -233.3278303230 19.7791016618 
  4.050000e-01  -233.3278303230 19.7790898692 
  4.100000e-01  -233.3278303230 19.7790785124 
  4.150000e-01  -233.3278303230 19.7790676384 
  4.200000e-01  -233.3278303230 19.7790572906 
  4.250000e-01  -233.3278303230 19.7790474987 
  4.300000e-01  -233.3278303230 19.7790382736 
  4.350000e-01  -233.3278303230 19.7790296054 
  4.400000e-01  -233.3278303230 19.7790214661 
  4.450000e-01  -233.3278303230 19.7790138151 
  4.500000e-01  -233.3278303230 19.7790066052 
  4.550000e-01  -233.3278303230 19.7789997901 
  4.600000e-01  -233.3278303230 19.7789933290 
  4.650000e-01  -233.3278303230 19.7789871902 
  4.700000e-01  -233.3278303230 19.7789813523 
  4.750000e-01  -233.3278303230 19.7789758035 
  4.800000e-01  -233.3278303230 19.7789705400 
  4.850000e-01  -233.3278303230 19.7789655626 
  4.900000e-01  -233.3278303230 19.7789608746 
  4.950000e-01  -233.3278303230 19.7789564791 
  5.000000e-01  -233.3278303230 19.7789523768 
  5.050000e-01  -233.3278303230 19.7789485657 
  5.100000e-01  -233.3278303230 19.7789450398 
  5.150000e-01  -233.3278303230 19.7789417901 
  5.200000e-01  -233.3278303230 19.7789388047 
  5.250000e-01  -233.3278303230 19.7789360699 
  5.300000e-01  -233.3278303230 19.7789335713 
  5.350000e-01  -233.3278303230 19.7789312946 
  5.400000e-01  -233.3278303230 19.7789292266 
  5.450000e-01  -233.3278303230 19.7789273551 
  5.500000e-01  -233.3278303230 19.7789256698 
  5.550000e-01  -233.3278303230 19.7789241618 
  5.600000e-01  -233.3278303230 19.7789228236 
  5.650000e-01  -233.3278303230 19.7789216484 
  5.700000e-01  -233.3278303230 19.7789206302 
  5.750000e-01  -233.3278303230 19.7789197632 
  5.800000e-01  -233.3278303230 19.7789190415 
  5.850000e-01  -233.3278303230 19.7789184591 
  5.900000e-01  -233.3278303230 19.7789180098 
  5.950000e-01  -233.3278303230 19.7789176874 
  6.000000e-01  -233.3278303230 19.7789174855 
  6.050000e-01  -233.3278303230 19.7789173977 
  6.100000e-01  -233.3278303230 19.7789174179 
  6.150000e-01  -233.3278303230 19.7789175404 
  6.200000e-01  -233.3278303230 19.7789177596 
  6.250000e-01  -233.3278303230 19.7789180704 
  6.300000e-01  -233.3278303230 19.7789184682 
  6.350000e-01  -233.3278303230 19.7789189485 
  6.400000e-01  -233.3278303230 19.7789195072 
  6.450000e-01  -233.3278303230 19.7789201407 
  6.500000e-01  -233.3278303230 19.7789208453 
  6.550000e-01  -233.3278303230 19.7789216176 
  6.600000e-01  -233.3278303230 19.7789224546 
  6.650000e-01  -233.3278303230 19.7789233529 
  6.700000e-01  -233.3278303230 19.7789243097 
  6.750000e-01  -233.3278303230 19.7789253220 
  6.800000e-01  -233.3278303230 19.7789263868 
  6.850000e-01  -233.3278303230 19.7789275014 
  6.900000e-01  -233.3278303230 19.7789286630 
  6.950000e-01  -233.3278303230 19.7789298690 
  7.000000e-01  -233.3278303230 19.7789311169 
  7.050000e-01  -233.3278303230 19.7789324041 
  7.100000e-01  -233.3278303230 19.7789337285 
  7.150000e-01  -233.3278303230 19.7789350878 
  7.200000e-01  -233.3278303230 19.7789364799 
  7.250000e-01  -233.3278303230 19.7789379029 
  7.300000e-01  -233.3278303230 19.7789393548 
  7.350000e-01  -233.3278303230 19.7789408338 
  7.400000e-01  -233.3278303230 19.7789423383 
  7.450000e-01  -233.3278303230 19.7789438665 
  7.500000e-01  -233.3278303230 19.7789454167 
  7.550000e-01  -233.3278303230 19.7789469874 
  7.600000e-01  -233.3278303230 19.7789485770 
  7.650000e-01  -233.3278303230 19.7789501840 
  7.700000e-01  -233.3278303230 19.7789518070 
  7.750000e-01  -233.3278303230 19.7789534445 
  7.800000e-01  -233.3278303230 19.7789550951 
  7.850000e-01  -233.3278303230 19.7789567575 
  7.900000e-01  -233.3278303230 19.7789584304 
  7.950000e-01  -233.3278303230 19.7789601127 
  8.000000e-01  -233.3278303230 19.7789618031 
  8.050000e-01  -233.3278303230 19.7789635006 
  8.100000e-01  -233.3278303230 19.7789652040 
  8.150000e-01  -233.3278303230 19.7789669123 
  8.200000e-01  -233.3278303230 19.7789686245 
  8.250000e-01  -233.3278303230 19.7789703397 
  8.300000e-01  -233.3278303230 19.7789720569 
  8.350000e-01  -233.3278303230 19.7789737753 
  8.400000e-01  -233.3278303230 19.7789754939 
  8.450000e-01  -233.3278303230 19.7789772119 
  8.500000e-01  -233.3278303230 19.7789789286 
  8.550000e-01  -233.3278303230 19.7789806432 
  8.600000e-01  -233.3278303230 19.7789823551 
  8.650000e-01  -233.3278303230 19.7789840634 
  8.700000e-01  -233.3278303230 19.7789857676 
  8.750000e-01  -233.3278303230 19.7789874672 
  8.800000e-01  -233.3278303230 19.7789891615 
  8.850000e-01  -233.3278303230 19.7789908500 
  8.900000e-01  -233.3278303230 19.7789925322 
  8.950000e-01  -233.3278303230 19.7789942076 
  9.000000e-01  -233.3278303230 19.7789958759 
  9.050000e-01  -233.3278303230 19.7789975366 
  9.100000e-01  -233.3278303230 19.7789991894 
  9.150000e-01  -233.3278303230 19.7790008338 
  9.200000e-01  -233.3278303230 19.7790024695 
  9.250000e-01  -233.3278303230 19.7790040963 
  9.300000e-01  -233.3278303230 19.7790057138 
  9.350000e-01  -233.3278303230 19.7790073218 
  9.400000e-01  -233.3278303230 19.7790089200 
  9.450000e-01  -233.3278303230 19.7790105081 
  9.500000e-01  -233.3278303230 19.7790120860 
  9.550000e-01  -233.3278303230 19.7790136535 
  9.600000e-01  -233.3278303230 19.7790152103 
  9.650000e-01  -233.3278303230 19.7790167563 
  9.700000e-01  -233.3278303230 19.7790182914 
  9.750000e-01  -233.3278303230 19.7790198153 
  9.800000e-01  -233.3278303230 19.7790213280 
  9.850000e-01  -233.3278303230 19.7790228292 
  9.900000e-01  -233.3278303230 19.7790243190 
  9.950000e-01  -233.3278303230 19.7790257971 
  1.000000e+00  -233.3278303230 19.7790272636 
  1.005000e+00  -233.3278303230 19.7790287182 
  1.010000e+00  -233.3278303230 19.7790301609 
  1.015000e+00  -233.3278303230 19.7790315917 
  1.020000e+00  -233.3278303230 19.7790330104 
  1.025000e+00  -233.3278303230 19.7790344170 
  1.030000e+00  -233.3278303230 19.7790358114 
  1.035000e+00  -233.3278303230 19.7790371936 
  1.040000e+00  -233.3278303230 19.7790385636 
  1.045000e+00  -233.3278303230 19.7790399212 
  1.050000e+00  -233.3278303230 19.7790412665 
  1.055000e+00  -233.3278303230 19.7790425995 
  1.060000e+00  -233.3278303230 19.7790439200 
  1.065000e+00  -233.3278303230 19.7790452281 
  1.070000e+00  -233.3278303230 19.7790465238 
  1.075000e+00  -233.3278303230 19.7790478070 
  1.080000e+00  -233.3278303230 19.7790490778 
  1.085000e+00  -233.3278303230 19.7790503361 
  1.090000e+00  -233.3278303230 19.7790515820 
  1.095000e+00  -233.3278303230 19.7790528154 
  1.100000e+00  -233.3278303230 19.7790540364 
  1.105000e+00  -233.3278303230 19.7790552449 
  1.110000e+00  -233.3278303230 19.7790564411 
  1.115000e+00  -233.3278303230 19.7790576248 
  1.120000e+00  -233.3278303230 19.7790587962 
  1.125000e+00  -233.3278303230 19.7790599552 
  1.130000e+00  -233.3278303230 19.7790611020 
  1.135000e+00  -233.3278303230 19.7790622364 
  1.140000e+00  -233.3278303230 19.7790633587 
  1.145000e+00  -233.3278303230 19.7790644687 
  1.150000e+00  -233.3278303230 19.7790655666 
  1.155000e+00  -233.3278303230 19.7790666524 
  1.160000e+00  -233.3278303230 19.7790677262 
  1.165000e+00  -233.3278303230 19.7790687879 
  1.170000e+00  -233.3278303230 19.7790698377 
  1.175000e+00  -233.3278303230 19.7790708757 
  1.180000e+00  -233.3278303230 19.7790719018 
  1.185000e+00  -233.3278303230 19.7790729161 
  1.190000e+00  -233.3278303230 19.7790739188 
  1.195000e+00  -233.3278303230 19.7790749098 
  1.200000e+00  -233.3278303230 19.7790758892 
  1.205000e+00  -233.3278303230 19.7790768572 
  1.210000e+00  -233.3278303230 19.7790778137 
  1.215000e+00  -233.3278303230 19.7790787589 
  1.220000e+00  -233.3278303230 19.7790796929 
  1.225000e+00  -233.3278303230 19.7790806156 
  1.230000e+00  -233.3278303230 19.7790815272 
  1.235000e+00  -233.3278303230 19.7790824278 
  1.240000e+00  -233.3278303230 19.7790833175 
  1.245000e+00  -233.3278303230 19.7790841963 
  1.250000e+00  -233.3278303230 19.7790850643 
  1.255000e+00  -233.3278303230 19.7790859216 
  1.260000e+00  -233.3278303230 19.7790867682 
  1.265000e+00  -233.3278303230 19.7790876044 
  1.270000e+00  -233.3278303230 19.7790884301 
  1.275000e+00  -233.3278303230 19.7790892455 
  1.280000e+00  -233.3278303230 19.7790900506 
  1.285000e+00  -233.3278303230 19.7790908455 
  1.290000e+00  -233.3278303230 19.7790916304 
  1.295000e+00  -233.3278303230 19.7790924053 
  1.300000e+00  -233.3278303230 19.7790931702 
  1.305000e+00  -233.3278303230 19.7790939254 
  1.310000e+00  -233.3278303230 19.7790946708 
  1.315000e+00  -233.3278303230 19.7790954066 
  1.320000e+00  -233.3278303230 19.7790961329 
  1.325000e+00  -233.3278303230 19.7790968498 
  1.330000e+00  -233.3278303230 19.7790975572 
  1.335000e+00  -233.3278303230 19.7790982555 
  1.340000e+00  -233.3278303230 19.7790989446 
  1.345000e+00  -233.3278303230 19.7790996246 
  1.350000e+00  -233.3278303230 19.7791002956 
  1.355000e+00  -233.3278303230 19.7791009577 
  1.360000e+00  -233.3278303230 19.7791016111 
  1.365000e+00  -233.3278303230 19.7791022557 
  1.370000e+00  -233.3278303230 19.7791028918 
  1.375000e+00  -233.3278303230 19.7791035193 
  1.380000e+00  -233.3278303230 19.7791041384 
  1.385000e+00  -233.3278303230 19.7791047492 
  1.390000e+00  -233.3278303230 19.7791053517 
  1.395000e+00  -233.3278303230 19.7791059461 
  1.400000e+00  -233.3278303230 19.7791065324 
  1.405000e+00  -233.3278303230 19.7791071107 
  1.410000e+00  -233.3278303230 19.7791076811 
  1.415000e+00  -233.3278303230 19.7791082438 
  1.420000e+00  -233.3278303230 19.7791087987 
  1.425000e+00  -233.3278303230 19.7791093461 
  1.430000e+00  -233.3278303230 19.7791098859 
  1.435000e+00  -233.3278303230 19.7791104182 
  1.440000e+00  -233.3278303230 19.7791109432 
  1.445000e+00  -233.3278303230 19.7791114610 
  1.450000e+00  -233.3278303230 19.7791119715 
  1.455000e+00  -233.3278303230 19.7791124749 
  1.460000e+00  -233.3278303230 19.7791129714 
  1.465000e+00  -233.3278303230 19.7791134609 
  1.470000e+00  -233.3278303230 19.7791139435 
  1.475000e+00  -233.3278303230 19.7791144194 
  1.480000e+00  -233.3278303230 19.7791148886 
  1.485000e+00  -233.3278303230 19.7791153512 
  1.490000e+00  -233.3278303230 19.7791158073 
  1.495000e+00  -233.3278303230 19.7791162569 
  1.500000e+00  -233.3278303230 19.7791167002 
  1.505000e+00  -233.3278303230 19.7791171372 
  1.510000e+00  -233.3278303230 19.7791175680 
  1.515000e+00  -233.3278303230 19.7791179926 
  1.520000e+00  -233.3278303230 19.7791184112 
  1.525000e+00  -233.3278303230 19.7791188239 
  1.530000e+00  -233.3278303230 19.7791192306 
  1.535000e+00  -233.3278303230 19.7791196316 
  1.540000e+00  -233.3278303230 19.7791200267 
  1.545000e+00  -233.3278303230 19.7791204162 
  1.550000e+00  -233.3278303230 19.7791208001 
  1.555000e+00  -233.3278303230 19.7791211785 
  1.560000e+00  -233.3278303230 19.7791215514 
  1.565000e+00  -233.3278303230 19.7791219190 
  1.570000e+00  -233.3278303230 19.7791222812 
  1.575000e+00  -233.3278303230 19.7791226382 
  1.580000e+00  -233.3278303230 19.7791229900 
  1.585000e+00  -233.3278303230 19.7791233366 
  1.590000e+00  -233.3278303230 19.7791236783 
  1.595000e+00  -233.3278303230 19.7791240150 
  1.600000e+00  -233.3278303230 19.7791243467 
  1.605000e+00  -233.3278303230 19.7791246737 
  1.610000e+00  -233.3278303230 19.7791249958 
  1.615000e+00  -233.3278303230 19.7791253133 
  1.620000e+00  -233.3278303230 19.7791256261 
  1.625000e+00  -233.3278303230 19.7791259343 
  1.630000e+00  -233.3278303230 19.7791262379 
  1.635000e+00  -233.3278303230 19.7791265372 
  1.640000e+00  -233.3278303230 19.7791268320 
  1.645000e+00  -233.3278303230 19.7791271225 
  1.650000e+00  -233.3278303230 19.7791274087 
  1.655000e+00  -233.3278303230 19.7791276906 
  1.660000e+00  -233.3278303230 19.7791279685 
  1.665000e+00  -233.3278303230 19.7791282422 
  1.670000e+00  -233.3278303230 19.7791285118 
  1.675000e+00  -233.3278303230 19.7791287775 
  1.680000e+00  -233.3278303230 19.7791290392 
  1.685000e+00  -233.3278303230 19.7791292971 
  1.690000e+00  -233.3278303230 19.7791295511 
  1.695000e+00  -233.3278303230 19.7791298013 
  1.700000e+00  -233.3278303230 19.7791300478 
  1.705000e+00  -233.3278303230 19.7791302907 
  1.710000e+00  -233.3278303230 19.7791305299 
  1.715000e+00  -233.3278303230 19.7791307656 
  1.720000e+00  -233.3278303229 19.7791309977 
  1.725000e+00  -233.3278303229 19.7791312264 
  1.730000e+00  -233.3278303229 19.7791314517 
  1.735000e+00  -233.3278303229 19.7791316736 
  1.740000e+00  -233.3278303229 19.7791318921 
  1.745000e+00  -233.3278303229 19.7791321074 
  1.750000e+00  -233.3278303229 19.7791323195 
  1.755000e+00  -233.3278303229 19.7791325284 
  1.760000e+00  -233.3278303229 19.7791327342 
  1.765000e+00  -233.3278303229 19.7791329369 
  1.770000e+00  -233.3278303229 19.7791331365 
  1.775000e+00  -233.3278303229 19.7791333331 
  1.780000e+00  -233.3278303229 19.7791335268 
  1.785000e+00  -233.3278303229 19.7791337175 
  1.790000e+00  -233.3278303229 19.7791339054 
  1.795000e+00  -233.3278303229 19.7791340905 
  1.800000e+00  -233.3278303229 19.7791342727 
  1.805000e+00  -233.3278303229 19.7791344522 
  1.810000e+00  -233.3278303229 19.7791346290 
  1.815000e+00  -233.3278303229 19.7791348032 
  1.820000e+00  -233.3278303229 19.7791349747 
  1.825000e+00  -233.3278303229 19.7791351436 
  1.830000e+00  -233.3278303229 19.7791353099 
  1.835000e+00  -233.3278303229 19.7791354738 
  1.840000e+00  -233.3278303229 19.7791356351 
  1.845000e+00  -233.3278303229 19.7791357940 
  1.850000e+00  -233.3278303229 19.7791359505 
  1.855000e+00  -233.3278303229 19.7791361047 
  1.860000e+00  -233.3278303229 19.7791362565 
  1.865000e+00  -233.3278303229 19.7791364060 
  1.870000e+00  -233.3278303229 19.7791365532 
  1.875000e+00  -233.3278303229 19.7791366982 
  1.880000e+00  -233.3278303229 19.7791368409 
  1.885000e+00  -233.3278303229 19.7791369815 
  1.890000e+00  -233.3278303229 19.7791371200 
  1.895000e+00  -233.3278303229 19.7791372564 
  1.900000e+00  -233.3278303229 19.7791373907 
  1.905000e+00  -233.3278303229 19.7791375229 
  1.910000e+00  -233.3278303229 19.7791376532 
  1.915000e+00  -233.3278303229 19.7791377814 
  1.920000e+00  -233.3278303229 19.7791379077 
  1.925000e+00  -233.3278303229 19.7791380321 
  1.930000e+00  -233.3278303229 19.7791381545 
  1.935000e+00  -233.3278303229 19.7791382751 
  1.940000e+00  -233.3278303229 19.7791383939 
  1.945000e+00  -233.3278303229 19.7791385109 
  1.950000e+00  -233.3278303229 19.7791386260 
  1.955000e+00  -233.3278303229 19.7791387394 
  1.960000e+00  -233.3278303229 19.7791388511 
  1.965000e+00  -233.3278303229 19.7791389611 
  1.970000e+00  -233.3278303229 19.7791390694 
  1.975000e+00  -233.3278303229 19.7791391760 
  1.980000e+00  -233.3278303229 19.7791392810 
  1.985000e+00  -233.3278303229 19.7791393844 
  1.990000e+00  -233.3278303229 19.7791394862 
  1.995000e+00  -233.3278303229 19.7791395864 
  2.000000e+00  -233.3278303229 19.7791396852 
