  0.000000e+00  218.431789  60.424687
  1.250000e-03  215.976921  59.225217
  2.500000e-03  212.722410  58.291612
  3.750000e-03  209.644653  57.479454
  5.000000e-03  207.156783  56.559230
  6.250000e-03  205.355604  55.548298
  7.500000e-03  204.228361  54.501804
  8.750000e-03  203.720127  53.465046
  1.000000e-02  203.736916  52.467347
  1.125000e-02  204.146086  51.527130
  1.250000e-02  204.788530  50.654917
  1.375000e-02  205.499933  49.854174
  1.500000e-02  206.136790  49.123454
  1.625000e-02  206.599285  48.459218
  1.750000e-02  206.842155  47.857334
  1.875000e-02  206.870378  47.313302
  2.000000e-02  206.724024  46.822332
  2.125000e-02  206.459769  46.379662
  2.250000e-02  206.135113  45.980840
  2.375000e-02  205.798049  45.621742
  2.500000e-02  205.482271  45.298427
  2.625000e-02  205.206725  45.007022
  2.750000e-02  204.977911  44.743726
  2.875000e-02  204.793466  44.504892
  3.000000e-02  204.645875  44.287129
  3.125000e-02  204.525595  44.087374
  3.250000e-02  204.423291  43.902936
  3.375000e-02  204.331159  43.731496
  3.500000e-02  204.243489  43.571097
  3.625000e-02  204.156704  43.420112
  3.750000e-02  204.069051  43.277201
  3.875000e-02  203.980145  43.141273
  4.000000e-02  203.890479  43.011449
  4.125000e-02  203.800982  42.887018
  4.250000e-02  203.712674  42.767415
  4.375000e-02  203.626438  42.652184
  4.500000e-02  203.542898  42.540959
  4.625000e-02  203.462387  42.433439
  4.750000e-02  203.384973  42.329376
  4.875000e-02  203.310523  42.228561
  5.000000e-02  203.238782  42.130811
  5.125000e-02  203.169443  42.035963
  5.250000e-02  203.102198  41.943873
  5.375000e-02  203.036781  41.854407
  5.500000e-02  202.972982  41.767440
  5.625000e-02  202.910649  41.682858
  5.750000e-02  202.849686  41.600551
  5.875000e-02  202.790034  41.520419
  6.000000e-02  202.731663  41.442365
  6.125000e-02  202.674556  41.366299
  6.250000e-02  202.618701  41.292136
  6.375000e-02  202.564082  41.219795
  6.500000e-02  202.510678  41.149200
  6.625000e-02  202.458459  41.080281
  6.750000e-02  202.407391  41.012969
  6.875000e-02  202.357434  40.947200
  7.000000e-02  202.308544  40.882913
  7.125000e-02  202.260677  40.820053
  7.250000e-02  202.213791  40.758563
  7.375000e-02  202.167845  40.698395
  7.500000e-02  202.122802  40.639498
  7.625000e-02  202.078628  40.581826
  7.750000e-02  202.035291  40.525337
  7.875000e-02  201.992764  40.469989
  8.000000e-02  201.951021  40.415741
  8.125000e-02  201.910039  40.362557
  8.250000e-02  201.869794  40.310401
  8.375000e-02  201.830266  40.259237
  8.500000e-02  201.791435  40.209035
  8.625000e-02  201.753281  40.159763
  8.750000e-02  201.715784  40.111390
  8.875000e-02  201.678927  40.063889
  9.000000e-02  201.642691  40.017232
  9.125000e-02  201.607058  39.971393
  9.250000e-02  201.572012  39.926347
  9.375000e-02  201.537537  39.882071
  9.500000e-02  201.503616  39.838541
  9.625000e-02  201.470234  39.795736
  9.750000e-02  201.437378  39.753634
  9.875000e-02  201.405033  39.712216
  1.000000e-01  201.373186  39.671461
  1.012500e-01  201.341824  39.631352
  1.025000e-01  201.310935  39.591870
  1.037500e-01  201.280507  39.552998
  1.050000e-01  201.250527  39.514720
  1.062500e-01  201.220986  39.477020
  1.075000e-01  201.191871  39.439882
  1.087500e-01  201.163174  39.403292
  1.100000e-01  201.134883  39.367236
  1.112500e-01  201.106989  39.331699
  1.125000e-01  201.079482  39.296670
  1.137500e-01  201.052354  39.262134
  1.150000e-01  201.025596  39.228081
  1.162500e-01  200.999198  39.194497
  1.175000e-01  200.973154  39.161373
  1.187500e-01  200.947455  39.128696
  1.200000e-01  200.922093  39.096456
  1.212500e-01  200.897060  39.064642
  1.225000e-01  200.872351  39.033246
  1.237500e-01  200.847958  39.002258
  1.250000e-01  200.823873  38.971667
  1.262500e-01  200.800092  38.941465
  1.275000e-01  200.776606  38.911645
  1.287500e-01  200.753411  38.882196
  1.300000e-01  200.730500  38.853111
  1.312500e-01  200.707867  38.824382
  1.325000e-01  200.685507  38.796002
  1.337500e-01  200.663415  38.767963
  1.350000e-01  200.641585  38.740259
  1.362500e-01  200.620012  38.712881
  1.375000e-01  200.598692  38.685824
  1.387500e-01  200.577618  38.659081
  1.400000e-01  200.556788  38.632645
  1.412500e-01  200.536195  38.606511
  1.425000e-01  200.515837  38.580672
  1.437500e-01  200.495707  38.555123
  1.450000e-01  200.475803  38.529859
  1.462500e-01  200.456121  38.504873
  1.475000e-01  200.436655  38.480160
  1.487500e-01  200.417403  38.455716
  1.500000e-01  200.398360  38.431535
  1.512500e-01  200.379523  38.407613
  1.525000e-01  200.360889  38.383945
  1.537500e-01  200.342454  38.360525
  1.550000e-01  200.324213  38.337350
  1.562500e-01  200.306166  38.314416
  1.575000e-01  200.288307  38.291718
  1.587500e-01  200.270633  38.269251
  1.600000e-01  200.253143  38.247013
  1.612500e-01  200.235832  38.224999
  1.625000e-01  200.218698  38.203205
  1.637500e-01  200.201738  38.181627
  1.650000e-01  200.184949  38.160263
  1.662500e-01  200.168328  38.139107
  1.675000e-01  200.151873  38.118158
  1.687500e-01  200.135581  38.097412
  1.700000e-01  200.119449  38.076864
  1.712500e-01  200.103475  38.056513
  1.725000e-01  200.087657  38.036355
  1.737500e-01  200.071992  38.016387
  1.750000e-01  200.056478  37.996606
  1.762500e-01  200.041112  37.977009
  1.775000e-01  200.025892  37.957593
  1.787500e-01  200.010816  37.938356
  1.800000e-01  199.995882  37.919295
  1.812500e-01  199.981088  37.900407
  1.825000e-01  199.966432  37.881689
  1.837500e-01  199.951911  37.863140
  1.850000e-01  199.937524  37.844756
  1.862500e-01  199.923268  37.826535
  1.875000e-01  199.909143  37.808475
  1.887500e-01  199.895145  37.790574
  1.900000e-01  199.881273  37.772829
  1.912500e-01  199.867526  37.755238
  1.925000e-01  199.853901  37.737798
  1.937500e-01  199.840396  37.720509
  1.950000e-01  199.827011  37.703367
  1.962500e-01  199.813744  37.686371
  1.975000e-01  199.800592  37.669518
  1.987500e-01  199.787554  37.652807
  2.000000e-01  199.774629  37.636236
  2.012500e-01  199.761815  37.619802
  2.025000e-01  199.749111  37.603505
  2.037500e-01  199.736514  37.587342
  2.050000e-01  199.724025  37.571311
  2.062500e-01  199.711640  37.555411
  2.075000e-01  199.699359  37.539640
  2.087500e-01  199.687181  37.523996
  2.100000e-01  199.675104  37.508478
  2.112500e-01  199.663127  37.493084
  2.125000e-01  199.651248  37.477813
  2.137500e-01  199.639466  37.462663
  2.150000e-01  199.627780  37.447632
  2.162500e-01  199.616189  37.432719
  2.175000e-01  199.604691  37.417922
  2.187500e-01  199.593285  37.403241
  2.200000e-01  199.581971  37.388673
  2.212500e-01  199.570747  37.374217
  2.225000e-01  199.559611  37.359873
  2.237500e-01  199.548563  37.345638
  2.250000e-01  199.537602  37.331511
  2.262500e-01  199.526727  37.317491
  2.275000e-01  199.515936  37.303576
  2.287500e-01  199.505228  37.289766
  2.300000e-01  199.494603  37.276059
  2.312500e-01  199.484059  37.262454
  2.325000e-01  199.473596  37.248950
  2.337500e-01  199.463213  37.235546
  2.350000e-01  199.452908  37.222240
  2.362500e-01  199.442681  37.209031
  2.375000e-01  199.432531  37.195918
  2.387500e-01  199.422456  37.182901
  2.400000e-01  199.412457  37.169977
  2.412500e-01  199.402532  37.157147
  2.425000e-01  199.392680  37.144408
  2.437500e-01  199.382900  37.131761
  2.450000e-01  199.373192  37.119203
  2.462500e-01  199.363555  37.106734
  2.475000e-01  199.353988  37.094353
  2.487500e-01  199.344490  37.082059
  2.500000e-01  199.335060  37.069851
  2.512500e-01  199.325699  37.057728
  2.525000e-01  199.316404  37.045689
  2.537500e-01  199.307175  37.033734
  2.550000e-01  199.298012  37.021861
  2.562500e-01  199.288914  37.010069
  2.575000e-01  199.279880  36.998358
  2.587500e-01  199.270909  36.986726
  2.600000e-01  199.262001  36.975174
  2.612500e-01  199.253155  36.963699
  2.625000e-01  199.244371  36.952302
  2.637500e-01  199.235647  36.940981
  2.650000e-01  199.226983  36.929736
  2.662500e-01  199.218379  36.918566
  2.675000e-01  199.209834  36.907470
  2.687500e-01  199.201347  36.896447
  2.700000e-01  199.192917  36.885497
  2.712500e-01  199.184545  36.874619
  2.725000e-01  199.176229  36.863812
  2.737500e-01  199.167970  36.853075
  2.750000e-01  199.159765  36.842408
  2.762500e-01  199.151615  36.831810
  2.775000e-01  199.143520  36.821281
  2.787500e-01  199.135478  36.810819
  2.800000e-01  199.127490  36.800424
  2.812500e-01  199.119554  36.790095
  2.825000e-01  199.111670  36.779832
  2.837500e-01  199.103838  36.769634
  2.850000e-01  199.096057  36.759501
  2.862500e-01  199.088327  36.749431
  2.875000e-01  199.080647  36.739425
  2.887500e-01  199.073016  36.729481
  2.900000e-01  199.065435  36.719599
  2.912500e-01  199.057902  36.709778
  2.925000e-01  199.050418  36.700018
  2.937500e-01  199.042981  36.690319
  2.950000e-01  199.035592  36.680679
  2.962500e-01  199.028250  36.671098
  2.975000e-01  199.020954  36.661576
  2.987500e-01  199.013704  36.652111
  3.000000e-01  199.006500  36.642704
  3.012500e-01  198.999341  36.633354
  3.025000e-01  198.992227  36.624061
  3.037500e-01  198.985157  36.614823
  3.050000e-01  198.978131  36.605641
  3.062500e-01  198.971149  36.596514
  3.075000e-01  198.964210  36.587441
  3.087500e-01  198.957313  36.578421
  3.100000e-01  198.950459  36.569456
  3.112500e-01  198.943647  36.560543
  3.125000e-01  198.936877  36.551682
  3.137500e-01  198.930148  36.542874
  3.150000e-01  198.923460  36.534117
  3.162500e-01  198.916812  36.525411
  3.175000e-01  198.910204  36.516756
  3.187500e-01  198.903637  36.508151
  3.200000e-01  198.897108  36.499595
  3.212500e-01  198.890619  36.491089
  3.225000e-01  198.884169  36.482632
  3.237500e-01  198.877757  36.474223
  3.250000e-01  198.871383  36.465862
  3.262500e-01  198.865047  36.457549
  3.275000e-01  198.858748  36.449283
  3.287500e-01  198.852487  36.441064
  3.300000e-01  198.846262  36.432891
  3.312500e-01  198.840074  36.424764
  3.325000e-01  198.833922  36.416683
  3.337500e-01  198.827806  36.408647
  3.350000e-01  198.821726  36.400656
  3.362500e-01  198.815681  36.392709
  3.375000e-01  198.809670  36.384807
  3.387500e-01  198.803695  36.376948
  3.400000e-01  198.797754  36.369132
  3.412500e-01  198.791846  36.361360
  3.425000e-01  198.785973  36.353630
  3.437500e-01  198.780134  36.345942
  3.450000e-01  198.774327  36.338297
  3.462500e-01  198.768554  36.330693
  3.475000e-01  198.762813  36.323130
  3.487500e-01  198.757105  36.315608
  3.500000e-01  198.751429  36.308127
  3.512500e-01  198.745784  36.300687
  3.525000e-01  198.740172  36.293286
  3.537500e-01  198.734591  36.285925
  3.550000e-01  198.729041  36.278603
  3.562500e-01  198.723522  36.271320
  3.575000e-01  198.718033  36.264076
  3.587500e-01  198.712575  36.256870
  3.600000e-01  198.707147  36.249702
  3.612500e-01  198.701750  36.242573
  3.625000e-01  198.696381  36.235480
  3.637500e-01  198.691042  36.228425
  3.650000e-01  198.685733  36.221407
  3.662500e-01  198.680452  36.214426
  3.675000e-01  198.675200  36.207481
  3.687500e-01  198.669977  36.200572
  3.700000e-01  198.664782  36.193698
  3.712500e-01  198.659615  36.186861
  3.725000e-01  198.654475  36.180058
  3.737500e-01  198.649364  36.173291
  3.750000e-01  198.644280  36.166558
  3.762500e-01  198.639223  36.159860
  3.775000e-01  198.634193  36.153196
  3.787500e-01  198.629190  36.146566
  3.800000e-01  198.624213  36.139970
  3.812500e-01  198.619263  36.133407
  3.825000e-01  198.614339  36.126877
  3.837500e-01  198.609441  36.120380
  3.850000e-01  198.604569  36.113916
  3.862500e-01  198.599722  36.107485
  3.875000e-01  198.594901  36.101086
  3.887500e-01  198.590105  36.094719
  3.900000e-01  198.585334  36.088383
  3.912500e-01  198.580587  36.082079
  3.925000e-01  198.575866  36.075807
  3.937500e-01  198.571169  36.069565
  3.950000e-01  198.566496  36.063354
  3.962500e-01  198.561847  36.057174
  3.975000e-01  198.557222  36.051025
  3.987500e-01  198.552621  36.044905
  4.000000e-01  198.548043  36.038816
  4.012500e-01  198.543489  36.032756
  4.025000e-01  198.538958  36.026726
  4.037500e-01  198.534450  36.020726
  4.050000e-01  198.529964  36.014754
  4.062500e-01  198.525502  36.008812
  4.075000e-01  198.521062  36.002898
  4.087500e-01  198.516644  35.997013
  4.100000e-01  198.512249  35.991156
  4.112500e-01  198.507876  35.985327
  4.125000e-01  198.503524  35.979527
  4.137500e-01  198.499195  35.973754
  4.150000e-01  198.494886  35.968009
  4.162500e-01  198.490600  35.962291
  4.175000e-01  198.486334  35.956600
  4.187500e-01  198.482090  35.950936
  4.200000e-01  198.477867  35.945299
  4.212500e-01  198.473664  35.939689
  4.225000e-01  198.469482  35.934106
  4.237500e-01  198.465321  35.928548
  4.250000e-01  198.461180  35.923017
  4.262500e-01  198.457059  35.917512
  4.275000e-01  198.452958  35.912032
  4.287500e-01  198.448878  35.906578
  4.300000e-01  198.444817  35.901150
  4.312500e-01  198.440776  35.895747
  4.325000e-01  198.436754  35.890369
  4.337500e-01  198.432752  35.885016
  4.350000e-01  198.428769  35.879688
  4.362500e-01  198.424805  35.874384
  4.375000e-01  198.420861  35.869105
  4.387500e-01  198.416935  35.863850
  4.400000e-01  198.413028  35.858620
  4.412500e-01  198.409139  35.853413
  4.425000e-01  198.405269  35.848230
  4.437500e-01  198.401418  35.843071
  4.450000e-01  198.397584  35.837936
  4.462500e-01  198.393769  35.832824
  4.475000e-01  198.389972  35.827735
  4.487500e-01  198.386193  35.822669
  4.500000e-01  198.382431  35.817626
  4.512500e-01  198.378688  35.812606
  4.525000e-01  198.374961  35.807609
  4.537500e-01  198.371253  35.802634
  4.550000e-01  198.367561  35.797682
  4.562500e-01  198.363887  35.792751
  4.575000e-01  198.360229  35.787843
  4.587500e-01  198.356589  35.782957
  4.600000e-01  198.352966  35.778093
  4.612500e-01  198.349359  35.773251
  4.625000e-01  198.345769  35.768430
  4.637500e-01  198.342196  35.763630
  4.650000e-01  198.338639  35.758852
  4.662500e-01  198.335098  35.754095
  4.675000e-01  198.331574  35.749359
  4.687500e-01  198.328066  35.744644
  4.700000e-01  198.324573  35.739950
  4.712500e-01  198.321097  35.735277
  4.725000e-01  198.317636  35.730624
  4.737500e-01  198.314192  35.725992
  4.750000e-01  198.310762  35.721379
  4.762500e-01  198.307349  35.716787
  4.775000e-01  198.303951  35.712216
  4.787500e-01  198.300568  35.707664
  4.800000e-01  198.297200  35.703132
  4.812500e-01  198.293848  35.698619
  4.825000e-01  198.290510  35.694127
  4.837500e-01  198.287188  35.689653
  4.850000e-01  198.283880  35.685200
  4.862500e-01  198.280587  35.680765
  4.875000e-01  198.277309  35.676350
  4.887500e-01  198.274045  35.671953
  4.900000e-01  198.270796  35.667576
  4.912500e-01  198.267562  35.663217
  4.925000e-01  198.264341  35.658878
  4.937500e-01  198.261135  35.654556
  4.950000e-01  198.257944  35.650254
  4.962500e-01  198.254766  35.645970
  4.975000e-01  198.251602  35.641704
  4.987500e-01  198.248452  35.637456
  5.000000e-01  198.245316  35.633226
  5.012500e-01  198.242194  35.629015
  5.025000e-01  198.239085  35.624821
  5.037500e-01  198.235990  35.620645
  5.050000e-01  198.232908  35.616487
  5.062500e-01  198.229840  35.612346
  5.075000e-01  198.226786  35.608223
  5.087500e-01  198.223744  35.604117
  5.100000e-01  198.220716  35.600029
  5.112500e-01  198.217701  35.595957
  5.125000e-01  198.214698  35.591903
  5.137500e-01  198.211709  35.587866
  5.150000e-01  198.208733  35.583846
  5.162500e-01  198.205770  35.579843
  5.175000e-01  198.202819  35.575857
  5.187500e-01  198.199881  35.571887
  5.200000e-01  198.196955  35.567933
  5.212500e-01  198.194043  35.563997
  5.225000e-01  198.191142  35.560076
  5.237500e-01  198.188254  35.556172
  5.250000e-01  198.185378  35.552284
  5.262500e-01  198.182515  35.548413
  5.275000e-01  198.179664  35.544557
  5.287500e-01  198.176825  35.540717
  5.300000e-01  198.173997  35.536894
  5.312500e-01  198.171182  35.533086
  5.325000e-01  198.168379  35.529293
  5.337500e-01  198.165588  35.525517
  5.350000e-01  198.162808  35.521756
  5.362500e-01  198.160041  35.518010
  5.375000e-01  198.157284  35.514280
  5.387500e-01  198.154540  35.510565
  5.400000e-01  198.151807  35.506865
  5.412500e-01  198.149085  35.503181
  5.425000e-01  198.146375  35.499511
  5.437500e-01  198.143676  35.495857
  5.450000e-01  198.140989  35.492218
  5.462500e-01  198.138313  35.488593
  5.475000e-01  198.135648  35.484983
  5.487500e-01  198.132994  35.481388
  5.500000e-01  198.130351  35.477807
  5.512500e-01  198.127719  35.474241
  5.525000e-01  198.125098  35.470690
  5.537500e-01  198.122488  35.467152
  5.550000e-01  198.119888  35.463630
  5.562500e-01  198.117300  35.460121
  5.575000e-01  198.114722  35.456627
  5.587500e-01  198.112155  35.453146
  5.600000e-01  198.109598  35.449680
  5.612500e-01  198.107052  35.446228
  5.625000e-01  198.104517  35.442790
  5.637500e-01  198.101992  35.439365
  5.650000e-01  198.099477  35.435954
  5.662500e-01  198.096972  35.432557
  5.675000e-01  198.094478  35.429174
  5.687500e-01  198.091994  35.425804
  5.700000e-01  198.089521  35.422448
  5.712500e-01  198.087057  35.419105
  5.725000e-01  198.084603  35.415775
  5.737500e-01  198.082160  35.412459
  5.750000e-01  198.079726  35.409156
  5.762500e-01  198.077303  35.405866
  5.775000e-01  198.074889  35.402589
  5.787500e-01  198.072485  35.399326
  5.800000e-01  198.070091  35.396075
  5.812500e-01  198.067706  35.392837
  5.825000e-01  198.065331  35.389612
  5.837500e-01  198.062966  35.386400
  5.850000e-01  198.060611  35.383201
  5.862500e-01  198.058264  35.380014
  5.875000e-01  198.055928  35.376840
  5.887500e-01  198.053601  35.373678
  5.900000e-01  198.051283  35.370529
  5.912500e-01  198.048974  35.367393
  5.925000e-01  198.046675  35.364268
  5.937500e-01  198.044385  35.361156
  5.950000e-01  198.042105  35.358057
  5.962500e-01  198.039833  35.354969
  5.975000e-01  198.037571  35.351894
  5.987500e-01  198.035317  35.348831
  6.000000e-01  198.033073  35.345780
  6.012500e-01  198.030838  35.342741
  6.025000e-01  198.028611  35.339713
  6.037500e-01  198.026394  35.336698
  6.050000e-01  198.024185  35.333694
  6.062500e-01  198.021985  35.330702
  6.075000e-01  198.019794  35.327722
  6.087500e-01  198.017612  35.324754
  6.100000e-01  198.015439  35.321797
  6.112500e-01  198.013274  35.318852
  6.125000e-01  198.011117  35.315918
  6.137500e-01  198.008970  35.312995
  6.150000e-01  198.006830  35.310084
  6.162500e-01  198.004700  35.307185
  6.175000e-01  198.002577  35.304296
  6.187500e-01  198.000463  35.301419
  6.200000e-01  197.998358  35.298553
  6.212500e-01  197.996261  35.295698
  6.225000e-01  197.994172  35.292854
  6.237500e-01  197.992091  35.290021
  6.250000e-01  197.990019  35.287200
  6.262500e-01  197.987955  35.284389
  6.275000e-01  197.985899  35.281589
  6.287500e-01  197.983851  35.278800
  6.300000e-01  197.981811  35.276021
  6.312500e-01  197.979779  35.273254
  6.325000e-01  197.977755  35.270497
  6.337500e-01  197.975739  35.267750
  6.350000e-01  197.973731  35.265015
  6.362500e-01  197.971731  35.262290
  6.375000e-01  197.969739  35.259575
  6.387500e-01  197.967755  35.256871
  6.400000e-01  197.965778  35.254177
  6.412500e-01  197.963809  35.251494
  6.425000e-01  197.961848  35.248820
  6.437500e-01  197.959895  35.246158
  6.450000e-01  197.957949  35.243505
  6.462500e-01  197.956011  35.240862
  6.475000e-01  197.954080  35.238230
  6.487500e-01  197.952157  35.235608
  6.500000e-01  197.950241  35.232996
  6.512500e-01  197.948333  35.230394
  6.525000e-01  197.946433  35.227801
  6.537500e-01  197.944539  35.225219
  6.550000e-01  197.942654  35.222647
  6.562500e-01  197.940775  35.220084
  6.575000e-01  197.938904  35.217531
  6.587500e-01  197.937040  35.214988
  6.600000e-01  197.935183  35.212455
  6.612500e-01  197.933334  35.209931
  6.625000e-01  197.931492  35.207417
  6.637500e-01  197.929656  35.204913
  6.650000e-01  197.927829  35.202418
  6.662500e-01  197.926008  35.199932
  6.675000e-01  197.924194  35.197456
  6.687500e-01  197.922387  35.194990
  6.700000e-01  197.920587  35.192533
  6.712500e-01  197.918794  35.190085
  6.725000e-01  197.917009  35.187646
  6.737500e-01  197.915230  35.185217
  6.750000e-01  197.913458  35.182797
  6.762500e-01  197.911692  35.180386
  6.775000e-01  197.909934  35.177984
  6.787500e-01  197.908182  35.175591
  6.800000e-01  197.906438  35.173208
  6.812500e-01  197.904700  35.170833
  6.825000e-01  197.902968  35.168468
  6.837500e-01  197.901244  35.166111
  6.850000e-01  197.899526  35.163763
  6.862500e-01  197.897814  35.161425
  6.875000e-01  197.896109  35.159094
  6.887500e-01  197.894411  35.156773
  6.900000e-01  197.892719  35.154461
  6.912500e-01  197.891034  35.152157
  6.925000e-01  197.889356  35.149862
  6.937500e-01  197.887683  35.147576
  6.950000e-01  197.886018  35.145298
  6.962500e-01  197.884358  35.143029
  6.975000e-01  197.882705  35.140768
  6.987500e-01  197.881058  35.138516
  7.000000e-01  197.879418  35.136272
  7.012500e-01  197.877784  35.134037
  7.025000e-01  197.876156  35.131810
  7.037500e-01  197.874535  35.129592
  7.050000e-01  197.872920  35.127382
  7.062500e-01  197.871310  35.125180
  7.075000e-01  197.869708  35.122987
  7.087500e-01  197.868111  35.120801
  7.100000e-01  197.866520  35.118624
  7.112500e-01  197.864936  35.116456
  7.125000e-01  197.863357  35.114295
  7.137500e-01  197.861785  35.112142
  7.150000e-01  197.860218  35.109997
  7.162500e-01  197.858658  35.107861
  7.175000e-01  197.857103  35.105732
  7.187500e-01  197.855555  35.103612
  7.200000e-01  197.854012  35.101499
  7.212500e-01  197.852476  35.099394
  7.225000e-01  197.850945  35.097298
  7.237500e-01  197.849420  35.095208
  7.250000e-01  197.847901  35.093127
  7.262500e-01  197.846387  35.091054
  7.275000e-01  197.844880  35.088988
  7.287500e-01  197.843378  35.086930
  7.300000e-01  197.841882  35.084880
  7.312500e-01  197.840392  35.082837
  7.325000e-01  197.838907  35.080802
  7.337500e-01  197.837428  35.078775
  7.350000e-01  197.835954  35.076755
  7.362500e-01  197.834487  35.074742
  7.375000e-01  197.833025  35.072738
  7.387500e-01  197.831568  35.070740
  7.400000e-01  197.830117  35.068750
  7.412500e-01  197.828671  35.066768
  7.425000e-01  197.827231  35.064793
  7.437500e-01  197.825797  35.062825
  7.450000e-01  197.824368  35.060864
  7.462500e-01  197.822944  35.058911
  7.475000e-01  197.821526  35.056965
  7.487500e-01  197.820113  35.055027
  7.500000e-01  197.818706  35.053095
  7.512500e-01  197.817304  35.051171
  7.525000e-01  197.815907  35.049254
  7.537500e-01  197.814515  35.047343
  7.550000e-01  197.813129  35.045441
  7.562500e-01  197.811748  35.043545
  7.575000e-01  197.810373  35.041656
  7.587500e-01  197.809002  35.039774
  7.600000e-01  197.807637  35.037899
  7.612500e-01  197.806277  35.036031
  7.625000e-01  197.804922  35.034170
  7.637500e-01  197.803573  35.032316
  7.650000e-01  197.802228  35.030469
  7.662500e-01  197.800888  35.028628
  7.675000e-01  197.799554  35.026795
  7.687500e-01  197.798225  35.024968
  7.700000e-01  197.796900  35.023148
  7.712500e-01  197.795581  35.021335
  7.725000e-01  197.794267  35.019528
  7.737500e-01  197.792957  35.017728
  7.750000e-01  197.791653  35.015935
  7.762500e-01  197.790354  35.014148
  7.775000e-01  197.789059  35.012368
  7.787500e-01  197.787770  35.010595
  7.800000e-01  197.786485  35.008828
  7.812500e-01  197.785205  35.007068
  7.825000e-01  197.783930  35.005314
  7.837500e-01  197.782660  35.003567
  7.850000e-01  197.781395  35.001826
  7.862500e-01  197.780134  35.000091
  7.875000e-01  197.778878  34.998363
  7.887500e-01  197.777627  34.996641
  7.900000e-01  197.776381  34.994926
  7.912500e-01  197.775139  34.993217
  7.925000e-01  197.773902  34.991514
  7.937500e-01  197.772670  34.989818
  7.950000e-01  197.771443  34.988128
  7.962500e-01  197.770220  34.986444
  7.975000e-01  197.769001  34.984766
  7.987500e-01  197.767788  34.983094
  8.000000e-01  197.766579  34.981429
  8.012500e-01  197.765374  34.979770
  8.025000e-01  197.764174  34.978116
  8.037500e-01  197.762979  34.976469
  8.050000e-01  197.761788  34.974828
  8.062500e-01  197.760601  34.973193
  8.075000e-01  197.759419  34.971564
  8.087500e-01  197.758242  34.969941
  8.100000e-01  197.757069  34.968324
  8.112500e-01  197.755900  34.966713
  8.125000e-01  197.754736  34.965108
  8.137500e-01  197.753576  34.963509
  8.150000e-01  197.752421  34.961915
  8.162500e-01  197.751270  34.960328
  8.175000e-01  197.750123  34.958746
  8.187500e-01  197.748980  34.957170
  8.200000e-01  197.747842  34.955600
  8.212500e-01  197.746708  34.954036
  8.225000e-01  197.745579  34.952477
  8.237500e-01  197.744454  34.950924
  8.250000e-01  197.743333  34.949377
  8.262500e-01  197.742216  34.947836
  8.275000e-01  197.741103  34.946300
  8.287500e-01  197.739995  34.944770
  8.300000e-01  197.738890  34.943245
  8.312500e-01  197.737790  34.941726
  8.325000e-01  197.736694  34.940212
  8.337500e-01  197.735603  34.938705
  8.350000e-01  197.734515  34.937202
  8.362500e-01  197.733431  34.935705
  8.375000e-01  197.732352  34.934214
  8.387500e-01  197.731276  34.932728
  8.400000e-01  197.730205  34.931248
  8.412500e-01  197.729137  34.929773
  8.425000e-01  197.728074  34.928303
  8.437500e-01  197.727015  34.926839
  8.450000e-01  197.725959  34.925380
  8.462500e-01  197.724908  34.923926
  8.475000e-01  197.723860  34.922478
  8.487500e-01  197.722817  34.921035
  8.500000e-01  197.721777  34.919598
  8.512500e-01  197.720741  34.918165
  8.525000e-01  197.719709  34.916738
  8.537500e-01  197.718682  34.915316
  8.550000e-01  197.717657  34.913900
  8.562500e-01  197.716637  34.912488
  8.575000e-01  197.715621  34.911082
  8.587500e-01  197.714608  34.909680
  8.600000e-01  197.713599  34.908284
  8.612500e-01  197.712594  34.906893
  8.625000e-01  197.711593  34.905507
  8.637500e-01  197.710596  34.904127
  8.650000e-01  197.709602  34.902751
  8.662500e-01  197.708612  34.901380
  8.675000e-01  197.707626  34.900014
  8.687500e-01  197.706643  34.898653
  8.700000e-01  197.705664  34.897298
  8.712500e-01  197.704689  34.895947
  8.725000e-01  197.703717  34.894601
  8.737500e-01  197.702749  34.893260
  8.750000e-01  197.701785  34.891924
  8.762500e-01  197.700824  34.890592
  8.775000e-01  197.699867  34.889266
  8.787500e-01  197.698914  34.887945
  8.800000e-01  197.697964  34.886628
  8.812500e-01  197.697018  34.885316
  8.825000e-01  197.696075  34.884009
  8.837500e-01  197.695136  34.882706
  8.850000e-01  197.694200  34.881409
  8.862500e-01  197.693267  34.880116
  8.875000e-01  197.692339  34.878828
  8.887500e-01  197.691413  34.877544
  8.900000e-01  197.690492  34.876266
  8.912500e-01  197.689573  34.874992
  8.925000e-01  197.688658  34.873722
  8.937500e-01  197.687747  34.872457
  8.950000e-01  197.686839  34.871197
  8.962500e-01  197.685934  34.869941
  8.975000e-01  197.685033  34.868690
  8.987500e-01  197.684135  34.867444
  9.000000e-01  197.683240  34.866202
  9.012500e-01  197.682349  34.864964
  9.025000e-01  197.681461  34.863732
  9.037500e-01  197.680576  34.862503
  9.050000e-01  197.679695  34.861279
  9.062500e-01  197.678817  34.860060
  9.075000e-01  197.677942  34.858845
  9.087500e-01  197.677071  34.857634
  9.100000e-01  197.676202  34.856428
  9.112500e-01  197.675338  34.855226
  9.125000e-01  197.674476  34.854028
  9.137500e-01  197.673617  34.852835
  9.150000e-01  197.672762  34.851647
  9.162500e-01  197.671910  34.850462
  9.175000e-01  197.671061  34.849282
  9.187500e-01  197.670215  34.848106
  9.200000e-01  197.669372  34.846935
  9.212500e-01  197.668533  34.845768
  9.225000e-01  197.667697  34.844604
  9.237500e-01  197.666863  34.843446
  9.250000e-01  197.666033  34.842291
  9.262500e-01  197.665206  34.841141
  9.275000e-01  197.664382  34.839995
  9.287500e-01  197.663561  34.838853
  9.300000e-01  197.662744  34.837715
  9.312500e-01  197.661929  34.836581
  9.325000e-01  197.661117  34.835451
  9.337500e-01  197.660308  34.834326
  9.350000e-01  197.659503  34.833204
  9.362500e-01  197.658700  34.832087
  9.375000e-01  197.657900  34.830974
  9.387500e-01  197.657103  34.829865
  9.400000e-01  197.656310  34.828759
  9.412500e-01  197.655519  34.827658
  9.425000e-01  197.654731  34.826561
  9.437500e-01  197.653946  34.825468
  9.450000e-01  197.653164  34.824379
  9.462500e-01  197.652385  34.823293
  9.475000e-01  197.651609  34.822212
  9.487500e-01  197.650835  34.821135
  9.500000e-01  197.650065  34.820061
  9.512500e-01  197.649297  34.818992
  9.525000e-01  197.648532  34.817926
  9.537500e-01  197.647771  34.816864
  9.550000e-01  197.647011  34.815806
  9.562500e-01  197.646255  34.814752
  9.575000e-01  197.645502  34.813702
  9.587500e-01  197.644751  34.812655
  9.600000e-01  197.644003  34.811613
  9.612500e-01  197.643258  34.810574
  9.625000e-01  197.642516  34.809539
  9.637500e-01  197.641776  34.808508
  9.650000e-01  197.641039  34.807480
  9.662500e-01  197.640305  34.806456
  9.675000e-01  197.639574  34.805436
  9.687500e-01  197.638845  34.804419
  9.700000e-01  197.638119  34.803407
  9.712500e-01  197.637396  34.802398
  9.725000e-01  197.636675  34.801392
  9.737500e-01  197.635957  34.800390
  9.750000e-01  197.635242  34.799392
  9.762500e-01  197.634530  34.798398
  9.775000e-01  197.633820  34.797407
  9.787500e-01  197.633112  34.796420
  9.800000e-01  197.632407  34.795436
  9.812500e-01  197.631705  34.794456
  9.825000e-01  197.631006  34.793479
  9.837500e-01  197.630309  34.792506
  9.850000e-01  197.629614  34.791537
  9.862500e-01  197.628923  34.790571
  9.875000e-01  197.628233  34.789608
  9.887500e-01  197.627547  34.788649
  9.900000e-01  197.626863  34.787694
  9.912500e-01  197.626181  34.786742
  9.925000e-01  197.625502  34.785793
  9.937500e-01  197.624825  34.784848
  9.950000e-01  197.624151  34.783906
  9.962500e-01  197.623480  34.782968
  9.975000e-01  197.622810  34.782033
  9.987500e-01  197.622144  34.781101
  1.000000e+00  197.621480  34.780173
  1.001250e+00  197.620818  34.779249
  1.002500e+00  197.620159  34.778327
  1.003750e+00  197.619502  34.777409
  1.005000e+00  197.618847  34.776494
  1.006250e+00  197.618195  34.775583
  1.007500e+00  197.617546  34.774675
  1.008750e+00  197.616898  34.773770
  1.010000e+00  197.616253  34.772868
  1.011250e+00  197.615611  34.771970
  1.012500e+00  197.614971  34.771075
  1.013750e+00  197.614333  34.770183
  1.015000e+00  197.613698  34.769295
  1.016250e+00  197.613065  34.768410
  1.017500e+00  197.612434  34.767527
  1.018750e+00  197.611806  34.766649
  1.020000e+00  197.611179  34.765773
  1.021250e+00  197.610556  34.764900
  1.022500e+00  197.609934  34.764031
  1.023750e+00  197.609315  34.763165
  1.025000e+00  197.608698  34.762302
  1.026250e+00  197.608083  34.761442
  1.027500e+00  197.607471  34.760585
  1.028750e+00  197.606861  34.759731
  1.030000e+00  197.606253  34.758880
  1.031250e+00  197.605647  34.758033
  1.032500e+00  197.605044  34.757188
  1.033750e+00  197.604443  34.756347
  1.035000e+00  197.603844  34.755508
  1.036250e+00  197.603247  34.754673
  1.037500e+00  197.602652  34.753841
  1.038750e+00  197.602060  34.753012
  1.040000e+00  197.601469  34.752185
  1.041250e+00  197.600881  34.751362
  1.042500e+00  197.600295  34.750542
  1.043750e+00  197.599712  34.749724
  1.045000e+00  197.599130  34.748910
  1.046250e+00  197.598550  34.748098
  1.047500e+00  197.597973  34.747290
  1.048750e+00  197.597398  34.746484
  1.050000e+00  197.596824  34.745682
  1.051250e+00  197.596253  34.744882
  1.052500e+00  197.595684  34.744085
  1.053750e+00  197.595117  34.743291
  1.055000e+00  197.594553  34.742500
  1.056250e+00  197.593990  34.741712
  1.057500e+00  197.593429  34.740927
  1.058750e+00  197.592871  34.740144
  1.060000e+00  197.592314  34.739365
  1.061250e+00  197.591759  34.738588
  1.062500e+00  197.591207  34.737814
  1.063750e+00  197.590656  34.737042
  1.065000e+00  197.590108  34.736274
  1.066250e+00  197.589561  34.735508
  1.067500e+00  197.589017  34.734746
  1.068750e+00  197.588474  34.733985
  1.070000e+00  197.587934  34.733228
  1.071250e+00  197.587395  34.732473
  1.072500e+00  197.586859  34.731722
  1.073750e+00  197.586324  34.730972
  1.075000e+00  197.585791  34.730226
  1.076250e+00  197.585261  34.729482
  1.077500e+00  197.584732  34.728741
  1.078750e+00  197.584205  34.728003
  1.080000e+00  197.583680  34.727267
  1.081250e+00  197.583157  34.726534
  1.082500e+00  197.582636  34.725804
  1.083750e+00  197.582117  34.725076
  1.085000e+00  197.581599  34.724351
  1.086250e+00  197.581084  34.723629
  1.087500e+00  197.580570  34.722909
  1.088750e+00  197.580059  34.722192
  1.090000e+00  197.579549  34.721477
  1.091250e+00  197.579041  34.720765
  1.092500e+00  197.578535  34.720055
  1.093750e+00  197.578030  34.719349
  1.095000e+00  197.577528  34.718644
  1.096250e+00  197.577027  34.717942
  1.097500e+00  197.576528  34.717243
  1.098750e+00  197.576032  34.716547
  1.100000e+00  197.575536  34.715852
  1.101250e+00  197.575043  34.715161
  1.102500e+00  197.574551  34.714472
  1.103750e+00  197.574062  34.713785
  1.105000e+00  197.573574  34.713101
  1.106250e+00  197.573087  34.712419
  1.107500e+00  197.572603  34.711740
  1.108750e+00  197.572120  34.711063
  1.110000e+00  197.571639  34.710389
  1.111250e+00  197.571160  34.709717
  1.112500e+00  197.570683  34.709047
  1.113750e+00  197.570207  34.708380
  1.115000e+00  197.569733  34.707716
  1.116250e+00  197.569261  34.707054
  1.117500e+00  197.568790  34.706394
  1.118750e+00  197.568321  34.705736
  1.120000e+00  197.567854  34.705081
  1.121250e+00  197.567389  34.704429
  1.122500e+00  197.566925  34.703779
  1.123750e+00  197.566463  34.703131
  1.125000e+00  197.566002  34.702485
  1.126250e+00  197.565543  34.701842
  1.127500e+00  197.565086  34.701201
  1.128750e+00  197.564631  34.700562
  1.130000e+00  197.564177  34.699926
  1.131250e+00  197.563725  34.699292
  1.132500e+00  197.563275  34.698660
  1.133750e+00  197.562826  34.698031
  1.135000e+00  197.562378  34.697404
  1.136250e+00  197.561933  34.696779
  1.137500e+00  197.561489  34.696156
  1.138750e+00  197.561046  34.695536
  1.140000e+00  197.560606  34.694918
  1.141250e+00  197.560166  34.694302
  1.142500e+00  197.559729  34.693689
  1.143750e+00  197.559293  34.693077
  1.145000e+00  197.558858  34.692468
  1.146250e+00  197.558425  34.691861
  1.147500e+00  197.557994  34.691256
  1.148750e+00  197.557564  34.690654
  1.150000e+00  197.557136  34.690053
  1.151250e+00  197.556709  34.689455
  1.152500e+00  197.556284  34.688859
  1.153750e+00  197.555861  34.688265
  1.155000e+00  197.555439  34.687674
  1.156250e+00  197.555018  34.687084
  1.157500e+00  197.554599  34.686496
  1.158750e+00  197.554181  34.685911
  1.160000e+00  197.553765  34.685328
  1.161250e+00  197.553351  34.684747
  1.162500e+00  197.552938  34.684168
  1.163750e+00  197.552526  34.683591
  1.165000e+00  197.552116  34.683016
  1.166250e+00  197.551708  34.682443
  1.167500e+00  197.551301  34.681873
  1.168750e+00  197.550895  34.681304
  1.170000e+00  197.550491  34.680738
  1.171250e+00  197.550088  34.680173
  1.172500e+00  197.549687  34.679611
  1.173750e+00  197.549287  34.679050
  1.175000e+00  197.548889  34.678492
  1.176250e+00  197.548492  34.677936
  1.177500e+00  197.548097  34.677381
  1.178750e+00  197.547702  34.676829
  1.180000e+00  197.547310  34.676279
  1.181250e+00  197.546919  34.675731
  1.182500e+00  197.546529  34.675184
  1.183750e+00  197.546140  34.674640
  1.185000e+00  197.545753  34.674097
  1.186250e+00  197.545368  34.673557
  1.187500e+00  197.544983  34.673019
  1.188750e+00  197.544601  34.672482
  1.190000e+00  197.544219  34.671948
  1.191250e+00  197.543839  34.671415
  1.192500e+00  197.543460  34.670884
  1.193750e+00  197.543083  34.670355
  1.195000e+00  197.542707  34.669829
  1.196250e+00  197.542332  34.669304
  1.197500e+00  197.541959  34.668781
  1.198750e+00  197.541587  34.668259
  1.200000e+00  197.541216  34.667740
  1.201250e+00  197.540847  34.667223
  1.202500e+00  197.540479  34.666707
  1.203750e+00  197.540112  34.666194
  1.205000e+00  197.539747  34.665682
  1.206250e+00  197.539383  34.665172
  1.207500e+00  197.539020  34.664664
  1.208750e+00  197.538659  34.664158
  1.210000e+00  197.538298  34.663653
  1.211250e+00  197.537940  34.663151
  1.212500e+00  197.537582  34.662650
  1.213750e+00  197.537226  34.662151
  1.215000e+00  197.536871  34.661654
  1.216250e+00  197.536517  34.661159
  1.217500e+00  197.536164  34.660665
  1.218750e+00  197.535813  34.660173
  1.220000e+00  197.535463  34.659683
  1.221250e+00  197.535115  34.659195
  1.222500e+00  197.534767  34.658709
  1.223750e+00  197.534421  34.658224
  1.225000e+00  197.534076  34.657741
  1.226250e+00  197.533732  34.657260
  1.227500e+00  197.533390  34.656781
  1.228750e+00  197.533049  34.656303
  1.230000e+00  197.532709  34.655827
  1.231250e+00  197.532370  34.655353
  1.232500e+00  197.532032  34.654880
  1.233750e+00  197.531696  34.654410
  1.235000e+00  197.531361  34.653941
  1.236250e+00  197.531027  34.653473
  1.237500e+00  197.530694  34.653007
  1.238750e+00  197.530362  34.652543
  1.240000e+00  197.530032  34.652081
  1.241250e+00  197.529702  34.651621
  1.242500e+00  197.529374  34.651162
  1.243750e+00  197.529047  34.650704
  1.245000e+00  197.528722  34.650249
  1.246250e+00  197.528397  34.649795
  1.247500e+00  197.528074  34.649342
  1.248750e+00  197.527752  34.648892
  1.250000e+00  197.527430  34.648443
  1.251250e+00  197.527111  34.647995
  1.252500e+00  197.526792  34.647549
  1.253750e+00  197.526474  34.647105
  1.255000e+00  197.526158  34.646662
  1.256250e+00  197.525842  34.646221
  1.257500e+00  197.525528  34.645782
  1.258750e+00  197.525215  34.645344
  1.260000e+00  197.524903  34.644908
  1.261250e+00  197.524592  34.644473
  1.262500e+00  197.524282  34.644040
  1.263750e+00  197.523973  34.643609
  1.265000e+00  197.523666  34.643179
  1.266250e+00  197.523359  34.642751
  1.267500e+00  197.523054  34.642324
  1.268750e+00  197.522750  34.641898
  1.270000e+00  197.522446  34.641475
  1.271250e+00  197.522144  34.641053
  1.272500e+00  197.521843  34.640632
  1.273750e+00  197.521543  34.640213
  1.275000e+00  197.521244  34.639795
  1.276250e+00  197.520946  34.639379
  1.277500e+00  197.520650  34.638964
  1.278750e+00  197.520354  34.638551
  1.280000e+00  197.520059  34.638140
  1.281250e+00  197.519766  34.637730
  1.282500e+00  197.519473  34.637321
  1.283750e+00  197.519181  34.636914
  1.285000e+00  197.518891  34.636508
  1.286250e+00  197.518601  34.636104
  1.287500e+00  197.518313  34.635701
  1.288750e+00  197.518026  34.635300
  1.290000e+00  197.517739  34.634900
  1.291250e+00  197.517454  34.634502
  1.292500e+00  197.517170  34.634105
  1.293750e+00  197.516886  34.633710
  1.295000e+00  197.516604  34.633315
  1.296250e+00  197.516323  34.632923
  1.297500e+00  197.516042  34.632532
  1.298750e+00  197.515763  34.632142
  1.300000e+00  197.515485  34.631754
  1.301250e+00  197.515207  34.631367
  1.302500e+00  197.514931  34.630981
  1.303750e+00  197.514656  34.630597
  1.305000e+00  197.514381  34.630214
  1.306250e+00  197.514108  34.629833
  1.307500e+00  197.513835  34.629453
  1.308750e+00  197.513564  34.629074
  1.310000e+00  197.513294  34.628697
  1.311250e+00  197.513024  34.628321
  1.312500e+00  197.512755  34.627947
  1.313750e+00  197.512488  34.627573
  1.315000e+00  197.512221  34.627202
  1.316250e+00  197.511955  34.626831
  1.317500e+00  197.511691  34.626462
  1.318750e+00  197.511427  34.626094
  1.320000e+00  197.511164  34.625728
  1.321250e+00  197.510902  34.625363
  1.322500e+00  197.510641  34.624999
  1.323750e+00  197.510381  34.624637
  1.325000e+00  197.510122  34.624276
  1.326250e+00  197.509864  34.623916
  1.327500e+00  197.509606  34.623557
  1.328750e+00  197.509350  34.623200
  1.330000e+00  197.509094  34.622844
  1.331250e+00  197.508840  34.622489
  1.332500e+00  197.508586  34.622136
  1.333750e+00  197.508333  34.621784
  1.335000e+00  197.508081  34.621433
  1.336250e+00  197.507830  34.621084
  1.337500e+00  197.507580  34.620735
  1.338750e+00  197.507331  34.620388
  1.340000e+00  197.507083  34.620043
  1.341250e+00  197.506835  34.619698
  1.342500e+00  197.506589  34.619355
  1.343750e+00  197.506343  34.619013
  1.345000e+00  197.506098  34.618672
  1.346250e+00  197.505854  34.618333
  1.347500e+00  197.505611  34.617994
  1.348750e+00  197.505369  34.617657
  1.350000e+00  197.505128  34.617322
  1.351250e+00  197.504887  34.616987
  1.352500e+00  197.504648  34.616654
  1.353750e+00  197.504409  34.616321
  1.355000e+00  197.504171  34.615990
  1.356250e+00  197.503934  34.615661
  1.357500e+00  197.503698  34.615332
  1.358750e+00  197.503462  34.615005
  1.360000e+00  197.503228  34.614678
  1.361250e+00  197.502994  34.614353
  1.362500e+00  197.502761  34.614030
  1.363750e+00  197.502529  34.613707
  1.365000e+00  197.502298  34.613385
  1.366250e+00  197.502067  34.613065
  1.367500e+00  197.501837  34.612746
  1.368750e+00  197.501609  34.612428
  1.370000e+00  197.501381  34.612111
  1.371250e+00  197.501153  34.611795
  1.372500e+00  197.500927  34.611481
  1.373750e+00  197.500701  34.611167
  1.375000e+00  197.500477  34.610855
  1.376250e+00  197.500253  34.610544
  1.377500e+00  197.500030  34.610234
  1.378750e+00  197.499807  34.609925
  1.380000e+00  197.499586  34.609617
  1.381250e+00  197.499365  34.609311
  1.382500e+00  197.499145  34.609005
  1.383750e+00  197.498925  34.608701
  1.385000e+00  197.498707  34.608397
  1.386250e+00  197.498489  34.608095
  1.387500e+00  197.498272  34.607794
  1.388750e+00  197.498056  34.607494
  1.390000e+00  197.497841  34.607195
  1.391250e+00  197.497626  34.606897
  1.392500e+00  197.497412  34.606600
  1.393750e+00  197.497199  34.606305
  1.395000e+00  197.496987  34.606010
  1.396250e+00  197.496775  34.605716
  1.397500e+00  197.496564  34.605424
  1.398750e+00  197.496354  34.605132
  1.400000e+00  197.496145  34.604842
  1.401250e+00  197.495936  34.604553
  1.402500e+00  197.495729  34.604264
  1.403750e+00  197.495521  34.603977
  1.405000e+00  197.495315  34.603691
  1.406250e+00  197.495109  34.603406
  1.407500e+00  197.494904  34.603122
  1.408750e+00  197.494700  34.602839
  1.410000e+00  197.494497  34.602557
  1.411250e+00  197.494294  34.602275
  1.412500e+00  197.494092  34.601995
  1.413750e+00  197.493891  34.601716
  1.415000e+00  197.493690  34.601438
  1.416250e+00  197.493490  34.601161
  1.417500e+00  197.493291  34.600886
  1.418750e+00  197.493092  34.600611
  1.420000e+00  197.492895  34.600337
  1.421250e+00  197.492698  34.600064
  1.422500e+00  197.492501  34.599792
  1.423750e+00  197.492305  34.599521
  1.425000e+00  197.492110  34.599251
  1.426250e+00  197.491916  34.598982
  1.427500e+00  197.491723  34.598713
  1.428750e+00  197.491530  34.598446
  1.430000e+00  197.491337  34.598180
  1.431250e+00  197.491146  34.597915
  1.432500e+00  197.490955  34.597651
  1.433750e+00  197.490765  34.597388
  1.435000e+00  197.490575  34.597125
  1.436250e+00  197.490386  34.596864
  1.437500e+00  197.490198  34.596604
  1.438750e+00  197.490011  34.596344
  1.440000e+00  197.489824  34.596086
  1.441250e+00  197.489638  34.595828
  1.442500e+00  197.489452  34.595572
  1.443750e+00  197.489267  34.595316
  1.445000e+00  197.489083  34.595061
  1.446250e+00  197.488899  34.594807
  1.447500e+00  197.488716  34.594554
  1.448750e+00  197.488534  34.594302
  1.450000e+00  197.488353  34.594051
  1.451250e+00  197.488172  34.593801
  1.452500e+00  197.487991  34.593552
  1.453750e+00  197.487812  34.593304
  1.455000e+00  197.487633  34.593056
  1.456250e+00  197.487454  34.592809
  1.457500e+00  197.487276  34.592564
  1.458750e+00  197.487099  34.592319
  1.460000e+00  197.486923  34.592075
  1.461250e+00  197.486747  34.591832
  1.462500e+00  197.486571  34.591590
  1.463750e+00  197.486397  34.591349
  1.465000e+00  197.486223  34.591108
  1.466250e+00  197.486049  34.590869
  1.467500e+00  197.485876  34.590630
  1.468750e+00  197.485704  34.590393
  1.470000e+00  197.485533  34.590156
  1.471250e+00  197.485362  34.589920
  1.472500e+00  197.485191  34.589685
  1.473750e+00  197.485022  34.589450
  1.475000e+00  197.484852  34.589217
  1.476250e+00  197.484684  34.588984
  1.477500e+00  197.484516  34.588752
  1.478750e+00  197.484348  34.588521
  1.480000e+00  197.484182  34.588291
  1.481250e+00  197.484015  34.588062
  1.482500e+00  197.483850  34.587834
  1.483750e+00  197.483685  34.587606
  1.485000e+00  197.483520  34.587379
  1.486250e+00  197.483357  34.587153
  1.487500e+00  197.483193  34.586928
  1.488750e+00  197.483031  34.586704
  1.490000e+00  197.482869  34.586480
  1.491250e+00  197.482707  34.586258
  1.492500e+00  197.482546  34.586036
  1.493750e+00  197.482386  34.585815
  1.495000e+00  197.482226  34.585594
  1.496250e+00  197.482067  34.585375
  1.497500e+00  197.481908  34.585156
  1.498750e+00  197.481750  34.584938
  1.500000e+00  197.481592  34.584721
  1.501250e+00  197.481435  34.584505
  1.502500e+00  197.481279  34.584289
  1.503750e+00  197.481123  34.584075
  1.505000e+00  197.480967  34.583861
  1.506250e+00  197.480813  34.583648
  1.507500e+00  197.480658  34.583435
  1.508750e+00  197.480505  34.583224
  1.510000e+00  197.480352  34.583013
  1.511250e+00  197.480199  34.582803
  1.512500e+00  197.480047  34.582593
  1.513750e+00  197.479895  34.582385
  1.515000e+00  197.479744  34.582177
  1.516250e+00  197.479594  34.581970
  1.517500e+00  197.479444  34.581764
  1.518750e+00  197.479295  34.581558
  1.520000e+00  197.479146  34.581353
  1.521250e+00  197.478997  34.581149
  1.522500e+00  197.478850  34.580946
  1.523750e+00  197.478702  34.580743
  1.525000e+00  197.478556  34.580541
  1.526250e+00  197.478409  34.580340
  1.527500e+00  197.478264  34.580140
  1.528750e+00  197.478118  34.579940
  1.530000e+00  197.477974  34.579741
  1.531250e+00  197.477830  34.579543
  1.532500e+00  197.477686  34.579345
  1.533750e+00  197.477543  34.579149
  1.535000e+00  197.477400  34.578953
  1.536250e+00  197.477258  34.578757
  1.537500e+00  197.477116  34.578563
  1.538750e+00  197.476975  34.578369
  1.540000e+00  197.476834  34.578175
  1.541250e+00  197.476694  34.577983
  1.542500e+00  197.476555  34.577791
  1.543750e+00  197.476416  34.577600
  1.545000e+00  197.476277  34.577409
  1.546250e+00  197.476139  34.577220
  1.547500e+00  197.476001  34.577031
  1.548750e+00  197.475864  34.576842
  1.550000e+00  197.475727  34.576655
  1.551250e+00  197.475591  34.576468
  1.552500e+00  197.475455  34.576281
  1.553750e+00  197.475320  34.576096
  1.555000e+00  197.475185  34.575911
  1.556250e+00  197.475051  34.575726
  1.557500e+00  197.474917  34.575543
  1.558750e+00  197.474784  34.575360
  1.560000e+00  197.474651  34.575177
  1.561250e+00  197.474519  34.574996
  1.562500e+00  197.474387  34.574815
  1.563750e+00  197.474255  34.574634
  1.565000e+00  197.474124  34.574455
  1.566250e+00  197.473994  34.574276
  1.567500e+00  197.473864  34.574097
  1.568750e+00  197.473734  34.573920
  1.570000e+00  197.473605  34.573742
  1.571250e+00  197.473476  34.573566
  1.572500e+00  197.473348  34.573390
  1.573750e+00  197.473220  34.573215
  1.575000e+00  197.473093  34.573041
  1.576250e+00  197.472966  34.572867
  1.577500e+00  197.472840  34.572693
  1.578750e+00  197.472714  34.572521
  1.580000e+00  197.472588  34.572349
  1.581250e+00  197.472463  34.572177
  1.582500e+00  197.472339  34.572007
  1.583750e+00  197.472214  34.571837
  1.585000e+00  197.472091  34.571667
  1.586250e+00  197.471967  34.571498
  1.587500e+00  197.471845  34.571330
  1.588750e+00  197.471722  34.571162
  1.590000e+00  197.471600  34.570995
  1.591250e+00  197.471479  34.570829
  1.592500e+00  197.471357  34.570663
  1.593750e+00  197.471237  34.570498
  1.595000e+00  197.471116  34.570333
  1.596250e+00  197.470997  34.570169
  1.597500e+00  197.470877  34.570005
  1.598750e+00  197.470758  34.569842
  1.600000e+00  197.470640  34.569680
  1.601250e+00  197.470521  34.569519
  1.602500e+00  197.470404  34.569357
  1.603750e+00  197.470286  34.569197
  1.605000e+00  197.470170  34.569037
  1.606250e+00  197.470053  34.568878
  1.607500e+00  197.469937  34.568719
  1.608750e+00  197.469821  34.568561
  1.610000e+00  197.469706  34.568403
  1.611250e+00  197.469591  34.568246
  1.612500e+00  197.469477  34.568090
  1.613750e+00  197.469363  34.567934
  1.615000e+00  197.469249  34.567778
  1.616250e+00  197.469136  34.567623
  1.617500e+00  197.469023  34.567469
  1.618750e+00  197.468911  34.567316
  1.620000e+00  197.468799  34.567163
  1.621250e+00  197.468687  34.567010
  1.622500e+00  197.468576  34.566858
  1.623750e+00  197.468465  34.566707
  1.625000e+00  197.468355  34.566556
  1.626250e+00  197.468245  34.566405
  1.627500e+00  197.468135  34.566256
  1.628750e+00  197.468026  34.566106
  1.630000e+00  197.467917  34.565958
  1.631250e+00  197.467809  34.565809
  1.632500e+00  197.467701  34.565662
  1.633750e+00  197.467593  34.565515
  1.635000e+00  197.467485  34.565368
  1.636250e+00  197.467379  34.565222
  1.637500e+00  197.467272  34.565077
  1.638750e+00  197.467166  34.564932
  1.640000e+00  197.467060  34.564787
  1.641250e+00  197.466955  34.564643
  1.642500e+00  197.466850  34.564500
  1.643750e+00  197.466745  34.564357
  1.645000e+00  197.466641  34.564215
  1.646250e+00  197.466537  34.564073
  1.647500e+00  197.466433  34.563932
  1.648750e+00  197.466330  34.563791
  1.650000e+00  197.466227  34.563650
  1.651250e+00  197.466125  34.563511
  1.652500e+00  197.466023  34.563371
  1.653750e+00  197.465921  34.563233
  1.655000e+00  197.465819  34.563094
  1.656250e+00  197.465718  34.562957
  1.657500e+00  197.465618  34.562819
  1.658750e+00  197.465517  34.562682
  1.660000e+00  197.465418  34.562546
  1.661250e+00  197.465318  34.562410
  1.662500e+00  197.465219  34.562275
  1.663750e+00  197.465120  34.562140
  1.665000e+00  197.465021  34.562006
  1.666250e+00  197.464923  34.561872
  1.667500e+00  197.464825  34.561739
  1.668750e+00  197.464728  34.561606
  1.670000e+00  197.464631  34.561474
  1.671250e+00  197.464534  34.561342
  1.672500e+00  197.464438  34.561210
  1.673750e+00  197.464341  34.561080
  1.675000e+00  197.464246  34.560949
  1.676250e+00  197.464150  34.560819
  1.677500e+00  197.464055  34.560690
  1.678750e+00  197.463960  34.560561
  1.680000e+00  197.463866  34.560432
  1.681250e+00  197.463772  34.560304
  1.682500e+00  197.463678  34.560176
  1.683750e+00  197.463585  34.560049
  1.685000e+00  197.463492  34.559922
  1.686250e+00  197.463399  34.559796
  1.687500e+00  197.463307  34.559670
  1.688750e+00  197.463215  34.559545
  1.690000e+00  197.463123  34.559420
  1.691250e+00  197.463032  34.559296
  1.692500e+00  197.462940  34.559172
  1.693750e+00  197.462850  34.559048
  1.695000e+00  197.462759  34.558925
  1.696250e+00  197.462669  34.558802
  1.697500e+00  197.462579  34.558680
  1.698750e+00  197.462490  34.558559
  1.700000e+00  197.462401  34.558437
  1.701250e+00  197.462312  34.558316
  1.702500e+00  197.462223  34.558196
  1.703750e+00  197.462135  34.558076
  1.705000e+00  197.462047  34.557956
  1.706250e+00  197.461960  34.557837
  1.707500e+00  197.461872  34.557719
  1.708750e+00  197.461785  34.557600
  1.710000e+00  197.461699  34.557483
  1.711250e+00  197.461612  34.557365
  1.712500e+00  197.461526  34.557248
  1.713750e+00  197.461441  34.557132
  1.715000e+00  197.461355  34.557016
  1.716250e+00  197.461270  34.556900
  1.717500e+00  197.461185  34.556785
  1.718750e+00  197.461101  34.556670
  1.720000e+00  197.461017  34.556555
  1.721250e+00  197.460933  34.556441
  1.722500e+00  197.460849  34.556328
  1.723750e+00  197.460766  34.556215
  1.725000e+00  197.460683  34.556102
  1.726250e+00  197.460600  34.555989
  1.727500e+00  197.460518  34.555877
  1.728750e+00  197.460436  34.555766
  1.730000e+00  197.460354  34.555655
  1.731250e+00  197.460272  34.555544
  1.732500e+00  197.460191  34.555434
  1.733750e+00  197.460110  34.555324
  1.735000e+00  197.460029  34.555214
  1.736250e+00  197.459949  34.555105
  1.737500e+00  197.459869  34.554996
  1.738750e+00  197.459789  34.554888
  1.740000e+00  197.459709  34.554780
  1.741250e+00  197.459630  34.554672
  1.742500e+00  197.459551  34.554565
  1.743750e+00  197.459473  34.554458
  1.745000e+00  197.459394  34.554352
  1.746250e+00  197.459316  34.554246
  1.747500e+00  197.459238  34.554140
  1.748750e+00  197.459161  34.554035
  1.750000e+00  197.459083  34.553930
  1.751250e+00  197.459006  34.553826
  1.752500e+00  197.458930  34.553722
  1.753750e+00  197.458853  34.553618
  1.755000e+00  197.458777  34.553515
  1.756250e+00  197.458701  34.553412
  1.757500e+00  197.458625  34.553309
  1.758750e+00  197.458550  34.553207
  1.760000e+00  197.458475  34.553105
  1.761250e+00  197.458400  34.553003
  1.762500e+00  197.458326  34.552902
  1.763750e+00  197.458251  34.552802
  1.765000e+00  197.458177  34.552701
  1.766250e+00  197.458103  34.552601
  1.767500e+00  197.458030  34.552501
  1.768750e+00  197.457957  34.552402
  1.770000e+00  197.457884  34.552303
  1.771250e+00  197.457811  34.552205
  1.772500e+00  197.457738  34.552106
  1.773750e+00  197.457666  34.552009
  1.775000e+00  197.457594  34.551911
  1.776250e+00  197.457523  34.551814
  1.777500e+00  197.457451  34.551717
  1.778750e+00  197.457380  34.551621
  1.780000e+00  197.457309  34.551525
  1.781250e+00  197.457238  34.551429
  1.782500e+00  197.457168  34.551333
  1.783750e+00  197.457098  34.551238
  1.785000e+00  197.457028  34.551144
  1.786250e+00  197.456958  34.551049
  1.787500e+00  197.456889  34.550955
  1.788750e+00  197.456820  34.550862
  1.790000e+00  197.456751  34.550768
  1.791250e+00  197.456682  34.550675
  1.792500e+00  197.456614  34.550583
  1.793750e+00  197.456545  34.550490
  1.795000e+00  197.456477  34.550398
  1.796250e+00  197.456410  34.550307
  1.797500e+00  197.456342  34.550215
  1.798750e+00  197.456275  34.550124
  1.800000e+00  197.456208  34.550034
  1.801250e+00  197.456141  34.549943
  1.802500e+00  197.456075  34.549853
  1.803750e+00  197.456009  34.549764
  1.805000e+00  197.455943  34.549674
  1.806250e+00  197.455877  34.549585
  1.807500e+00  197.455811  34.549496
  1.808750e+00  197.455746  34.549408
  1.810000e+00  197.455681  34.549320
  1.811250e+00  197.455616  34.549232
  1.812500e+00  197.455551  34.549145
  1.813750e+00  197.455487  34.549058
  1.815000e+00  197.455423  34.548971
  1.816250e+00  197.455359  34.548884
  1.817500e+00  197.455295  34.548798
  1.818750e+00  197.455232  34.548712
  1.820000e+00  197.455168  34.548627
  1.821250e+00  197.455105  34.548542
  1.822500e+00  197.455043  34.548457
  1.823750e+00  197.454980  34.548372
  1.825000e+00  197.454918  34.548288
  1.826250e+00  197.454855  34.548204
  1.827500e+00  197.454794  34.548120
  1.828750e+00  197.454732  34.548037
  1.830000e+00  197.454670  34.547954
  1.831250e+00  197.454609  34.547871
  1.832500e+00  197.454548  34.547788
  1.833750e+00  197.454487  34.547706
  1.835000e+00  197.454427  34.547624
  1.836250e+00  197.454366  34.547543
  1.837500e+00  197.454306  34.547461
  1.838750e+00  197.454246  34.547380
  1.840000e+00  197.454187  34.547300
  1.841250e+00  197.454127  34.547219
  1.842500e+00  197.454068  34.547139
  1.843750e+00  197.454009  34.547059
  1.845000e+00  197.453950  34.546980
  1.846250e+00  197.453891  34.546901
  1.847500e+00  197.453833  34.546822
  1.848750e+00  197.453774  34.546743
  1.850000e+00  197.453716  34.546665
  1.851250e+00  197.453659  34.546587
  1.852500e+00  197.453601  34.546509
  1.853750e+00  197.453544  34.546431
  1.855000e+00  197.453486  34.546354
  1.856250e+00  197.453429  34.546277
  1.857500e+00  197.453373  34.546200
  1.858750e+00  197.453316  34.546124
  1.860000e+00  197.453260  34.546048
  1.861250e+00  197.453203  34.545972
  1.862500e+00  197.453147  34.545896
  1.863750e+00  197.453092  34.545821
  1.865000e+00  197.453036  34.545746
  1.866250e+00  197.452981  34.545671
  1.867500e+00  197.452925  34.545597
  1.868750e+00  197.452870  34.545522
  1.870000e+00  197.452816  34.545448
  1.871250e+00  197.452761  34.545375
  1.872500e+00  197.452707  34.545301
  1.873750e+00  197.452652  34.545228
  1.875000e+00  197.452598  34.545155
  1.876250e+00  197.452544  34.545083
  1.877500e+00  197.452491  34.545010
  1.878750e+00  197.452437  34.544938
  1.880000e+00  197.452384  34.544866
  1.881250e+00  197.452331  34.544795
  1.882500e+00  197.452278  34.544724
  1.883750e+00  197.452226  34.544652
  1.885000e+00  197.452173  34.544582
  1.886250e+00  197.452121  34.544511
  1.887500e+00  197.452069  34.544441
  1.888750e+00  197.452017  34.544371
  1.890000e+00  197.451965  34.544301
  1.891250e+00  197.451913  34.544232
  1.892500e+00  197.451862  34.544162
  1.893750e+00  197.451811  34.544093
  1.895000e+00  197.451760  34.544024
  1.896250e+00  197.451709  34.543956
  1.897500e+00  197.451658  34.543888
  1.898750e+00  197.451608  34.543820
  1.900000e+00  197.451558  34.543752
  1.901250e+00  197.451508  34.543684
  1.902500e+00  197.451458  34.543617
  1.903750e+00  197.451408  34.543550
  1.905000e+00  197.451358  34.543483
  1.906250e+00  197.451309  34.543417
  1.907500e+00  197.451260  34.543350
  1.908750e+00  197.451211  34.543284
  1.910000e+00  197.451162  34.543219
  1.911250e+00  197.451113  34.543153
  1.912500e+00  197.451065  34.543088
  1.913750e+00  197.451016  34.543022
  1.915000e+00  197.450968  34.542958
  1.916250e+00  197.450920  34.542893
  1.917500e+00  197.450872  34.542829
  1.918750e+00  197.450825  34.542764
  1.920000e+00  197.450777  34.542700
  1.921250e+00  197.450730  34.542637
  1.922500e+00  197.450683  34.542573
  1.923750e+00  197.450636  34.542510
  1.925000e+00  197.450589  34.542447
  1.926250e+00  197.450543  34.542384
  1.927500e+00  197.450496  34.542322
  1.928750e+00  197.450450  34.542259
  1.930000e+00  197.450404  34.542197
  1.931250e+00  197.450358  34.542135
  1.932500e+00  197.450312  34.542074
  1.933750e+00  197.450266  34.542012
  1.935000e+00  197.450221  34.541951
  1.936250e+00  197.450176  34.541890
  1.937500e+00  197.450130  34.541829
  1.938750e+00  197.450085  34.541769
  1.940000e+00  197.450041  34.541708
  1.941250e+00  197.449996  34.541648
  1.942500e+00  197.449951  34.541588
  1.943750e+00  197.449907  34.541529
  1.945000e+00  197.449863  34.541469
  1.946250e+00  197.449819  34.541410
  1.947500e+00  197.449775  34.541351
  1.948750e+00  197.449731  34.541292
  1.950000e+00  197.449688  34.541234
  1.951250e+00  197.449644  34.541175
  1.952500e+00  197.449601  34.541117
  1.953750e+00  197.449558  34.541059
  1.955000e+00  197.449515  34.541001
  1.956250e+00  197.449472  34.540944
  1.957500e+00  197.449430  34.540886
  1.958750e+00  197.449387  34.540829
  1.960000e+00  197.449345  34.540772
  1.961250e+00  197.449303  34.540716
  1.962500e+00  197.449261  34.540659
  1.963750e+00  197.449219  34.540603
  1.965000e+00  197.449177  34.540547
  1.966250e+00  197.449136  34.540491
  1.967500e+00  197.449094  34.540435
  1.968750e+00  197.449053  34.540380
  1.970000e+00  197.449012  34.540324
  1.971250e+00  197.448971  34.540269
  1.972500e+00  197.448930  34.540214
  1.973750e+00  197.448890  34.540160
  1.975000e+00  197.448849  34.540105
  1.976250e+00  197.448809  34.540051
  1.977500e+00  197.448768  34.539997
  1.978750e+00  197.448728  34.539943
  1.980000e+00  197.448688  34.539889
  1.981250e+00  197.448649  34.539836
  1.982500e+00  197.448609  34.539783
  1.983750e+00  197.448569  34.539729
  1.985000e+00  197.448530  34.539676
  1.986250e+00  197.448491  34.539624
  1.987500e+00  197.448452  34.539571
  1.988750e+00  197.448413  34.539519
  1.990000e+00  197.448374  34.539467
  1.991250e+00  197.448335  34.539415
  1.992500e+00  197.448297  34.539363
  1.993750e+00  197.448258  34.539311
  1.995000e+00  197.448220  34.539260
  1.996250e+00  197.448182  34.539209
  1.997500e+00  197.448144  34.539158
  1.998750e+00  197.448106  34.539107
  2.000000e+00  197.448068  34.539056
