  0.000000e+00  -233.3278303230 19.7783218995 
  2.500000e-03  -233.3278303230 19.7769713145 
  5.000000e-03  -233.3278303230 19.7780873188 
  7.500000e-03  -233.3278303230 19.7792308279 
  1.000000e-02  -233.3278303230 19.7797698302 
  1.250000e-02  -233.3278303230 19.7798695357 
  1.500000e-02  -233.3278303230 19.7796960306 
  1.750000e-02  -233.3278303230 19.7793486574 
  2.000000e-02  -233.3278303230 19.7789514512 
  2.250000e-02  -233.3278303230 19.7786493520 
  2.500000e-02  -233.3278303230 19.7785228090 
  2.750000e-02  -233.3278303230 19.7785597804 
  3.000000e-02  -233.3278303230 19.7787050238 
  3.250000e-02  -233.3278303230 19.7789018684 
  3.500000e-02  -233.3278303230 19.7791040334 
  3.750000e-02  -233.3278303230 19.7792787708 
  4.000000e-02  -233.3278303230 19.7794072696 
  4.250000e-02  -233.3278303230 19.7794834318 
  4.500000e-02  -233.3278303230 19.7795117372 
  4.750000e-02  -233.3278303230 19.7795035016 
  5.000000e-02  -233.3278303230 19.7794721803 
  5.250000e-02  -233.3278303230 19.7794295597 
  5.500000e-02  -233.3278303230 19.7793839295 
  5.750000e-02  -233.3278303230 19.7793400406 
  6.000000e-02  -233.3278303230 19.7793000077 
  6.250000e-02  -233.3278303230 19.7792643393 
  6.500000e-02  -233.3278303230 19.7792326202 
  6.750000e-02  -233.3278303230 19.7792038088 
  7.000000e-02  -233.3278303230 19.7791764012 
  7.250000e-02  -233.3278303230 19.7791487141 
  7.500000e-02  -233.3278303230 19.7791193067 
  7.750000e-02  -233.3278303230 19.7790873667 
  8.000000e-02  -233.3278303230 19.7790528726 
  8.250000e-02  -233.3278303230 19.7790164856 
  8.500000e-02  -233.3278303230 19.7789792602 
  8.750000e-02  -233.3278303230 19.7789423121 
  9.000000e-02  -233.3278303230 19.7789065544 
  9.250000e-02  -233.3278303230 19.7788725580 
  9.500000e-02  -233.3278303230 19.7788405343 
  9.750000e-02  -233.3278303230 19.7788104056 
  1.000000e-01  -233.3278303230 19.7787819162 
  1.025000e-01  -233.3278303230 19.7787547422 
  1.050000e-01  -233.3278303230 19.7787285733 
  1.075000e-01  -233.3278303230 19.7787031605 
  1.100000e-01  -233.3278303230 19.7786783306 
  1.125000e-01  -233.3278303230 19.7786539793 
  1.150000e-01  -233.3278303230 19.7786300527 
  1.175000e-01  -233.3278303230 19.7786065257 
  1.200000e-01  -233.3278303230 19.7785833835 
  1.225000e-01  -233.3278303230 19.7785606102 
  1.250000e-01  -233.3278303230 19.7785381835 
  1.275000e-01  -233.3278303230 19.7785160757 
  1.300000e-01  -233.3278303230 19.7784942583 
  1.325000e-01  -233.3278303230 19.7784727074 
  1.350000e-01  -233.3278303230 19.7784514086 
  1.375000e-01  -233.3278303230 19.7784303584 
  1.400000e-01  -233.3278303230 19.7784095640 
  1.425000e-01  -233.3278303230 19.7783890398 
  1.450000e-01  -233.3278303230 19.7783688034 
  1.475000e-01  -233.3278303230 19.7783488710 
  1.500000e-01  -233.3278303230 19.7783292535 
  1.525000e-01  -233.3278303230 19.7783099555 
  1.550000e-01  -233.3278303230 19.7782909746 
  1.575000e-01  -233.3278303230 19.7782723029 
  1.600000e-01  -233.3278303230 19.7782539298 
  1.625000e-01  -233.3278303230 19.7782358436 
  1.650000e-01  -233.3278303230 19.7782180333 
  1.675000e-01  -233.3278303230 19.7782004903 
  1.700000e-01  -233.3278303230 19.7781832079 
  1.725000e-01  -233.3278303230 19.7781661814 
  1.750000e-01  -233.3278303230 19.7781494074 
  1.775000e-01  -233.3278303230 19.7781328831 
  1.800000e-01  -233.3278303230 19.7781166057 
  1.825000e-01  -233.3278303230 19.7781005726 
  1.850000e-01  -233.3278303230 19.7780847806 
  1.875000e-01  -233.3278303230 19.7780692268 
  1.900000e-01  -233.3278303230 19.7780539079 
  1.925000e-01  -233.3278303230 19.7780388209 
  1.950000e-01  -233.3278303230 19.7780239627 
  1.975000e-01  -233.3278303230 19.7780093299 
  2.000000e-01  -233.3278303230 19.7779949193 
  2.025000e-01  -233.3278303230 19.7779807271 
  2.050000e-01  -233.3278303230 19.7779667494 
  2.075000e-01  -233.3278303230 19.7779529821 
  2.100000e-01  -233.3278303230 19.7779394212 
  2.125000e-01  -233.3278303230 19.7779260626 
  2.150000e-01  -233.3278303230 19.7779129026 
  2.175000e-01  -233.3278303230 19.7778999377 
  2.200000e-01  -233.3278303230 19.7778871649 
  2.225000e-01  -233.3278303230 19.7778745814 
  2.250000e-01  -233.3278303230 19.7778621847 
  2.275000e-01  -233.3278303230 19.7778499724 
  2.300000e-01  -233.3278303230 19.7778379423 
  2.325000e-01  -233.3278303230 19.7778260922 
  2.350000e-01  -233.3278303230 19.7778144199 
  2.375000e-01  -233.3278303230 19.7778029229 
  2.400000e-01  -233.3278303230 19.7777915991 
  2.425000e-01  -233.3278303230 19.7777804461 
  2.450000e-01  -233.3278303230 19.7777694614 
  2.475000e-01  -233.3278303230 19.7777586429 
  2.500000e-01  -233.3278303230 19.7777479882 
  2.525000e-01  -233.3278303230 19.7777374951 
  2.550000e-01  -233.3278303230 19.7777271613 
  2.575000e-01  -233.3278303230 19.7777169847 
  2.600000e-01  -233.3278303230 19.7777069631 
  2.625000e-01  -233.3278303230 19.7776970945 
  2.650000e-01  -233.3278303230 19.7776873768 
  2.675000e-01  -233.3278303230 19.7776778080 
  2.700000e-01  -233.3278303230 19.7776683860 
  2.725000e-01  -233.3278303230 19.7776591090 
  2.750000e-01  -233.3278303230 19.7776499750 
  2.775000e-01  -233.3278303230 19.7776409820 
  2.800000e-01  -233.3278303230 19.7776321282 
  2.825000e-01  -233.3278303230 19.7776234116 
  2.850000e-01  -233.3278303230 19.7776148303 
  2.875000e-01  -233.3278303230 19.7776063826 
  2.900000e-01  -233.3278303230 19.7775980666 
  2.925000e-01  -233.3278303230 19.7775898805 
  2.950000e-01  -233.3278303230 19.7775818225 
  2.975000e-01  -233.3278303230 19.7775738909 
  3.000000e-01  -233.3278303230 19.7775660839 
  3.025000e-01  -233.3278303230 19.7775583997 
  3.050000e-01  -233.3278303230 19.7775508368 
  3.075000e-01  -233.3278303230 19.7775433935 
  3.100000e-01  -233.3278303230 19.7775360680 
  3.125000e-01  -233.3278303230 19.7775288589 
  3.150000e-01  -233.3278303230 19.7775217644 
  3.175000e-01  -233.3278303230 19.7775147831 
  3.200000e-01  -233.3278303230 19.7775079133 
  3.225000e-01  -233.3278303230 19.7775011536 
  3.250000e-01  -233.3278303230 19.7774945024 
  3.275000e-01  -233.3278303230 19.7774879582 
  3.300000e-01  -233.3278303230 19.7774815196 
  3.325000e-01  -233.3278303230 19.7774751851 
  3.350000e-01  -233.3278303230 19.7774689533 
  3.375000e-01  -233.3278303230 19.7774628228 
  3.400000e-01  -233.3278303230 19.7774567922 
  3.425000e-01  -233.3278303230 19.7774508602 
  3.450000e-01  -233.3278303230 19.7774450253 
  3.475000e-01  -233.3278303230 19.7774392862 
  3.500000e-01  -233.3278303230 19.7774336417 
  3.525000e-01  -233.3278303230 19.7774280905 
  3.550000e-01  -233.3278303230 19.7774226312 
  3.575000e-01  -233.3278303230 19.7774172626 
  3.600000e-01  -233.3278303230 19.7774119835 
  3.625000e-01  -233.3278303230 19.7774067926 
  3.650000e-01  -233.3278303230 19.7774016888 
  3.675000e-01  -233.3278303230 19.7773966707 
  3.700000e-01  -233.3278303230 19.7773917374 
  3.725000e-01  -233.3278303230 19.7773868875 
  3.750000e-01  -233.3278303230 19.7773821200 
  3.775000e-01  -233.3278303230 19.7773774337 
  3.800000e-01  -233.3278303230 19.7773728275 
  3.825000e-01  -233.3278303230 19.7773683004 
  3.850000e-01  -233.3278303230 19.7773638511 
  3.875000e-01  -233.3278303230 19.7773594787 
  3.900000e-01  -233.3278303230 19.7773551821 
  3.925000e-01  -233.3278303230 19.7773509602 
  3.950000e-01  -233.3278303230 19.7773468121 
  3.975000e-01  -233.3278303230 19.7773427367 
  4.000000e-01  -233.3278303230 19.7773387330 
  4.025000e-01  -233.3278303230 19.7773347999 
  4.050000e-01  -233.3278303230 19.7773309367 
  4.075000e-01  -233.3278303230 19.7773271422 
  4.100000e-01  -233.3278303230 19.7773234155 
  4.125000e-01  -233.3278303230 19.7773197557 
  4.150000e-01  -233.3278303230 19.7773161619 
  4.175000e-01  -233.3278303230 19.7773126331 
  4.200000e-01  -233.3278303230 19.7773091685 
  4.225000e-01  -233.3278303230 19.7773057671 
  4.250000e-01  -233.3278303230 19.7773024281 
  4.275000e-01  -233.3278303230 19.7772991506 
  4.300000e-01  -233.3278303230 19.7772959337 
  4.325000e-01  -233.3278303230 19.7772927766 
  4.350000e-01  -233.3278303230 19.7772896785 
  4.375000e-01  -233.3278303230 19.7772866386 
  4.400000e-01  -233.3278303230 19.7772836560 
  4.425000e-01  -233.3278303230 19.7772807299 
  4.450000e-01  -233.3278303230 19.7772778595 
  4.475000e-01  -233.3278303230 19.7772750440 
  4.500000e-01  -233.3278303230 19.7772722828 
  4.525000e-01  -233.3278303230 19.7772695749 
  4.550000e-01  -233.3278303230 19.7772669197 
  4.575000e-01  -233.3278303230 19.7772643164 
  4.600000e-01  -233.3278303230 19.7772617643 
  4.625000e-01  -233.3278303230 19.7772592627 
  4.650000e-01  -233.3278303230 19.7772568107 
  4.675000e-01  -233.3278303230 19.7772544078 
  4.700000e-01  -233.3278303230 19.7772520532 
  4.725000e-01  -233.3278303230 19.7772497463 
  4.750000e-01  -233.3278303230 19.7772474863 
  4.775000e-01  -233.3278303230 19.7772452726 
  4.800000e-01  -233.3278303230 19.7772431045 
  4.825000e-01  -233.3278303230 19.7772409814 
  4.850000e-01  -233.3278303230 19.7772389026 
  4.875000e-01  -233.3278303230 19.7772368675 
  4.900000e-01  -233.3278303230 19.7772348754 
  4.925000e-01  -233.3278303230 19.7772329258 
  4.950000e-01  -233.3278303230 19.7772310179 
  4.975000e-01  -233.3278303230 19.7772291513 
  5.000000e-01  -233.3278303230 19.7772273253 
  5.025000e-01  -233.3278303230 19.7772255393 
  5.050000e-01  -233.3278303230 19.7772237927 
  5.075000e-01  -233.3278303230 19.7772220850 
  5.100000e-01  -233.3278303230 19.7772204156 
  5.125000e-01  -233.3278303230 19.7772187839 
  5.150000e-01  -233.3278303230 19.7772171894 
  5.175000e-01  -233.3278303230 19.7772156315 
  5.200000e-01  -233.3278303230 19.7772141097 
  5.225000e-01  -233.3278303230 19.7772126234 
  5.250000e-01  -233.3278303230 19.7772111722 
  5.275000e-01  -233.3278303230 19.7772097555 
  5.300000e-01  -233.3278303230 19.7772083728 
  5.325000e-01  -233.3278303230 19.7772070235 
  5.350000e-01  -233.3278303230 19.7772057073 
  5.375000e-01  -233.3278303230 19.7772044235 
  5.400000e-01  -233.3278303230 19.7772031718 
  5.425000e-01  -233.3278303230 19.7772019516 
  5.450000e-01  -233.3278303230 19.7772007625 
  5.475000e-01  -233.3278303230 19.7771996039 
  5.500000e-01  -233.3278303230 19.7771984755 
  5.525000e-01  -233.3278303230 19.7771973767 
  5.550000e-01  -233.3278303230 19.7771963072 
  5.575000e-01  -233.3278303230 19.7771952665 
  5.600000e-01  -233.3278303230 19.7771942541 
  5.625000e-01  -233.3278303230 19.7771932696 
  5.650000e-01  -233.3278303230 19.7771923125 
  5.675000e-01  -233.3278303230 19.7771913826 
  5.700000e-01  -233.3278303230 19.7771904793 
  5.725000e-01  -233.3278303230 19.7771896022 
  5.750000e-01  -233.3278303230 19.7771887510 
  5.775000e-01  -233.3278303230 19.7771879252 
  5.800000e-01  -233.3278303230 19.7771871244 
  5.825000e-01  -233.3278303230 19.7771863483 
  5.850000e-01  -233.3278303230 19.7771855965 
  5.875000e-01  -233.3278303230 19.7771848685 
  5.900000e-01  -233.3278303230 19.7771841641 
  5.925000e-01  -233.3278303230 19.7771834828 
  5.950000e-01  -233.3278303230 19.7771828244 
  5.975000e-01  -233.3278303230 19.7771821883 
  6.000000e-01  -233.3278303230 19.7771815743 
  6.025000e-01  -233.3278303230 19.7771809820 
  6.050000e-01  -233.3278303230 19.7771804111 
  6.075000e-01  -233.3278303230 19.7771798613 
  6.100000e-01  -233.3278303230 19.7771793322 
  6.125000e-01  -233.3278303230 19.7771788234 
  6.150000e-01  -233.3278303230 19.7771783347 
  6.175000e-01  -233.3278303230 19.7771778657 
  6.200000e-01  -233.3278303230 19.7771774161 
  6.225000e-01  -233.3278303230 19.7771769856 
  6.250000e-01  -233.3278303230 19.7771765739 
  6.275000e-01  -233.3278303230 19.7771761807 
  6.300000e-01  -233.3278303230 19.7771758057 
  6.325000e-01  -233.3278303230 19.7771754486 
  6.350000e-01  -233.3278303230 19.7771751090 
  6.375000e-01  -233.3278303230 19.7771747868 
  6.400000e-01  -233.3278303230 19.7771744815 
  6.425000e-01  -233.3278303230 19.7771741930 
  6.450000e-01  -233.3278303230 19.7771739210 
  6.475000e-01  -233.3278303230 19.7771736652 
  6.500000e-01  -233.3278303230 19.7771734253 
  6.525000e-01  -233.3278303230 19.7771732010 
  6.550000e-01  -233.3278303230 19.7771729921 
  6.575000e-01  -233.3278303230 19.7771727984 
  6.600000e-01  -233.3278303230 19.7771726195 
  6.625000e-01  -233.3278303230 19.7771724553 
  6.650000e-01  -233.3278303230 19.7771723054 
  6.675000e-01  -233.3278303230 19.7771721697 
  6.700000e-01  -233.3278303230 19.7771720478 
  6.725000e-01  -233.3278303230 19.7771719396 
  6.750000e-01  -233.3278303230 19.7771718449 
  6.775000e-01  -233.3278303230 19.7771717633 
  6.800000e-01  -233.3278303230 19.7771716947 
  6.825000e-01  -233.3278303230 19.7771716388 
  6.850000e-01  -233.3278303230 19.7771715954 
  6.875000e-01  -233.3278303230 19.7771715643 
  6.900000e-01  -233.3278303230 19.7771715453 
  6.925000e-01  -233.3278303230 19.7771715381 
  6.950000e-01  -233.3278303230 19.7771715426 
  6.975000e-01  -233.3278303230 19.7771715586 
  7.000000e-01  -233.3278303230 19.7771715858 
  7.025000e-01  -233.3278303230 19.7771716240 
  7.050000e-01  -233.3278303230 19.7771716730 
  7.075000e-01  -233.3278303230 19.7771717328 
  7.100000e-01  -233.3278303230 19.7771718029 
  7.125000e-01  -233.3278303230 19.7771718834 
  7.150000e-01  -233.3278303230 19.7771719739 
  7.175000e-01  -233.3278303230 19.7771720742 
  7.200000e-01  -233.3278303230 19.7771721843 
  7.225000e-01  -233.3278303230 19.7771723040 
  7.250000e-01  -233.3278303230 19.7771724329 
  7.275000e-01  -233.3278303230 19.7771725711 
  7.300000e-01  -233.3278303230 19.7771727182 
  7.325000e-01  -233.3278303230 19.7771728742 
  7.350000e-01  -233.3278303230 19.7771730388 
  7.375000e-01  -233.3278303230 19.7771732120 
  7.400000e-01  -233.3278303230 19.7771733934 
  7.425000e-01  -233.3278303230 19.7771735831 
  7.450000e-01  -233.3278303230 19.7771737807 
  7.475000e-01  -233.3278303230 19.7771739863 
  7.500000e-01  -233.3278303230 19.7771741995 
  7.525000e-01  -233.3278303230 19.7771744203 
  7.550000e-01  -233.3278303230 19.7771746485 
  7.575000e-01  -233.3278303230 19.7771748839 
  7.600000e-01  -233.3278303230 19.7771751265 
  7.625000e-01  -233.3278303230 19.7771753760 
  7.650000e-01  -233.3278303230 19.7771756323 
  7.675000e-01  -233.3278303230 19.7771758954 
  7.700000e-01  -233.3278303230 19.7771761649 
  7.725000e-01  -233.3278303230 19.7771764409 
  7.750000e-01  -233.3278303230 19.7771767232 
  7.775000e-01  -233.3278303230 19.7771770116 
  7.800000e-01  -233.3278303230 19.7771773061 
  7.825000e-01  -233.3278303230 19.7771776064 
  7.850000e-01  -233.3278303230 19.7771779125 
  7.875000e-01  -233.3278303230 19.7771782243 
  7.900000e-01  -233.3278303230 19.7771785415 
  7.925000e-01  -233.3278303230 19.7771788642 
  7.950000e-01  -233.3278303230 19.7771791922 
  7.975000e-01  -233.3278303230 19.7771795253 
  8.000000e-01  -233.3278303230 19.7771798634 
  8.025000e-01  -233.3278303230 19.7771802065 
  8.050000e-01  -233.3278303230 19.7771805544 
  8.075000e-01  -233.3278303230 19.7771809071 
  8.100000e-01  -233.3278303230 19.7771812643 
  8.125000e-01  -233.3278303230 19.7771816260 
  8.150000e-01  -233.3278303230 19.7771819921 
  8.175000e-01  -233.3278303230 19.7771823625 
  8.200000e-01  -233.3278303230 19.7771827371 
  8.225000e-01  -233.3278303230 19.7771831158 
  8.250000e-01  -233.3278303230 19.7771834984 
  8.275000e-01  -233.3278303230 19.7771838850 
  8.300000e-01  -233.3278303230 19.7771842753 
  8.325000e-01  -233.3278303230 19.7771846693 
  8.350000e-01  -233.3278303230 19.7771850669 
  8.375000e-01  -233.3278303230 19.7771854681 
  8.400000e-01  -233.3278303230 19.7771858726 
  8.425000e-01  -233.3278303230 19.7771862805 
  8.450000e-01  -233.3278303230 19.7771866916 
  8.475000e-01  -233.3278303230 19.7771871058 
  8.500000e-01  -233.3278303230 19.7771875231 
  8.525000e-01  -233.3278303230 19.7771879434 
  8.550000e-01  -233.3278303230 19.7771883666 
  8.575000e-01  -233.3278303230 19.7771887926 
  8.600000e-01  -233.3278303230 19.7771892213 
  8.625000e-01  -233.3278303230 19.7771896527 
  8.650000e-01  -233.3278303230 19.7771900867 
  8.675000e-01  -233.3278303230 19.7771905232 
  8.700000e-01  -233.3278303230 19.7771909620 
  8.725000e-01  -233.3278303230 19.7771914033 
  8.750000e-01  -233.3278303230 19.7771918468 
  8.775000e-01  -233.3278303230 19.7771922925 
  8.800000e-01  -233.3278303230 19.7771927403 
  8.825000e-01  -233.3278303230 19.7771931902 
  8.850000e-01  -233.3278303230 19.7771936421 
  8.875000e-01  -233.3278303230 19.7771940959 
  8.900000e-01  -233.3278303230 19.7771945516 
  8.925000e-01  -233.3278303230 19.7771950091 
  8.950000e-01  -233.3278303230 19.7771954682 
  8.975000e-01  -233.3278303230 19.7771959291 
  9.000000e-01  -233.3278303230 19.7771963915 
  9.025000e-01  -233.3278303230 19.7771968555 
  9.050000e-01  -233.3278303230 19.7771973209 
  9.075000e-01  -233.3278303230 19.7771977877 
  9.100000e-01  -233.3278303230 19.7771982560 
  9.125000e-01  -233.3278303230 19.7771987254 
  9.150000e-01  -233.3278303230 19.7771991962 
  9.175000e-01  -233.3278303230 19.7771996681 
  9.200000e-01  -233.3278303230 19.7772001411 
  9.225000e-01  -233.3278303230 19.7772006153 
  9.250000e-01  -233.3278303230 19.7772010904 
  9.275000e-01  -233.3278303230 19.7772015665 
  9.300000e-01  -233.3278303230 19.7772020435 
  9.325000e-01  -233.3278303230 19.7772025213 
  9.350000e-01  -233.3278303230 19.7772030000 
  9.375000e-01  -233.3278303230 19.7772034794 
  9.400000e-01  -233.3278303230 19.7772039596 
  9.425000e-01  -233.3278303230 19.7772044404 
  9.450000e-01  -233.3278303230 19.7772049218 
  9.475000e-01  -233.3278303230 19.7772054038 
  9.500000e-01  -233.3278303230 19.7772058863 
  9.525000e-01  -233.3278303230 19.7772063693 
  9.550000e-01  -233.3278303230 19.7772068527 
  9.575000e-01  -233.3278303230 19.7772073365 
  9.600000e-01  -233.3278303230 19.7772078206 
  9.625000e-01  -233.3278303230 19.7772083051 
  9.650000e-01  -233.3278303230 19.7772087898 
  9.675000e-01  -233.3278303230 19.7772092748 
  9.700000e-01  -233.3278303230 19.7772097599 
  9.725000e-01  -233.3278303230 19.7772102451 
  9.750000e-01  -233.3278303230 19.7772107305 
  9.775000e-01  -233.3278303230 19.7772112159 
  9.800000e-01  -233.3278303230 19.7772117014 
  9.825000e-01  -233.3278303230 19.7772121869 
  9.850000e-01  -233.3278303230 19.7772126723 
  9.875000e-01  -233.3278303230 19.7772131576 
  9.900000e-01  -233.3278303230 19.7772136428 
  9.925000e-01  -233.3278303230 19.7772141279 
  9.950000e-01  -233.3278303230 19.7772146128 
  9.975000e-01  -233.3278303230 19.7772150975 
  1.000000e+00  -233.3278303230 19.7772155819 
  1.002500e+00  -233.3278303230 19.7772160660 
  1.005000e+00  -233.3278303230 19.7772165498 
  1.007500e+00  -233.3278303230 19.7772170333 
  1.010000e+00  -233.3278303230 19.7772175164 
  1.012500e+00  -233.3278303230 19.7772179991 
  1.015000e+00  -233.3278303230 19.7772184814 
  1.017500e+00  -233.3278303230 19.7772189632 
  1.020000e+00  -233.3278303230 19.7772194446 
  1.022500e+00  -233.3278303230 19.7772199254 
  1.025000e+00  -233.3278303230 19.7772204056 
  1.027500e+00  -233.3278303230 19.7772208853 
  1.030000e+00  -233.3278303230 19.7772213644 
  1.032500e+00  -233.3278303230 19.7772218429 
  1.035000e+00  -233.3278303230 19.7772223207 
  1.037500e+00  -233.3278303230 19.7772227979 
  1.040000e+00  -233.3278303230 19.7772232743 
  1.042500e+00  -233.3278303230 19.7772237501 
  1.045000e+00  -233.3278303230 19.7772242251 
  1.047500e+00  -233.3278303230 19.7772246993 
  1.050000e+00  -233.3278303230 19.7772251727 
  1.052500e+00  -233.3278303230 19.7772256454 
  1.055000e+00  -233.3278303230 19.7772261172 
  1.057500e+00  -233.3278303230 19.7772265881 
  1.060000e+00  -233.3278303230 19.7772270582 
  1.062500e+00  -233.3278303230 19.7772275274 
  1.065000e+00  -233.3278303230 19.7772279956 
  1.067500e+00  -233.3278303230 19.7772284629 
  1.070000e+00  -233.3278303230 19.7772289293 
  1.072500e+00  -233.3278303230 19.7772293947 
  1.075000e+00  -233.3278303230 19.7772298591 
  1.077500e+00  -233.3278303230 19.7772303226 
  1.080000e+00  -233.3278303230 19.7772307849 
  1.082500e+00  -233.3278303230 19.7772312463 
  1.085000e+00  -233.3278303230 19.7772317066 
  1.087500e+00  -233.3278303230 19.7772321658 
  1.090000e+00  -233.3278303230 19.7772326239 
  1.092500e+00  -233.3278303230 19.7772330809 
  1.095000e+00  -233.3278303230 19.7772335368 
  1.097500e+00  -233.3278303230 19.7772339915 
  1.100000e+00  -233.3278303230 19.7772344451 
  1.102500e+00  -233.3278303230 19.7772348976 
  1.105000e+00  -233.3278303230 19.7772353488 
  1.107500e+00  -233.3278303230 19.7772357989 
  1.110000e+00  -233.3278303230 19.7772362478 
  1.112500e+00  -233.3278303230 19.7772366954 
  1.115000e+00  -233.3278303230 19.7772371418 
  1.117500e+00  -233.3278303230 19.7772375869 
  1.120000e+00  -233.3278303230 19.7772380308 
  1.122500e+00  -233.3278303230 19.7772384735 
  1.125000e+00  -233.3278303230 19.7772389148 
  1.127500e+00  -233.3278303230 19.7772393549 
  1.130000e+00  -233.3278303230 19.7772397936 
  1.132500e+00  -233.3278303230 19.7772402311 
  1.135000e+00  -233.3278303230 19.7772406672 
  1.137500e+00  -233.3278303230 19.7772411020 
  1.140000e+00  -233.3278303230 19.7772415354 
  1.142500e+00  -233.3278303230 19.7772419675 
  1.145000e+00  -233.3278303230 19.7772423983 
  1.147500e+00  -233.3278303230 19.7772428276 
  1.150000e+00  -233.3278303230 19.7772432556 
  1.152500e+00  -233.3278303230 19.7772436822 
  1.155000e+00  -233.3278303230 19.7772441074 
  1.157500e+00  -233.3278303230 19.7772445312 
  1.160000e+00  -233.3278303230 19.7772449535 
  1.162500e+00  -233.3278303230 19.7772453745 
  1.165000e+00  -233.3278303230 19.7772457940 
  1.167500e+00  -233.3278303230 19.7772462121 
  1.170000e+00  -233.3278303230 19.7772466288 
  1.172500e+00  -233.3278303230 19.7772470440 
  1.175000e+00  -233.3278303230 19.7772474577 
  1.177500e+00  -233.3278303230 19.7772478700 
  1.180000e+00  -233.3278303230 19.7772482808 
  1.182500e+00  -233.3278303230 19.7772486902 
  1.185000e+00  -233.3278303230 19.7772490980 
  1.187500e+00  -233.3278303230 19.7772495044 
  1.190000e+00  -233.3278303230 19.7772499093 
  1.192500e+00  -233.3278303230 19.7772503127 
  1.195000e+00  -233.3278303230 19.7772507146 
  1.197500e+00  -233.3278303230 19.7772511150 
  1.200000e+00  -233.3278303230 19.7772515139 
  1.202500e+00  -233.3278303230 19.7772519113 
  1.205000e+00  -233.3278303230 19.7772523072 
  1.207500e+00  -233.3278303230 19.7772527015 
  1.210000e+00  -233.3278303230 19.7772530944 
  1.212500e+00  -233.3278303230 19.7772534857 
  1.215000e+00  -233.3278303230 19.7772538755 
  1.217500e+00  -233.3278303230 19.7772542637 
  1.220000e+00  -233.3278303230 19.7772546504 
  1.222500e+00  -233.3278303230 19.7772550356 
  1.225000e+00  -233.3278303230 19.7772554192 
  1.227500e+00  -233.3278303230 19.7772558013 
  1.230000e+00  -233.3278303230 19.7772561818 
  1.232500e+00  -233.3278303230 19.7772565608 
  1.235000e+00  -233.3278303230 19.7772569383 
  1.237500e+00  -233.3278303230 19.7772573142 
  1.240000e+00  -233.3278303230 19.7772576885 
  1.242500e+00  -233.3278303230 19.7772580613 
  1.245000e+00  -233.3278303230 19.7772584325 
  1.247500e+00  -233.3278303230 19.7772588022 
  1.250000e+00  -233.3278303230 19.7772591703 
  1.252500e+00  -233.3278303230 19.7772595369 
  1.255000e+00  -233.3278303230 19.7772599018 
  1.257500e+00  -233.3278303230 19.7772602653 
  1.260000e+00  -233.3278303230 19.7772606272 
  1.262500e+00  -233.3278303230 19.7772609875 
  1.265000e+00  -233.3278303230 19.7772613462 
  1.267500e+00  -233.3278303230 19.7772617034 
  1.270000e+00  -233.3278303230 19.7772620590 
  1.272500e+00  -233.3278303230 19.7772624131 
  1.275000e+00  -233.3278303230 19.7772627656 
  1.277500e+00  -233.3278303230 19.7772631165 
  1.280000e+00  -233.3278303230 19.7772634659 
  1.282500e+00  -233.3278303230 19.7772638137 
  1.285000e+00  -233.3278303230 19.7772641600 
  1.287500e+00  -233.3278303230 19.7772645047 
  1.290000e+00  -233.3278303230 19.7772648478 
  1.292500e+00  -233.3278303230 19.7772651894 
  1.295000e+00  -233.3278303230 19.7772655294 
  1.297500e+00  -233.3278303230 19.7772658679 
  1.300000e+00  -233.3278303230 19.7772662048 
  1.302500e+00  -233.3278303230 19.7772665401 
  1.305000e+00  -233.3278303230 19.7772668740 
  1.307500e+00  -233.3278303230 19.7772672062 
  1.310000e+00  -233.3278303230 19.7772675369 
  1.312500e+00  -233.3278303230 19.7772678661 
  1.315000e+00  -233.3278303230 19.7772681937 
  1.317500e+00  -233.3278303230 19.7772685198 
  1.320000e+00  -233.3278303230 19.7772688443 
  1.322500e+00  -233.3278303230 19.7772691673 
  1.325000e+00  -233.3278303230 19.7772694888 
  1.327500e+00  -233.3278303230 19.7772698087 
  1.330000e+00  -233.3278303230 19.7772701271 
  1.332500e+00  -233.3278303230 19.7772704440 
  1.335000e+00  -233.3278303230 19.7772707593 
  1.337500e+00  -233.3278303230 19.7772710731 
  1.340000e+00  -233.3278303230 19.7772713854 
  1.342500e+00  -233.3278303230 19.7772716962 
  1.345000e+00  -233.3278303230 19.7772720054 
  1.347500e+00  -233.3278303230 19.7772723132 
  1.350000e+00  -233.3278303230 19.7772726194 
  1.352500e+00  -233.3278303230 19.7772729241 
  1.355000e+00  -233.3278303230 19.7772732273 
  1.357500e+00  -233.3278303230 19.7772735290 
  1.360000e+00  -233.3278303230 19.7772738292 
  1.362500e+00  -233.3278303230 19.7772741280 
  1.365000e+00  -233.3278303230 19.7772744252 
  1.367500e+00  -233.3278303230 19.7772747209 
  1.370000e+00  -233.3278303230 19.7772750152 
  1.372500e+00  -233.3278303230 19.7772753079 
  1.375000e+00  -233.3278303230 19.7772755992 
  1.377500e+00  -233.3278303230 19.7772758890 
  1.380000e+00  -233.3278303230 19.7772761774 
  1.382500e+00  -233.3278303230 19.7772764643 
  1.385000e+00  -233.3278303230 19.7772767497 
  1.387500e+00  -233.3278303230 19.7772770336 
  1.390000e+00  -233.3278303230 19.7772773161 
  1.392500e+00  -233.3278303230 19.7772775972 
  1.395000e+00  -233.3278303230 19.7772778768 
  1.397500e+00  -233.3278303230 19.7772781549 
  1.400000e+00  -233.3278303230 19.7772784316 
  1.402500e+00  -233.3278303230 19.7772787069 
  1.405000e+00  -233.3278303230 19.7772789807 
  1.407500e+00  -233.3278303230 19.7772792531 
  1.410000e+00  -233.3278303230 19.7772795241 
  1.412500e+00  -233.3278303230 19.7772797937 
  1.415000e+00  -233.3278303230 19.7772800618 
  1.417500e+00  -233.3278303230 19.7772803285 
  1.420000e+00  -233.3278303230 19.7772805939 
  1.422500e+00  -233.3278303230 19.7772808578 
  1.425000e+00  -233.3278303230 19.7772811203 
  1.427500e+00  -233.3278303230 19.7772813815 
  1.430000e+00  -233.3278303230 19.7772816412 
  1.432500e+00  -233.3278303230 19.7772818995 
  1.435000e+00  -233.3278303230 19.7772821565 
  1.437500e+00  -233.3278303230 19.7772824121 
  1.440000e+00  -233.3278303230 19.7772826663 
  1.442500e+00  -233.3278303230 19.7772829192 
  1.445000e+00  -233.3278303230 19.7772831707 
  1.447500e+00  -233.3278303230 19.7772834208 
  1.450000e+00  -233.3278303230 19.7772836696 
  1.452500e+00  -233.3278303230 19.7772839170 
  1.455000e+00  -233.3278303230 19.7772841631 
  1.457500e+00  -233.3278303230 19.7772844079 
  1.460000e+00  -233.3278303230 19.7772846513 
  1.462500e+00  -233.3278303230 19.7772848933 
  1.465000e+00  -233.3278303230 19.7772851341 
  1.467500e+00  -233.3278303230 19.7772853735 
  1.470000e+00  -233.3278303230 19.7772856117 
  1.472500e+00  -233.3278303230 19.7772858485 
  1.475000e+00  -233.3278303230 19.7772860840 
  1.477500e+00  -233.3278303230 19.7772863182 
  1.480000e+00  -233.3278303230 19.7772865511 
  1.482500e+00  -233.3278303230 19.7772867827 
  1.485000e+00  -233.3278303230 19.7772870130 
  1.487500e+00  -233.3278303230 19.7772872420 
  1.490000e+00  -233.3278303230 19.7772874698 
  1.492500e+00  -233.3278303230 19.7772876963 
  1.495000e+00  -233.3278303230 19.7772879215 
  1.497500e+00  -233.3278303230 19.7772881455 
  1.500000e+00  -233.3278303230 19.7772883682 
  1.502500e+00  -233.3278303230 19.7772885897 
  1.505000e+00  -233.3278303230 19.7772888099 
  1.507500e+00  -233.3278303230 19.7772890288 
  1.510000e+00  -233.3278303230 19.7772892466 
  1.512500e+00  -233.3278303230 19.7772894631 
  1.515000e+00  -233.3278303230 19.7772896783 
  1.517500e+00  -233.3278303230 19.7772898924 
  1.520000e+00  -233.3278303230 19.7772901052 
  1.522500e+00  -233.3278303230 19.7772903169 
  1.525000e+00  -233.3278303230 19.7772905273 
  1.527500e+00  -233.3278303230 19.7772907365 
  1.530000e+00  -233.3278303230 19.7772909445 
  1.532500e+00  -233.3278303230 19.7772911513 
  1.535000e+00  -233.3278303230 19.7772913570 
  1.537500e+00  -233.3278303230 19.7772915614 
  1.540000e+00  -233.3278303230 19.7772917647 
  1.542500e+00  -233.3278303230 19.7772919668 
  1.545000e+00  -233.3278303230 19.7772921678 
  1.547500e+00  -233.3278303230 19.7772923676 
  1.550000e+00  -233.3278303230 19.7772925662 
  1.552500e+00  -233.3278303230 19.7772927637 
  1.555000e+00  -233.3278303230 19.7772929600 
  1.557500e+00  -233.3278303230 19.7772931552 
  1.560000e+00  -233.3278303230 19.7772933493 
  1.562500e+00  -233.3278303230 19.7772935422 
  1.565000e+00  -233.3278303230 19.7772937340 
  1.567500e+00  -233.3278303230 19.7772939247 
  1.570000e+00  -233.3278303230 19.7772941142 
  1.572500e+00  -233.3278303230 19.7772943027 
  1.575000e+00  -233.3278303230 19.7772944901 
  1.577500e+00  -233.3278303230 19.7772946763 
  1.580000e+00  -233.3278303230 19.7772948615 
  1.582500e+00  -233.3278303230 19.7772950456 
  1.585000e+00  -233.3278303230 19.7772952285 
  1.587500e+00  -233.3278303230 19.7772954104 
  1.590000e+00  -233.3278303230 19.7772955913 
  1.592500e+00  -233.3278303230 19.7772957710 
  1.595000e+00  -233.3278303230 19.7772959497 
  1.597500e+00  -233.3278303230 19.7772961274 
  1.600000e+00  -233.3278303230 19.7772963040 
  1.602500e+00  -233.3278303230 19.7772964795 
  1.605000e+00  -233.3278303230 19.7772966540 
  1.607500e+00  -233.3278303230 19.7772968275 
  1.610000e+00  -233.3278303230 19.7772969999 
  1.612500e+00  -233.3278303230 19.7772971713 
  1.615000e+00  -233.3278303230 19.7772973416 
  1.617500e+00  -233.3278303230 19.7772975110 
  1.620000e+00  -233.3278303230 19.7772976793 
  1.622500e+00  -233.3278303230 19.7772978467 
  1.625000e+00  -233.3278303230 19.7772980130 
  1.627500e+00  -233.3278303230 19.7772981783 
  1.630000e+00  -233.3278303230 19.7772983426 
  1.632500e+00  -233.3278303230 19.7772985060 
  1.635000e+00  -233.3278303230 19.7772986683 
  1.637500e+00  -233.3278303230 19.7772988297 
  1.640000e+00  -233.3278303230 19.7772989901 
  1.642500e+00  -233.3278303230 19.7772991495 
  1.645000e+00  -233.3278303230 19.7772993080 
  1.647500e+00  -233.3278303230 19.7772994655 
  1.650000e+00  -233.3278303230 19.7772996221 
  1.652500e+00  -233.3278303230 19.7772997777 
  1.655000e+00  -233.3278303230 19.7772999323 
  1.657500e+00  -233.3278303230 19.7773000861 
  1.660000e+00  -233.3278303230 19.7773002388 
  1.662500e+00  -233.3278303230 19.7773003907 
  1.665000e+00  -233.3278303230 19.7773005416 
  1.667500e+00  -233.3278303230 19.7773006916 
  1.670000e+00  -233.3278303230 19.7773008407 
  1.672500e+00  -233.3278303230 19.7773009889 
  1.675000e+00  -233.3278303230 19.7773011362 
  1.677500e+00  -233.3278303230 19.7773012825 
  1.680000e+00  -233.3278303230 19.7773014280 
  1.682500e+00  -233.3278303230 19.7773015726 
  1.685000e+00  -233.3278303230 19.7773017163 
  1.687500e+00  -233.3278303230 19.7773018591 
  1.690000e+00  -233.3278303230 19.7773020010 
  1.692500e+00  -233.3278303230 19.7773021420 
  1.695000e+00  -233.3278303230 19.7773022822 
  1.697500e+00  -233.3278303230 19.7773024215 
  1.700000e+00  -233.3278303230 19.7773025600 
  1.702500e+00  -233.3278303230 19.7773026976 
  1.705000e+00  -233.3278303230 19.7773028343 
  1.707500e+00  -233.3278303230 19.7773029702 
  1.710000e+00  -233.3278303230 19.7773031053 
  1.712500e+00  -233.3278303230 19.7773032395 
  1.715000e+00  -233.3278303230 19.7773033729 
  1.717500e+00  -233.3278303230 19.7773035055 
  1.720000e+00  -233.3278303230 19.7773036372 
  1.722500e+00  -233.3278303230 19.7773037681 
  1.725000e+00  -233.3278303230 19.7773038982 
  1.727500e+00  -233.3278303230 19.7773040275 
  1.730000e+00  -233.3278303230 19.7773041560 
  1.732500e+00  -233.3278303230 19.7773042837 
  1.735000e+00  -233.3278303230 19.7773044106 
  1.737500e+00  -233.3278303230 19.7773045367 
  1.740000e+00  -233.3278303230 19.7773046620 
  1.742500e+00  -233.3278303230 19.7773047865 
  1.745000e+00  -233.3278303230 19.7773049102 
  1.747500e+00  -233.3278303230 19.7773050332 
  1.750000e+00  -233.3278303230 19.7773051554 
  1.752500e+00  -233.3278303230 19.7773052768 
  1.755000e+00  -233.3278303230 19.7773053975 
  1.757500e+00  -233.3278303230 19.7773055174 
  1.760000e+00  -233.3278303230 19.7773056365 
  1.762500e+00  -233.3278303230 19.7773057549 
  1.765000e+00  -233.3278303230 19.7773058726 
  1.767500e+00  -233.3278303230 19.7773059895 
  1.770000e+00  -233.3278303230 19.7773061057 
  1.772500e+00  -233.3278303230 19.7773062211 
  1.775000e+00  -233.3278303230 19.7773063358 
  1.777500e+00  -233.3278303230 19.7773064498 
  1.780000e+00  -233.3278303230 19.7773065631 
  1.782500e+00  -233.3278303230 19.7773066756 
  1.785000e+00  -233.3278303230 19.7773067875 
  1.787500e+00  -233.3278303230 19.7773068986 
  1.790000e+00  -233.3278303230 19.7773070090 
  1.792500e+00  -233.3278303230 19.7773071187 
  1.795000e+00  -233.3278303230 19.7773072278 
  1.797500e+00  -233.3278303230 19.7773073361 
  1.800000e+00  -233.3278303230 19.7773074437 
  1.802500e+00  -233.3278303230 19.7773075507 
  1.805000e+00  -233.3278303230 19.7773076570 
  1.807500e+00  -233.3278303230 19.7773077626 
  1.810000e+00  -233.3278303230 19.7773078675 
  1.812500e+00  -233.3278303230 19.7773079717 
  1.815000e+00  -233.3278303230 19.7773080753 
  1.817500e+00  -233.3278303230 19.7773081783 
  1.820000e+00  -233.3278303230 19.7773082805 
  1.822500e+00  -233.3278303230 19.7773083822 
  1.825000e+00  -233.3278303230 19.7773084831 
  1.827500e+00  -233.3278303230 19.7773085834 
  1.830000e+00  -233.3278303230 19.7773086831 
  1.832500e+00  -233.3278303230 19.7773087822 
  1.835000e+00  -233.3278303230 19.7773088806 
  1.837500e+00  -233.3278303230 19.7773089783 
  1.840000e+00  -233.3278303230 19.7773090755 
  1.842500e+00  -233.3278303230 19.7773091720 
  1.845000e+00  -233.3278303230 19.7773092679 
  1.847500e+00  -233.3278303230 19.7773093632 
  1.850000e+00  -233.3278303230 19.7773094579 
  1.852500e+00  -233.3278303230 19.7773095519 
  1.855000e+00  -233.3278303230 19.7773096454 
  1.857500e+00  -233.3278303230 19.7773097382 
  1.860000e+00  -233.3278303230 19.7773098305 
  1.862500e+00  -233.3278303230 19.7773099221 
  1.865000e+00  -233.3278303230 19.7773100132 
  1.867500e+00  -233.3278303230 19.7773101037 
  1.870000e+00  -233.3278303230 19.7773101936 
  1.872500e+00  -233.3278303230 19.7773102829 
  1.875000e+00  -233.3278303230 19.7773103716 
  1.877500e+00  -233.3278303230 19.7773104598 
  1.880000e+00  -233.3278303230 19.7773105474 
  1.882500e+00  -233.3278303230 19.7773106344 
  1.885000e+00  -233.3278303230 19.7773107209 
  1.887500e+00  -233.3278303230 19.7773108068 
  1.890000e+00  -233.3278303230 19.7773108921 
  1.892500e+00  -233.3278303230 19.7773109769 
  1.895000e+00  -233.3278303230 19.7773110611 
  1.897500e+00  -233.3278303230 19.7773111448 
  1.900000e+00  -233.3278303230 19.7773112280 
  1.902500e+00  -233.3278303230 19.7773113106 
  1.905000e+00  -233.3278303230 19.7773113926 
  1.907500e+00  -233.3278303230 19.7773114742 
  1.910000e+00  -233.3278303230 19.7773115552 
  1.912500e+00  -233.3278303230 19.7773116356 
  1.915000e+00  -233.3278303230 19.7773117156 
  1.917500e+00  -233.3278303230 19.7773117950 
  1.920000e+00  -233.3278303230 19.7773118739 
  1.922500e+00  -233.3278303230 19.7773119523 
  1.925000e+00  -233.3278303230 19.7773120302 
  1.927500e+00  -233.3278303230 19.7773121076 
  1.930000e+00  -233.3278303230 19.7773121845 
  1.932500e+00  -233.3278303230 19.7773122608 
  1.935000e+00  -233.3278303230 19.7773123367 
  1.937500e+00  -233.3278303230 19.7773124121 
  1.940000e+00  -233.3278303230 19.7773124869 
  1.942500e+00  -233.3278303230 19.7773125613 
  1.945000e+00  -233.3278303230 19.7773126352 
  1.947500e+00  -233.3278303230 19.7773127086 
  1.950000e+00  -233.3278303230 19.7773127816 
  1.952500e+00  -233.3278303230 19.7773128540 
  1.955000e+00  -233.3278303230 19.7773129260 
  1.957500e+00  -233.3278303230 19.7773129975 
  1.960000e+00  -233.3278303230 19.7773130686 
  1.962500e+00  -233.3278303230 19.7773131391 
  1.965000e+00  -233.3278303230 19.7773132092 
  1.967500e+00  -233.3278303230 19.7773132789 
  1.970000e+00  -233.3278303230 19.7773133481 
  1.972500e+00  -233.3278303230 19.7773134168 
  1.975000e+00  -233.3278303230 19.7773134851 
  1.977500e+00  -233.3278303230 19.7773135529 
  1.980000e+00  -233.3278303230 19.7773136203 
  1.982500e+00  -233.3278303230 19.7773136872 
  1.985000e+00  -233.3278303230 19.7773137537 
  1.987500e+00  -233.3278303230 19.7773138198 
  1.990000e+00  -233.3278303230 19.7773138854 
  1.992500e+00  -233.3278303230 19.7773139506 
  1.995000e+00  -233.3278303230 19.7773140153 
  1.997500e+00  -233.3278303230 19.7773140797 
  2.000000e+00  -233.3278303230 19.7773141436 
