  0.000000e+00  -233.3278303230 19.7783218995 
  1.250000e-03  -233.3278303230 19.7766988751 
  2.500000e-03  -233.3278303230 19.7774417001 
  3.750000e-03  -233.3278303230 19.7784811181 
  5.000000e-03  -233.3278303230 19.7790411499 
  6.250000e-03  -233.3278303230 19.7792148888 
  7.500000e-03  -233.3278303230 19.7791844191 
  8.750000e-03  -233.3278303230 19.7790524100 
  1.000000e-02  -233.3278303230 19.7788775893 
  1.125000e-02  -233.3278303230 19.7787093520 
  1.250000e-02  -233.3278303230 19.7785884881 
  1.375000e-02  -233.3278303230 19.7785332213 
  1.500000e-02  -233.3278303230 19.7785357107 
  1.625000e-02  -233.3278303230 19.7785737871 
  1.750000e-02  -233.3278303230 19.7786254866 
  1.875000e-02  -233.3278303230 19.7786764953 
  2.000000e-02  -233.3278303230 19.7787203319 
  2.125000e-02  -233.3278303230 19.7787554323 
  2.250000e-02  -233.3278303230 19.7787822723 
  2.375000e-02  -233.3278303230 19.7788016208 
  2.500000e-02  -233.3278303230 19.7788139080 
  2.625000e-02  -233.3278303230 19.7788193159 
  2.750000e-02  -233.3278303230 19.7788181347 
  2.875000e-02  -233.3278303230 19.7788110304 
  3.000000e-02  -233.3278303230 19.7787990747 
  3.125000e-02  -233.3278303230 19.7787835745 
  3.250000e-02  -233.3278303230 19.7787658255 
  3.375000e-02  -233.3278303230 19.7787469039 
  3.500000e-02  -233.3278303230 19.7787275554 
  3.625000e-02  -233.3278303230 19.7787081874 
  3.750000e-02  -233.3278303230 19.7786889347 
  3.875000e-02  -233.3278303230 19.7786697605 
  4.000000e-02  -233.3278303230 19.7786505574 
  4.125000e-02  -233.3278303230 19.7786312236 
  4.250000e-02  -233.3278303230 19.7786117053 
  4.375000e-02  -233.3278303230 19.7785920077 
  4.500000e-02  -233.3278303230 19.7785721841 
  4.625000e-02  -233.3278303230 19.7785523150 
  4.750000e-02  -233.3278303230 19.7785324878 
  4.875000e-02  -233.3278303230 19.7785127817 
  5.000000e-02  -233.3278303230 19.7784932599 
  5.125000e-02  -233.3278303230 19.7784739677 
  5.250000e-02  -233.3278303230 19.7784549340 
  5.375000e-02  -233.3278303230 19.7784361753 
  5.500000e-02  -233.3278303230 19.7784176985 
  5.625000e-02  -233.3278303230 19.7783995042 
  5.750000e-02  -233.3278303230 19.7783815893 
  5.875000e-02  -233.3278303230 19.7783639478 
  6.000000e-02  -233.3278303230 19.7783465728 
  6.125000e-02  -233.3278303230 19.7783294569 
  6.250000e-02  -233.3278303230 19.7783125928 
  6.375000e-02  -233.3278303230 19.7782959733 
  6.500000e-02  -233.3278303230 19.7782795917 
  6.625000e-02  -233.3278303230 19.7782634416 
  6.750000e-02  -233.3278303230 19.7782475168 
  6.875000e-02  -233.3278303230 19.7782318110 
  7.000000e-02  -233.3278303230 19.7782163179 
  7.125000e-02  -233.3278303230 19.7782010313 
  7.250000e-02  -233.3278303230 19.7781859449 
  7.375000e-02  -233.3278303230 19.7781710523 
  7.500000e-02  -233.3278303230 19.7781563474 
  7.625000e-02  -233.3278303230 19.7781418243 
  7.750000e-02  -233.3278303230 19.7781274773 
  7.875000e-02  -233.3278303230 19.7781133009 
  8.000000e-02  -233.3278303230 19.7780992900 
  8.125000e-02  -233.3278303230 19.7780854398 
  8.250000e-02  -233.3278303230 19.7780717459 
  8.375000e-02  -233.3278303230 19.7780582041 
  8.500000e-02  -233.3278303230 19.7780448103 
  8.625000e-02  -233.3278303230 19.7780315608 
  8.750000e-02  -233.3278303230 19.7780184521 
  8.875000e-02  -233.3278303230 19.7780054807 
  9.000000e-02  -233.3278303230 19.7779926434 
  9.125000e-02  -233.3278303230 19.7779799373 
  9.250000e-02  -233.3278303230 19.7779673594 
  9.375000e-02  -233.3278303230 19.7779549069 
  9.500000e-02  -233.3278303230 19.7779425772 
  9.625000e-02  -233.3278303230 19.7779303676 
  9.750000e-02  -233.3278303230 19.7779182759 
  9.875000e-02  -233.3278303230 19.7779062996 
  1.000000e-01  -233.3278303230 19.7778944364 
  1.012500e-01  -233.3278303230 19.7778826843 
  1.025000e-01  -233.3278303230 19.7778710410 
  1.037500e-01  -233.3278303230 19.7778595046 
  1.050000e-01  -233.3278303230 19.7778480731 
  1.062500e-01  -233.3278303230 19.7778367447 
  1.075000e-01  -233.3278303230 19.7778255174 
  1.087500e-01  -233.3278303230 19.7778143896 
  1.100000e-01  -233.3278303230 19.7778033595 
  1.112500e-01  -233.3278303230 19.7777924255 
  1.125000e-01  -233.3278303230 19.7777815861 
  1.137500e-01  -233.3278303230 19.7777708395 
  1.150000e-01  -233.3278303230 19.7777601845 
  1.162500e-01  -233.3278303230 19.7777496194 
  1.175000e-01  -233.3278303230 19.7777391430 
  1.187500e-01  -233.3278303230 19.7777287538 
  1.200000e-01  -233.3278303230 19.7777184506 
  1.212500e-01  -233.3278303230 19.7777082320 
  1.225000e-01  -233.3278303230 19.7776980969 
  1.237500e-01  -233.3278303230 19.7776880440 
  1.250000e-01  -233.3278303230 19.7776780721 
  1.262500e-01  -233.3278303230 19.7776681802 
  1.275000e-01  -233.3278303230 19.7776583671 
  1.287500e-01  -233.3278303230 19.7776486318 
  1.300000e-01  -233.3278303230 19.7776389733 
  1.312500e-01  -233.3278303230 19.7776293905 
  1.325000e-01  -233.3278303230 19.7776198825 
  1.337500e-01  -233.3278303230 19.7776104482 
  1.350000e-01  -233.3278303230 19.7776010869 
  1.362500e-01  -233.3278303230 19.7775917976 
  1.375000e-01  -233.3278303230 19.7775825794 
  1.387500e-01  -233.3278303230 19.7775734316 
  1.400000e-01  -233.3278303230 19.7775643532 
  1.412500e-01  -233.3278303230 19.7775553434 
  1.425000e-01  -233.3278303230 19.7775464016 
  1.437500e-01  -233.3278303230 19.7775375268 
  1.450000e-01  -233.3278303230 19.7775287185 
  1.462500e-01  -233.3278303230 19.7775199758 
  1.475000e-01  -233.3278303230 19.7775112981 
  1.487500e-01  -233.3278303230 19.7775026847 
  1.500000e-01  -233.3278303230 19.7774941349 
  1.512500e-01  -233.3278303230 19.7774856481 
  1.525000e-01  -233.3278303230 19.7774772236 
  1.537500e-01  -233.3278303230 19.7774688608 
  1.550000e-01  -233.3278303230 19.7774605591 
  1.562500e-01  -233.3278303230 19.7774523179 
  1.575000e-01  -233.3278303230 19.7774441366 
  1.587500e-01  -233.3278303230 19.7774360147 
  1.600000e-01  -233.3278303230 19.7774279516 
  1.612500e-01  -233.3278303230 19.7774199468 
  1.625000e-01  -233.3278303230 19.7774119997 
  1.637500e-01  -233.3278303230 19.7774041098 
  1.650000e-01  -233.3278303230 19.7773962767 
  1.662500e-01  -233.3278303230 19.7773884997 
  1.675000e-01  -233.3278303230 19.7773807785 
  1.687500e-01  -233.3278303230 19.7773731125 
  1.700000e-01  -233.3278303230 19.7773655013 
  1.712500e-01  -233.3278303230 19.7773579444 
  1.725000e-01  -233.3278303230 19.7773504414 
  1.737500e-01  -233.3278303230 19.7773429918 
  1.750000e-01  -233.3278303230 19.7773355951 
  1.762500e-01  -233.3278303230 19.7773282510 
  1.775000e-01  -233.3278303230 19.7773209591 
  1.787500e-01  -233.3278303230 19.7773137189 
  1.800000e-01  -233.3278303230 19.7773065299 
  1.812500e-01  -233.3278303230 19.7772993919 
  1.825000e-01  -233.3278303230 19.7772923044 
  1.837500e-01  -233.3278303230 19.7772852671 
  1.850000e-01  -233.3278303230 19.7772782795 
  1.862500e-01  -233.3278303230 19.7772713412 
  1.875000e-01  -233.3278303230 19.7772644520 
  1.887500e-01  -233.3278303230 19.7772576114 
  1.900000e-01  -233.3278303230 19.7772508190 
  1.912500e-01  -233.3278303230 19.7772440746 
  1.925000e-01  -233.3278303230 19.7772373778 
  1.937500e-01  -233.3278303230 19.7772307281 
  1.950000e-01  -233.3278303230 19.7772241254 
  1.962500e-01  -233.3278303230 19.7772175692 
  1.975000e-01  -233.3278303230 19.7772110592 
  1.987500e-01  -233.3278303230 19.7772045951 
  2.000000e-01  -233.3278303230 19.7771981765 
  2.012500e-01  -233.3278303230 19.7771918032 
  2.025000e-01  -233.3278303230 19.7771854748 
  2.037500e-01  -233.3278303230 19.7771791910 
  2.050000e-01  -233.3278303230 19.7771729515 
  2.062500e-01  -233.3278303230 19.7771667560 
  2.075000e-01  -233.3278303230 19.7771606042 
  2.087500e-01  -233.3278303230 19.7771544958 
  2.100000e-01  -233.3278303230 19.7771484304 
  2.112500e-01  -233.3278303230 19.7771424079 
  2.125000e-01  -233.3278303230 19.7771364279 
  2.137500e-01  -233.3278303230 19.7771304900 
  2.150000e-01  -233.3278303230 19.7771245941 
  2.162500e-01  -233.3278303230 19.7771187399 
  2.175000e-01  -233.3278303230 19.7771129270 
  2.187500e-01  -233.3278303230 19.7771071552 
  2.200000e-01  -233.3278303230 19.7771014242 
  2.212500e-01  -233.3278303230 19.7770957338 
  2.225000e-01  -233.3278303230 19.7770900836 
  2.237500e-01  -233.3278303230 19.7770844735 
  2.250000e-01  -233.3278303230 19.7770789031 
  2.262500e-01  -233.3278303230 19.7770733721 
  2.275000e-01  -233.3278303230 19.7770678804 
  2.287500e-01  -233.3278303230 19.7770624276 
  2.300000e-01  -233.3278303230 19.7770570136 
  2.312500e-01  -233.3278303230 19.7770516379 
  2.325000e-01  -233.3278303230 19.7770463005 
  2.337500e-01  -233.3278303230 19.7770410010 
  2.350000e-01  -233.3278303230 19.7770357392 
  2.362500e-01  -233.3278303230 19.7770305149 
  2.375000e-01  -233.3278303230 19.7770253277 
  2.387500e-01  -233.3278303230 19.7770201775 
  2.400000e-01  -233.3278303230 19.7770150640 
  2.412500e-01  -233.3278303230 19.7770099870 
  2.425000e-01  -233.3278303230 19.7770049463 
  2.437500e-01  -233.3278303230 19.7769999415 
  2.450000e-01  -233.3278303230 19.7769949726 
  2.462500e-01  -233.3278303230 19.7769900391 
  2.475000e-01  -233.3278303230 19.7769851410 
  2.487500e-01  -233.3278303230 19.7769802779 
  2.500000e-01  -233.3278303230 19.7769754497 
  2.512500e-01  -233.3278303230 19.7769706561 
  2.525000e-01  -233.3278303230 19.7769658970 
  2.537500e-01  -233.3278303230 19.7769611720 
  2.550000e-01  -233.3278303230 19.7769564809 
  2.562500e-01  -233.3278303230 19.7769518236 
  2.575000e-01  -233.3278303230 19.7769471998 
  2.587500e-01  -233.3278303230 19.7769426093 
  2.600000e-01  -233.3278303230 19.7769380520 
  2.612500e-01  -233.3278303230 19.7769335274 
  2.625000e-01  -233.3278303230 19.7769290356 
  2.637500e-01  -233.3278303230 19.7769245762 
  2.650000e-01  -233.3278303230 19.7769201491 
  2.662500e-01  -233.3278303230 19.7769157539 
  2.675000e-01  -233.3278303230 19.7769113907 
  2.687500e-01  -233.3278303230 19.7769070590 
  2.700000e-01  -233.3278303230 19.7769027588 
  2.712500e-01  -233.3278303230 19.7768984898 
  2.725000e-01  -233.3278303230 19.7768942518 
  2.737500e-01  -233.3278303230 19.7768900446 
  2.750000e-01  -233.3278303230 19.7768858681 
  2.762500e-01  -233.3278303230 19.7768817219 
  2.775000e-01  -233.3278303230 19.7768776060 
  2.787500e-01  -233.3278303230 19.7768735202 
  2.800000e-01  -233.3278303230 19.7768694642 
  2.812500e-01  -233.3278303230 19.7768654378 
  2.825000e-01  -233.3278303230 19.7768614409 
  2.837500e-01  -233.3278303230 19.7768574733 
  2.850000e-01  -233.3278303230 19.7768535348 
  2.862500e-01  -233.3278303230 19.7768496251 
  2.875000e-01  -233.3278303230 19.7768457442 
  2.887500e-01  -233.3278303230 19.7768418918 
  2.900000e-01  -233.3278303230 19.7768380678 
  2.912500e-01  -233.3278303230 19.7768342719 
  2.925000e-01  -233.3278303230 19.7768305040 
  2.937500e-01  -233.3278303230 19.7768267640 
  2.950000e-01  -233.3278303230 19.7768230515 
  2.962500e-01  -233.3278303230 19.7768193665 
  2.975000e-01  -233.3278303230 19.7768157088 
  2.987500e-01  -233.3278303230 19.7768120782 
  3.000000e-01  -233.3278303230 19.7768084745 
  3.012500e-01  -233.3278303230 19.7768048976 
  3.025000e-01  -233.3278303230 19.7768013472 
  3.037500e-01  -233.3278303230 19.7767978233 
  3.050000e-01  -233.3278303230 19.7767943256 
  3.062500e-01  -233.3278303230 19.7767908540 
  3.075000e-01  -233.3278303230 19.7767874083 
  3.087500e-01  -233.3278303230 19.7767839884 
  3.100000e-01  -233.3278303230 19.7767805940 
  3.112500e-01  -233.3278303230 19.7767772251 
  3.125000e-01  -233.3278303230 19.7767738814 
  3.137500e-01  -233.3278303230 19.7767705629 
  3.150000e-01  -233.3278303230 19.7767672692 
  3.162500e-01  -233.3278303230 19.7767640004 
  3.175000e-01  -233.3278303230 19.7767607561 
  3.187500e-01  -233.3278303230 19.7767575364 
  3.200000e-01  -233.3278303230 19.7767543409 
  3.212500e-01  -233.3278303230 19.7767511696 
  3.225000e-01  -233.3278303230 19.7767480223 
  3.237500e-01  -233.3278303230 19.7767448988 
  3.250000e-01  -233.3278303230 19.7767417990 
  3.262500e-01  -233.3278303230 19.7767387228 
  3.275000e-01  -233.3278303230 19.7767356700 
  3.287500e-01  -233.3278303230 19.7767326404 
  3.300000e-01  -233.3278303230 19.7767296339 
  3.312500e-01  -233.3278303230 19.7767266503 
  3.325000e-01  -233.3278303230 19.7767236896 
  3.337500e-01  -233.3278303230 19.7767207515 
  3.350000e-01  -233.3278303230 19.7767178359 
  3.362500e-01  -233.3278303230 19.7767149427 
  3.375000e-01  -233.3278303230 19.7767120717 
  3.387500e-01  -233.3278303230 19.7767092228 
  3.400000e-01  -233.3278303230 19.7767063959 
  3.412500e-01  -233.3278303230 19.7767035907 
  3.425000e-01  -233.3278303230 19.7767008072 
  3.437500e-01  -233.3278303230 19.7766980453 
  3.450000e-01  -233.3278303230 19.7766953047 
  3.462500e-01  -233.3278303230 19.7766925854 
  3.475000e-01  -233.3278303230 19.7766898872 
  3.487500e-01  -233.3278303230 19.7766872100 
  3.500000e-01  -233.3278303230 19.7766845536 
  3.512500e-01  -233.3278303230 19.7766819179 
  3.525000e-01  -233.3278303230 19.7766793029 
  3.537500e-01  -233.3278303230 19.7766767083 
  3.550000e-01  -233.3278303230 19.7766741340 
  3.562500e-01  -233.3278303230 19.7766715799 
  3.575000e-01  -233.3278303230 19.7766690458 
  3.587500e-01  -233.3278303230 19.7766665317 
  3.600000e-01  -233.3278303230 19.7766640375 
  3.612500e-01  -233.3278303230 19.7766615628 
  3.625000e-01  -233.3278303230 19.7766591078 
  3.637500e-01  -233.3278303230 19.7766566722 
  3.650000e-01  -233.3278303230 19.7766542559 
  3.662500e-01  -233.3278303230 19.7766518587 
  3.675000e-01  -233.3278303230 19.7766494807 
  3.687500e-01  -233.3278303230 19.7766471215 
  3.700000e-01  -233.3278303230 19.7766447812 
  3.712500e-01  -233.3278303230 19.7766424596 
  3.725000e-01  -233.3278303230 19.7766401566 
  3.737500e-01  -233.3278303230 19.7766378720 
  3.750000e-01  -233.3278303230 19.7766356058 
  3.762500e-01  -233.3278303230 19.7766333578 
  3.775000e-01  -233.3278303230 19.7766311278 
  3.787500e-01  -233.3278303230 19.7766289159 
  3.800000e-01  -233.3278303230 19.7766267219 
  3.812500e-01  -233.3278303230 19.7766245456 
  3.825000e-01  -233.3278303230 19.7766223870 
  3.837500e-01  -233.3278303230 19.7766202458 
  3.850000e-01  -233.3278303230 19.7766181222 
  3.862500e-01  -233.3278303230 19.7766160158 
  3.875000e-01  -233.3278303230 19.7766139266 
  3.887500e-01  -233.3278303230 19.7766118545 
  3.900000e-01  -233.3278303230 19.7766097994 
  3.912500e-01  -233.3278303230 19.7766077611 
  3.925000e-01  -233.3278303230 19.7766057396 
  3.937500e-01  -233.3278303230 19.7766037348 
  3.950000e-01  -233.3278303230 19.7766017465 
  3.962500e-01  -233.3278303230 19.7765997746 
  3.975000e-01  -233.3278303230 19.7765978190 
  3.987500e-01  -233.3278303230 19.7765958797 
  4.000000e-01  -233.3278303230 19.7765939565 
  4.012500e-01  -233.3278303230 19.7765920493 
  4.025000e-01  -233.3278303230 19.7765901580 
  4.037500e-01  -233.3278303230 19.7765882826 
  4.050000e-01  -233.3278303230 19.7765864228 
  4.062500e-01  -233.3278303230 19.7765845786 
  4.075000e-01  -233.3278303230 19.7765827500 
  4.087500e-01  -233.3278303230 19.7765809367 
  4.100000e-01  -233.3278303230 19.7765791388 
  4.112500e-01  -233.3278303230 19.7765773560 
  4.125000e-01  -233.3278303230 19.7765755883 
  4.137500e-01  -233.3278303230 19.7765738357 
  4.150000e-01  -233.3278303230 19.7765720980 
  4.162500e-01  -233.3278303230 19.7765703750 
  4.175000e-01  -233.3278303230 19.7765686668 
  4.187500e-01  -233.3278303230 19.7765669732 
  4.200000e-01  -233.3278303230 19.7765652941 
  4.212500e-01  -233.3278303230 19.7765636295 
  4.225000e-01  -233.3278303230 19.7765619791 
  4.237500e-01  -233.3278303230 19.7765603431 
  4.250000e-01  -233.3278303230 19.7765587211 
  4.262500e-01  -233.3278303230 19.7765571132 
  4.275000e-01  -233.3278303230 19.7765555193 
  4.287500e-01  -233.3278303230 19.7765539393 
  4.300000e-01  -233.3278303230 19.7765523730 
  4.312500e-01  -233.3278303230 19.7765508204 
  4.325000e-01  -233.3278303230 19.7765492814 
  4.337500e-01  -233.3278303230 19.7765477559 
  4.350000e-01  -233.3278303230 19.7765462439 
  4.362500e-01  -233.3278303230 19.7765447451 
  4.375000e-01  -233.3278303230 19.7765432596 
  4.387500e-01  -233.3278303230 19.7765417873 
  4.400000e-01  -233.3278303230 19.7765403280 
  4.412500e-01  -233.3278303230 19.7765388817 
  4.425000e-01  -233.3278303230 19.7765374484 
  4.437500e-01  -233.3278303230 19.7765360278 
  4.450000e-01  -233.3278303230 19.7765346199 
  4.462500e-01  -233.3278303230 19.7765332247 
  4.475000e-01  -233.3278303230 19.7765318421 
  4.487500e-01  -233.3278303230 19.7765304719 
  4.500000e-01  -233.3278303230 19.7765291141 
  4.512500e-01  -233.3278303230 19.7765277686 
  4.525000e-01  -233.3278303230 19.7765264354 
  4.537500e-01  -233.3278303230 19.7765251142 
  4.550000e-01  -233.3278303230 19.7765238052 
  4.562500e-01  -233.3278303230 19.7765225081 
  4.575000e-01  -233.3278303230 19.7765212230 
  4.587500e-01  -233.3278303230 19.7765199497 
  4.600000e-01  -233.3278303230 19.7765186881 
  4.612500e-01  -233.3278303230 19.7765174381 
  4.625000e-01  -233.3278303230 19.7765161998 
  4.637500e-01  -233.3278303230 19.7765149730 
  4.650000e-01  -233.3278303230 19.7765137576 
  4.662500e-01  -233.3278303230 19.7765125536 
  4.675000e-01  -233.3278303230 19.7765113608 
  4.687500e-01  -233.3278303230 19.7765101793 
  4.700000e-01  -233.3278303230 19.7765090088 
  4.712500e-01  -233.3278303230 19.7765078495 
  4.725000e-01  -233.3278303230 19.7765067011 
  4.737500e-01  -233.3278303230 19.7765055636 
  4.750000e-01  -233.3278303230 19.7765044369 
  4.762500e-01  -233.3278303230 19.7765033210 
  4.775000e-01  -233.3278303230 19.7765022158 
  4.787500e-01  -233.3278303230 19.7765011212 
  4.800000e-01  -233.3278303230 19.7765000372 
  4.812500e-01  -233.3278303230 19.7764989636 
  4.825000e-01  -233.3278303230 19.7764979004 
  4.837500e-01  -233.3278303230 19.7764968475 
  4.850000e-01  -233.3278303230 19.7764958049 
  4.862500e-01  -233.3278303230 19.7764947725 
  4.875000e-01  -233.3278303230 19.7764937502 
  4.887500e-01  -233.3278303230 19.7764927379 
  4.900000e-01  -233.3278303230 19.7764917356 
  4.912500e-01  -233.3278303230 19.7764907433 
  4.925000e-01  -233.3278303230 19.7764897607 
  4.937500e-01  -233.3278303230 19.7764887880 
  4.950000e-01  -233.3278303230 19.7764878249 
  4.962500e-01  -233.3278303230 19.7764868715 
  4.975000e-01  -233.3278303230 19.7764859277 
  4.987500e-01  -233.3278303230 19.7764849934 
  5.000000e-01  -233.3278303230 19.7764840685 
  5.012500e-01  -233.3278303230 19.7764831530 
  5.025000e-01  -233.3278303230 19.7764822469 
  5.037500e-01  -233.3278303230 19.7764813499 
  5.050000e-01  -233.3278303230 19.7764804622 
  5.062500e-01  -233.3278303230 19.7764795836 
  5.075000e-01  -233.3278303230 19.7764787140 
  5.087500e-01  -233.3278303230 19.7764778534 
  5.100000e-01  -233.3278303230 19.7764770018 
  5.112500e-01  -233.3278303230 19.7764761591 
  5.125000e-01  -233.3278303230 19.7764753251 
  5.137500e-01  -233.3278303230 19.7764744999 
  5.150000e-01  -233.3278303230 19.7764736834 
  5.162500e-01  -233.3278303230 19.7764728755 
  5.175000e-01  -233.3278303230 19.7764720762 
  5.187500e-01  -233.3278303230 19.7764712854 
  5.200000e-01  -233.3278303230 19.7764705030 
  5.212500e-01  -233.3278303230 19.7764697291 
  5.225000e-01  -233.3278303230 19.7764689634 
  5.237500e-01  -233.3278303230 19.7764682061 
  5.250000e-01  -233.3278303230 19.7764674569 
  5.262500e-01  -233.3278303230 19.7764667159 
  5.275000e-01  -233.3278303230 19.7764659830 
  5.287500e-01  -233.3278303230 19.7764652582 
  5.300000e-01  -233.3278303230 19.7764645413 
  5.312500e-01  -233.3278303230 19.7764638324 
  5.325000e-01  -233.3278303230 19.7764631313 
  5.337500e-01  -233.3278303230 19.7764624381 
  5.350000e-01  -233.3278303230 19.7764617526 
  5.362500e-01  -233.3278303230 19.7764610748 
  5.375000e-01  -233.3278303230 19.7764604047 
  5.387500e-01  -233.3278303230 19.7764597421 
  5.400000e-01  -233.3278303230 19.7764590871 
  5.412500e-01  -233.3278303230 19.7764584396 
  5.425000e-01  -233.3278303230 19.7764577996 
  5.437500e-01  -233.3278303230 19.7764571669 
  5.450000e-01  -233.3278303230 19.7764565416 
  5.462500e-01  -233.3278303230 19.7764559235 
  5.475000e-01  -233.3278303230 19.7764553127 
  5.487500e-01  -233.3278303230 19.7764547090 
  5.500000e-01  -233.3278303230 19.7764541125 
  5.512500e-01  -233.3278303230 19.7764535230 
  5.525000e-01  -233.3278303230 19.7764529406 
  5.537500e-01  -233.3278303230 19.7764523651 
  5.550000e-01  -233.3278303230 19.7764517966 
  5.562500e-01  -233.3278303230 19.7764512349 
  5.575000e-01  -233.3278303230 19.7764506800 
  5.587500e-01  -233.3278303230 19.7764501320 
  5.600000e-01  -233.3278303230 19.7764495906 
  5.612500e-01  -233.3278303230 19.7764490559 
  5.625000e-01  -233.3278303230 19.7764485279 
  5.637500e-01  -233.3278303230 19.7764480064 
  5.650000e-01  -233.3278303230 19.7764474915 
  5.662500e-01  -233.3278303230 19.7764469830 
  5.675000e-01  -233.3278303230 19.7764464810 
  5.687500e-01  -233.3278303230 19.7764459854 
  5.700000e-01  -233.3278303230 19.7764454961 
  5.712500e-01  -233.3278303230 19.7764450131 
  5.725000e-01  -233.3278303230 19.7764445364 
  5.737500e-01  -233.3278303230 19.7764440659 
  5.750000e-01  -233.3278303230 19.7764436015 
  5.762500e-01  -233.3278303230 19.7764431432 
  5.775000e-01  -233.3278303230 19.7764426911 
  5.787500e-01  -233.3278303230 19.7764422449 
  5.800000e-01  -233.3278303230 19.7764418047 
  5.812500e-01  -233.3278303230 19.7764413705 
  5.825000e-01  -233.3278303230 19.7764409422 
  5.837500e-01  -233.3278303230 19.7764405197 
  5.850000e-01  -233.3278303230 19.7764401030 
  5.862500e-01  -233.3278303230 19.7764396921 
  5.875000e-01  -233.3278303230 19.7764392869 
  5.887500e-01  -233.3278303230 19.7764388874 
  5.900000e-01  -233.3278303230 19.7764384935 
  5.912500e-01  -233.3278303230 19.7764381053 
  5.925000e-01  -233.3278303230 19.7764377226 
  5.937500e-01  -233.3278303230 19.7764373454 
  5.950000e-01  -233.3278303230 19.7764369736 
  5.962500e-01  -233.3278303230 19.7764366073 
  5.975000e-01  -233.3278303230 19.7764362464 
  5.987500e-01  -233.3278303230 19.7764358909 
  6.000000e-01  -233.3278303230 19.7764355406 
  6.012500e-01  -233.3278303230 19.7764351956 
  6.025000e-01  -233.3278303230 19.7764348559 
  6.037500e-01  -233.3278303230 19.7764345213 
  6.050000e-01  -233.3278303230 19.7764341919 
  6.062500e-01  -233.3278303230 19.7764338677 
  6.075000e-01  -233.3278303230 19.7764335484 
  6.087500e-01  -233.3278303230 19.7764332343 
  6.100000e-01  -233.3278303230 19.7764329251 
  6.112500e-01  -233.3278303230 19.7764326209 
  6.125000e-01  -233.3278303230 19.7764323216 
  6.137500e-01  -233.3278303230 19.7764320272 
  6.150000e-01  -233.3278303230 19.7764317377 
  6.162500e-01  -233.3278303230 19.7764314529 
  6.175000e-01  -233.3278303230 19.7764311730 
  6.187500e-01  -233.3278303230 19.7764308978 
  6.200000e-01  -233.3278303230 19.7764306273 
  6.212500e-01  -233.3278303230 19.7764303614 
  6.225000e-01  -233.3278303230 19.7764301002 
  6.237500e-01  -233.3278303230 19.7764298436 
  6.250000e-01  -233.3278303230 19.7764295916 
  6.262500e-01  -233.3278303230 19.7764293441 
  6.275000e-01  -233.3278303230 19.7764291010 
  6.287500e-01  -233.3278303230 19.7764288625 
  6.300000e-01  -233.3278303230 19.7764286283 
  6.312500e-01  -233.3278303230 19.7764283986 
  6.325000e-01  -233.3278303230 19.7764281732 
  6.337500e-01  -233.3278303230 19.7764279521 
  6.350000e-01  -233.3278303230 19.7764277353 
  6.362500e-01  -233.3278303230 19.7764275228 
  6.375000e-01  -233.3278303230 19.7764273144 
  6.387500e-01  -233.3278303230 19.7764271103 
  6.400000e-01  -233.3278303230 19.7764269104 
  6.412500e-01  -233.3278303230 19.7764267145 
  6.425000e-01  -233.3278303230 19.7764265228 
  6.437500e-01  -233.3278303230 19.7764263351 
  6.450000e-01  -233.3278303230 19.7764261514 
  6.462500e-01  -233.3278303230 19.7764259718 
  6.475000e-01  -233.3278303230 19.7764257961 
  6.487500e-01  -233.3278303230 19.7764256243 
  6.500000e-01  -233.3278303230 19.7764254565 
  6.512500e-01  -233.3278303230 19.7764252925 
  6.525000e-01  -233.3278303230 19.7764251323 
  6.537500e-01  -233.3278303230 19.7764249760 
  6.550000e-01  -233.3278303230 19.7764248235 
  6.562500e-01  -233.3278303230 19.7764246747 
  6.575000e-01  -233.3278303230 19.7764245296 
  6.587500e-01  -233.3278303230 19.7764243882 
  6.600000e-01  -233.3278303230 19.7764242505 
  6.612500e-01  -233.3278303230 19.7764241164 
  6.625000e-01  -233.3278303230 19.7764239860 
  6.637500e-01  -233.3278303230 19.7764238591 
  6.650000e-01  -233.3278303230 19.7764237357 
  6.662500e-01  -233.3278303230 19.7764236159 
  6.675000e-01  -233.3278303230 19.7764234996 
  6.687500e-01  -233.3278303230 19.7764233867 
  6.700000e-01  -233.3278303230 19.7764232772 
  6.712500e-01  -233.3278303230 19.7764231712 
  6.725000e-01  -233.3278303230 19.7764230686 
  6.737500e-01  -233.3278303230 19.7764229693 
  6.750000e-01  -233.3278303230 19.7764228733 
  6.762500e-01  -233.3278303230 19.7764227806 
  6.775000e-01  -233.3278303230 19.7764226912 
  6.787500e-01  -233.3278303230 19.7764226051 
  6.800000e-01  -233.3278303230 19.7764225221 
  6.812500e-01  -233.3278303230 19.7764224424 
  6.825000e-01  -233.3278303230 19.7764223658 
  6.837500e-01  -233.3278303230 19.7764222924 
  6.850000e-01  -233.3278303230 19.7764222221 
  6.862500e-01  -233.3278303230 19.7764221548 
  6.875000e-01  -233.3278303230 19.7764220907 
  6.887500e-01  -233.3278303230 19.7764220295 
  6.900000e-01  -233.3278303230 19.7764219714 
  6.912500e-01  -233.3278303230 19.7764219163 
  6.925000e-01  -233.3278303230 19.7764218641 
  6.937500e-01  -233.3278303230 19.7764218149 
  6.950000e-01  -233.3278303230 19.7764217686 
  6.962500e-01  -233.3278303230 19.7764217252 
  6.975000e-01  -233.3278303230 19.7764216847 
  6.987500e-01  -233.3278303230 19.7764216470 
  7.000000e-01  -233.3278303230 19.7764216121 
  7.012500e-01  -233.3278303230 19.7764215800 
  7.025000e-01  -233.3278303230 19.7764215507 
  7.037500e-01  -233.3278303230 19.7764215241 
  7.050000e-01  -233.3278303230 19.7764215002 
  7.062500e-01  -233.3278303230 19.7764214791 
  7.075000e-01  -233.3278303230 19.7764214606 
  7.087500e-01  -233.3278303230 19.7764214448 
  7.100000e-01  -233.3278303230 19.7764214317 
  7.112500e-01  -233.3278303230 19.7764214211 
  7.125000e-01  -233.3278303230 19.7764214131 
  7.137500e-01  -233.3278303230 19.7764214077 
  7.150000e-01  -233.3278303230 19.7764214049 
  7.162500e-01  -233.3278303230 19.7764214045 
  7.175000e-01  -233.3278303230 19.7764214067 
  7.187500e-01  -233.3278303230 19.7764214114 
  7.200000e-01  -233.3278303230 19.7764214185 
  7.212500e-01  -233.3278303230 19.7764214280 
  7.225000e-01  -233.3278303230 19.7764214400 
  7.237500e-01  -233.3278303230 19.7764214543 
  7.250000e-01  -233.3278303230 19.7764214711 
  7.262500e-01  -233.3278303230 19.7764214902 
  7.275000e-01  -233.3278303230 19.7764215116 
  7.287500e-01  -233.3278303230 19.7764215353 
  7.300000e-01  -233.3278303230 19.7764215614 
  7.312500e-01  -233.3278303230 19.7764215897 
  7.325000e-01  -233.3278303230 19.7764216202 
  7.337500e-01  -233.3278303230 19.7764216530 
  7.350000e-01  -233.3278303230 19.7764216880 
  7.362500e-01  -233.3278303230 19.7764217252 
  7.375000e-01  -233.3278303230 19.7764217646 
  7.387500e-01  -233.3278303230 19.7764218061 
  7.400000e-01  -233.3278303230 19.7764218498 
  7.412500e-01  -233.3278303230 19.7764218956 
  7.425000e-01  -233.3278303230 19.7764219435 
  7.437500e-01  -233.3278303230 19.7764219934 
  7.450000e-01  -233.3278303230 19.7764220454 
  7.462500e-01  -233.3278303230 19.7764220995 
  7.475000e-01  -233.3278303230 19.7764221556 
  7.487500e-01  -233.3278303230 19.7764222137 
  7.500000e-01  -233.3278303230 19.7764222738 
  7.512500e-01  -233.3278303230 19.7764223358 
  7.525000e-01  -233.3278303230 19.7764223998 
  7.537500e-01  -233.3278303230 19.7764224657 
  7.550000e-01  -233.3278303230 19.7764225336 
  7.562500e-01  -233.3278303230 19.7764226033 
  7.575000e-01  -233.3278303230 19.7764226750 
  7.587500e-01  -233.3278303230 19.7764227484 
  7.600000e-01  -233.3278303230 19.7764228238 
  7.612500e-01  -233.3278303230 19.7764229009 
  7.625000e-01  -233.3278303230 19.7764229799 
  7.637500e-01  -233.3278303230 19.7764230607 
  7.650000e-01  -233.3278303230 19.7764231432 
  7.662500e-01  -233.3278303230 19.7764232275 
  7.675000e-01  -233.3278303230 19.7764233136 
  7.687500e-01  -233.3278303230 19.7764234014 
  7.700000e-01  -233.3278303230 19.7764234909 
  7.712500e-01  -233.3278303230 19.7764235821 
  7.725000e-01  -233.3278303230 19.7764236750 
  7.737500e-01  -233.3278303230 19.7764237695 
  7.750000e-01  -233.3278303230 19.7764238657 
  7.762500e-01  -233.3278303230 19.7764239635 
  7.775000e-01  -233.3278303230 19.7764240629 
  7.787500e-01  -233.3278303230 19.7764241640 
  7.800000e-01  -233.3278303230 19.7764242666 
  7.812500e-01  -233.3278303230 19.7764243708 
  7.825000e-01  -233.3278303230 19.7764244765 
  7.837500e-01  -233.3278303230 19.7764245838 
  7.850000e-01  -233.3278303230 19.7764246926 
  7.862500e-01  -233.3278303230 19.7764248029 
  7.875000e-01  -233.3278303230 19.7764249148 
  7.887500e-01  -233.3278303230 19.7764250281 
  7.900000e-01  -233.3278303230 19.7764251428 
  7.912500e-01  -233.3278303230 19.7764252590 
  7.925000e-01  -233.3278303230 19.7764253767 
  7.937500e-01  -233.3278303230 19.7764254958 
  7.950000e-01  -233.3278303230 19.7764256163 
  7.962500e-01  -233.3278303230 19.7764257381 
  7.975000e-01  -233.3278303230 19.7764258614 
  7.987500e-01  -233.3278303230 19.7764259860 
  8.000000e-01  -233.3278303230 19.7764261120 
  8.012500e-01  -233.3278303230 19.7764262393 
  8.025000e-01  -233.3278303230 19.7764263680 
  8.037500e-01  -233.3278303230 19.7764264979 
  8.050000e-01  -233.3278303230 19.7764266292 
  8.062500e-01  -233.3278303230 19.7764267617 
  8.075000e-01  -233.3278303230 19.7764268955 
  8.087500e-01  -233.3278303230 19.7764270306 
  8.100000e-01  -233.3278303230 19.7764271669 
  8.112500e-01  -233.3278303230 19.7764273044 
  8.125000e-01  -233.3278303230 19.7764274432 
  8.137500e-01  -233.3278303230 19.7764275832 
  8.150000e-01  -233.3278303230 19.7764277243 
  8.162500e-01  -233.3278303230 19.7764278667 
  8.175000e-01  -233.3278303230 19.7764280102 
  8.187500e-01  -233.3278303230 19.7764281549 
  8.200000e-01  -233.3278303230 19.7764283007 
  8.212500e-01  -233.3278303230 19.7764284476 
  8.225000e-01  -233.3278303230 19.7764285957 
  8.237500e-01  -233.3278303230 19.7764287449 
  8.250000e-01  -233.3278303230 19.7764288951 
  8.262500e-01  -233.3278303230 19.7764290465 
  8.275000e-01  -233.3278303230 19.7764291989 
  8.287500e-01  -233.3278303230 19.7764293524 
  8.300000e-01  -233.3278303230 19.7764295069 
  8.312500e-01  -233.3278303230 19.7764296625 
  8.325000e-01  -233.3278303230 19.7764298191 
  8.337500e-01  -233.3278303230 19.7764299767 
  8.350000e-01  -233.3278303230 19.7764301353 
  8.362500e-01  -233.3278303230 19.7764302949 
  8.375000e-01  -233.3278303230 19.7764304555 
  8.387500e-01  -233.3278303230 19.7764306170 
  8.400000e-01  -233.3278303230 19.7764307795 
  8.412500e-01  -233.3278303230 19.7764309430 
  8.425000e-01  -233.3278303230 19.7764311074 
  8.437500e-01  -233.3278303230 19.7764312727 
  8.450000e-01  -233.3278303230 19.7764314389 
  8.462500e-01  -233.3278303230 19.7764316060 
  8.475000e-01  -233.3278303230 19.7764317740 
  8.487500e-01  -233.3278303230 19.7764319429 
  8.500000e-01  -233.3278303230 19.7764321127 
  8.512500e-01  -233.3278303230 19.7764322833 
  8.525000e-01  -233.3278303230 19.7764324548 
  8.537500e-01  -233.3278303230 19.7764326271 
  8.550000e-01  -233.3278303230 19.7764328003 
  8.562500e-01  -233.3278303230 19.7764329743 
  8.575000e-01  -233.3278303230 19.7764331491 
  8.587500e-01  -233.3278303230 19.7764333246 
  8.600000e-01  -233.3278303230 19.7764335010 
  8.612500e-01  -233.3278303230 19.7764336782 
  8.625000e-01  -233.3278303230 19.7764338561 
  8.637500e-01  -233.3278303230 19.7764340348 
  8.650000e-01  -233.3278303230 19.7764342142 
  8.662500e-01  -233.3278303230 19.7764343944 
  8.675000e-01  -233.3278303230 19.7764345753 
  8.687500e-01  -233.3278303230 19.7764347570 
  8.700000e-01  -233.3278303230 19.7764349393 
  8.712500e-01  -233.3278303230 19.7764351224 
  8.725000e-01  -233.3278303230 19.7764353061 
  8.737500e-01  -233.3278303230 19.7764354906 
  8.750000e-01  -233.3278303230 19.7764356757 
  8.762500e-01  -233.3278303230 19.7764358615 
  8.775000e-01  -233.3278303230 19.7764360479 
  8.787500e-01  -233.3278303230 19.7764362350 
  8.800000e-01  -233.3278303230 19.7764364228 
  8.812500e-01  -233.3278303230 19.7764366111 
  8.825000e-01  -233.3278303230 19.7764368001 
  8.837500e-01  -233.3278303230 19.7764369898 
  8.850000e-01  -233.3278303230 19.7764371800 
  8.862500e-01  -233.3278303230 19.7764373708 
  8.875000e-01  -233.3278303230 19.7764375622 
  8.887500e-01  -233.3278303230 19.7764377542 
  8.900000e-01  -233.3278303230 19.7764379468 
  8.912500e-01  -233.3278303230 19.7764381399 
  8.925000e-01  -233.3278303230 19.7764383336 
  8.937500e-01  -233.3278303230 19.7764385278 
  8.950000e-01  -233.3278303230 19.7764387226 
  8.962500e-01  -233.3278303230 19.7764389179 
  8.975000e-01  -233.3278303230 19.7764391137 
  8.987500e-01  -233.3278303230 19.7764393101 
  9.000000e-01  -233.3278303230 19.7764395069 
  9.012500e-01  -233.3278303230 19.7764397043 
  9.025000e-01  -233.3278303230 19.7764399022 
  9.037500e-01  -233.3278303230 19.7764401005 
  9.050000e-01  -233.3278303230 19.7764402993 
  9.062500e-01  -233.3278303230 19.7764404986 
  9.075000e-01  -233.3278303230 19.7764406984 
  9.087500e-01  -233.3278303230 19.7764408986 
  9.100000e-01  -233.3278303230 19.7764410992 
  9.112500e-01  -233.3278303230 19.7764413003 
  9.125000e-01  -233.3278303230 19.7764415019 
  9.137500e-01  -233.3278303230 19.7764417038 
  9.150000e-01  -233.3278303230 19.7764419062 
  9.162500e-01  -233.3278303230 19.7764421090 
  9.175000e-01  -233.3278303230 19.7764423122 
  9.187500e-01  -233.3278303230 19.7764425158 
  9.200000e-01  -233.3278303230 19.7764427198 
  9.212500e-01  -233.3278303230 19.7764429242 
  9.225000e-01  -233.3278303230 19.7764431289 
  9.237500e-01  -233.3278303230 19.7764433341 
  9.250000e-01  -233.3278303230 19.7764435396 
  9.262500e-01  -233.3278303230 19.7764437454 
  9.275000e-01  -233.3278303230 19.7764439516 
  9.287500e-01  -233.3278303230 19.7764441581 
  9.300000e-01  -233.3278303230 19.7764443650 
  9.312500e-01  -233.3278303230 19.7764445722 
  9.325000e-01  -233.3278303230 19.7764447798 
  9.337500e-01  -233.3278303230 19.7764449876 
  9.350000e-01  -233.3278303230 19.7764451958 
  9.362500e-01  -233.3278303230 19.7764454043 
  9.375000e-01  -233.3278303230 19.7764456130 
  9.387500e-01  -233.3278303230 19.7764458221 
  9.400000e-01  -233.3278303230 19.7764460315 
  9.412500e-01  -233.3278303230 19.7764462411 
  9.425000e-01  -233.3278303230 19.7764464510 
  9.437500e-01  -233.3278303230 19.7764466612 
  9.450000e-01  -233.3278303230 19.7764468716 
  9.462500e-01  -233.3278303230 19.7764470823 
  9.475000e-01  -233.3278303230 19.7764472933 
  9.487500e-01  -233.3278303230 19.7764475044 
  9.500000e-01  -233.3278303230 19.7764477159 
  9.512500e-01  -233.3278303230 19.7764479275 
  9.525000e-01  -233.3278303230 19.7764481394 
  9.537500e-01  -233.3278303230 19.7764483516 
  9.550000e-01  -233.3278303230 19.7764485639 
  9.562500e-01  -233.3278303230 19.7764487764 
  9.575000e-01  -233.3278303230 19.7764489892 
  9.587500e-01  -233.3278303230 19.7764492021 
  9.600000e-01  -233.3278303230 19.7764494153 
  9.612500e-01  -233.3278303230 19.7764496286 
  9.625000e-01  -233.3278303230 19.7764498421 
  9.637500e-01  -233.3278303230 19.7764500558 
  9.650000e-01  -233.3278303230 19.7764502697 
  9.662500e-01  -233.3278303230 19.7764504837 
  9.675000e-01  -233.3278303230 19.7764506979 
  9.687500e-01  -233.3278303230 19.7764509123 
  9.700000e-01  -233.3278303230 19.7764511268 
  9.712500e-01  -233.3278303230 19.7764513414 
  9.725000e-01  -233.3278303230 19.7764515562 
  9.737500e-01  -233.3278303230 19.7764517712 
  9.750000e-01  -233.3278303230 19.7764519862 
  9.762500e-01  -233.3278303230 19.7764522014 
  9.775000e-01  -233.3278303230 19.7764524168 
  9.787500e-01  -233.3278303230 19.7764526322 
  9.800000e-01  -233.3278303230 19.7764528477 
  9.812500e-01  -233.3278303230 19.7764530634 
  9.825000e-01  -233.3278303230 19.7764532792 
  9.837500e-01  -233.3278303230 19.7764534950 
  9.850000e-01  -233.3278303230 19.7764537110 
  9.862500e-01  -233.3278303230 19.7764539270 
  9.875000e-01  -233.3278303230 19.7764541431 
  9.887500e-01  -233.3278303230 19.7764543593 
  9.900000e-01  -233.3278303230 19.7764545756 
  9.912500e-01  -233.3278303230 19.7764547920 
  9.925000e-01  -233.3278303230 19.7764550084 
  9.937500e-01  -233.3278303230 19.7764552249 
  9.950000e-01  -233.3278303230 19.7764554414 
  9.962500e-01  -233.3278303230 19.7764556580 
  9.975000e-01  -233.3278303230 19.7764558747 
  9.987500e-01  -233.3278303230 19.7764560914 
  1.000000e+00  -233.3278303230 19.7764563081 
  1.001250e+00  -233.3278303230 19.7764565249 
  1.002500e+00  -233.3278303230 19.7764567417 
  1.003750e+00  -233.3278303230 19.7764569585 
  1.005000e+00  -233.3278303230 19.7764571753 
  1.006250e+00  -233.3278303230 19.7764573922 
  1.007500e+00  -233.3278303230 19.7764576091 
  1.008750e+00  -233.3278303230 19.7764578260 
  1.010000e+00  -233.3278303230 19.7764580429 
  1.011250e+00  -233.3278303230 19.7764582598 
  1.012500e+00  -233.3278303230 19.7764584767 
  1.013750e+00  -233.3278303230 19.7764586937 
  1.015000e+00  -233.3278303230 19.7764589106 
  1.016250e+00  -233.3278303230 19.7764591275 
  1.017500e+00  -233.3278303230 19.7764593443 
  1.018750e+00  -233.3278303230 19.7764595612 
  1.020000e+00  -233.3278303230 19.7764597780 
  1.021250e+00  -233.3278303230 19.7764599948 
  1.022500e+00  -233.3278303230 19.7764602116 
  1.023750e+00  -233.3278303230 19.7764604284 
  1.025000e+00  -233.3278303230 19.7764606451 
  1.026250e+00  -233.3278303230 19.7764608618 
  1.027500e+00  -233.3278303230 19.7764610784 
  1.028750e+00  -233.3278303230 19.7764612950 
  1.030000e+00  -233.3278303230 19.7764615115 
  1.031250e+00  -233.3278303230 19.7764617280 
  1.032500e+00  -233.3278303230 19.7764619444 
  1.033750e+00  -233.3278303230 19.7764621608 
  1.035000e+00  -233.3278303230 19.7764623771 
  1.036250e+00  -233.3278303230 19.7764625933 
  1.037500e+00  -233.3278303230 19.7764628094 
  1.038750e+00  -233.3278303230 19.7764630255 
  1.040000e+00  -233.3278303230 19.7764632415 
  1.041250e+00  -233.3278303230 19.7764634575 
  1.042500e+00  -233.3278303230 19.7764636733 
  1.043750e+00  -233.3278303230 19.7764638890 
  1.045000e+00  -233.3278303230 19.7764641047 
  1.046250e+00  -233.3278303230 19.7764643203 
  1.047500e+00  -233.3278303230 19.7764645358 
  1.048750e+00  -233.3278303230 19.7764647511 
  1.050000e+00  -233.3278303230 19.7764649664 
  1.051250e+00  -233.3278303230 19.7764651816 
  1.052500e+00  -233.3278303230 19.7764653966 
  1.053750e+00  -233.3278303230 19.7764656116 
  1.055000e+00  -233.3278303230 19.7764658264 
  1.056250e+00  -233.3278303230 19.7764660411 
  1.057500e+00  -233.3278303230 19.7764662557 
  1.058750e+00  -233.3278303230 19.7764664702 
  1.060000e+00  -233.3278303230 19.7764666846 
  1.061250e+00  -233.3278303230 19.7764668988 
  1.062500e+00  -233.3278303230 19.7764671129 
  1.063750e+00  -233.3278303230 19.7764673269 
  1.065000e+00  -233.3278303230 19.7764675407 
  1.066250e+00  -233.3278303230 19.7764677544 
  1.067500e+00  -233.3278303230 19.7764679679 
  1.068750e+00  -233.3278303230 19.7764681813 
  1.070000e+00  -233.3278303230 19.7764683946 
  1.071250e+00  -233.3278303230 19.7764686077 
  1.072500e+00  -233.3278303230 19.7764688206 
  1.073750e+00  -233.3278303230 19.7764690334 
  1.075000e+00  -233.3278303230 19.7764692461 
  1.076250e+00  -233.3278303230 19.7764694585 
  1.077500e+00  -233.3278303230 19.7764696709 
  1.078750e+00  -233.3278303230 19.7764698830 
  1.080000e+00  -233.3278303230 19.7764700950 
  1.081250e+00  -233.3278303230 19.7764703068 
  1.082500e+00  -233.3278303230 19.7764705185 
  1.083750e+00  -233.3278303230 19.7764707300 
  1.085000e+00  -233.3278303230 19.7764709413 
  1.086250e+00  -233.3278303230 19.7764711524 
  1.087500e+00  -233.3278303230 19.7764713633 
  1.088750e+00  -233.3278303230 19.7764715741 
  1.090000e+00  -233.3278303230 19.7764717846 
  1.091250e+00  -233.3278303230 19.7764719950 
  1.092500e+00  -233.3278303230 19.7764722052 
  1.093750e+00  -233.3278303230 19.7764724152 
  1.095000e+00  -233.3278303230 19.7764726250 
  1.096250e+00  -233.3278303230 19.7764728347 
  1.097500e+00  -233.3278303230 19.7764730441 
  1.098750e+00  -233.3278303230 19.7764732533 
  1.100000e+00  -233.3278303230 19.7764734623 
  1.101250e+00  -233.3278303230 19.7764736711 
  1.102500e+00  -233.3278303230 19.7764738797 
  1.103750e+00  -233.3278303230 19.7764740881 
  1.105000e+00  -233.3278303230 19.7764742963 
  1.106250e+00  -233.3278303230 19.7764745043 
  1.107500e+00  -233.3278303230 19.7764747120 
  1.108750e+00  -233.3278303230 19.7764749196 
  1.110000e+00  -233.3278303230 19.7764751269 
  1.111250e+00  -233.3278303230 19.7764753340 
  1.112500e+00  -233.3278303230 19.7764755409 
  1.113750e+00  -233.3278303230 19.7764757476 
  1.115000e+00  -233.3278303230 19.7764759540 
  1.116250e+00  -233.3278303230 19.7764761602 
  1.117500e+00  -233.3278303230 19.7764763662 
  1.118750e+00  -233.3278303230 19.7764765719 
  1.120000e+00  -233.3278303230 19.7764767775 
  1.121250e+00  -233.3278303230 19.7764769827 
  1.122500e+00  -233.3278303230 19.7764771878 
  1.123750e+00  -233.3278303230 19.7764773926 
  1.125000e+00  -233.3278303230 19.7764775972 
  1.126250e+00  -233.3278303230 19.7764778015 
  1.127500e+00  -233.3278303230 19.7764780056 
  1.128750e+00  -233.3278303230 19.7764782094 
  1.130000e+00  -233.3278303230 19.7764784130 
  1.131250e+00  -233.3278303230 19.7764786164 
  1.132500e+00  -233.3278303230 19.7764788195 
  1.133750e+00  -233.3278303230 19.7764790223 
  1.135000e+00  -233.3278303230 19.7764792249 
  1.136250e+00  -233.3278303230 19.7764794273 
  1.137500e+00  -233.3278303230 19.7764796294 
  1.138750e+00  -233.3278303230 19.7764798312 
  1.140000e+00  -233.3278303230 19.7764800328 
  1.141250e+00  -233.3278303230 19.7764802341 
  1.142500e+00  -233.3278303230 19.7764804351 
  1.143750e+00  -233.3278303230 19.7764806359 
  1.145000e+00  -233.3278303230 19.7764808365 
  1.146250e+00  -233.3278303230 19.7764810367 
  1.147500e+00  -233.3278303230 19.7764812367 
  1.148750e+00  -233.3278303230 19.7764814365 
  1.150000e+00  -233.3278303230 19.7764816359 
  1.151250e+00  -233.3278303230 19.7764818351 
  1.152500e+00  -233.3278303230 19.7764820340 
  1.153750e+00  -233.3278303230 19.7764822327 
  1.155000e+00  -233.3278303230 19.7764824311 
  1.156250e+00  -233.3278303230 19.7764826292 
  1.157500e+00  -233.3278303230 19.7764828270 
  1.158750e+00  -233.3278303230 19.7764830245 
  1.160000e+00  -233.3278303230 19.7764832218 
  1.161250e+00  -233.3278303230 19.7764834188 
  1.162500e+00  -233.3278303230 19.7764836155 
  1.163750e+00  -233.3278303230 19.7764838119 
  1.165000e+00  -233.3278303230 19.7764840080 
  1.166250e+00  -233.3278303230 19.7764842039 
  1.167500e+00  -233.3278303230 19.7764843995 
  1.168750e+00  -233.3278303230 19.7764845947 
  1.170000e+00  -233.3278303230 19.7764847897 
  1.171250e+00  -233.3278303230 19.7764849844 
  1.172500e+00  -233.3278303230 19.7764851788 
  1.173750e+00  -233.3278303230 19.7764853730 
  1.175000e+00  -233.3278303230 19.7764855668 
  1.176250e+00  -233.3278303230 19.7764857603 
  1.177500e+00  -233.3278303230 19.7764859536 
  1.178750e+00  -233.3278303230 19.7764861465 
  1.180000e+00  -233.3278303230 19.7764863391 
  1.181250e+00  -233.3278303230 19.7764865315 
  1.182500e+00  -233.3278303230 19.7764867235 
  1.183750e+00  -233.3278303230 19.7764869153 
  1.185000e+00  -233.3278303230 19.7764871067 
  1.186250e+00  -233.3278303230 19.7764872979 
  1.187500e+00  -233.3278303230 19.7764874887 
  1.188750e+00  -233.3278303230 19.7764876793 
  1.190000e+00  -233.3278303230 19.7764878695 
  1.191250e+00  -233.3278303230 19.7764880595 
  1.192500e+00  -233.3278303230 19.7764882491 
  1.193750e+00  -233.3278303230 19.7764884384 
  1.195000e+00  -233.3278303230 19.7764886274 
  1.196250e+00  -233.3278303230 19.7764888162 
  1.197500e+00  -233.3278303230 19.7764890046 
  1.198750e+00  -233.3278303230 19.7764891926 
  1.200000e+00  -233.3278303230 19.7764893804 
  1.201250e+00  -233.3278303230 19.7764895679 
  1.202500e+00  -233.3278303230 19.7764897551 
  1.203750e+00  -233.3278303230 19.7764899419 
  1.205000e+00  -233.3278303230 19.7764901284 
  1.206250e+00  -233.3278303230 19.7764903146 
  1.207500e+00  -233.3278303230 19.7764905006 
  1.208750e+00  -233.3278303230 19.7764906861 
  1.210000e+00  -233.3278303230 19.7764908714 
  1.211250e+00  -233.3278303230 19.7764910564 
  1.212500e+00  -233.3278303230 19.7764912410 
  1.213750e+00  -233.3278303230 19.7764914253 
  1.215000e+00  -233.3278303230 19.7764916093 
  1.216250e+00  -233.3278303230 19.7764917930 
  1.217500e+00  -233.3278303230 19.7764919764 
  1.218750e+00  -233.3278303230 19.7764921594 
  1.220000e+00  -233.3278303230 19.7764923421 
  1.221250e+00  -233.3278303230 19.7764925245 
  1.222500e+00  -233.3278303230 19.7764927066 
  1.223750e+00  -233.3278303230 19.7764928883 
  1.225000e+00  -233.3278303230 19.7764930698 
  1.226250e+00  -233.3278303230 19.7764932509 
  1.227500e+00  -233.3278303230 19.7764934317 
  1.228750e+00  -233.3278303230 19.7764936121 
  1.230000e+00  -233.3278303230 19.7764937922 
  1.231250e+00  -233.3278303230 19.7764939720 
  1.232500e+00  -233.3278303230 19.7764941515 
  1.233750e+00  -233.3278303230 19.7764943307 
  1.235000e+00  -233.3278303230 19.7764945095 
  1.236250e+00  -233.3278303230 19.7764946880 
  1.237500e+00  -233.3278303230 19.7764948661 
  1.238750e+00  -233.3278303230 19.7764950440 
  1.240000e+00  -233.3278303230 19.7764952215 
  1.241250e+00  -233.3278303230 19.7764953987 
  1.242500e+00  -233.3278303230 19.7764955755 
  1.243750e+00  -233.3278303230 19.7764957520 
  1.245000e+00  -233.3278303230 19.7764959282 
  1.246250e+00  -233.3278303230 19.7764961041 
  1.247500e+00  -233.3278303230 19.7764962796 
  1.248750e+00  -233.3278303230 19.7764964548 
  1.250000e+00  -233.3278303230 19.7764966296 
  1.251250e+00  -233.3278303230 19.7764968042 
  1.252500e+00  -233.3278303230 19.7764969784 
  1.253750e+00  -233.3278303230 19.7764971522 
  1.255000e+00  -233.3278303230 19.7764973257 
  1.256250e+00  -233.3278303230 19.7764974989 
  1.257500e+00  -233.3278303230 19.7764976718 
  1.258750e+00  -233.3278303230 19.7764978443 
  1.260000e+00  -233.3278303230 19.7764980165 
  1.261250e+00  -233.3278303230 19.7764981883 
  1.262500e+00  -233.3278303230 19.7764983599 
  1.263750e+00  -233.3278303230 19.7764985310 
  1.265000e+00  -233.3278303230 19.7764987019 
  1.266250e+00  -233.3278303230 19.7764988724 
  1.267500e+00  -233.3278303230 19.7764990426 
  1.268750e+00  -233.3278303230 19.7764992124 
  1.270000e+00  -233.3278303230 19.7764993819 
  1.271250e+00  -233.3278303230 19.7764995510 
  1.272500e+00  -233.3278303230 19.7764997199 
  1.273750e+00  -233.3278303230 19.7764998884 
  1.275000e+00  -233.3278303230 19.7765000565 
  1.276250e+00  -233.3278303230 19.7765002243 
  1.277500e+00  -233.3278303230 19.7765003918 
  1.278750e+00  -233.3278303230 19.7765005589 
  1.280000e+00  -233.3278303230 19.7765007257 
  1.281250e+00  -233.3278303230 19.7765008922 
  1.282500e+00  -233.3278303230 19.7765010583 
  1.283750e+00  -233.3278303230 19.7765012241 
  1.285000e+00  -233.3278303230 19.7765013895 
  1.286250e+00  -233.3278303230 19.7765015546 
  1.287500e+00  -233.3278303230 19.7765017194 
  1.288750e+00  -233.3278303230 19.7765018838 
  1.290000e+00  -233.3278303230 19.7765020479 
  1.291250e+00  -233.3278303230 19.7765022116 
  1.292500e+00  -233.3278303230 19.7765023750 
  1.293750e+00  -233.3278303230 19.7765025381 
  1.295000e+00  -233.3278303230 19.7765027008 
  1.296250e+00  -233.3278303230 19.7765028632 
  1.297500e+00  -233.3278303230 19.7765030252 
  1.298750e+00  -233.3278303230 19.7765031869 
  1.300000e+00  -233.3278303230 19.7765033483 
  1.301250e+00  -233.3278303230 19.7765035093 
  1.302500e+00  -233.3278303230 19.7765036700 
  1.303750e+00  -233.3278303230 19.7765038303 
  1.305000e+00  -233.3278303230 19.7765039903 
  1.306250e+00  -233.3278303230 19.7765041500 
  1.307500e+00  -233.3278303230 19.7765043093 
  1.308750e+00  -233.3278303230 19.7765044683 
  1.310000e+00  -233.3278303230 19.7765046269 
  1.311250e+00  -233.3278303230 19.7765047852 
  1.312500e+00  -233.3278303230 19.7765049432 
  1.313750e+00  -233.3278303230 19.7765051008 
  1.315000e+00  -233.3278303230 19.7765052581 
  1.316250e+00  -233.3278303230 19.7765054150 
  1.317500e+00  -233.3278303230 19.7765055716 
  1.318750e+00  -233.3278303230 19.7765057279 
  1.320000e+00  -233.3278303230 19.7765058838 
  1.321250e+00  -233.3278303230 19.7765060394 
  1.322500e+00  -233.3278303230 19.7765061946 
  1.323750e+00  -233.3278303230 19.7765063495 
  1.325000e+00  -233.3278303230 19.7765065041 
  1.326250e+00  -233.3278303230 19.7765066583 
  1.327500e+00  -233.3278303230 19.7765068122 
  1.328750e+00  -233.3278303230 19.7765069658 
  1.330000e+00  -233.3278303230 19.7765071190 
  1.331250e+00  -233.3278303230 19.7765072718 
  1.332500e+00  -233.3278303230 19.7765074243 
  1.333750e+00  -233.3278303230 19.7765075765 
  1.335000e+00  -233.3278303230 19.7765077284 
  1.336250e+00  -233.3278303230 19.7765078799 
  1.337500e+00  -233.3278303230 19.7765080311 
  1.338750e+00  -233.3278303230 19.7765081819 
  1.340000e+00  -233.3278303230 19.7765083324 
  1.341250e+00  -233.3278303230 19.7765084825 
  1.342500e+00  -233.3278303230 19.7765086324 
  1.343750e+00  -233.3278303230 19.7765087818 
  1.345000e+00  -233.3278303230 19.7765089310 
  1.346250e+00  -233.3278303230 19.7765090798 
  1.347500e+00  -233.3278303230 19.7765092282 
  1.348750e+00  -233.3278303230 19.7765093764 
  1.350000e+00  -233.3278303230 19.7765095242 
  1.351250e+00  -233.3278303230 19.7765096716 
  1.352500e+00  -233.3278303230 19.7765098187 
  1.353750e+00  -233.3278303230 19.7765099655 
  1.355000e+00  -233.3278303230 19.7765101120 
  1.356250e+00  -233.3278303230 19.7765102581 
  1.357500e+00  -233.3278303230 19.7765104039 
  1.358750e+00  -233.3278303230 19.7765105493 
  1.360000e+00  -233.3278303230 19.7765106944 
  1.361250e+00  -233.3278303230 19.7765108392 
  1.362500e+00  -233.3278303230 19.7765109836 
  1.363750e+00  -233.3278303230 19.7765111277 
  1.365000e+00  -233.3278303230 19.7765112715 
  1.366250e+00  -233.3278303230 19.7765114149 
  1.367500e+00  -233.3278303230 19.7765115580 
  1.368750e+00  -233.3278303230 19.7765117007 
  1.370000e+00  -233.3278303230 19.7765118432 
  1.371250e+00  -233.3278303230 19.7765119853 
  1.372500e+00  -233.3278303230 19.7765121270 
  1.373750e+00  -233.3278303230 19.7765122684 
  1.375000e+00  -233.3278303230 19.7765124095 
  1.376250e+00  -233.3278303230 19.7765125503 
  1.377500e+00  -233.3278303230 19.7765126907 
  1.378750e+00  -233.3278303230 19.7765128308 
  1.380000e+00  -233.3278303230 19.7765129706 
  1.381250e+00  -233.3278303230 19.7765131100 
  1.382500e+00  -233.3278303230 19.7765132491 
  1.383750e+00  -233.3278303230 19.7765133879 
  1.385000e+00  -233.3278303230 19.7765135264 
  1.386250e+00  -233.3278303230 19.7765136645 
  1.387500e+00  -233.3278303230 19.7765138023 
  1.388750e+00  -233.3278303230 19.7765139397 
  1.390000e+00  -233.3278303230 19.7765140768 
  1.391250e+00  -233.3278303230 19.7765142136 
  1.392500e+00  -233.3278303230 19.7765143501 
  1.393750e+00  -233.3278303230 19.7765144862 
  1.395000e+00  -233.3278303230 19.7765146221 
  1.396250e+00  -233.3278303230 19.7765147575 
  1.397500e+00  -233.3278303230 19.7765148927 
  1.398750e+00  -233.3278303230 19.7765150275 
  1.400000e+00  -233.3278303230 19.7765151620 
  1.401250e+00  -233.3278303230 19.7765152962 
  1.402500e+00  -233.3278303230 19.7765154301 
  1.403750e+00  -233.3278303230 19.7765155636 
  1.405000e+00  -233.3278303230 19.7765156968 
  1.406250e+00  -233.3278303230 19.7765158297 
  1.407500e+00  -233.3278303230 19.7765159622 
  1.408750e+00  -233.3278303230 19.7765160944 
  1.410000e+00  -233.3278303230 19.7765162264 
  1.411250e+00  -233.3278303230 19.7765163579 
  1.412500e+00  -233.3278303230 19.7765164892 
  1.413750e+00  -233.3278303230 19.7765166201 
  1.415000e+00  -233.3278303230 19.7765167507 
  1.416250e+00  -233.3278303230 19.7765168810 
  1.417500e+00  -233.3278303230 19.7765170110 
  1.418750e+00  -233.3278303230 19.7765171406 
  1.420000e+00  -233.3278303230 19.7765172700 
  1.421250e+00  -233.3278303230 19.7765173990 
  1.422500e+00  -233.3278303230 19.7765175277 
  1.423750e+00  -233.3278303230 19.7765176560 
  1.425000e+00  -233.3278303230 19.7765177841 
  1.426250e+00  -233.3278303230 19.7765179118 
  1.427500e+00  -233.3278303230 19.7765180392 
  1.428750e+00  -233.3278303230 19.7765181663 
  1.430000e+00  -233.3278303230 19.7765182931 
  1.431250e+00  -233.3278303230 19.7765184196 
  1.432500e+00  -233.3278303230 19.7765185457 
  1.433750e+00  -233.3278303230 19.7765186715 
  1.435000e+00  -233.3278303230 19.7765187970 
  1.436250e+00  -233.3278303230 19.7765189222 
  1.437500e+00  -233.3278303230 19.7765190471 
  1.438750e+00  -233.3278303230 19.7765191717 
  1.440000e+00  -233.3278303230 19.7765192959 
  1.441250e+00  -233.3278303230 19.7765194198 
  1.442500e+00  -233.3278303230 19.7765195435 
  1.443750e+00  -233.3278303230 19.7765196668 
  1.445000e+00  -233.3278303230 19.7765197898 
  1.446250e+00  -233.3278303230 19.7765199125 
  1.447500e+00  -233.3278303230 19.7765200348 
  1.448750e+00  -233.3278303230 19.7765201569 
  1.450000e+00  -233.3278303230 19.7765202786 
  1.451250e+00  -233.3278303230 19.7765204001 
  1.452500e+00  -233.3278303230 19.7765205212 
  1.453750e+00  -233.3278303230 19.7765206420 
  1.455000e+00  -233.3278303230 19.7765207625 
  1.456250e+00  -233.3278303230 19.7765208827 
  1.457500e+00  -233.3278303230 19.7765210026 
  1.458750e+00  -233.3278303230 19.7765211222 
  1.460000e+00  -233.3278303230 19.7765212415 
  1.461250e+00  -233.3278303230 19.7765213605 
  1.462500e+00  -233.3278303230 19.7765214791 
  1.463750e+00  -233.3278303230 19.7765215975 
  1.465000e+00  -233.3278303230 19.7765217155 
  1.466250e+00  -233.3278303230 19.7765218333 
  1.467500e+00  -233.3278303230 19.7765219507 
  1.468750e+00  -233.3278303230 19.7765220679 
  1.470000e+00  -233.3278303230 19.7765221847 
  1.471250e+00  -233.3278303230 19.7765223012 
  1.472500e+00  -233.3278303230 19.7765224175 
  1.473750e+00  -233.3278303230 19.7765225334 
  1.475000e+00  -233.3278303230 19.7765226490 
  1.476250e+00  -233.3278303230 19.7765227644 
  1.477500e+00  -233.3278303230 19.7765228794 
  1.478750e+00  -233.3278303230 19.7765229941 
  1.480000e+00  -233.3278303230 19.7765231085 
  1.481250e+00  -233.3278303230 19.7765232227 
  1.482500e+00  -233.3278303230 19.7765233365 
  1.483750e+00  -233.3278303230 19.7765234500 
  1.485000e+00  -233.3278303230 19.7765235632 
  1.486250e+00  -233.3278303230 19.7765236762 
  1.487500e+00  -233.3278303230 19.7765237888 
  1.488750e+00  -233.3278303230 19.7765239011 
  1.490000e+00  -233.3278303230 19.7765240132 
  1.491250e+00  -233.3278303230 19.7765241249 
  1.492500e+00  -233.3278303230 19.7765242364 
  1.493750e+00  -233.3278303230 19.7765243475 
  1.495000e+00  -233.3278303230 19.7765244584 
  1.496250e+00  -233.3278303230 19.7765245690 
  1.497500e+00  -233.3278303230 19.7765246793 
  1.498750e+00  -233.3278303230 19.7765247892 
  1.500000e+00  -233.3278303230 19.7765248989 
  1.501250e+00  -233.3278303230 19.7765250083 
  1.502500e+00  -233.3278303230 19.7765251174 
  1.503750e+00  -233.3278303230 19.7765252263 
  1.505000e+00  -233.3278303230 19.7765253348 
  1.506250e+00  -233.3278303230 19.7765254430 
  1.507500e+00  -233.3278303230 19.7765255510 
  1.508750e+00  -233.3278303230 19.7765256586 
  1.510000e+00  -233.3278303230 19.7765257660 
  1.511250e+00  -233.3278303230 19.7765258731 
  1.512500e+00  -233.3278303230 19.7765259799 
  1.513750e+00  -233.3278303230 19.7765260864 
  1.515000e+00  -233.3278303230 19.7765261927 
  1.516250e+00  -233.3278303230 19.7765262986 
  1.517500e+00  -233.3278303230 19.7765264043 
  1.518750e+00  -233.3278303230 19.7765265096 
  1.520000e+00  -233.3278303230 19.7765266147 
  1.521250e+00  -233.3278303230 19.7765267195 
  1.522500e+00  -233.3278303230 19.7765268240 
  1.523750e+00  -233.3278303230 19.7765269283 
  1.525000e+00  -233.3278303230 19.7765270322 
  1.526250e+00  -233.3278303230 19.7765271359 
  1.527500e+00  -233.3278303230 19.7765272393 
  1.528750e+00  -233.3278303230 19.7765273424 
  1.530000e+00  -233.3278303230 19.7765274453 
  1.531250e+00  -233.3278303230 19.7765275478 
  1.532500e+00  -233.3278303230 19.7765276501 
  1.533750e+00  -233.3278303230 19.7765277521 
  1.535000e+00  -233.3278303230 19.7765278538 
  1.536250e+00  -233.3278303230 19.7765279553 
  1.537500e+00  -233.3278303230 19.7765280565 
  1.538750e+00  -233.3278303230 19.7765281574 
  1.540000e+00  -233.3278303230 19.7765282580 
  1.541250e+00  -233.3278303230 19.7765283583 
  1.542500e+00  -233.3278303230 19.7765284584 
  1.543750e+00  -233.3278303230 19.7765285582 
  1.545000e+00  -233.3278303230 19.7765286577 
  1.546250e+00  -233.3278303230 19.7765287570 
  1.547500e+00  -233.3278303230 19.7765288559 
  1.548750e+00  -233.3278303230 19.7765289546 
  1.550000e+00  -233.3278303230 19.7765290531 
  1.551250e+00  -233.3278303230 19.7765291512 
  1.552500e+00  -233.3278303230 19.7765292491 
  1.553750e+00  -233.3278303230 19.7765293468 
  1.555000e+00  -233.3278303230 19.7765294441 
  1.556250e+00  -233.3278303230 19.7765295412 
  1.557500e+00  -233.3278303230 19.7765296380 
  1.558750e+00  -233.3278303230 19.7765297346 
  1.560000e+00  -233.3278303230 19.7765298309 
  1.561250e+00  -233.3278303230 19.7765299269 
  1.562500e+00  -233.3278303230 19.7765300226 
  1.563750e+00  -233.3278303230 19.7765301181 
  1.565000e+00  -233.3278303230 19.7765302133 
  1.566250e+00  -233.3278303230 19.7765303083 
  1.567500e+00  -233.3278303230 19.7765304030 
  1.568750e+00  -233.3278303230 19.7765304974 
  1.570000e+00  -233.3278303230 19.7765305916 
  1.571250e+00  -233.3278303230 19.7765306855 
  1.572500e+00  -233.3278303230 19.7765307791 
  1.573750e+00  -233.3278303230 19.7765308725 
  1.575000e+00  -233.3278303230 19.7765309656 
  1.576250e+00  -233.3278303230 19.7765310585 
  1.577500e+00  -233.3278303230 19.7765311511 
  1.578750e+00  -233.3278303230 19.7765312434 
  1.580000e+00  -233.3278303230 19.7765313355 
  1.581250e+00  -233.3278303230 19.7765314274 
  1.582500e+00  -233.3278303230 19.7765315189 
  1.583750e+00  -233.3278303230 19.7765316102 
  1.585000e+00  -233.3278303230 19.7765317013 
  1.586250e+00  -233.3278303230 19.7765317921 
  1.587500e+00  -233.3278303230 19.7765318826 
  1.588750e+00  -233.3278303230 19.7765319729 
  1.590000e+00  -233.3278303230 19.7765320630 
  1.591250e+00  -233.3278303230 19.7765321528 
  1.592500e+00  -233.3278303230 19.7765322423 
  1.593750e+00  -233.3278303230 19.7765323316 
  1.595000e+00  -233.3278303230 19.7765324206 
  1.596250e+00  -233.3278303230 19.7765325094 
  1.597500e+00  -233.3278303230 19.7765325979 
  1.598750e+00  -233.3278303230 19.7765326862 
  1.600000e+00  -233.3278303230 19.7765327742 
  1.601250e+00  -233.3278303230 19.7765328620 
  1.602500e+00  -233.3278303230 19.7765329495 
  1.603750e+00  -233.3278303230 19.7765330368 
  1.605000e+00  -233.3278303230 19.7765331238 
  1.606250e+00  -233.3278303230 19.7765332106 
  1.607500e+00  -233.3278303230 19.7765332971 
  1.608750e+00  -233.3278303230 19.7765333834 
  1.610000e+00  -233.3278303230 19.7765334695 
  1.611250e+00  -233.3278303230 19.7765335553 
  1.612500e+00  -233.3278303230 19.7765336409 
  1.613750e+00  -233.3278303230 19.7765337262 
  1.615000e+00  -233.3278303230 19.7765338112 
  1.616250e+00  -233.3278303230 19.7765338961 
  1.617500e+00  -233.3278303230 19.7765339807 
  1.618750e+00  -233.3278303230 19.7765340650 
  1.620000e+00  -233.3278303230 19.7765341491 
  1.621250e+00  -233.3278303230 19.7765342330 
  1.622500e+00  -233.3278303230 19.7765343166 
  1.623750e+00  -233.3278303230 19.7765344000 
  1.625000e+00  -233.3278303230 19.7765344831 
  1.626250e+00  -233.3278303230 19.7765345660 
  1.627500e+00  -233.3278303230 19.7765346487 
  1.628750e+00  -233.3278303230 19.7765347311 
  1.630000e+00  -233.3278303230 19.7765348133 
  1.631250e+00  -233.3278303230 19.7765348953 
  1.632500e+00  -233.3278303230 19.7765349770 
  1.633750e+00  -233.3278303230 19.7765350585 
  1.635000e+00  -233.3278303230 19.7765351397 
  1.636250e+00  -233.3278303230 19.7765352208 
  1.637500e+00  -233.3278303230 19.7765353015 
  1.638750e+00  -233.3278303230 19.7765353821 
  1.640000e+00  -233.3278303230 19.7765354624 
  1.641250e+00  -233.3278303230 19.7765355425 
  1.642500e+00  -233.3278303230 19.7765356224 
  1.643750e+00  -233.3278303230 19.7765357020 
  1.645000e+00  -233.3278303230 19.7765357814 
  1.646250e+00  -233.3278303230 19.7765358606 
  1.647500e+00  -233.3278303230 19.7765359395 
  1.648750e+00  -233.3278303230 19.7765360182 
  1.650000e+00  -233.3278303230 19.7765360967 
  1.651250e+00  -233.3278303230 19.7765361749 
  1.652500e+00  -233.3278303230 19.7765362530 
  1.653750e+00  -233.3278303230 19.7765363308 
  1.655000e+00  -233.3278303230 19.7765364083 
  1.656250e+00  -233.3278303230 19.7765364857 
  1.657500e+00  -233.3278303230 19.7765365628 
  1.658750e+00  -233.3278303230 19.7765366397 
  1.660000e+00  -233.3278303230 19.7765367164 
  1.661250e+00  -233.3278303230 19.7765367928 
  1.662500e+00  -233.3278303230 19.7765368691 
  1.663750e+00  -233.3278303230 19.7765369451 
  1.665000e+00  -233.3278303230 19.7765370208 
  1.666250e+00  -233.3278303230 19.7765370964 
  1.667500e+00  -233.3278303230 19.7765371717 
  1.668750e+00  -233.3278303230 19.7765372469 
  1.670000e+00  -233.3278303230 19.7765373218 
  1.671250e+00  -233.3278303230 19.7765373965 
  1.672500e+00  -233.3278303230 19.7765374709 
  1.673750e+00  -233.3278303230 19.7765375452 
  1.675000e+00  -233.3278303230 19.7765376192 
  1.676250e+00  -233.3278303230 19.7765376930 
  1.677500e+00  -233.3278303230 19.7765377666 
  1.678750e+00  -233.3278303230 19.7765378400 
  1.680000e+00  -233.3278303230 19.7765379131 
  1.681250e+00  -233.3278303230 19.7765379861 
  1.682500e+00  -233.3278303230 19.7765380588 
  1.683750e+00  -233.3278303230 19.7765381313 
  1.685000e+00  -233.3278303230 19.7765382036 
  1.686250e+00  -233.3278303230 19.7765382757 
  1.687500e+00  -233.3278303230 19.7765383476 
  1.688750e+00  -233.3278303230 19.7765384193 
  1.690000e+00  -233.3278303230 19.7765384908 
  1.691250e+00  -233.3278303230 19.7765385620 
  1.692500e+00  -233.3278303230 19.7765386330 
  1.693750e+00  -233.3278303230 19.7765387039 
  1.695000e+00  -233.3278303230 19.7765387745 
  1.696250e+00  -233.3278303230 19.7765388449 
  1.697500e+00  -233.3278303230 19.7765389151 
  1.698750e+00  -233.3278303230 19.7765389851 
  1.700000e+00  -233.3278303230 19.7765390549 
  1.701250e+00  -233.3278303230 19.7765391245 
  1.702500e+00  -233.3278303230 19.7765391938 
  1.703750e+00  -233.3278303230 19.7765392630 
  1.705000e+00  -233.3278303230 19.7765393320 
  1.706250e+00  -233.3278303230 19.7765394007 
  1.707500e+00  -233.3278303230 19.7765394693 
  1.708750e+00  -233.3278303230 19.7765395376 
  1.710000e+00  -233.3278303230 19.7765396058 
  1.711250e+00  -233.3278303230 19.7765396737 
  1.712500e+00  -233.3278303230 19.7765397415 
  1.713750e+00  -233.3278303230 19.7765398090 
  1.715000e+00  -233.3278303230 19.7765398763 
  1.716250e+00  -233.3278303230 19.7765399435 
  1.717500e+00  -233.3278303230 19.7765400104 
  1.718750e+00  -233.3278303230 19.7765400772 
  1.720000e+00  -233.3278303230 19.7765401437 
  1.721250e+00  -233.3278303230 19.7765402100 
  1.722500e+00  -233.3278303230 19.7765402762 
  1.723750e+00  -233.3278303230 19.7765403421 
  1.725000e+00  -233.3278303230 19.7765404079 
  1.726250e+00  -233.3278303230 19.7765404734 
  1.727500e+00  -233.3278303230 19.7765405388 
  1.728750e+00  -233.3278303230 19.7765406039 
  1.730000e+00  -233.3278303230 19.7765406689 
  1.731250e+00  -233.3278303230 19.7765407337 
  1.732500e+00  -233.3278303230 19.7765407983 
  1.733750e+00  -233.3278303230 19.7765408626 
  1.735000e+00  -233.3278303230 19.7765409268 
  1.736250e+00  -233.3278303230 19.7765409908 
  1.737500e+00  -233.3278303230 19.7765410546 
  1.738750e+00  -233.3278303230 19.7765411183 
  1.740000e+00  -233.3278303230 19.7765411817 
  1.741250e+00  -233.3278303230 19.7765412449 
  1.742500e+00  -233.3278303230 19.7765413080 
  1.743750e+00  -233.3278303230 19.7765413708 
  1.745000e+00  -233.3278303230 19.7765414335 
  1.746250e+00  -233.3278303230 19.7765414959 
  1.747500e+00  -233.3278303230 19.7765415582 
  1.748750e+00  -233.3278303230 19.7765416203 
  1.750000e+00  -233.3278303230 19.7765416822 
  1.751250e+00  -233.3278303230 19.7765417440 
  1.752500e+00  -233.3278303230 19.7765418055 
  1.753750e+00  -233.3278303230 19.7765418669 
  1.755000e+00  -233.3278303230 19.7765419280 
  1.756250e+00  -233.3278303230 19.7765419890 
  1.757500e+00  -233.3278303230 19.7765420498 
  1.758750e+00  -233.3278303230 19.7765421104 
  1.760000e+00  -233.3278303230 19.7765421709 
  1.761250e+00  -233.3278303230 19.7765422311 
  1.762500e+00  -233.3278303230 19.7765422912 
  1.763750e+00  -233.3278303230 19.7765423511 
  1.765000e+00  -233.3278303230 19.7765424108 
  1.766250e+00  -233.3278303230 19.7765424703 
  1.767500e+00  -233.3278303230 19.7765425297 
  1.768750e+00  -233.3278303230 19.7765425888 
  1.770000e+00  -233.3278303230 19.7765426478 
  1.771250e+00  -233.3278303230 19.7765427066 
  1.772500e+00  -233.3278303230 19.7765427652 
  1.773750e+00  -233.3278303230 19.7765428237 
  1.775000e+00  -233.3278303230 19.7765428820 
  1.776250e+00  -233.3278303230 19.7765429400 
  1.777500e+00  -233.3278303230 19.7765429980 
  1.778750e+00  -233.3278303230 19.7765430557 
  1.780000e+00  -233.3278303230 19.7765431133 
  1.781250e+00  -233.3278303230 19.7765431707 
  1.782500e+00  -233.3278303230 19.7765432279 
  1.783750e+00  -233.3278303230 19.7765432849 
  1.785000e+00  -233.3278303230 19.7765433418 
  1.786250e+00  -233.3278303230 19.7765433985 
  1.787500e+00  -233.3278303230 19.7765434550 
  1.788750e+00  -233.3278303230 19.7765435113 
  1.790000e+00  -233.3278303230 19.7765435675 
  1.791250e+00  -233.3278303230 19.7765436235 
  1.792500e+00  -233.3278303230 19.7765436794 
  1.793750e+00  -233.3278303230 19.7765437350 
  1.795000e+00  -233.3278303230 19.7765437905 
  1.796250e+00  -233.3278303230 19.7765438458 
  1.797500e+00  -233.3278303230 19.7765439010 
  1.798750e+00  -233.3278303230 19.7765439560 
  1.800000e+00  -233.3278303230 19.7765440108 
  1.801250e+00  -233.3278303230 19.7765440655 
  1.802500e+00  -233.3278303230 19.7765441199 
  1.803750e+00  -233.3278303230 19.7765441742 
  1.805000e+00  -233.3278303230 19.7765442284 
  1.806250e+00  -233.3278303230 19.7765442824 
  1.807500e+00  -233.3278303230 19.7765443362 
  1.808750e+00  -233.3278303230 19.7765443898 
  1.810000e+00  -233.3278303230 19.7765444433 
  1.811250e+00  -233.3278303230 19.7765444967 
  1.812500e+00  -233.3278303230 19.7765445498 
  1.813750e+00  -233.3278303230 19.7765446028 
  1.815000e+00  -233.3278303230 19.7765446556 
  1.816250e+00  -233.3278303230 19.7765447083 
  1.817500e+00  -233.3278303230 19.7765447608 
  1.818750e+00  -233.3278303230 19.7765448132 
  1.820000e+00  -233.3278303230 19.7765448654 
  1.821250e+00  -233.3278303230 19.7765449174 
  1.822500e+00  -233.3278303230 19.7765449693 
  1.823750e+00  -233.3278303230 19.7765450210 
  1.825000e+00  -233.3278303230 19.7765450725 
  1.826250e+00  -233.3278303230 19.7765451239 
  1.827500e+00  -233.3278303230 19.7765451751 
  1.828750e+00  -233.3278303230 19.7765452262 
  1.830000e+00  -233.3278303230 19.7765452771 
  1.831250e+00  -233.3278303230 19.7765453279 
  1.832500e+00  -233.3278303230 19.7765453785 
  1.833750e+00  -233.3278303230 19.7765454289 
  1.835000e+00  -233.3278303230 19.7765454792 
  1.836250e+00  -233.3278303230 19.7765455293 
  1.837500e+00  -233.3278303230 19.7765455793 
  1.838750e+00  -233.3278303230 19.7765456291 
  1.840000e+00  -233.3278303230 19.7765456788 
  1.841250e+00  -233.3278303230 19.7765457283 
  1.842500e+00  -233.3278303230 19.7765457777 
  1.843750e+00  -233.3278303230 19.7765458269 
  1.845000e+00  -233.3278303230 19.7765458759 
  1.846250e+00  -233.3278303230 19.7765459248 
  1.847500e+00  -233.3278303230 19.7765459736 
  1.848750e+00  -233.3278303230 19.7765460222 
  1.850000e+00  -233.3278303230 19.7765460706 
  1.851250e+00  -233.3278303230 19.7765461189 
  1.852500e+00  -233.3278303230 19.7765461671 
  1.853750e+00  -233.3278303230 19.7765462151 
  1.855000e+00  -233.3278303230 19.7765462629 
  1.856250e+00  -233.3278303230 19.7765463106 
  1.857500e+00  -233.3278303230 19.7765463582 
  1.858750e+00  -233.3278303230 19.7765464056 
  1.860000e+00  -233.3278303230 19.7765464528 
  1.861250e+00  -233.3278303230 19.7765465000 
  1.862500e+00  -233.3278303230 19.7765465469 
  1.863750e+00  -233.3278303230 19.7765465937 
  1.865000e+00  -233.3278303230 19.7765466404 
  1.866250e+00  -233.3278303230 19.7765466869 
  1.867500e+00  -233.3278303230 19.7765467333 
  1.868750e+00  -233.3278303230 19.7765467796 
  1.870000e+00  -233.3278303230 19.7765468257 
  1.871250e+00  -233.3278303230 19.7765468716 
  1.872500e+00  -233.3278303230 19.7765469174 
  1.873750e+00  -233.3278303230 19.7765469631 
  1.875000e+00  -233.3278303230 19.7765470086 
  1.876250e+00  -233.3278303230 19.7765470540 
  1.877500e+00  -233.3278303230 19.7765470992 
  1.878750e+00  -233.3278303230 19.7765471443 
  1.880000e+00  -233.3278303230 19.7765471893 
  1.881250e+00  -233.3278303230 19.7765472341 
  1.882500e+00  -233.3278303230 19.7765472788 
  1.883750e+00  -233.3278303230 19.7765473233 
  1.885000e+00  -233.3278303230 19.7765473677 
  1.886250e+00  -233.3278303230 19.7765474120 
  1.887500e+00  -233.3278303230 19.7765474561 
  1.888750e+00  -233.3278303230 19.7765475001 
  1.890000e+00  -233.3278303230 19.7765475439 
  1.891250e+00  -233.3278303230 19.7765475876 
  1.892500e+00  -233.3278303230 19.7765476312 
  1.893750e+00  -233.3278303230 19.7765476746 
  1.895000e+00  -233.3278303230 19.7765477179 
  1.896250e+00  -233.3278303230 19.7765477611 
  1.897500e+00  -233.3278303230 19.7765478041 
  1.898750e+00  -233.3278303230 19.7765478470 
  1.900000e+00  -233.3278303230 19.7765478897 
  1.901250e+00  -233.3278303230 19.7765479323 
  1.902500e+00  -233.3278303230 19.7765479748 
  1.903750e+00  -233.3278303230 19.7765480172 
  1.905000e+00  -233.3278303230 19.7765480594 
  1.906250e+00  -233.3278303230 19.7765481015 
  1.907500e+00  -233.3278303230 19.7765481434 
  1.908750e+00  -233.3278303230 19.7765481853 
  1.910000e+00  -233.3278303230 19.7765482270 
  1.911250e+00  -233.3278303230 19.7765482685 
  1.912500e+00  -233.3278303230 19.7765483100 
  1.913750e+00  -233.3278303230 19.7765483513 
  1.915000e+00  -233.3278303230 19.7765483924 
  1.916250e+00  -233.3278303230 19.7765484335 
  1.917500e+00  -233.3278303230 19.7765484744 
  1.918750e+00  -233.3278303230 19.7765485152 
  1.920000e+00  -233.3278303230 19.7765485558 
  1.921250e+00  -233.3278303230 19.7765485963 
  1.922500e+00  -233.3278303230 19.7765486367 
  1.923750e+00  -233.3278303230 19.7765486770 
  1.925000e+00  -233.3278303230 19.7765487171 
  1.926250e+00  -233.3278303230 19.7765487572 
  1.927500e+00  -233.3278303230 19.7765487971 
  1.928750e+00  -233.3278303230 19.7765488368 
  1.930000e+00  -233.3278303230 19.7765488765 
  1.931250e+00  -233.3278303230 19.7765489160 
  1.932500e+00  -233.3278303230 19.7765489554 
  1.933750e+00  -233.3278303230 19.7765489946 
  1.935000e+00  -233.3278303230 19.7765490338 
  1.936250e+00  -233.3278303230 19.7765490728 
  1.937500e+00  -233.3278303230 19.7765491117 
  1.938750e+00  -233.3278303230 19.7765491504 
  1.940000e+00  -233.3278303230 19.7765491891 
  1.941250e+00  -233.3278303230 19.7765492276 
  1.942500e+00  -233.3278303230 19.7765492660 
  1.943750e+00  -233.3278303230 19.7765493043 
  1.945000e+00  -233.3278303230 19.7765493425 
  1.946250e+00  -233.3278303230 19.7765493805 
  1.947500e+00  -233.3278303230 19.7765494184 
  1.948750e+00  -233.3278303230 19.7765494562 
  1.950000e+00  -233.3278303230 19.7765494939 
  1.951250e+00  -233.3278303230 19.7765495314 
  1.952500e+00  -233.3278303230 19.7765495689 
  1.953750e+00  -233.3278303230 19.7765496062 
  1.955000e+00  -233.3278303230 19.7765496434 
  1.956250e+00  -233.3278303230 19.7765496805 
  1.957500e+00  -233.3278303230 19.7765497175 
  1.958750e+00  -233.3278303230 19.7765497543 
  1.960000e+00  -233.3278303230 19.7765497910 
  1.961250e+00  -233.3278303230 19.7765498277 
  1.962500e+00  -233.3278303230 19.7765498642 
  1.963750e+00  -233.3278303230 19.7765499005 
  1.965000e+00  -233.3278303230 19.7765499368 
  1.966250e+00  -233.3278303230 19.7765499730 
  1.967500e+00  -233.3278303230 19.7765500090 
  1.968750e+00  -233.3278303230 19.7765500449 
  1.970000e+00  -233.3278303230 19.7765500807 
  1.971250e+00  -233.3278303230 19.7765501164 
  1.972500e+00  -233.3278303230 19.7765501520 
  1.973750e+00  -233.3278303230 19.7765501875 
  1.975000e+00  -233.3278303230 19.7765502228 
  1.976250e+00  -233.3278303230 19.7765502581 
  1.977500e+00  -233.3278303230 19.7765502932 
  1.978750e+00  -233.3278303230 19.7765503282 
  1.980000e+00  -233.3278303230 19.7765503631 
  1.981250e+00  -233.3278303230 19.7765503979 
  1.982500e+00  -233.3278303230 19.7765504326 
  1.983750e+00  -233.3278303230 19.7765504672 
  1.985000e+00  -233.3278303230 19.7765505016 
  1.986250e+00  -233.3278303230 19.7765505360 
  1.987500e+00  -233.3278303230 19.7765505702 
  1.988750e+00  -233.3278303230 19.7765506044 
  1.990000e+00  -233.3278303230 19.7765506384 
  1.991250e+00  -233.3278303230 19.7765506723 
  1.992500e+00  -233.3278303230 19.7765507061 
  1.993750e+00  -233.3278303230 19.7765507398 
  1.995000e+00  -233.3278303230 19.7765507734 
  1.996250e+00  -233.3278303230 19.7765508069 
  1.997500e+00  -233.3278303230 19.7765508403 
  1.998750e+00  -233.3278303230 19.7765508735 
  2.000000e+00  -233.3278303230 19.7765509067 
