  1.000000e-02  57.946227  58.739560 
  1.500000e-02  56.437390  58.131254 
  2.000000e-02  54.950184  57.438974 
  2.500000e-02  53.422293  56.556522 
  3.000000e-02  51.831583  55.539481 
  3.500000e-02  50.282964  54.439015 
  4.000000e-02  48.912319  53.301789 
  4.500000e-02  47.815807  52.224012 
  5.000000e-02  47.002349  51.224802 
  5.500000e-02  46.377465  50.307675 
  6.000000e-02  45.769671  49.330811 
  6.500000e-02  45.211928  48.577783 
  7.000000e-02  44.710215  47.916980 
  7.500000e-02  44.283236  47.332021 
  8.000000e-02  43.930679  46.797742 
  8.500000e-02  43.637138  46.301018 
  9.000000e-02  43.381840  45.836124 
  9.500000e-02  43.142990  45.392942 
  1.000000e-01  42.905656  44.977743 
  1.050000e-01  42.662551  44.586733 
  1.100000e-01  42.405737  44.213709 
  1.150000e-01  42.128954  43.855425 
  1.200000e-01  41.832093  43.511361 
  1.250000e-01  41.523318  43.182168 
  1.300000e-01  41.194061  42.829290 
  1.350000e-01  40.879930  42.517357 
  1.400000e-01  40.592671  42.219187 
  1.450000e-01  40.343858  41.936511 
  1.500000e-01  40.133075  41.665691 
  1.550000e-01  39.953529  41.401885 
  1.600000e-01  39.795887  41.153914 
  1.650000e-01  39.658622  40.923415 
  1.700000e-01  39.539224  40.708502 
  1.750000e-01  39.432572  40.506928 
  1.800000e-01  39.331793  40.316998 
  1.850000e-01  39.230925  40.137929 
  1.900000e-01  39.116714  39.953606 
  1.950000e-01  39.001574  39.792178 
  2.000000e-01  38.879510  39.634626 
  2.050000e-01  38.758640  39.486924 
  2.100000e-01  38.637678  39.344365 
  2.150000e-01  38.518140  39.206730 
  2.200000e-01  38.401392  39.073222 
  2.250000e-01  38.287424  38.943675 
  2.300000e-01  38.178080  38.819158 
  2.350000e-01  38.074697  38.699389 
  2.400000e-01  37.978734  38.584152 
  2.450000e-01  37.889660  38.473284 
  2.500000e-01  37.806442  38.367216 
  2.550000e-01  37.728385  38.264922 
  2.600000e-01  37.654840  38.167787 
  2.650000e-01  37.581404  38.069371 
  2.700000e-01  37.513894  37.981009 
  2.750000e-01  37.448885  37.894798 
  2.800000e-01  37.386624  37.812316 
  2.850000e-01  37.326934  37.732849 
  2.900000e-01  37.268587  37.656502 
  2.950000e-01  37.210696  37.582715 
  3.000000e-01  37.154079  37.512005 
  3.050000e-01  37.098640  37.443930 
  3.100000e-01  37.044391  37.378311 
  3.150000e-01  36.991283  37.315219 
  3.200000e-01  36.939812  37.253963 
  3.250000e-01  36.890007  37.194945 
  3.300000e-01  36.842206  37.138348 
  3.350000e-01  36.796423  37.083313 
  3.400000e-01  36.752947  37.030601 
  3.450000e-01  36.711482  36.979379 
  3.500000e-01  36.672132  36.930288 
  3.550000e-01  36.634458  36.882654 
  3.600000e-01  36.598406  36.836962 
  3.650000e-01  36.563549  36.792648 
  3.700000e-01  36.529706  36.749988 
  3.750000e-01  36.496702  36.708746 
  3.800000e-01  36.464411  36.668799 
  3.850000e-01  36.432751  36.630249 
  3.900000e-01  36.401699  36.592949 
  3.950000e-01  36.371178  36.556667 
  4.000000e-01  36.341423  36.521518 
  4.050000e-01  36.312441  36.487505 
  4.100000e-01  36.284271  36.454529 
  4.150000e-01  36.256963  36.422541 
  4.200000e-01  36.230540  36.391492 
  4.250000e-01  36.204987  36.361333 
  4.300000e-01  36.180252  36.332021 
  4.350000e-01  36.156258  36.303513 
  4.400000e-01  36.132910  36.275770 
  4.450000e-01  36.110109  36.248753 
  4.500000e-01  36.087760  36.222422 
  4.550000e-01  36.065781  36.196739 
  4.600000e-01  36.043875  36.171530 
  4.650000e-01  36.022435  36.146917 
  4.700000e-01  36.001292  36.122907 
  4.750000e-01  35.980403  36.099446 
  4.800000e-01  35.959800  36.076513 
  4.850000e-01  35.939544  36.054082 
  4.900000e-01  35.919693  36.032130 
  4.950000e-01  35.900289  36.010634 
  5.000000e-01  35.881350  35.989580 
  5.050000e-01  35.862880  35.968961 
  5.100000e-01  35.844871  35.948769 
  5.150000e-01  35.827307  35.929000 
  5.200000e-01  35.810164  35.909646 
  5.250000e-01  35.793413  35.890697 
  5.300000e-01  35.777016  35.872141 
  5.350000e-01  35.760938  35.853966 
  5.400000e-01  35.745148  35.836159 
  5.450000e-01  35.729618  35.818708 
  5.500000e-01  35.714334  35.801600 
  5.550000e-01  35.699286  35.784824 
  5.600000e-01  35.684471  35.768367 
  5.650000e-01  35.669889  35.752218 
  5.700000e-01  35.655542  35.736367 
  5.750000e-01  35.641432  35.720805 
  5.800000e-01  35.627560  35.705524 
  5.850000e-01  35.613927  35.690516 
  5.900000e-01  35.600531  35.675773 
  5.950000e-01  35.587367  35.661289 
  6.000000e-01  35.574431  35.647057 
  6.050000e-01  35.561714  35.633072 
  6.100000e-01  35.549211  35.619326 
  6.150000e-01  35.536913  35.605815 
  6.200000e-01  35.524812  35.592532 
  6.250000e-01  35.512905  35.579473 
  6.300000e-01  35.501184  35.566633 
  6.350000e-01  35.489648  35.554007 
  6.400000e-01  35.478293  35.541589 
  6.450000e-01  35.467118  35.529377 
  6.500000e-01  35.456120  35.517365 
  6.550000e-01  35.445299  35.505550 
  6.600000e-01  35.434654  35.493929 
  6.650000e-01  35.424183  35.482498 
  6.700000e-01  35.413884  35.471254 
  6.750000e-01  35.403755  35.460194 
  6.800000e-01  35.393794  35.449315 
  6.850000e-01  35.383997  35.438613 
  6.900000e-01  35.374362  35.428087 
  6.950000e-01  35.364885  35.417732 
  7.000000e-01  35.355564  35.407547 
  7.050000e-01  35.346396  35.397529 
  7.100000e-01  35.337376  35.387675 
  7.150000e-01  35.328504  35.377982 
  7.200000e-01  35.319777  35.368447 
  7.250000e-01  35.311191  35.359069 
  7.300000e-01  35.302746  35.349844 
  7.350000e-01  35.294439  35.340771 
  7.400000e-01  35.286269  35.331846 
  7.450000e-01  35.278232  35.323067 
  7.500000e-01  35.270328  35.314432 
  7.550000e-01  35.262555  35.305939 
  7.600000e-01  35.254911  35.297585 
  7.650000e-01  35.247394  35.289370 
  7.700000e-01  35.240003  35.281290 
  7.750000e-01  35.232735  35.273343 
  7.800000e-01  35.225589  35.265528 
  7.850000e-01  35.218563  35.257843 
  7.900000e-01  35.211654  35.250285 
  7.950000e-01  35.204860  35.242852 
  8.000000e-01  35.198181  35.235543 
  8.050000e-01  35.191613  35.228356 
  8.100000e-01  35.185154  35.221288 
  8.150000e-01  35.178804  35.214338 
  8.200000e-01  35.172560  35.207503 
  8.250000e-01  35.166421  35.200783 
  8.300000e-01  35.160384  35.194175 
  8.350000e-01  35.154448  35.187677 
  8.400000e-01  35.148612  35.181288 
  8.450000e-01  35.142874  35.175006 
  8.500000e-01  35.137232  35.168828 
  8.550000e-01  35.131685  35.162754 
  8.600000e-01  35.126231  35.156782 
  8.650000e-01  35.120868  35.150909 
  8.700000e-01  35.115595  35.145135 
  8.750000e-01  35.110409  35.139457 
  8.800000e-01  35.105311  35.133873 
  8.850000e-01  35.100297  35.128383 
  8.900000e-01  35.095367  35.122985 
  8.950000e-01  35.090519  35.117677 
  9.000000e-01  35.085751  35.112457 
  9.050000e-01  35.081063  35.107324 
  9.100000e-01  35.076452  35.102277 
  9.150000e-01  35.071917  35.097313 
  9.200000e-01  35.067457  35.092432 
  9.250000e-01  35.063071  35.087631 
  9.300000e-01  35.058757  35.082911 
  9.350000e-01  35.054514  35.078268 
  9.400000e-01  35.050341  35.073702 
  9.450000e-01  35.046235  35.069211 
  9.500000e-01  35.042197  35.064794 
  9.550000e-01  35.038225  35.060450 
  9.600000e-01  35.034317  35.056177 
  9.650000e-01  35.030472  35.051973 
  9.700000e-01  35.026689  35.047839 
  9.750000e-01  35.022967  35.043771 
  9.800000e-01  35.019305  35.039770 
  9.850000e-01  35.015702  35.035834 
  9.900000e-01  35.012156  35.031962 
  9.950000e-01  35.008666  35.028152 
  1.000000e+00  35.005232  35.024403 
  1.005000e+00  35.001853  35.020715 
  1.010000e+00  34.998526  35.017085 
  1.015000e+00  34.995253  35.013514 
  1.020000e+00  34.992030  35.010000 
  1.025000e+00  34.988859  35.006542 
  1.030000e+00  34.985737  35.003138 
  1.035000e+00  34.982663  34.999789 
  1.040000e+00  34.979638  34.996492 
  1.045000e+00  34.976659  34.993247 
  1.050000e+00  34.973726  34.990053 
  1.055000e+00  34.970839  34.986909 
  1.060000e+00  34.967996  34.983814 
  1.065000e+00  34.965197  34.980768 
  1.070000e+00  34.962440  34.977769 
  1.075000e+00  34.959726  34.974816 
  1.080000e+00  34.957052  34.971909 
  1.085000e+00  34.954420  34.969046 
  1.090000e+00  34.951827  34.966228 
  1.095000e+00  34.949274  34.963453 
  1.100000e+00  34.946759  34.960720 
  1.105000e+00  34.944281  34.958029 
  1.110000e+00  34.941841  34.955379 
  1.115000e+00  34.939438  34.952770 
  1.120000e+00  34.937070  34.950199 
  1.125000e+00  34.934738  34.947668 
  1.130000e+00  34.932440  34.945175 
  1.135000e+00  34.930176  34.942719 
  1.140000e+00  34.927946  34.940300 
  1.145000e+00  34.925749  34.937917 
  1.150000e+00  34.923584  34.935570 
  1.155000e+00  34.921451  34.933258 
  1.160000e+00  34.919350  34.930980 
  1.165000e+00  34.917279  34.928736 
  1.170000e+00  34.915238  34.926526 
  1.175000e+00  34.913228  34.924348 
  1.180000e+00  34.911247  34.922202 
  1.185000e+00  34.909294  34.920088 
  1.190000e+00  34.907370  34.918005 
  1.195000e+00  34.905474  34.915952 
  1.200000e+00  34.903606  34.913930 
  1.205000e+00  34.901764  34.911937 
  1.210000e+00  34.899950  34.909973 
  1.215000e+00  34.898161  34.908038 
  1.220000e+00  34.896399  34.906131 
  1.225000e+00  34.894662  34.904252 
  1.230000e+00  34.892950  34.902400 
  1.235000e+00  34.891262  34.900575 
  1.240000e+00  34.889599  34.898777 
  1.245000e+00  34.887960  34.897005 
  1.250000e+00  34.886345  34.895258 
  1.255000e+00  34.884753  34.893537 
  1.260000e+00  34.883183  34.891840 
  1.265000e+00  34.881636  34.890168 
  1.270000e+00  34.880112  34.888520 
  1.275000e+00  34.878609  34.886896 
  1.280000e+00  34.877128  34.885295 
  1.285000e+00  34.875668  34.883718 
  1.290000e+00  34.874229  34.882163 
  1.295000e+00  34.872811  34.880630 
  1.300000e+00  34.871413  34.879120 
  1.305000e+00  34.870036  34.877631 
  1.310000e+00  34.868678  34.876164 
  1.315000e+00  34.867339  34.874718 
  1.320000e+00  34.866020  34.873292 
  1.325000e+00  34.864720  34.871887 
  1.330000e+00  34.863438  34.870502 
  1.335000e+00  34.862175  34.869138 
  1.340000e+00  34.860930  34.867792 
  1.345000e+00  34.859703  34.866467 
  1.350000e+00  34.858493  34.865160 
  1.355000e+00  34.857301  34.863872 
  1.360000e+00  34.856127  34.862602 
  1.365000e+00  34.854969  34.861351 
  1.370000e+00  34.853828  34.860118 
  1.375000e+00  34.852703  34.858903 
  1.380000e+00  34.851595  34.857705 
  1.385000e+00  34.850502  34.856525 
  1.390000e+00  34.849426  34.855361 
  1.395000e+00  34.848365  34.854214 
  1.400000e+00  34.847320  34.853084 
  1.405000e+00  34.846289  34.851971 
  1.410000e+00  34.845274  34.850873 
  1.415000e+00  34.844273  34.849791 
  1.420000e+00  34.843287  34.848725 
  1.425000e+00  34.842316  34.847675 
  1.430000e+00  34.841358  34.846640 
  1.435000e+00  34.840415  34.845619 
  1.440000e+00  34.839485  34.844614 
  1.445000e+00  34.838569  34.843623 
  1.450000e+00  34.837667  34.842647 
  1.455000e+00  34.836778  34.841685 
  1.460000e+00  34.835901  34.840737 
  1.465000e+00  34.835038  34.839803 
  1.470000e+00  34.834188  34.838883 
  1.475000e+00  34.833350  34.837976 
  1.480000e+00  34.832524  34.837083 
  1.485000e+00  34.831710  34.836202 
  1.490000e+00  34.830909  34.835335 
  1.495000e+00  34.830120  34.834480 
  1.500000e+00  34.829342  34.833638 
  1.505000e+00  34.828576  34.832808 
  1.510000e+00  34.827821  34.831991 
  1.515000e+00  34.827078  34.831186 
  1.520000e+00  34.826345  34.830393 
  1.525000e+00  34.825624  34.829611 
  1.530000e+00  34.824913  34.828841 
  1.535000e+00  34.824213  34.828083 
  1.540000e+00  34.823524  34.827336 
  1.545000e+00  34.822845  34.826600 
  1.550000e+00  34.822176  34.825875 
  1.555000e+00  34.821517  34.825161 
  1.560000e+00  34.820868  34.824457 
  1.565000e+00  34.820230  34.823765 
  1.570000e+00  34.819600  34.823082 
  1.575000e+00  34.818981  34.822410 
  1.580000e+00  34.818370  34.821748 
  1.585000e+00  34.817769  34.821096 
  1.590000e+00  34.817177  34.820454 
  1.595000e+00  34.816595  34.819822 
  1.600000e+00  34.816021  34.819199 
  1.605000e+00  34.815456  34.818586 
  1.610000e+00  34.814899  34.817982 
  1.615000e+00  34.814351  34.817387 
  1.620000e+00  34.813812  34.816801 
  1.625000e+00  34.813281  34.816224 
  1.630000e+00  34.812758  34.815657 
  1.635000e+00  34.812243  34.815097 
  1.640000e+00  34.811736  34.814547 
  1.645000e+00  34.811237  34.814004 
  1.650000e+00  34.810746  34.813471 
  1.655000e+00  34.810262  34.812945 
  1.660000e+00  34.809786  34.812427 
  1.665000e+00  34.809317  34.811918 
  1.670000e+00  34.808856  34.811416 
  1.675000e+00  34.808402  34.810922 
  1.680000e+00  34.807954  34.810436 
  1.685000e+00  34.807514  34.809958 
  1.690000e+00  34.807081  34.809486 
  1.695000e+00  34.806655  34.809023 
  1.700000e+00  34.806235  34.808566 
  1.705000e+00  34.805822  34.808116 
  1.710000e+00  34.805415  34.807674 
  1.715000e+00  34.805015  34.807239 
  1.720000e+00  34.804621  34.806810 
  1.725000e+00  34.804234  34.806388 
  1.730000e+00  34.803852  34.805973 
  1.735000e+00  34.803477  34.805564 
  1.740000e+00  34.803108  34.805162 
  1.745000e+00  34.802744  34.804766 
  1.750000e+00  34.802386  34.804376 
  1.755000e+00  34.802034  34.803992 
  1.760000e+00  34.801688  34.803615 
  1.765000e+00  34.801347  34.803243 
  1.770000e+00  34.801012  34.802878 
  1.775000e+00  34.800681  34.802518 
  1.780000e+00  34.800357  34.802164 
  1.785000e+00  34.800037  34.801816 
  1.790000e+00  34.799723  34.801473 
  1.795000e+00  34.799413  34.801136 
  1.800000e+00  34.799109  34.800804 
  1.805000e+00  34.798810  34.800477 
  1.810000e+00  34.798515  34.800156 
  1.815000e+00  34.798225  34.799840 
  1.820000e+00  34.797940  34.799529 
  1.825000e+00  34.797660  34.799222 
  1.830000e+00  34.797384  34.798921 
  1.835000e+00  34.797112  34.798625 
  1.840000e+00  34.796845  34.798334 
  1.845000e+00  34.796582  34.798047 
  1.850000e+00  34.796324  34.797765 
  1.855000e+00  34.796070  34.797487 
  1.860000e+00  34.795819  34.797214 
  1.865000e+00  34.795573  34.796945 
  1.870000e+00  34.795331  34.796681 
  1.875000e+00  34.795093  34.796421 
  1.880000e+00  34.794859  34.796165 
  1.885000e+00  34.794629  34.795914 
  1.890000e+00  34.794403  34.795666 
  1.895000e+00  34.794180  34.795423 
  1.900000e+00  34.793961  34.795183 
  1.905000e+00  34.793745  34.794948 
  1.910000e+00  34.793533  34.794716 
  1.915000e+00  34.793325  34.794488 
  1.920000e+00  34.793120  34.794264 
  1.925000e+00  34.792918  34.794044 
  1.930000e+00  34.792720  34.793827 
  1.935000e+00  34.792525  34.793614 
  1.940000e+00  34.792333  34.793404 
  1.945000e+00  34.792144  34.793198 
  1.950000e+00  34.791959  34.792995 
  1.955000e+00  34.791777  34.792796 
  1.960000e+00  34.791597  34.792599 
  1.965000e+00  34.791421  34.792406 
  1.970000e+00  34.791247  34.792217 
  1.975000e+00  34.791077  34.792030 
  1.980000e+00  34.790909  34.791846 
  1.985000e+00  34.790744  34.791666 
  1.990000e+00  34.790582  34.791489 
  1.995000e+00  34.790422  34.791314 
  2.000000e+00  34.790266  34.791142 
