  2.500000e-03  58.287400  58.736817 
  3.750000e-03  57.107657  58.005035 
  5.000000e-03  56.048665  57.189824 
  6.250000e-03  55.067422  56.271602 
  7.500000e-03  54.090068  55.253349 
  8.750000e-03  53.087426  54.204987 
  1.000000e-02  52.086899  53.175680 
  1.125000e-02  51.134054  52.201233 
  1.250000e-02  50.261388  51.301578 
  1.375000e-02  49.480725  50.483963 
  1.500000e-02  48.789776  49.746388 
  1.625000e-02  48.178980  49.081004 
  1.750000e-02  47.636160  48.478081 
  1.875000e-02  47.149765  47.928780 
  2.000000e-02  46.700479  47.409758 
  2.125000e-02  46.294396  46.946708 
  2.250000e-02  45.927073  46.523199 
  2.375000e-02  45.597441  46.137633 
  2.500000e-02  45.302432  45.787136 
  2.625000e-02  45.037937  45.469362 
  2.750000e-02  44.799871  45.181504 
  2.875000e-02  44.583364  44.920544 
  3.000000e-02  44.385447  44.684405 
  3.125000e-02  44.203223  44.469628 
  3.250000e-02  44.034712  44.273205 
  3.375000e-02  43.877364  44.092307 
  3.500000e-02  43.729036  43.924419 
  3.625000e-02  43.587982  43.767548 
  3.750000e-02  43.453179  43.619412 
  3.875000e-02  43.323317  43.478462 
  4.000000e-02  43.197864  43.344161 
  4.125000e-02  43.076838  43.215836 
  4.250000e-02  42.960005  43.092617 
  4.375000e-02  42.847153  42.973920 
  4.500000e-02  42.737875  42.859456 
  4.625000e-02  42.631972  42.748894 
  4.750000e-02  42.529324  42.641988 
  4.875000e-02  42.429825  42.538525 
  5.000000e-02  42.333356  42.438316 
  5.125000e-02  42.239785  42.341191 
  5.250000e-02  42.148972  42.246990 
  5.375000e-02  42.060627  42.155510 
  5.500000e-02  41.974895  42.066623 
  5.625000e-02  41.891553  41.980298 
  5.750000e-02  41.810464  41.896397 
  5.875000e-02  41.731524  41.814797 
  6.000000e-02  41.654642  41.735383 
  6.125000e-02  41.579732  41.658054 
  6.250000e-02  41.506705  41.582713 
  6.375000e-02  41.435480  41.509274 
  6.500000e-02  41.365979  41.437657 
  6.625000e-02  41.298130  41.367790 
  6.750000e-02  41.231867  41.299602 
  6.875000e-02  41.167128  41.233026 
  7.000000e-02  41.103853  41.167998 
  7.125000e-02  41.041984  41.104458 
  7.250000e-02  40.981469  41.042345 
  7.375000e-02  40.922253  40.981604 
  7.500000e-02  40.864290  40.922182 
  7.625000e-02  40.807532  40.864027 
  7.750000e-02  40.751935  40.807093 
  7.875000e-02  40.697460  40.751335 
  8.000000e-02  40.644067  40.696710 
  8.125000e-02  40.591719  40.643178 
  8.250000e-02  40.540382  40.590701 
  8.375000e-02  40.490021  40.539243 
  8.500000e-02  40.440604  40.488771 
  8.625000e-02  40.392102  40.439250 
  8.750000e-02  40.344483  40.390651 
  8.875000e-02  40.297720  40.342942 
  9.000000e-02  40.251786  40.296095 
  9.125000e-02  40.206654  40.250082 
  9.250000e-02  40.162298  40.204878 
  9.375000e-02  40.118696  40.160455 
  9.500000e-02  40.075823  40.116790 
  9.625000e-02  40.033658  40.073860 
  9.750000e-02  39.992179  40.031641 
  9.875000e-02  39.951366  39.990114 
  1.000000e-01  39.911199  39.949255 
  1.012500e-01  39.871659  39.909047 
  1.025000e-01  39.832729  39.869470 
  1.037500e-01  39.794391  39.830505 
  1.050000e-01  39.756628  39.792135 
  1.062500e-01  39.719424  39.754342 
  1.075000e-01  39.682763  39.717112 
  1.087500e-01  39.646632  39.680428 
  1.100000e-01  39.611016  39.644276 
  1.112500e-01  39.575902  39.608642 
  1.125000e-01  39.541277  39.573512 
  1.137500e-01  39.507128  39.538872 
  1.150000e-01  39.473443  39.504711 
  1.162500e-01  39.440211  39.471015 
  1.175000e-01  39.407421  39.437774 
  1.187500e-01  39.375061  39.404977 
  1.200000e-01  39.343122  39.372611 
  1.212500e-01  39.311593  39.340667 
  1.225000e-01  39.280466  39.309136 
  1.237500e-01  39.249730  39.278006 
  1.250000e-01  39.219378  39.247270 
  1.262500e-01  39.189399  39.216918 
  1.275000e-01  39.159788  39.186941 
  1.287500e-01  39.130534  39.157331 
  1.300000e-01  39.101632  39.128081 
  1.312500e-01  39.073073  39.099183 
  1.325000e-01  39.044850  39.070628 
  1.337500e-01  39.016956  39.042411 
  1.350000e-01  38.989386  39.014524 
  1.362500e-01  38.962132  38.986960 
  1.375000e-01  38.935188  38.959713 
  1.387500e-01  38.908548  38.932777 
  1.400000e-01  38.882207  38.906146 
  1.412500e-01  38.856159  38.879814 
  1.425000e-01  38.830398  38.853775 
  1.437500e-01  38.804919  38.828023 
  1.450000e-01  38.779717  38.802555 
  1.462500e-01  38.754788  38.777363 
  1.475000e-01  38.730125  38.752444 
  1.487500e-01  38.705725  38.727792 
  1.500000e-01  38.681583  38.703404 
  1.512500e-01  38.657694  38.679273 
  1.525000e-01  38.634054  38.655396 
  1.537500e-01  38.610660  38.631768 
  1.550000e-01  38.587506  38.608386 
  1.562500e-01  38.564590  38.585245 
  1.575000e-01  38.541906  38.562340 
  1.587500e-01  38.519452  38.539669 
  1.600000e-01  38.497223  38.517228 
  1.612500e-01  38.475217  38.495012 
  1.625000e-01  38.453428  38.473018 
  1.637500e-01  38.431855  38.451243 
  1.650000e-01  38.410493  38.429682 
  1.662500e-01  38.389340  38.408334 
  1.675000e-01  38.368392  38.387193 
  1.687500e-01  38.347646  38.366258 
  1.700000e-01  38.327098  38.345525 
  1.712500e-01  38.306747  38.324991 
  1.725000e-01  38.286588  38.304653 
  1.737500e-01  38.266620  38.284507 
  1.750000e-01  38.246839  38.264552 
  1.762500e-01  38.227242  38.244784 
  1.775000e-01  38.207827  38.225200 
  1.787500e-01  38.188591  38.205798 
  1.800000e-01  38.169531  38.186575 
  1.812500e-01  38.150645  38.167528 
  1.825000e-01  38.131931  38.148655 
  1.837500e-01  38.113385  38.129954 
  1.850000e-01  38.095006  38.111421 
  1.862500e-01  38.076791  38.093054 
  1.875000e-01  38.058738  38.074852 
  1.887500e-01  38.040844  38.056811 
  1.900000e-01  38.023107  38.038930 
  1.912500e-01  38.005525  38.021206 
  1.925000e-01  37.988096  38.003636 
  1.937500e-01  37.970818  37.986219 
  1.950000e-01  37.953688  37.968953 
  1.962500e-01  37.936705  37.951836 
  1.975000e-01  37.919866  37.934865 
  1.987500e-01  37.903169  37.918038 
  2.000000e-01  37.886614  37.901353 
  2.012500e-01  37.870197  37.884810 
  2.025000e-01  37.853916  37.868404 
  2.037500e-01  37.837771  37.852136 
  2.050000e-01  37.821759  37.836002 
  2.062500e-01  37.805878  37.820001 
  2.075000e-01  37.790126  37.804132 
  2.087500e-01  37.774503  37.788392 
  2.100000e-01  37.759005  37.772779 
  2.112500e-01  37.743632  37.757293 
  2.125000e-01  37.728382  37.741931 
  2.137500e-01  37.713254  37.726692 
  2.150000e-01  37.698245  37.711575 
  2.162500e-01  37.683354  37.696577 
  2.175000e-01  37.668580  37.681697 
  2.187500e-01  37.653921  37.666933 
  2.200000e-01  37.639376  37.652285 
  2.212500e-01  37.624943  37.637750 
  2.225000e-01  37.610621  37.623328 
  2.237500e-01  37.596408  37.609016 
  2.250000e-01  37.582304  37.594814 
  2.262500e-01  37.568306  37.580719 
  2.275000e-01  37.554414  37.566732 
  2.287500e-01  37.540626  37.552850 
  2.300000e-01  37.526941  37.539072 
  2.312500e-01  37.513357  37.525396 
  2.325000e-01  37.499874  37.511823 
  2.337500e-01  37.486491  37.498350 
  2.350000e-01  37.473205  37.484976 
  2.362500e-01  37.460017  37.471700 
  2.375000e-01  37.446924  37.458521 
  2.387500e-01  37.433926  37.445437 
  2.400000e-01  37.421021  37.432449 
  2.412500e-01  37.408209  37.419553 
  2.425000e-01  37.395489  37.406751 
  2.437500e-01  37.382859  37.394039 
  2.450000e-01  37.370318  37.381418 
  2.462500e-01  37.357866  37.368887 
  2.475000e-01  37.345501  37.356444 
  2.487500e-01  37.333223  37.344088 
  2.500000e-01  37.321030  37.331818 
  2.512500e-01  37.308922  37.319634 
  2.525000e-01  37.296898  37.307535 
  2.537500e-01  37.284956  37.295519 
  2.550000e-01  37.273097  37.283586 
  2.562500e-01  37.261318  37.271735 
  2.575000e-01  37.249620  37.259965 
  2.587500e-01  37.238001  37.248275 
  2.600000e-01  37.226460  37.236664 
  2.612500e-01  37.214998  37.225132 
  2.625000e-01  37.203612  37.213677 
  2.637500e-01  37.192302  37.202300 
  2.650000e-01  37.181068  37.190998 
  2.662500e-01  37.169908  37.179772 
  2.675000e-01  37.158823  37.168620 
  2.687500e-01  37.147810  37.157542 
  2.700000e-01  37.136870  37.146538 
  2.712500e-01  37.126002  37.135605 
  2.725000e-01  37.115205  37.124745 
  2.737500e-01  37.104478  37.113955 
  2.750000e-01  37.093820  37.103236 
  2.762500e-01  37.083232  37.092586 
  2.775000e-01  37.072712  37.082005 
  2.787500e-01  37.062260  37.071493 
  2.800000e-01  37.051875  37.061048 
  2.812500e-01  37.041557  37.050670 
  2.825000e-01  37.031304  37.040359 
  2.837500e-01  37.021117  37.030114 
  2.850000e-01  37.010994  37.019934 
  2.862500e-01  37.000935  37.009818 
  2.875000e-01  36.990940  36.999766 
  2.887500e-01  36.981008  36.989778 
  2.900000e-01  36.971138  36.979853 
  2.912500e-01  36.961330  36.969990 
  2.925000e-01  36.951583  36.960188 
  2.937500e-01  36.941897  36.950448 
  2.950000e-01  36.932270  36.940769 
  2.962500e-01  36.922704  36.931150 
  2.975000e-01  36.913197  36.921590 
  2.987500e-01  36.903748  36.912089 
  3.000000e-01  36.894357  36.902647 
  3.012500e-01  36.885024  36.893263 
  3.025000e-01  36.875749  36.883937 
  3.037500e-01  36.866529  36.874667 
  3.050000e-01  36.857366  36.865454 
  3.062500e-01  36.848258  36.856297 
  3.075000e-01  36.839206  36.847196 
  3.087500e-01  36.830208  36.838150 
  3.100000e-01  36.821265  36.829158 
  3.112500e-01  36.812375  36.820221 
  3.125000e-01  36.803539  36.811338 
  3.137500e-01  36.794755  36.802507 
  3.150000e-01  36.786024  36.793730 
  3.162500e-01  36.777345  36.785005 
  3.175000e-01  36.768717  36.776331 
  3.187500e-01  36.760141  36.767710 
  3.200000e-01  36.751615  36.759139 
  3.212500e-01  36.743140  36.750619 
  3.225000e-01  36.734714  36.742150 
  3.237500e-01  36.726338  36.733730 
  3.250000e-01  36.718011  36.725359 
  3.262500e-01  36.709732  36.717038 
  3.275000e-01  36.701502  36.708765 
  3.287500e-01  36.693319  36.700540 
  3.300000e-01  36.685184  36.692363 
  3.312500e-01  36.677096  36.684233 
  3.325000e-01  36.669055  36.676151 
  3.337500e-01  36.661060  36.668115 
  3.350000e-01  36.653111  36.660125 
  3.362500e-01  36.645207  36.652181 
  3.375000e-01  36.637348  36.644283 
  3.387500e-01  36.629534  36.636429 
  3.400000e-01  36.621765  36.628621 
  3.412500e-01  36.614039  36.620856 
  3.425000e-01  36.606358  36.613136 
  3.437500e-01  36.598719  36.605459 
  3.450000e-01  36.591124  36.597826 
  3.462500e-01  36.583571  36.590235 
  3.475000e-01  36.576060  36.582687 
  3.487500e-01  36.568591  36.575182 
  3.500000e-01  36.561164  36.567718 
  3.512500e-01  36.553778  36.560295 
  3.525000e-01  36.546433  36.552914 
  3.537500e-01  36.539128  36.545574 
  3.550000e-01  36.531864  36.538274 
  3.562500e-01  36.524639  36.531014 
  3.575000e-01  36.517454  36.523794 
  3.587500e-01  36.510309  36.516614 
  3.600000e-01  36.503202  36.509473 
  3.612500e-01  36.496134  36.502371 
  3.625000e-01  36.489104  36.495307 
  3.637500e-01  36.482112  36.488281 
  3.650000e-01  36.475157  36.481294 
  3.662500e-01  36.468241  36.474344 
  3.675000e-01  36.461361  36.467431 
  3.687500e-01  36.454517  36.460556 
  3.700000e-01  36.447711  36.453717 
  3.712500e-01  36.440940  36.446915 
  3.725000e-01  36.434206  36.440148 
  3.737500e-01  36.427506  36.433418 
  3.750000e-01  36.420842  36.426723 
  3.762500e-01  36.414214  36.420063 
  3.775000e-01  36.407619  36.413438 
  3.787500e-01  36.401060  36.406848 
  3.800000e-01  36.394534  36.400292 
  3.812500e-01  36.388042  36.393771 
  3.825000e-01  36.381584  36.387283 
  3.837500e-01  36.375159  36.380829 
  3.850000e-01  36.368768  36.374408 
  3.862500e-01  36.362409  36.368020 
  3.875000e-01  36.356082  36.361665 
  3.887500e-01  36.349788  36.355342 
  3.900000e-01  36.343526  36.349052 
  3.912500e-01  36.337295  36.342793 
  3.925000e-01  36.331096  36.336567 
  3.937500e-01  36.324929  36.330372 
  3.950000e-01  36.318792  36.324208 
  3.962500e-01  36.312686  36.318074 
  3.975000e-01  36.306611  36.311972 
  3.987500e-01  36.300566  36.305900 
  4.000000e-01  36.294550  36.299859 
  4.012500e-01  36.288565  36.293847 
  4.025000e-01  36.282609  36.287865 
  4.037500e-01  36.276683  36.281913 
  4.050000e-01  36.270785  36.275990 
  4.062500e-01  36.264917  36.270096 
  4.075000e-01  36.259077  36.264231 
  4.087500e-01  36.253266  36.258394 
  4.100000e-01  36.247482  36.252586 
  4.112500e-01  36.241727  36.246806 
  4.125000e-01  36.235999  36.241054 
  4.137500e-01  36.230299  36.235330 
  4.150000e-01  36.224627  36.229633 
  4.162500e-01  36.218981  36.223964 
  4.175000e-01  36.213363  36.218321 
  4.187500e-01  36.207771  36.212706 
  4.200000e-01  36.202205  36.207117 
  4.212500e-01  36.196666  36.201555 
  4.225000e-01  36.191153  36.196018 
  4.237500e-01  36.185666  36.190509 
  4.250000e-01  36.180204  36.185024 
  4.262500e-01  36.174768  36.179566 
  4.275000e-01  36.169358  36.174133 
  4.287500e-01  36.163972  36.168725 
  4.300000e-01  36.158612  36.163343 
  4.312500e-01  36.153276  36.157985 
  4.325000e-01  36.147965  36.152653 
  4.337500e-01  36.142678  36.147344 
  4.350000e-01  36.137416  36.142060 
  4.362500e-01  36.132177  36.136801 
  4.375000e-01  36.126963  36.131565 
  4.387500e-01  36.121772  36.126353 
  4.400000e-01  36.116604  36.121165 
  4.412500e-01  36.111460  36.116000 
  4.425000e-01  36.106339  36.110859 
  4.437500e-01  36.101241  36.105741 
  4.450000e-01  36.096166  36.100646 
  4.462500e-01  36.091114  36.095573 
  4.475000e-01  36.086084  36.090524 
  4.487500e-01  36.081077  36.085497 
  4.500000e-01  36.076091  36.080492 
  4.512500e-01  36.071128  36.075509 
  4.525000e-01  36.066187  36.070548 
  4.537500e-01  36.061267  36.065610 
  4.550000e-01  36.056370  36.060693 
  4.562500e-01  36.051493  36.055797 
  4.575000e-01  36.046638  36.050923 
  4.587500e-01  36.041804  36.046071 
  4.600000e-01  36.036991  36.041239 
  4.612500e-01  36.032199  36.036429 
  4.625000e-01  36.027427  36.031639 
  4.637500e-01  36.022677  36.026870 
  4.650000e-01  36.017946  36.022122 
  4.662500e-01  36.013236  36.017394 
  4.675000e-01  36.008546  36.012686 
  4.687500e-01  36.003876  36.007999 
  4.700000e-01  35.999226  36.003331 
  4.712500e-01  35.994596  35.998684 
  4.725000e-01  35.989986  35.994056 
  4.737500e-01  35.985395  35.989448 
  4.750000e-01  35.980823  35.984859 
  4.762500e-01  35.976271  35.980290 
  4.775000e-01  35.971738  35.975740 
  4.787500e-01  35.967224  35.971209 
  4.800000e-01  35.962729  35.966697 
  4.812500e-01  35.958252  35.962204 
  4.825000e-01  35.953795  35.957730 
  4.837500e-01  35.949356  35.953275 
  4.850000e-01  35.944935  35.948838 
  4.862500e-01  35.940533  35.944419 
  4.875000e-01  35.936148  35.940019 
  4.887500e-01  35.931782  35.935637 
  4.900000e-01  35.927434  35.931273 
  4.912500e-01  35.923104  35.926927 
  4.925000e-01  35.918792  35.922599 
  4.937500e-01  35.914497  35.918289 
  4.950000e-01  35.910220  35.913996 
  4.962500e-01  35.905960  35.909721 
  4.975000e-01  35.901718  35.905463 
  4.987500e-01  35.897493  35.901223 
  5.000000e-01  35.893285  35.897000 
  5.012500e-01  35.889094  35.892794 
  5.025000e-01  35.884920  35.888605 
  5.037500e-01  35.880763  35.884433 
  5.050000e-01  35.876622  35.880278 
  5.062500e-01  35.872499  35.876140 
  5.075000e-01  35.868391  35.872018 
  5.087500e-01  35.864301  35.867913 
  5.100000e-01  35.860227  35.863824 
  5.112500e-01  35.856169  35.859752 
  5.125000e-01  35.852127  35.855696 
  5.137500e-01  35.848101  35.851656 
  5.150000e-01  35.844092  35.847632 
  5.162500e-01  35.840098  35.843625 
  5.175000e-01  35.836120  35.839633 
  5.187500e-01  35.832158  35.835657 
  5.200000e-01  35.828211  35.831697 
  5.212500e-01  35.824281  35.827752 
  5.225000e-01  35.820365  35.823823 
  5.237500e-01  35.816465  35.819910 
  5.250000e-01  35.812581  35.816011 
  5.262500e-01  35.808711  35.812129 
  5.275000e-01  35.804857  35.808261 
  5.287500e-01  35.801018  35.804409 
  5.300000e-01  35.797194  35.800572 
  5.312500e-01  35.793385  35.796749 
  5.325000e-01  35.789591  35.792942 
  5.337500e-01  35.785812  35.789150 
  5.350000e-01  35.782047  35.785372 
  5.362500e-01  35.778297  35.781609 
  5.375000e-01  35.774562  35.777861 
  5.387500e-01  35.770841  35.774127 
  5.400000e-01  35.767134  35.770408 
  5.412500e-01  35.763442  35.766703 
  5.425000e-01  35.759764  35.763013 
  5.437500e-01  35.756100  35.759337 
  5.450000e-01  35.752451  35.755675 
  5.462500e-01  35.748815  35.752027 
  5.475000e-01  35.745194  35.748393 
  5.487500e-01  35.741587  35.744773 
  5.500000e-01  35.737993  35.741168 
  5.512500e-01  35.734413  35.737576 
  5.525000e-01  35.730847  35.733998 
  5.537500e-01  35.727295  35.730433 
  5.550000e-01  35.723756  35.726883 
  5.562500e-01  35.720231  35.723345 
  5.575000e-01  35.716719  35.719822 
  5.587500e-01  35.713221  35.716312 
  5.600000e-01  35.709736  35.712815 
  5.612500e-01  35.706264  35.709332 
  5.625000e-01  35.702806  35.705862 
  5.637500e-01  35.699361  35.702405 
  5.650000e-01  35.695929  35.698962 
  5.662500e-01  35.692510  35.695531 
  5.675000e-01  35.689104  35.692114 
  5.687500e-01  35.685711  35.688710 
  5.700000e-01  35.682331  35.685318 
  5.712500e-01  35.678964  35.681940 
  5.725000e-01  35.675610  35.678574 
  5.737500e-01  35.672268  35.675221 
  5.750000e-01  35.668939  35.671881 
  5.762500e-01  35.665623  35.668554 
  5.775000e-01  35.662319  35.665239 
  5.787500e-01  35.659028  35.661937 
  5.800000e-01  35.655749  35.658647 
  5.812500e-01  35.652482  35.655369 
  5.825000e-01  35.649228  35.652105 
  5.837500e-01  35.645987  35.648852 
  5.850000e-01  35.642757  35.645612 
  5.862500e-01  35.639540  35.642384 
  5.875000e-01  35.636335  35.639168 
  5.887500e-01  35.633142  35.635964 
  5.900000e-01  35.629961  35.632773 
  5.912500e-01  35.626792  35.629593 
  5.925000e-01  35.623635  35.626426 
  5.937500e-01  35.620490  35.623271 
  5.950000e-01  35.617357  35.620127 
  5.962500e-01  35.614236  35.616995 
  5.975000e-01  35.611126  35.613875 
  5.987500e-01  35.608028  35.610767 
  6.000000e-01  35.604942  35.607671 
  6.012500e-01  35.601868  35.604586 
  6.025000e-01  35.598805  35.601513 
  6.037500e-01  35.595753  35.598451 
  6.050000e-01  35.592713  35.595401 
  6.062500e-01  35.589685  35.592363 
  6.075000e-01  35.586668  35.589336 
  6.087500e-01  35.583662  35.586320 
  6.100000e-01  35.580668  35.583316 
  6.112500e-01  35.577685  35.580323 
  6.125000e-01  35.574713  35.577341 
  6.137500e-01  35.571753  35.574371 
  6.150000e-01  35.568803  35.571412 
  6.162500e-01  35.565865  35.568464 
  6.175000e-01  35.562938  35.565527 
  6.187500e-01  35.560022  35.562601 
  6.200000e-01  35.557116  35.559686 
  6.212500e-01  35.554222  35.556782 
  6.225000e-01  35.551339  35.553889 
  6.237500e-01  35.548466  35.551007 
  6.250000e-01  35.545605  35.548136 
  6.262500e-01  35.542754  35.545276 
  6.275000e-01  35.539914  35.542426 
  6.287500e-01  35.537085  35.539588 
  6.300000e-01  35.534266  35.536760 
  6.312500e-01  35.531458  35.533942 
  6.325000e-01  35.528660  35.531135 
  6.337500e-01  35.525874  35.528339 
  6.350000e-01  35.523097  35.525554 
  6.362500e-01  35.520331  35.522779 
  6.375000e-01  35.517576  35.520014 
  6.387500e-01  35.514831  35.517260 
  6.400000e-01  35.512096  35.514516 
  6.412500e-01  35.509372  35.511783 
  6.425000e-01  35.506658  35.509060 
  6.437500e-01  35.503954  35.506347 
  6.450000e-01  35.501261  35.503645 
  6.462500e-01  35.498578  35.500952 
  6.475000e-01  35.495905  35.498270 
  6.487500e-01  35.493242  35.495598 
  6.500000e-01  35.490589  35.492937 
  6.512500e-01  35.487946  35.490285 
  6.525000e-01  35.485313  35.487643 
  6.537500e-01  35.482690  35.485012 
  6.550000e-01  35.480077  35.482390 
  6.562500e-01  35.477475  35.479779 
  6.575000e-01  35.474881  35.477177 
  6.587500e-01  35.472298  35.474585 
  6.600000e-01  35.469725  35.472003 
  6.612500e-01  35.467161  35.469431 
  6.625000e-01  35.464607  35.466868 
  6.637500e-01  35.462063  35.464316 
  6.650000e-01  35.459529  35.461773 
  6.662500e-01  35.457004  35.459239 
  6.675000e-01  35.454489  35.456716 
  6.687500e-01  35.451983  35.454202 
  6.700000e-01  35.449487  35.451697 
  6.712500e-01  35.447001  35.449202 
  6.725000e-01  35.444523  35.446717 
  6.737500e-01  35.442056  35.444241 
  6.750000e-01  35.439598  35.441774 
  6.762500e-01  35.437149  35.439317 
  6.775000e-01  35.434709  35.436870 
  6.787500e-01  35.432279  35.434431 
  6.800000e-01  35.429859  35.432002 
  6.812500e-01  35.427447  35.429583 
  6.825000e-01  35.425045  35.427172 
  6.837500e-01  35.422652  35.424771 
  6.850000e-01  35.420268  35.422379 
  6.862500e-01  35.417893  35.419996 
  6.875000e-01  35.415527  35.417623 
  6.887500e-01  35.413171  35.415258 
  6.900000e-01  35.410823  35.412902 
  6.912500e-01  35.408484  35.410556 
  6.925000e-01  35.406155  35.408218 
  6.937500e-01  35.403834  35.405890 
  6.950000e-01  35.401522  35.403570 
  6.962500e-01  35.399220  35.401260 
  6.975000e-01  35.396926  35.398958 
  6.987500e-01  35.394641  35.396665 
  7.000000e-01  35.392364  35.394381 
  7.012500e-01  35.390097  35.392106 
  7.025000e-01  35.387838  35.389839 
  7.037500e-01  35.385588  35.387581 
  7.050000e-01  35.383346  35.385332 
  7.062500e-01  35.381114  35.383092 
  7.075000e-01  35.378890  35.380860 
  7.087500e-01  35.376674  35.378637 
  7.100000e-01  35.374467  35.376423 
  7.112500e-01  35.372269  35.374217 
  7.125000e-01  35.370079  35.372019 
  7.137500e-01  35.367897  35.369830 
  7.150000e-01  35.365724  35.367650 
  7.162500e-01  35.363560  35.365478 
  7.175000e-01  35.361404  35.363314 
  7.187500e-01  35.359256  35.361159 
  7.200000e-01  35.357116  35.359012 
  7.212500e-01  35.354985  35.356874 
  7.225000e-01  35.352862  35.354744 
  7.237500e-01  35.350747  35.352622 
  7.250000e-01  35.348641  35.350508 
  7.262500e-01  35.346543  35.348403 
  7.275000e-01  35.344453  35.346305 
  7.287500e-01  35.342371  35.344216 
  7.300000e-01  35.340297  35.342135 
  7.312500e-01  35.338231  35.340062 
  7.325000e-01  35.336173  35.337997 
  7.337500e-01  35.334123  35.335940 
  7.350000e-01  35.332082  35.333892 
  7.362500e-01  35.330048  35.331851 
  7.375000e-01  35.328022  35.329818 
  7.387500e-01  35.326004  35.327793 
  7.400000e-01  35.323994  35.325776 
  7.412500e-01  35.321992  35.323767 
  7.425000e-01  35.319997  35.321765 
  7.437500e-01  35.318010  35.319772 
  7.450000e-01  35.316032  35.317786 
  7.462500e-01  35.314060  35.315808 
  7.475000e-01  35.312097  35.313838 
  7.487500e-01  35.310141  35.311875 
  7.500000e-01  35.308193  35.309921 
  7.512500e-01  35.306253  35.307973 
  7.525000e-01  35.304320  35.306034 
  7.537500e-01  35.302395  35.304102 
  7.550000e-01  35.300477  35.302177 
  7.562500e-01  35.298567  35.300261 
  7.575000e-01  35.296664  35.298351 
  7.587500e-01  35.294768  35.296449 
  7.600000e-01  35.292881  35.294555 
  7.612500e-01  35.291000  35.292668 
  7.625000e-01  35.289127  35.290788 
  7.637500e-01  35.287261  35.288916 
  7.650000e-01  35.285403  35.287051 
  7.662500e-01  35.283552  35.285194 
  7.675000e-01  35.281708  35.283343 
  7.687500e-01  35.279871  35.281500 
  7.700000e-01  35.278042  35.279665 
  7.712500e-01  35.276220  35.277836 
  7.725000e-01  35.274405  35.276015 
  7.737500e-01  35.272597  35.274201 
  7.750000e-01  35.270796  35.272393 
  7.762500e-01  35.269002  35.270593 
  7.775000e-01  35.267216  35.268801 
  7.787500e-01  35.265436  35.267015 
  7.800000e-01  35.263663  35.265236 
  7.812500e-01  35.261898  35.263464 
  7.825000e-01  35.260139  35.261699 
  7.837500e-01  35.258387  35.259941 
  7.850000e-01  35.256642  35.258190 
  7.862500e-01  35.254904  35.256446 
  7.875000e-01  35.253173  35.254709 
  7.887500e-01  35.251449  35.252979 
  7.900000e-01  35.249731  35.251255 
  7.912500e-01  35.248021  35.249538 
  7.925000e-01  35.246317  35.247828 
  7.937500e-01  35.244619  35.246125 
  7.950000e-01  35.242929  35.244429 
  7.962500e-01  35.241245  35.242739 
  7.975000e-01  35.239567  35.241056 
  7.987500e-01  35.237897  35.239379 
  8.000000e-01  35.236232  35.237709 
  8.012500e-01  35.234575  35.236046 
  8.025000e-01  35.232924  35.234389 
  8.037500e-01  35.231279  35.232738 
  8.050000e-01  35.229641  35.231095 
  8.062500e-01  35.228009  35.229457 
  8.075000e-01  35.226384  35.227826 
  8.087500e-01  35.224765  35.226202 
  8.100000e-01  35.223153  35.224584 
  8.112500e-01  35.221547  35.222972 
  8.125000e-01  35.219947  35.221367 
  8.137500e-01  35.218354  35.219768 
  8.150000e-01  35.216767  35.218175 
  8.162500e-01  35.215186  35.216589 
  8.175000e-01  35.213611  35.215009 
  8.187500e-01  35.212043  35.213435 
  8.200000e-01  35.210480  35.211867 
  8.212500e-01  35.208924  35.210305 
  8.225000e-01  35.207374  35.208750 
  8.237500e-01  35.205830  35.207201 
  8.250000e-01  35.204292  35.205657 
  8.262500e-01  35.202761  35.204120 
  8.275000e-01  35.201235  35.202589 
  8.287500e-01  35.199715  35.201064 
  8.300000e-01  35.198202  35.199545 
  8.312500e-01  35.196694  35.198032 
  8.325000e-01  35.195192  35.196525 
  8.337500e-01  35.193696  35.195024 
  8.350000e-01  35.192206  35.193528 
  8.362500e-01  35.190722  35.192039 
  8.375000e-01  35.189243  35.190556 
  8.387500e-01  35.187771  35.189078 
  8.400000e-01  35.186304  35.187606 
  8.412500e-01  35.184843  35.186140 
  8.425000e-01  35.183388  35.184679 
  8.437500e-01  35.181938  35.183225 
  8.450000e-01  35.180494  35.181776 
  8.462500e-01  35.179056  35.180333 
  8.475000e-01  35.177623  35.178895 
  8.487500e-01  35.176197  35.177463 
  8.500000e-01  35.174775  35.176037 
  8.512500e-01  35.173359  35.174616 
  8.525000e-01  35.171949  35.173201 
  8.537500e-01  35.170545  35.171792 
  8.550000e-01  35.169145  35.170388 
  8.562500e-01  35.167752  35.168989 
  8.575000e-01  35.166364  35.167596 
  8.587500e-01  35.164981  35.166208 
  8.600000e-01  35.163603  35.164826 
  8.612500e-01  35.162231  35.163449 
  8.625000e-01  35.160865  35.162078 
  8.637500e-01  35.159503  35.160712 
  8.650000e-01  35.158148  35.159351 
  8.662500e-01  35.156797  35.157996 
  8.675000e-01  35.155451  35.156646 
  8.687500e-01  35.154111  35.155301 
  8.700000e-01  35.152776  35.153962 
  8.712500e-01  35.151447  35.152627 
  8.725000e-01  35.150122  35.151298 
  8.737500e-01  35.148803  35.149974 
  8.750000e-01  35.147489  35.148656 
  8.762500e-01  35.146180  35.147342 
  8.775000e-01  35.144876  35.146034 
  8.787500e-01  35.143577  35.144730 
  8.800000e-01  35.142283  35.143432 
  8.812500e-01  35.140994  35.142139 
  8.825000e-01  35.139710  35.140850 
  8.837500e-01  35.138432  35.139567 
  8.850000e-01  35.137158  35.138289 
  8.862500e-01  35.135889  35.137016 
  8.875000e-01  35.134625  35.135747 
  8.887500e-01  35.133366  35.134484 
  8.900000e-01  35.132112  35.133225 
  8.912500e-01  35.130863  35.131972 
  8.925000e-01  35.129618  35.130723 
  8.937500e-01  35.128378  35.129479 
  8.950000e-01  35.127144  35.128240 
  8.962500e-01  35.125914  35.127006 
  8.975000e-01  35.124688  35.125776 
  8.987500e-01  35.123468  35.124551 
  9.000000e-01  35.122252  35.123331 
  9.012500e-01  35.121041  35.122116 
  9.025000e-01  35.119834  35.120906 
  9.037500e-01  35.118632  35.119700 
  9.050000e-01  35.117435  35.118498 
  9.062500e-01  35.116243  35.117302 
  9.075000e-01  35.115055  35.116110 
  9.087500e-01  35.113871  35.114922 
  9.100000e-01  35.112693  35.113739 
  9.112500e-01  35.111518  35.112561 
  9.125000e-01  35.110348  35.111387 
  9.137500e-01  35.109183  35.110218 
  9.150000e-01  35.108022  35.109053 
  9.162500e-01  35.106866  35.107893 
  9.175000e-01  35.105714  35.106737 
  9.187500e-01  35.104567  35.105586 
  9.200000e-01  35.103423  35.104439 
  9.212500e-01  35.102285  35.103296 
  9.225000e-01  35.101150  35.102158 
  9.237500e-01  35.100020  35.101024 
  9.250000e-01  35.098895  35.099894 
  9.262500e-01  35.097773  35.098769 
  9.275000e-01  35.096656  35.097648 
  9.287500e-01  35.095543  35.096531 
  9.300000e-01  35.094435  35.095419 
  9.312500e-01  35.093330  35.094311 
  9.325000e-01  35.092230  35.093207 
  9.337500e-01  35.091134  35.092107 
  9.350000e-01  35.090042  35.091012 
  9.362500e-01  35.088955  35.089921 
  9.375000e-01  35.087871  35.088833 
  9.387500e-01  35.086792  35.087750 
  9.400000e-01  35.085716  35.086671 
  9.412500e-01  35.084645  35.085596 
  9.425000e-01  35.083578  35.084526 
  9.437500e-01  35.082515  35.083459 
  9.450000e-01  35.081456  35.082396 
  9.462500e-01  35.080401  35.081338 
  9.475000e-01  35.079350  35.080283 
  9.487500e-01  35.078302  35.079232 
  9.500000e-01  35.077259  35.078186 
  9.512500e-01  35.076220  35.077143 
  9.525000e-01  35.075185  35.076104 
  9.537500e-01  35.074153  35.075069 
  9.550000e-01  35.073126  35.074038 
  9.562500e-01  35.072102  35.073011 
  9.575000e-01  35.071082  35.071988 
  9.587500e-01  35.070066  35.070969 
  9.600000e-01  35.069054  35.069953 
  9.612500e-01  35.068046  35.068941 
  9.625000e-01  35.067041  35.067933 
  9.637500e-01  35.066041  35.066929 
  9.650000e-01  35.065044  35.065929 
  9.662500e-01  35.064050  35.064932 
  9.675000e-01  35.063061  35.063939 
  9.687500e-01  35.062075  35.062950 
  9.700000e-01  35.061093  35.061965 
  9.712500e-01  35.060114  35.060983 
  9.725000e-01  35.059139  35.060005 
  9.737500e-01  35.058168  35.059030 
  9.750000e-01  35.057200  35.058060 
  9.762500e-01  35.056236  35.057092 
  9.775000e-01  35.055276  35.056129 
  9.787500e-01  35.054319  35.055169 
  9.800000e-01  35.053366  35.054212 
  9.812500e-01  35.052416  35.053259 
  9.825000e-01  35.051470  35.052310 
  9.837500e-01  35.050527  35.051364 
  9.850000e-01  35.049588  35.050422 
  9.862500e-01  35.048652  35.049483 
  9.875000e-01  35.047720  35.048548 
  9.887500e-01  35.046791  35.047616 
  9.900000e-01  35.045866  35.046687 
  9.912500e-01  35.044944  35.045762 
  9.925000e-01  35.044025  35.044841 
  9.937500e-01  35.043110  35.043923 
  9.950000e-01  35.042198  35.043008 
  9.962500e-01  35.041290  35.042097 
  9.975000e-01  35.040385  35.041188 
  9.987500e-01  35.039483  35.040284 
  1.000000e+00  35.038584  35.039382 
  1.001250e+00  35.037689  35.038484 
  1.002500e+00  35.036798  35.037590 
  1.003750e+00  35.035909  35.036698 
  1.005000e+00  35.035024  35.035810 
  1.006250e+00  35.034142  35.034925 
  1.007500e+00  35.033263  35.034043 
  1.008750e+00  35.032387  35.033165 
  1.010000e+00  35.031515  35.032289 
  1.011250e+00  35.030645  35.031417 
  1.012500e+00  35.029779  35.030548 
  1.013750e+00  35.028916  35.029683 
  1.015000e+00  35.028057  35.028820 
  1.016250e+00  35.027200  35.027961 
  1.017500e+00  35.026347  35.027105 
  1.018750e+00  35.025496  35.026251 
  1.020000e+00  35.024649  35.025401 
  1.021250e+00  35.023805  35.024554 
  1.022500e+00  35.022963  35.023710 
  1.023750e+00  35.022125  35.022870 
  1.025000e+00  35.021290  35.022032 
  1.026250e+00  35.020458  35.021197 
  1.027500e+00  35.019629  35.020365 
  1.028750e+00  35.018803  35.019537 
  1.030000e+00  35.017980  35.018711 
  1.031250e+00  35.017160  35.017888 
  1.032500e+00  35.016343  35.017069 
  1.033750e+00  35.015529  35.016252 
  1.035000e+00  35.014718  35.015438 
  1.036250e+00  35.013909  35.014627 
  1.037500e+00  35.013104  35.013819 
  1.038750e+00  35.012302  35.013014 
  1.040000e+00  35.011502  35.012212 
  1.041250e+00  35.010705  35.011413 
  1.042500e+00  35.009911  35.010616 
  1.043750e+00  35.009120  35.009823 
  1.045000e+00  35.008332  35.009032 
  1.046250e+00  35.007547  35.008244 
  1.047500e+00  35.006764  35.007459 
  1.048750e+00  35.005985  35.006677 
  1.050000e+00  35.005208  35.005898 
  1.051250e+00  35.004433  35.005121 
  1.052500e+00  35.003662  35.004347 
  1.053750e+00  35.002893  35.003576 
  1.055000e+00  35.002128  35.002808 
  1.056250e+00  35.001364  35.002042 
  1.057500e+00  35.000604  35.001279 
  1.058750e+00  34.999846  35.000519 
  1.060000e+00  34.999091  34.999762 
  1.061250e+00  34.998339  34.999007 
  1.062500e+00  34.997589  34.998255 
  1.063750e+00  34.996842  34.997505 
  1.065000e+00  34.996098  34.996759 
  1.066250e+00  34.995356  34.996015 
  1.067500e+00  34.994617  34.995273 
  1.068750e+00  34.993880  34.994534 
  1.070000e+00  34.993146  34.993798 
  1.071250e+00  34.992415  34.993065 
  1.072500e+00  34.991686  34.992334 
  1.073750e+00  34.990960  34.991605 
  1.075000e+00  34.990237  34.990879 
  1.076250e+00  34.989516  34.990156 
  1.077500e+00  34.988797  34.989435 
  1.078750e+00  34.988081  34.988717 
  1.080000e+00  34.987368  34.988001 
  1.081250e+00  34.986657  34.987288 
  1.082500e+00  34.985949  34.986578 
  1.083750e+00  34.985243  34.985870 
  1.085000e+00  34.984539  34.985164 
  1.086250e+00  34.983838  34.984461 
  1.087500e+00  34.983140  34.983760 
  1.088750e+00  34.982444  34.983062 
  1.090000e+00  34.981750  34.982366 
  1.091250e+00  34.981059  34.981673 
  1.092500e+00  34.980370  34.980982 
  1.093750e+00  34.979684  34.980293 
  1.095000e+00  34.979000  34.979607 
  1.096250e+00  34.978318  34.978924 
  1.097500e+00  34.977639  34.978242 
  1.098750e+00  34.976962  34.977563 
  1.100000e+00  34.976288  34.976887 
  1.101250e+00  34.975616  34.976213 
  1.102500e+00  34.974946  34.975541 
  1.103750e+00  34.974279  34.974871 
  1.105000e+00  34.973614  34.974204 
  1.106250e+00  34.972951  34.973539 
  1.107500e+00  34.972290  34.972877 
  1.108750e+00  34.971632  34.972217 
  1.110000e+00  34.970976  34.971559 
  1.111250e+00  34.970323  34.970903 
  1.112500e+00  34.969671  34.970250 
  1.113750e+00  34.969022  34.969599 
  1.115000e+00  34.968375  34.968950 
  1.116250e+00  34.967731  34.968303 
  1.117500e+00  34.967088  34.967659 
  1.118750e+00  34.966448  34.967017 
  1.120000e+00  34.965810  34.966377 
  1.121250e+00  34.965174  34.965739 
  1.122500e+00  34.964541  34.965103 
  1.123750e+00  34.963910  34.964470 
  1.125000e+00  34.963280  34.963839 
  1.126250e+00  34.962653  34.963210 
  1.127500e+00  34.962028  34.962583 
  1.128750e+00  34.961406  34.961959 
  1.130000e+00  34.960785  34.961336 
  1.131250e+00  34.960167  34.960716 
  1.132500e+00  34.959550  34.960098 
  1.133750e+00  34.958936  34.959482 
  1.135000e+00  34.958324  34.958868 
  1.136250e+00  34.957714  34.958256 
  1.137500e+00  34.957106  34.957646 
  1.138750e+00  34.956501  34.957038 
  1.140000e+00  34.955897  34.956433 
  1.141250e+00  34.955295  34.955829 
  1.142500e+00  34.954696  34.955228 
  1.143750e+00  34.954098  34.954629 
  1.145000e+00  34.953503  34.954031 
  1.146250e+00  34.952909  34.953436 
  1.147500e+00  34.952318  34.952843 
  1.148750e+00  34.951728  34.952252 
  1.150000e+00  34.951141  34.951662 
  1.151250e+00  34.950556  34.951075 
  1.152500e+00  34.949972  34.950490 
  1.153750e+00  34.949391  34.949907 
  1.155000e+00  34.948811  34.949326 
  1.156250e+00  34.948234  34.948747 
  1.157500e+00  34.947658  34.948169 
  1.158750e+00  34.947085  34.947594 
  1.160000e+00  34.946513  34.947021 
  1.161250e+00  34.945944  34.946449 
  1.162500e+00  34.945376  34.945880 
  1.163750e+00  34.944810  34.945313 
  1.165000e+00  34.944246  34.944747 
  1.166250e+00  34.943684  34.944183 
  1.167500e+00  34.943124  34.943622 
  1.168750e+00  34.942566  34.943062 
  1.170000e+00  34.942010  34.942504 
  1.171250e+00  34.941456  34.941948 
  1.172500e+00  34.940903  34.941394 
  1.173750e+00  34.940353  34.940842 
  1.175000e+00  34.939804  34.940291 
  1.176250e+00  34.939257  34.939743 
  1.177500e+00  34.938712  34.939196 
  1.178750e+00  34.938169  34.938651 
  1.180000e+00  34.937628  34.938108 
  1.181250e+00  34.937088  34.937567 
  1.182500e+00  34.936550  34.937028 
  1.183750e+00  34.936015  34.936490 
  1.185000e+00  34.935481  34.935955 
  1.186250e+00  34.934948  34.935421 
  1.187500e+00  34.934418  34.934889 
  1.188750e+00  34.933889  34.934359 
  1.190000e+00  34.933362  34.933830 
  1.191250e+00  34.932837  34.933303 
  1.192500e+00  34.932314  34.932779 
  1.193750e+00  34.931792  34.932255 
  1.195000e+00  34.931272  34.931734 
  1.196250e+00  34.930754  34.931214 
  1.197500e+00  34.930238  34.930696 
  1.198750e+00  34.929723  34.930180 
  1.200000e+00  34.929211  34.929666 
  1.201250e+00  34.928699  34.929153 
  1.202500e+00  34.928190  34.928642 
  1.203750e+00  34.927682  34.928133 
  1.205000e+00  34.927176  34.927626 
  1.206250e+00  34.926672  34.927120 
  1.207500e+00  34.926169  34.926616 
  1.208750e+00  34.925668  34.926113 
  1.210000e+00  34.925169  34.925612 
  1.211250e+00  34.924672  34.925113 
  1.212500e+00  34.924176  34.924616 
  1.213750e+00  34.923681  34.924120 
  1.215000e+00  34.923189  34.923626 
  1.216250e+00  34.922698  34.923134 
  1.217500e+00  34.922209  34.922643 
  1.218750e+00  34.921721  34.922154 
  1.220000e+00  34.921235  34.921666 
  1.221250e+00  34.920751  34.921181 
  1.222500e+00  34.920268  34.920696 
  1.223750e+00  34.919787  34.920214 
  1.225000e+00  34.919307  34.919733 
  1.226250e+00  34.918829  34.919253 
  1.227500e+00  34.918353  34.918776 
  1.228750e+00  34.917878  34.918300 
  1.230000e+00  34.917405  34.917825 
  1.231250e+00  34.916933  34.917352 
  1.232500e+00  34.916463  34.916881 
  1.233750e+00  34.915995  34.916411 
  1.235000e+00  34.915528  34.915942 
  1.236250e+00  34.915063  34.915476 
  1.237500e+00  34.914599  34.915010 
  1.238750e+00  34.914136  34.914547 
  1.240000e+00  34.913676  34.914085 
  1.241250e+00  34.913217  34.913624 
  1.242500e+00  34.912759  34.913165 
  1.243750e+00  34.912303  34.912708 
  1.245000e+00  34.911848  34.912252 
  1.246250e+00  34.911395  34.911798 
  1.247500e+00  34.910944  34.911345 
  1.248750e+00  34.910494  34.910893 
  1.250000e+00  34.910045  34.910443 
  1.251250e+00  34.909598  34.909995 
  1.252500e+00  34.909152  34.909548 
  1.253750e+00  34.908708  34.909103 
  1.255000e+00  34.908266  34.908659 
  1.256250e+00  34.907825  34.908216 
  1.257500e+00  34.907385  34.907775 
  1.258750e+00  34.906947  34.907336 
  1.260000e+00  34.906510  34.906898 
  1.261250e+00  34.906075  34.906461 
  1.262500e+00  34.905641  34.906026 
  1.263750e+00  34.905208  34.905592 
  1.265000e+00  34.904777  34.905160 
  1.266250e+00  34.904348  34.904729 
  1.267500e+00  34.903920  34.904300 
  1.268750e+00  34.903493  34.903872 
  1.270000e+00  34.903068  34.903445 
  1.271250e+00  34.902644  34.903020 
  1.272500e+00  34.902221  34.902596 
  1.273750e+00  34.901800  34.902174 
  1.275000e+00  34.901381  34.901753 
  1.276250e+00  34.900962  34.901334 
  1.277500e+00  34.900546  34.900916 
  1.278750e+00  34.900130  34.900499 
  1.280000e+00  34.899716  34.900084 
  1.281250e+00  34.899303  34.899670 
  1.282500e+00  34.898892  34.899257 
  1.283750e+00  34.898482  34.898846 
  1.285000e+00  34.898073  34.898436 
  1.286250e+00  34.897666  34.898027 
  1.287500e+00  34.897260  34.897620 
  1.288750e+00  34.896855  34.897215 
  1.290000e+00  34.896452  34.896810 
  1.291250e+00  34.896050  34.896407 
  1.292500e+00  34.895650  34.896005 
  1.293750e+00  34.895250  34.895605 
  1.295000e+00  34.894852  34.895206 
  1.296250e+00  34.894456  34.894808 
  1.297500e+00  34.894061  34.894411 
  1.298750e+00  34.893667  34.894016 
  1.300000e+00  34.893274  34.893622 
  1.301250e+00  34.892882  34.893230 
  1.302500e+00  34.892492  34.892839 
  1.303750e+00  34.892104  34.892449 
  1.305000e+00  34.891716  34.892060 
  1.306250e+00  34.891330  34.891673 
  1.307500e+00  34.890945  34.891287 
  1.308750e+00  34.890561  34.890902 
  1.310000e+00  34.890179  34.890518 
  1.311250e+00  34.889798  34.890136 
  1.312500e+00  34.889418  34.889755 
  1.313750e+00  34.889039  34.889376 
  1.315000e+00  34.888662  34.888997 
  1.316250e+00  34.888286  34.888620 
  1.317500e+00  34.887911  34.888244 
  1.318750e+00  34.887538  34.887869 
  1.320000e+00  34.887165  34.887496 
  1.321250e+00  34.886794  34.887124 
  1.322500e+00  34.886424  34.886753 
  1.323750e+00  34.886055  34.886383 
  1.325000e+00  34.885688  34.886014 
  1.326250e+00  34.885322  34.885647 
  1.327500e+00  34.884957  34.885281 
  1.328750e+00  34.884593  34.884916 
  1.330000e+00  34.884230  34.884552 
  1.331250e+00  34.883869  34.884190 
  1.332500e+00  34.883509  34.883829 
  1.333750e+00  34.883150  34.883469 
  1.335000e+00  34.882792  34.883110 
  1.336250e+00  34.882435  34.882752 
  1.337500e+00  34.882080  34.882395 
  1.338750e+00  34.881726  34.882040 
  1.340000e+00  34.881373  34.881686 
  1.341250e+00  34.881021  34.881333 
  1.342500e+00  34.880670  34.880981 
  1.343750e+00  34.880320  34.880631 
  1.345000e+00  34.879972  34.880281 
  1.346250e+00  34.879625  34.879933 
  1.347500e+00  34.879278  34.879586 
  1.348750e+00  34.878934  34.879240 
  1.350000e+00  34.878590  34.878895 
  1.351250e+00  34.878247  34.878551 
  1.352500e+00  34.877905  34.878209 
  1.353750e+00  34.877565  34.877867 
  1.355000e+00  34.877226  34.877527 
  1.356250e+00  34.876888  34.877188 
  1.357500e+00  34.876551  34.876850 
  1.358750e+00  34.876215  34.876513 
  1.360000e+00  34.875880  34.876177 
  1.361250e+00  34.875546  34.875842 
  1.362500e+00  34.875214  34.875509 
  1.363750e+00  34.874882  34.875176 
  1.365000e+00  34.874552  34.874845 
  1.366250e+00  34.874222  34.874515 
  1.367500e+00  34.873894  34.874186 
  1.368750e+00  34.873567  34.873858 
  1.370000e+00  34.873241  34.873531 
  1.371250e+00  34.872916  34.873205 
  1.372500e+00  34.872592  34.872880 
  1.373750e+00  34.872270  34.872556 
  1.375000e+00  34.871948  34.872234 
  1.376250e+00  34.871627  34.871912 
  1.377500e+00  34.871308  34.871591 
  1.378750e+00  34.870989  34.871272 
  1.380000e+00  34.870672  34.870954 
  1.381250e+00  34.870355  34.870636 
  1.382500e+00  34.870040  34.870320 
  1.383750e+00  34.869726  34.870005 
  1.385000e+00  34.869413  34.869691 
  1.386250e+00  34.869100  34.869378 
  1.387500e+00  34.868789  34.869066 
  1.388750e+00  34.868479  34.868755 
  1.390000e+00  34.868170  34.868445 
  1.391250e+00  34.867862  34.868136 
  1.392500e+00  34.867555  34.867828 
  1.393750e+00  34.867249  34.867521 
  1.395000e+00  34.866944  34.867215 
  1.396250e+00  34.866640  34.866910 
  1.397500e+00  34.866337  34.866606 
  1.398750e+00  34.866035  34.866303 
  1.400000e+00  34.865734  34.866001 
  1.401250e+00  34.865434  34.865701 
  1.402500e+00  34.865135  34.865401 
  1.403750e+00  34.864837  34.865102 
  1.405000e+00  34.864541  34.864804 
  1.406250e+00  34.864245  34.864507 
  1.407500e+00  34.863950  34.864212 
  1.408750e+00  34.863656  34.863917 
  1.410000e+00  34.863363  34.863623 
  1.411250e+00  34.863071  34.863330 
  1.412500e+00  34.862780  34.863038 
  1.413750e+00  34.862490  34.862747 
  1.415000e+00  34.862200  34.862457 
  1.416250e+00  34.861912  34.862168 
  1.417500e+00  34.861625  34.861880 
  1.418750e+00  34.861339  34.861593 
  1.420000e+00  34.861054  34.861307 
  1.421250e+00  34.860769  34.861022 
  1.422500e+00  34.860486  34.860738 
  1.423750e+00  34.860204  34.860454 
  1.425000e+00  34.859922  34.860172 
  1.426250e+00  34.859642  34.859891 
  1.427500e+00  34.859362  34.859610 
  1.428750e+00  34.859084  34.859331 
  1.430000e+00  34.858806  34.859052 
  1.431250e+00  34.858529  34.858775 
  1.432500e+00  34.858253  34.858498 
  1.433750e+00  34.857978  34.858222 
  1.435000e+00  34.857704  34.857948 
  1.436250e+00  34.857431  34.857674 
  1.437500e+00  34.857159  34.857401 
  1.438750e+00  34.856888  34.857129 
  1.440000e+00  34.856617  34.856858 
  1.441250e+00  34.856348  34.856587 
  1.442500e+00  34.856080  34.856318 
  1.443750e+00  34.855812  34.856050 
  1.445000e+00  34.855545  34.855782 
  1.446250e+00  34.855279  34.855515 
  1.447500e+00  34.855014  34.855250 
  1.448750e+00  34.854750  34.854985 
  1.450000e+00  34.854487  34.854721 
  1.451250e+00  34.854225  34.854458 
  1.452500e+00  34.853964  34.854196 
  1.453750e+00  34.853703  34.853934 
  1.455000e+00  34.853443  34.853674 
  1.456250e+00  34.853185  34.853414 
  1.457500e+00  34.852927  34.853156 
  1.458750e+00  34.852670  34.852898 
  1.460000e+00  34.852414  34.852641 
  1.461250e+00  34.852158  34.852385 
  1.462500e+00  34.851904  34.852130 
  1.463750e+00  34.851650  34.851876 
  1.465000e+00  34.851398  34.851622 
  1.466250e+00  34.851146  34.851369 
  1.467500e+00  34.850895  34.851118 
  1.468750e+00  34.850645  34.850867 
  1.470000e+00  34.850395  34.850617 
  1.471250e+00  34.850147  34.850367 
  1.472500e+00  34.849899  34.850119 
  1.473750e+00  34.849652  34.849871 
  1.475000e+00  34.849406  34.849625 
  1.476250e+00  34.849161  34.849379 
  1.477500e+00  34.848917  34.849134 
  1.478750e+00  34.848673  34.848890 
  1.480000e+00  34.848431  34.848646 
  1.481250e+00  34.848189  34.848404 
  1.482500e+00  34.847948  34.848162 
  1.483750e+00  34.847708  34.847921 
  1.485000e+00  34.847468  34.847681 
  1.486250e+00  34.847230  34.847442 
  1.487500e+00  34.846992  34.847203 
  1.488750e+00  34.846755  34.846965 
  1.490000e+00  34.846519  34.846729 
  1.491250e+00  34.846283  34.846492 
  1.492500e+00  34.846049  34.846257 
  1.493750e+00  34.845815  34.846023 
  1.495000e+00  34.845582  34.845789 
  1.496250e+00  34.845350  34.845556 
  1.497500e+00  34.845119  34.845324 
  1.498750e+00  34.844888  34.845093 
  1.500000e+00  34.844658  34.844862 
  1.501250e+00  34.844429  34.844632 
  1.502500e+00  34.844201  34.844404 
  1.503750e+00  34.843973  34.844175 
  1.505000e+00  34.843747  34.843948 
  1.506250e+00  34.843521  34.843721 
  1.507500e+00  34.843296  34.843495 
  1.508750e+00  34.843071  34.843270 
  1.510000e+00  34.842847  34.843046 
  1.511250e+00  34.842625  34.842822 
  1.512500e+00  34.842402  34.842600 
  1.513750e+00  34.842181  34.842378 
  1.515000e+00  34.841960  34.842156 
  1.516250e+00  34.841741  34.841936 
  1.517500e+00  34.841522  34.841716 
  1.518750e+00  34.841303  34.841497 
  1.520000e+00  34.841086  34.841279 
  1.521250e+00  34.840869  34.841061 
  1.522500e+00  34.840653  34.840844 
  1.523750e+00  34.840437  34.840628 
  1.525000e+00  34.840222  34.840413 
  1.526250e+00  34.840009  34.840198 
  1.527500e+00  34.839795  34.839985 
  1.528750e+00  34.839583  34.839772 
  1.530000e+00  34.839371  34.839559 
  1.531250e+00  34.839160  34.839347 
  1.532500e+00  34.838950  34.839137 
  1.533750e+00  34.838740  34.838926 
  1.535000e+00  34.838531  34.838717 
  1.536250e+00  34.838323  34.838508 
  1.537500e+00  34.838116  34.838300 
  1.538750e+00  34.837909  34.838093 
  1.540000e+00  34.837703  34.837886 
  1.541250e+00  34.837498  34.837680 
  1.542500e+00  34.837293  34.837475 
  1.543750e+00  34.837089  34.837270 
  1.545000e+00  34.836886  34.837067 
  1.546250e+00  34.836684  34.836863 
  1.547500e+00  34.836482  34.836661 
  1.548750e+00  34.836281  34.836459 
  1.550000e+00  34.836080  34.836258 
  1.551250e+00  34.835881  34.836058 
  1.552500e+00  34.835682  34.835858 
  1.553750e+00  34.835483  34.835659 
  1.555000e+00  34.835286  34.835461 
  1.556250e+00  34.835089  34.835263 
  1.557500e+00  34.834892  34.835067 
  1.558750e+00  34.834697  34.834870 
  1.560000e+00  34.834502  34.834675 
  1.561250e+00  34.834307  34.834480 
  1.562500e+00  34.834114  34.834286 
  1.563750e+00  34.833921  34.834092 
  1.565000e+00  34.833729  34.833899 
  1.566250e+00  34.833537  34.833707 
  1.567500e+00  34.833346  34.833516 
  1.568750e+00  34.833156  34.833325 
  1.570000e+00  34.832966  34.833134 
  1.571250e+00  34.832777  34.832945 
  1.572500e+00  34.832589  34.832756 
  1.573750e+00  34.832401  34.832568 
  1.575000e+00  34.832214  34.832380 
  1.576250e+00  34.832028  34.832193 
  1.577500e+00  34.831842  34.832007 
  1.578750e+00  34.831657  34.831821 
  1.580000e+00  34.831472  34.831636 
  1.581250e+00  34.831288  34.831452 
  1.582500e+00  34.831105  34.831268 
  1.583750e+00  34.830923  34.831085 
  1.585000e+00  34.830741  34.830902 
  1.586250e+00  34.830560  34.830721 
  1.587500e+00  34.830379  34.830539 
  1.588750e+00  34.830199  34.830359 
  1.590000e+00  34.830020  34.830179 
  1.591250e+00  34.829841  34.829999 
  1.592500e+00  34.829663  34.829821 
  1.593750e+00  34.829485  34.829643 
  1.595000e+00  34.829308  34.829465 
  1.596250e+00  34.829132  34.829288 
  1.597500e+00  34.828956  34.829112 
  1.598750e+00  34.828781  34.828937 
  1.600000e+00  34.828607  34.828762 
  1.601250e+00  34.828433  34.828587 
  1.602500e+00  34.828259  34.828413 
  1.603750e+00  34.828087  34.828240 
  1.605000e+00  34.827915  34.828068 
  1.606250e+00  34.827743  34.827896 
  1.607500e+00  34.827573  34.827724 
  1.608750e+00  34.827402  34.827553 
  1.610000e+00  34.827233  34.827383 
  1.611250e+00  34.827064  34.827214 
  1.612500e+00  34.826895  34.827045 
  1.613750e+00  34.826727  34.826876 
  1.615000e+00  34.826560  34.826708 
  1.616250e+00  34.826393  34.826541 
  1.617500e+00  34.826227  34.826375 
  1.618750e+00  34.826061  34.826208 
  1.620000e+00  34.825896  34.826043 
  1.621250e+00  34.825732  34.825878 
  1.622500e+00  34.825568  34.825714 
  1.623750e+00  34.825405  34.825550 
  1.625000e+00  34.825242  34.825387 
  1.626250e+00  34.825080  34.825224 
  1.627500e+00  34.824919  34.825062 
  1.628750e+00  34.824758  34.824901 
  1.630000e+00  34.824597  34.824740 
  1.631250e+00  34.824437  34.824579 
  1.632500e+00  34.824278  34.824420 
  1.633750e+00  34.824119  34.824260 
  1.635000e+00  34.823961  34.824102 
  1.636250e+00  34.823804  34.823944 
  1.637500e+00  34.823647  34.823786 
  1.638750e+00  34.823490  34.823629 
  1.640000e+00  34.823334  34.823473 
  1.641250e+00  34.823179  34.823317 
  1.642500e+00  34.823024  34.823161 
  1.643750e+00  34.822870  34.823007 
  1.645000e+00  34.822716  34.822852 
  1.646250e+00  34.822563  34.822699 
  1.647500e+00  34.822410  34.822546 
  1.648750e+00  34.822258  34.822393 
  1.650000e+00  34.822106  34.822241 
  1.651250e+00  34.821955  34.822089 
  1.652500e+00  34.821805  34.821938 
  1.653750e+00  34.821655  34.821788 
  1.655000e+00  34.821505  34.821638 
  1.656250e+00  34.821356  34.821488 
  1.657500e+00  34.821208  34.821340 
  1.658750e+00  34.821060  34.821191 
  1.660000e+00  34.820912  34.821043 
  1.661250e+00  34.820766  34.820896 
  1.662500e+00  34.820619  34.820749 
  1.663750e+00  34.820473  34.820603 
  1.665000e+00  34.820328  34.820457 
  1.666250e+00  34.820183  34.820312 
  1.667500e+00  34.820039  34.820167 
  1.668750e+00  34.819895  34.820023 
  1.670000e+00  34.819752  34.819879 
  1.671250e+00  34.819609  34.819736 
  1.672500e+00  34.819467  34.819593 
  1.673750e+00  34.819325  34.819451 
  1.675000e+00  34.819184  34.819310 
  1.676250e+00  34.819043  34.819168 
  1.677500e+00  34.818903  34.819028 
  1.678750e+00  34.818763  34.818887 
  1.680000e+00  34.818624  34.818748 
  1.681250e+00  34.818485  34.818609 
  1.682500e+00  34.818347  34.818470 
  1.683750e+00  34.818209  34.818332 
  1.685000e+00  34.818072  34.818194 
  1.686250e+00  34.817935  34.818057 
  1.687500e+00  34.817799  34.817920 
  1.688750e+00  34.817663  34.817784 
  1.690000e+00  34.817528  34.817648 
  1.691250e+00  34.817393  34.817513 
  1.692500e+00  34.817259  34.817378 
  1.693750e+00  34.817125  34.817244 
  1.695000e+00  34.816991  34.817110 
  1.696250e+00  34.816859  34.816977 
  1.697500e+00  34.816726  34.816844 
  1.698750e+00  34.816594  34.816711 
  1.700000e+00  34.816463  34.816579 
  1.701250e+00  34.816332  34.816448 
  1.702500e+00  34.816201  34.816317 
  1.703750e+00  34.816071  34.816186 
  1.705000e+00  34.815941  34.816056 
  1.706250e+00  34.815812  34.815927 
  1.707500e+00  34.815683  34.815798 
  1.708750e+00  34.815555  34.815669 
  1.710000e+00  34.815427  34.815541 
  1.711250e+00  34.815300  34.815413 
  1.712500e+00  34.815173  34.815286 
  1.713750e+00  34.815047  34.815159 
  1.715000e+00  34.814921  34.815033 
  1.716250e+00  34.814795  34.814907 
  1.717500e+00  34.814670  34.814781 
  1.718750e+00  34.814545  34.814656 
  1.720000e+00  34.814421  34.814532 
  1.721250e+00  34.814298  34.814407 
  1.722500e+00  34.814174  34.814284 
  1.723750e+00  34.814051  34.814160 
  1.725000e+00  34.813929  34.814038 
  1.726250e+00  34.813807  34.813915 
  1.727500e+00  34.813686  34.813793 
  1.728750e+00  34.813564  34.813672 
  1.730000e+00  34.813444  34.813551 
  1.731250e+00  34.813324  34.813430 
  1.732500e+00  34.813204  34.813310 
  1.733750e+00  34.813084  34.813190 
  1.735000e+00  34.812966  34.813071 
  1.736250e+00  34.812847  34.812952 
  1.737500e+00  34.812729  34.812834 
  1.738750e+00  34.812611  34.812716 
  1.740000e+00  34.812494  34.812598 
  1.741250e+00  34.812377  34.812481 
  1.742500e+00  34.812261  34.812364 
  1.743750e+00  34.812145  34.812248 
  1.745000e+00  34.812029  34.812132 
  1.746250e+00  34.811914  34.812017 
  1.747500e+00  34.811800  34.811901 
  1.748750e+00  34.811685  34.811787 
  1.750000e+00  34.811571  34.811673 
  1.751250e+00  34.811458  34.811559 
  1.752500e+00  34.811345  34.811445 
  1.753750e+00  34.811232  34.811332 
  1.755000e+00  34.811120  34.811220 
  1.756250e+00  34.811008  34.811108 
  1.757500e+00  34.810897  34.810996 
  1.758750e+00  34.810786  34.810884 
  1.760000e+00  34.810675  34.810773 
  1.761250e+00  34.810565  34.810663 
  1.762500e+00  34.810455  34.810553 
  1.763750e+00  34.810346  34.810443 
  1.765000e+00  34.810237  34.810333 
  1.766250e+00  34.810128  34.810225 
  1.767500e+00  34.810020  34.810116 
  1.768750e+00  34.809912  34.810008 
  1.770000e+00  34.809805  34.809900 
  1.771250e+00  34.809697  34.809793 
  1.772500e+00  34.809591  34.809686 
  1.773750e+00  34.809485  34.809579 
  1.775000e+00  34.809379  34.809473 
  1.776250e+00  34.809273  34.809367 
  1.777500e+00  34.809168  34.809261 
  1.778750e+00  34.809063  34.809156 
  1.780000e+00  34.808959  34.809052 
  1.781250e+00  34.808855  34.808947 
  1.782500e+00  34.808751  34.808843 
  1.783750e+00  34.808648  34.808740 
  1.785000e+00  34.808545  34.808637 
  1.786250e+00  34.808443  34.808534 
  1.787500e+00  34.808341  34.808431 
  1.788750e+00  34.808239  34.808329 
  1.790000e+00  34.808138  34.808228 
  1.791250e+00  34.808037  34.808126 
  1.792500e+00  34.807936  34.808025 
  1.793750e+00  34.807836  34.807925 
  1.795000e+00  34.807736  34.807824 
  1.796250e+00  34.807636  34.807725 
  1.797500e+00  34.807537  34.807625 
  1.798750e+00  34.807438  34.807526 
  1.800000e+00  34.807340  34.807427 
  1.801250e+00  34.807242  34.807329 
  1.802500e+00  34.807144  34.807231 
  1.803750e+00  34.807047  34.807133 
  1.805000e+00  34.806950  34.807036 
  1.806250e+00  34.806853  34.806939 
  1.807500e+00  34.806757  34.806842 
  1.808750e+00  34.806661  34.806746 
  1.810000e+00  34.806565  34.806650 
  1.811250e+00  34.806470  34.806555 
  1.812500e+00  34.806375  34.806459 
  1.813750e+00  34.806281  34.806364 
  1.815000e+00  34.806186  34.806270 
  1.816250e+00  34.806092  34.806176 
  1.817500e+00  34.805999  34.806082 
  1.818750e+00  34.805906  34.805989 
  1.820000e+00  34.805813  34.805895 
  1.821250e+00  34.805720  34.805803 
  1.822500e+00  34.805628  34.805710 
  1.823750e+00  34.805537  34.805618 
  1.825000e+00  34.805445  34.805526 
  1.826250e+00  34.805354  34.805435 
  1.827500e+00  34.805263  34.805344 
  1.828750e+00  34.805173  34.805253 
  1.830000e+00  34.805083  34.805163 
  1.831250e+00  34.804993  34.805072 
  1.832500e+00  34.804903  34.804983 
  1.833750e+00  34.804814  34.804893 
  1.835000e+00  34.804725  34.804804 
  1.836250e+00  34.804637  34.804715 
  1.837500e+00  34.804549  34.804627 
  1.838750e+00  34.804461  34.804539 
  1.840000e+00  34.804373  34.804451 
  1.841250e+00  34.804286  34.804364 
  1.842500e+00  34.804199  34.804276 
  1.843750e+00  34.804113  34.804190 
  1.845000e+00  34.804027  34.804103 
  1.846250e+00  34.803941  34.804017 
  1.847500e+00  34.803855  34.803931 
  1.848750e+00  34.803770  34.803845 
  1.850000e+00  34.803685  34.803760 
  1.851250e+00  34.803600  34.803675 
  1.852500e+00  34.803516  34.803591 
  1.853750e+00  34.803432  34.803506 
  1.855000e+00  34.803348  34.803422 
  1.856250e+00  34.803265  34.803339 
  1.857500e+00  34.803182  34.803255 
  1.858750e+00  34.803099  34.803172 
  1.860000e+00  34.803016  34.803090 
  1.861250e+00  34.802934  34.803007 
  1.862500e+00  34.802852  34.802925 
  1.863750e+00  34.802771  34.802843 
  1.865000e+00  34.802689  34.802762 
  1.866250e+00  34.802608  34.802680 
  1.867500e+00  34.802528  34.802599 
  1.868750e+00  34.802447  34.802519 
  1.870000e+00  34.802367  34.802438 
  1.871250e+00  34.802288  34.802358 
  1.872500e+00  34.802208  34.802279 
  1.873750e+00  34.802129  34.802199 
  1.875000e+00  34.802050  34.802120 
  1.876250e+00  34.801972  34.802041 
  1.877500e+00  34.801893  34.801963 
  1.878750e+00  34.801815  34.801884 
  1.880000e+00  34.801737  34.801806 
  1.881250e+00  34.801660  34.801729 
  1.882500e+00  34.801583  34.801651 
  1.883750e+00  34.801506  34.801574 
  1.885000e+00  34.801429  34.801497 
  1.886250e+00  34.801353  34.801421 
  1.887500e+00  34.801277  34.801345 
  1.888750e+00  34.801201  34.801269 
  1.890000e+00  34.801126  34.801193 
  1.891250e+00  34.801051  34.801118 
  1.892500e+00  34.800976  34.801042 
  1.893750e+00  34.800901  34.800968 
  1.895000e+00  34.800827  34.800893 
  1.896250e+00  34.800753  34.800819 
  1.897500e+00  34.800679  34.800745 
  1.898750e+00  34.800606  34.800671 
  1.900000e+00  34.800533  34.800598 
  1.901250e+00  34.800460  34.800524 
  1.902500e+00  34.800387  34.800451 
  1.903750e+00  34.800315  34.800379 
  1.905000e+00  34.800242  34.800306 
  1.906250e+00  34.800171  34.800234 
  1.907500e+00  34.800099  34.800163 
  1.908750e+00  34.800028  34.800091 
  1.910000e+00  34.799957  34.800020 
  1.911250e+00  34.799886  34.799949 
  1.912500e+00  34.799815  34.799878 
  1.913750e+00  34.799745  34.799807 
  1.915000e+00  34.799675  34.799737 
  1.916250e+00  34.799605  34.799667 
  1.917500e+00  34.799536  34.799597 
  1.918750e+00  34.799467  34.799528 
  1.920000e+00  34.799398  34.799459 
  1.921250e+00  34.799329  34.799390 
  1.922500e+00  34.799260  34.799321 
  1.923750e+00  34.799192  34.799253 
  1.925000e+00  34.799124  34.799185 
  1.926250e+00  34.799057  34.799117 
  1.927500e+00  34.798989  34.799049 
  1.928750e+00  34.798922  34.798982 
  1.930000e+00  34.798855  34.798915 
  1.931250e+00  34.798788  34.798848 
  1.932500e+00  34.798722  34.798781 
  1.933750e+00  34.798656  34.798715 
  1.935000e+00  34.798590  34.798648 
  1.936250e+00  34.798524  34.798583 
  1.937500e+00  34.798459  34.798517 
  1.938750e+00  34.798394  34.798451 
  1.940000e+00  34.798329  34.798386 
  1.941250e+00  34.798264  34.798321 
  1.942500e+00  34.798199  34.798257 
  1.943750e+00  34.798135  34.798192 
  1.945000e+00  34.798071  34.798128 
  1.946250e+00  34.798008  34.798064 
  1.947500e+00  34.797944  34.798000 
  1.948750e+00  34.797881  34.797937 
  1.950000e+00  34.797818  34.797874 
  1.951250e+00  34.797755  34.797811 
  1.952500e+00  34.797692  34.797748 
  1.953750e+00  34.797630  34.797686 
  1.955000e+00  34.797568  34.797623 
  1.956250e+00  34.797506  34.797561 
  1.957500e+00  34.797445  34.797499 
  1.958750e+00  34.797383  34.797438 
  1.960000e+00  34.797322  34.797376 
  1.961250e+00  34.797261  34.797315 
  1.962500e+00  34.797201  34.797254 
  1.963750e+00  34.797140  34.797194 
  1.965000e+00  34.797080  34.797133 
  1.966250e+00  34.797020  34.797073 
  1.967500e+00  34.796960  34.797013 
  1.968750e+00  34.796901  34.796953 
  1.970000e+00  34.796841  34.796894 
  1.971250e+00  34.796782  34.796835 
  1.972500e+00  34.796723  34.796776 
  1.973750e+00  34.796665  34.796717 
  1.975000e+00  34.796606  34.796658 
  1.976250e+00  34.796548  34.796600 
  1.977500e+00  34.796490  34.796541 
  1.978750e+00  34.796432  34.796483 
  1.980000e+00  34.796375  34.796426 
  1.981250e+00  34.796317  34.796368 
  1.982500e+00  34.796260  34.796311 
  1.983750e+00  34.796203  34.796254 
  1.985000e+00  34.796147  34.796197 
  1.986250e+00  34.796090  34.796140 
  1.987500e+00  34.796034  34.796084 
  1.988750e+00  34.795978  34.796028 
  1.990000e+00  34.795922  34.795972 
  1.991250e+00  34.795866  34.795916 
  1.992500e+00  34.795811  34.795860 
  1.993750e+00  34.795756  34.795805 
  1.995000e+00  34.795701  34.795750 
  1.996250e+00  34.795646  34.795695 
  1.997500e+00  34.795591  34.795640 
  1.998750e+00  34.795537  34.795585 
  2.000000e+00  34.795483  34.795531 
