  5.000000e-03  7.36119156 19.77752961 
  7.500000e-03  7.36119156 19.77809929 
  1.000000e-02  7.36119156 19.77815827 
  1.250000e-02  7.36119156 19.77718998 
  1.500000e-02  7.36119156 19.77928817 
  1.750000e-02  7.36119156 19.77947777 
  2.000000e-02  7.36119156 19.77947413 
  2.250000e-02  7.36119156 19.77936303 
  2.500000e-02  7.36119156 19.77935377 
  2.750000e-02  7.36119156 19.77936193 
  3.000000e-02  7.36119156 19.77934976 
  3.250000e-02  7.36119156 19.77956366 
  3.500000e-02  7.36119156 19.77754050 
  3.750000e-02  7.36119156 19.77815849 
  4.000000e-02  7.36119156 19.77832683 
  4.250000e-02  7.36119156 19.77838180 
  4.500000e-02  7.36119156 19.77839038 
  4.750000e-02  7.36119156 19.77832046 
  5.000000e-02  7.36119156 19.77806939 
  5.250000e-02  7.36119156 19.77851745 
  5.500000e-02  7.36119156 19.77852966 
  5.750000e-02  7.36119156 19.77849408 
  6.000000e-02  7.36119156 19.77864293 
  6.250000e-02  7.36119156 19.77852337 
  6.500000e-02  7.36119156 19.77867078 
  6.750000e-02  7.36119156 19.77862052 
  7.000000e-02  7.36119156 19.77798291 
  7.250000e-02  7.36119156 19.77843317 
  7.500000e-02  7.36119156 19.77814253 
  7.750000e-02  7.36119156 19.77832119 
  8.000000e-02  7.36119156 19.77825097 
  8.250000e-02  7.36119156 19.77806691 
  8.500000e-02  7.36119156 19.77826460 
  8.750000e-02  7.36119156 19.77840647 
  9.000000e-02  7.36119156 19.77851417 
  9.250000e-02  7.36119156 19.77842610 
  9.500000e-02  7.36119156 19.77845403 
  9.750000e-02  7.36119156 19.77852729 
  1.000000e-01  7.36119156 19.77846623 
  1.025000e-01  7.36119156 19.77853122 
  1.050000e-01  7.36119156 19.77851913 
  1.075000e-01  7.36119156 19.77842200 
  1.100000e-01  7.36119156 19.77834559 
  1.125000e-01  7.36119156 19.77829089 
  1.150000e-01  7.36119156 19.77824034 
  1.175000e-01  7.36119156 19.77826608 
  1.200000e-01  7.36119156 19.77829623 
  1.225000e-01  7.36119156 19.77832162 
  1.250000e-01  7.36119156 19.77834305 
  1.275000e-01  7.36119156 19.77836221 
  1.300000e-01  7.36119156 19.77838039 
  1.325000e-01  7.36119156 19.77839829 
  1.350000e-01  7.36119156 19.77841620 
  1.375000e-01  7.36119156 19.77843406 
  1.400000e-01  7.36119156 19.77845156 
  1.425000e-01  7.36119156 19.77846822 
  1.450000e-01  7.36119156 19.77848355 
  1.475000e-01  7.36119156 19.77849719 
  1.500000e-01  7.36119156 19.77850907 
  1.525000e-01  7.36119156 19.77851971 
  1.550000e-01  7.36119156 19.77852909 
  1.575000e-01  7.36119156 19.77843602 
  1.600000e-01  7.36119156 19.77840896 
  1.625000e-01  7.36119156 19.77840610 
  1.650000e-01  7.36119156 19.77841061 
  1.675000e-01  7.36119156 19.77841658 
  1.700000e-01  7.36119156 19.77842202 
  1.725000e-01  7.36119156 19.77842645 
  1.750000e-01  7.36119156 19.77842997 
  1.775000e-01  7.36119156 19.77843289 
  1.800000e-01  7.36119156 19.77843550 
  1.825000e-01  7.36119156 19.77843797 
  1.850000e-01  7.36119156 19.77844042 
  1.875000e-01  7.36119156 19.77844289 
  1.900000e-01  7.36119156 19.77844538 
  1.925000e-01  7.36119156 19.77844787 
  1.950000e-01  7.36119156 19.77845031 
  1.975000e-01  7.36119156 19.77845266 
  2.000000e-01  7.36119156 19.77845488 
  2.025000e-01  7.36119156 19.77845694 
  2.050000e-01  7.36119156 19.77845883 
  2.075000e-01  7.36119156 19.77846055 
  2.100000e-01  7.36119156 19.77846211 
  2.125000e-01  7.36119156 19.77846354 
  2.150000e-01  7.36119156 19.77846484 
  2.175000e-01  7.36119156 19.77846606 
  2.200000e-01  7.36119156 19.77846720 
  2.225000e-01  7.36119156 19.77846828 
  2.250000e-01  7.36119156 19.77846931 
  2.275000e-01  7.36119156 19.77847031 
  2.300000e-01  7.36119156 19.77847126 
  2.325000e-01  7.36119156 19.77847219 
  2.350000e-01  7.36119156 19.77847308 
  2.375000e-01  7.36119156 19.77847394 
  2.400000e-01  7.36119156 19.77847477 
  2.425000e-01  7.36119156 19.77847557 
  2.450000e-01  7.36119156 19.77847635 
  2.475000e-01  7.36119156 19.77847709 
  2.500000e-01  7.36119156 19.77847782 
  2.525000e-01  7.36119156 19.77847852 
  2.550000e-01  7.36119156 19.77847919 
  2.575000e-01  7.36119156 19.77847984 
  2.600000e-01  7.36119156 19.77848047 
  2.625000e-01  7.36119156 19.77848108 
  2.650000e-01  7.36119156 19.77848166 
  2.675000e-01  7.36119156 19.77848223 
  2.700000e-01  7.36119156 19.77848278 
  2.725000e-01  7.36119156 19.77848331 
  2.750000e-01  7.36119156 19.77848382 
  2.775000e-01  7.36119156 19.77848432 
  2.800000e-01  7.36119156 19.77848480 
  2.825000e-01  7.36119156 19.77848527 
  2.850000e-01  7.36119156 19.77848572 
  2.875000e-01  7.36119156 19.77848616 
  2.900000e-01  7.36119156 19.77848659 
  2.925000e-01  7.36119156 19.77848677 
  2.950000e-01  7.36119156 19.77848686 
  2.975000e-01  7.36119156 19.77848693 
  3.000000e-01  7.36119156 19.77848699 
  3.025000e-01  7.36119156 19.77848704 
  3.050000e-01  7.36119156 19.77848709 
  3.075000e-01  7.36119156 19.77848713 
  3.100000e-01  7.36119156 19.77848718 
  3.125000e-01  7.36119156 19.77848722 
  3.150000e-01  7.36119156 19.77848727 
  3.175000e-01  7.36119156 19.77848731 
  3.200000e-01  7.36119156 19.77848735 
  3.225000e-01  7.36119156 19.77848739 
  3.250000e-01  7.36119156 19.77848742 
  3.275000e-01  7.36119156 19.77848746 
  3.300000e-01  7.36119156 19.77848749 
  3.325000e-01  7.36119156 19.77848753 
  3.350000e-01  7.36119156 19.77848756 
  3.375000e-01  7.36119156 19.77848759 
  3.400000e-01  7.36119156 19.77848762 
  3.425000e-01  7.36119156 19.77848765 
  3.450000e-01  7.36119156 19.77848768 
  3.475000e-01  7.36119156 19.77848771 
  3.500000e-01  7.36119156 19.77848774 
  3.525000e-01  7.36119156 19.77848776 
  3.550000e-01  7.36119156 19.77848779 
  3.575000e-01  7.36119156 19.77848781 
  3.600000e-01  7.36119156 19.77848784 
  3.625000e-01  7.36119156 19.77848786 
  3.650000e-01  7.36119156 19.77848788 
  3.675000e-01  7.36119156 19.77848790 
  3.700000e-01  7.36119156 19.77848792 
  3.725000e-01  7.36119156 19.77848794 
  3.750000e-01  7.36119156 19.77848796 
  3.775000e-01  7.36119156 19.77848798 
  3.800000e-01  7.36119156 19.77848800 
  3.825000e-01  7.36119156 19.77848801 
  3.850000e-01  7.36119156 19.77848803 
  3.875000e-01  7.36119156 19.77848805 
  3.900000e-01  7.36119156 19.77848806 
  3.925000e-01  7.36119156 19.77848808 
  3.950000e-01  7.36119156 19.77848809 
  3.975000e-01  7.36119156 19.77848810 
  4.000000e-01  7.36119156 19.77848812 
  4.025000e-01  7.36119156 19.77848813 
  4.050000e-01  7.36119156 19.77848814 
  4.075000e-01  7.36119156 19.77848816 
  4.100000e-01  7.36119156 19.77848817 
  4.125000e-01  7.36119156 19.77848818 
  4.150000e-01  7.36119156 19.77848819 
  4.175000e-01  7.36119156 19.77848820 
  4.200000e-01  7.36119156 19.77848821 
  4.225000e-01  7.36119156 19.77848822 
  4.250000e-01  7.36119156 19.77848823 
  4.275000e-01  7.36119156 19.77848824 
  4.300000e-01  7.36119156 19.77848825 
  4.325000e-01  7.36119156 19.77848826 
  4.350000e-01  7.36119156 19.77848826 
  4.375000e-01  7.36119156 19.77848827 
  4.400000e-01  7.36119156 19.77848828 
  4.425000e-01  7.36119156 19.77848829 
  4.450000e-01  7.36119156 19.77848829 
  4.475000e-01  7.36119156 19.77848830 
  4.500000e-01  7.36119156 19.77848831 
  4.525000e-01  7.36119156 19.77848831 
  4.550000e-01  7.36119156 19.77848832 
  4.575000e-01  7.36119156 19.77848833 
  4.600000e-01  7.36119156 19.77848833 
  4.625000e-01  7.36119156 19.77848834 
  4.650000e-01  7.36119156 19.77848834 
  4.675000e-01  7.36119156 19.77848835 
  4.700000e-01  7.36119156 19.77848835 
  4.725000e-01  7.36119156 19.77848836 
  4.750000e-01  7.36119156 19.77848836 
  4.775000e-01  7.36119156 19.77848837 
  4.800000e-01  7.36119156 19.77848837 
  4.825000e-01  7.36119156 19.77848838 
  4.850000e-01  7.36119156 19.77848838 
  4.875000e-01  7.36119156 19.77848838 
  4.900000e-01  7.36119156 19.77848839 
  4.925000e-01  7.36119156 19.77848839 
  4.950000e-01  7.36119156 19.77848839 
  4.975000e-01  7.36119156 19.77848840 
  5.000000e-01  7.36119156 19.77848840 
  5.025000e-01  7.36119156 19.77848840 
  5.050000e-01  7.36119156 19.77848841 
  5.075000e-01  7.36119156 19.77848841 
  5.100000e-01  7.36119156 19.77848841 
  5.125000e-01  7.36119156 19.77848842 
  5.150000e-01  7.36119156 19.77848842 
  5.175000e-01  7.36119156 19.77848842 
  5.200000e-01  7.36119156 19.77848842 
  5.225000e-01  7.36119156 19.77848843 
  5.250000e-01  7.36119156 19.77848843 
  5.275000e-01  7.36119156 19.77848843 
  5.300000e-01  7.36119156 19.77848843 
  5.325000e-01  7.36119156 19.77848844 
  5.350000e-01  7.36119156 19.77848844 
  5.375000e-01  7.36119156 19.77848844 
  5.400000e-01  7.36119156 19.77848844 
  5.425000e-01  7.36119156 19.77848844 
  5.450000e-01  7.36119156 19.77848845 
  5.475000e-01  7.36119156 19.77848845 
  5.500000e-01  7.36119156 19.77848845 
  5.525000e-01  7.36119156 19.77848845 
  5.550000e-01  7.36119156 19.77848845 
  5.575000e-01  7.36119156 19.77848845 
  5.600000e-01  7.36119156 19.77848846 
  5.625000e-01  7.36119156 19.77848846 
  5.650000e-01  7.36119156 19.77848846 
  5.675000e-01  7.36119156 19.77848846 
  5.700000e-01  7.36119156 19.77848846 
  5.725000e-01  7.36119156 19.77848846 
  5.750000e-01  7.36119156 19.77848846 
  5.775000e-01  7.36119156 19.77848847 
  5.800000e-01  7.36119156 19.77848847 
  5.825000e-01  7.36119156 19.77848847 
  5.850000e-01  7.36119156 19.77848847 
  5.875000e-01  7.36119156 19.77848847 
  5.900000e-01  7.36119156 19.77848847 
  5.925000e-01  7.36119156 19.77848847 
  5.950000e-01  7.36119156 19.77848847 
  5.975000e-01  7.36119156 19.77848847 
  6.000000e-01  7.36119156 19.77848847 
  6.025000e-01  7.36119156 19.77848848 
  6.050000e-01  7.36119156 19.77848848 
  6.075000e-01  7.36119156 19.77848848 
  6.100000e-01  7.36119156 19.77848848 
  6.125000e-01  7.36119156 19.77848848 
  6.150000e-01  7.36119156 19.77848848 
  6.175000e-01  7.36119156 19.77848848 
  6.200000e-01  7.36119156 19.77848848 
  6.225000e-01  7.36119156 19.77848848 
  6.250000e-01  7.36119156 19.77848848 
  6.275000e-01  7.36119156 19.77848848 
  6.300000e-01  7.36119156 19.77848848 
  6.325000e-01  7.36119156 19.77848848 
  6.350000e-01  7.36119156 19.77848848 
  6.375000e-01  7.36119156 19.77848848 
  6.400000e-01  7.36119156 19.77848848 
  6.425000e-01  7.36119156 19.77848848 
  6.450000e-01  7.36119156 19.77848848 
  6.475000e-01  7.36119156 19.77848848 
  6.500000e-01  7.36119156 19.77848848 
  6.525000e-01  7.36119156 19.77848848 
  6.550000e-01  7.36119156 19.77848848 
  6.575000e-01  7.36119156 19.77848848 
  6.600000e-01  7.36119156 19.77848848 
  6.625000e-01  7.36119156 19.77848848 
  6.650000e-01  7.36119156 19.77848848 
  6.675000e-01  7.36119156 19.77848848 
  6.700000e-01  7.36119156 19.77848848 
  6.725000e-01  7.36119156 19.77848848 
  6.750000e-01  7.36119156 19.77848848 
  6.775000e-01  7.36119156 19.77848848 
  6.800000e-01  7.36119156 19.77848848 
  6.825000e-01  7.36119156 19.77848848 
  6.850000e-01  7.36119156 19.77848848 
  6.875000e-01  7.36119156 19.77848848 
  6.900000e-01  7.36119156 19.77848848 
  6.925000e-01  7.36119156 19.77848848 
  6.950000e-01  7.36119156 19.77848848 
  6.975000e-01  7.36119156 19.77848848 
  7.000000e-01  7.36119156 19.77848848 
  7.025000e-01  7.36119156 19.77848848 
  7.050000e-01  7.36119156 19.77848848 
  7.075000e-01  7.36119156 19.77848848 
  7.100000e-01  7.36119156 19.77848848 
  7.125000e-01  7.36119156 19.77848848 
  7.150000e-01  7.36119156 19.77848848 
  7.175000e-01  7.36119156 19.77848848 
  7.200000e-01  7.36119156 19.77848848 
  7.225000e-01  7.36119156 19.77848847 
  7.250000e-01  7.36119156 19.77848847 
  7.275000e-01  7.36119156 19.77848847 
  7.300000e-01  7.36119156 19.77848847 
  7.325000e-01  7.36119156 19.77848847 
  7.350000e-01  7.36119156 19.77848847 
  7.375000e-01  7.36119156 19.77848847 
  7.400000e-01  7.36119156 19.77848847 
  7.425000e-01  7.36119156 19.77848847 
  7.450000e-01  7.36119156 19.77848847 
  7.475000e-01  7.36119156 19.77848847 
  7.500000e-01  7.36119156 19.77848847 
  7.525000e-01  7.36119156 19.77848846 
  7.550000e-01  7.36119156 19.77848846 
  7.575000e-01  7.36119156 19.77848846 
  7.600000e-01  7.36119156 19.77848846 
  7.625000e-01  7.36119156 19.77848846 
  7.650000e-01  7.36119156 19.77848846 
  7.675000e-01  7.36119156 19.77848846 
  7.700000e-01  7.36119156 19.77848846 
  7.725000e-01  7.36119156 19.77848846 
  7.750000e-01  7.36119156 19.77848845 
  7.775000e-01  7.36119156 19.77848845 
  7.800000e-01  7.36119156 19.77848845 
  7.825000e-01  7.36119156 19.77848845 
  7.850000e-01  7.36119156 19.77848845 
  7.875000e-01  7.36119156 19.77848845 
  7.900000e-01  7.36119156 19.77848845 
  7.925000e-01  7.36119156 19.77848845 
  7.950000e-01  7.36119156 19.77848844 
  7.975000e-01  7.36119156 19.77848844 
  8.000000e-01  7.36119156 19.77848844 
  8.025000e-01  7.36119156 19.77848844 
  8.050000e-01  7.36119156 19.77848844 
  8.075000e-01  7.36119156 19.77848844 
  8.100000e-01  7.36119156 19.77848844 
  8.125000e-01  7.36119156 19.77848843 
  8.150000e-01  7.36119156 19.77848843 
  8.175000e-01  7.36119156 19.77848843 
  8.200000e-01  7.36119156 19.77848843 
  8.225000e-01  7.36119156 19.77848843 
  8.250000e-01  7.36119156 19.77848843 
  8.275000e-01  7.36119156 19.77848842 
  8.300000e-01  7.36119156 19.77848842 
  8.325000e-01  7.36119156 19.77848842 
  8.350000e-01  7.36119156 19.77848842 
  8.375000e-01  7.36119156 19.77848842 
  8.400000e-01  7.36119156 19.77848842 
  8.425000e-01  7.36119156 19.77848842 
  8.450000e-01  7.36119156 19.77848841 
  8.475000e-01  7.36119156 19.77848841 
  8.500000e-01  7.36119156 19.77848841 
  8.525000e-01  7.36119156 19.77848841 
  8.550000e-01  7.36119156 19.77848841 
  8.575000e-01  7.36119156 19.77848841 
  8.600000e-01  7.36119156 19.77848840 
  8.625000e-01  7.36119156 19.77848840 
  8.650000e-01  7.36119156 19.77848840 
  8.675000e-01  7.36119156 19.77848840 
  8.700000e-01  7.36119156 19.77848840 
  8.725000e-01  7.36119156 19.77848840 
  8.750000e-01  7.36119156 19.77848839 
  8.775000e-01  7.36119156 19.77848839 
  8.800000e-01  7.36119156 19.77848839 
  8.825000e-01  7.36119156 19.77848839 
  8.850000e-01  7.36119156 19.77848839 
  8.875000e-01  7.36119156 19.77848839 
  8.900000e-01  7.36119156 19.77848838 
  8.925000e-01  7.36119156 19.77848838 
  8.950000e-01  7.36119156 19.77848838 
  8.975000e-01  7.36119156 19.77848838 
  9.000000e-01  7.36119156 19.77848838 
  9.025000e-01  7.36119156 19.77848838 
  9.050000e-01  7.36119156 19.77848837 
  9.075000e-01  7.36119156 19.77848837 
  9.100000e-01  7.36119156 19.77848837 
  9.125000e-01  7.36119156 19.77848837 
  9.150000e-01  7.36119156 19.77848837 
  9.175000e-01  7.36119156 19.77848837 
  9.200000e-01  7.36119156 19.77848836 
  9.225000e-01  7.36119156 19.77848836 
  9.250000e-01  7.36119156 19.77848836 
  9.275000e-01  7.36119156 19.77848836 
  9.300000e-01  7.36119156 19.77848836 
  9.325000e-01  7.36119156 19.77848836 
  9.350000e-01  7.36119156 19.77848835 
  9.375000e-01  7.36119156 19.77848835 
  9.400000e-01  7.36119156 19.77848835 
  9.425000e-01  7.36119156 19.77848835 
  9.450000e-01  7.36119156 19.77848835 
  9.475000e-01  7.36119156 19.77848835 
  9.500000e-01  7.36119156 19.77848834 
  9.525000e-01  7.36119156 19.77848834 
  9.550000e-01  7.36119156 19.77848834 
  9.575000e-01  7.36119156 19.77848834 
  9.600000e-01  7.36119156 19.77848834 
  9.625000e-01  7.36119156 19.77848834 
  9.650000e-01  7.36119156 19.77848833 
  9.675000e-01  7.36119156 19.77848833 
  9.700000e-01  7.36119156 19.77848833 
  9.725000e-01  7.36119156 19.77848833 
  9.750000e-01  7.36119156 19.77848833 
  9.775000e-01  7.36119156 19.77848833 
  9.800000e-01  7.36119156 19.77848832 
  9.825000e-01  7.36119156 19.77848832 
  9.850000e-01  7.36119156 19.77848832 
  9.875000e-01  7.36119156 19.77848832 
  9.900000e-01  7.36119156 19.77848832 
  9.925000e-01  7.36119156 19.77848832 
  9.950000e-01  7.36119156 19.77848832 
  9.975000e-01  7.36119156 19.77848831 
  1.000000e+00  7.36119156 19.77848831 
  1.002500e+00  7.36119156 19.77848831 
  1.005000e+00  7.36119156 19.77848831 
  1.007500e+00  7.36119156 19.77848831 
  1.010000e+00  7.36119156 19.77848831 
  1.012500e+00  7.36119156 19.77848831 
  1.015000e+00  7.36119156 19.77848830 
  1.017500e+00  7.36119156 19.77848830 
  1.020000e+00  7.36119156 19.77848830 
  1.022500e+00  7.36119156 19.77848830 
  1.025000e+00  7.36119156 19.77848830 
  1.027500e+00  7.36119156 19.77848830 
  1.030000e+00  7.36119156 19.77848830 
  1.032500e+00  7.36119156 19.77848829 
  1.035000e+00  7.36119156 19.77848829 
  1.037500e+00  7.36119156 19.77848829 
  1.040000e+00  7.36119156 19.77848829 
  1.042500e+00  7.36119156 19.77848829 
  1.045000e+00  7.36119156 19.77848829 
  1.047500e+00  7.36119156 19.77848829 
  1.050000e+00  7.36119156 19.77848829 
  1.052500e+00  7.36119156 19.77848828 
  1.055000e+00  7.36119156 19.77848828 
  1.057500e+00  7.36119156 19.77848828 
  1.060000e+00  7.36119156 19.77848828 
  1.062500e+00  7.36119156 19.77848828 
  1.065000e+00  7.36119156 19.77848828 
  1.067500e+00  7.36119156 19.77848828 
  1.070000e+00  7.36119156 19.77848828 
  1.072500e+00  7.36119156 19.77848827 
  1.075000e+00  7.36119156 19.77848827 
  1.077500e+00  7.36119156 19.77848827 
  1.080000e+00  7.36119156 19.77848827 
  1.082500e+00  7.36119156 19.77848827 
  1.085000e+00  7.36119156 19.77848827 
  1.087500e+00  7.36119156 19.77848827 
  1.090000e+00  7.36119156 19.77848827 
  1.092500e+00  7.36119156 19.77848827 
  1.095000e+00  7.36119156 19.77848827 
  1.097500e+00  7.36119156 19.77848826 
  1.100000e+00  7.36119156 19.77848826 
  1.102500e+00  7.36119156 19.77848826 
  1.105000e+00  7.36119156 19.77848826 
  1.107500e+00  7.36119156 19.77848826 
  1.110000e+00  7.36119156 19.77848826 
  1.112500e+00  7.36119156 19.77848826 
  1.115000e+00  7.36119156 19.77848826 
  1.117500e+00  7.36119156 19.77848826 
  1.120000e+00  7.36119156 19.77848826 
  1.122500e+00  7.36119156 19.77848826 
  1.125000e+00  7.36119156 19.77848825 
  1.127500e+00  7.36119156 19.77848825 
  1.130000e+00  7.36119156 19.77848825 
  1.132500e+00  7.36119156 19.77848825 
  1.135000e+00  7.36119156 19.77848825 
  1.137500e+00  7.36119156 19.77848825 
  1.140000e+00  7.36119156 19.77848825 
  1.142500e+00  7.36119156 19.77848825 
  1.145000e+00  7.36119156 19.77848825 
  1.147500e+00  7.36119156 19.77848825 
  1.150000e+00  7.36119156 19.77848825 
  1.152500e+00  7.36119156 19.77848825 
  1.155000e+00  7.36119156 19.77848824 
  1.157500e+00  7.36119156 19.77848824 
  1.160000e+00  7.36119156 19.77848824 
  1.162500e+00  7.36119156 19.77848824 
  1.165000e+00  7.36119156 19.77848824 
  1.167500e+00  7.36119156 19.77848824 
  1.170000e+00  7.36119156 19.77848824 
  1.172500e+00  7.36119156 19.77848824 
  1.175000e+00  7.36119156 19.77848824 
  1.177500e+00  7.36119156 19.77848824 
  1.180000e+00  7.36119156 19.77848824 
  1.182500e+00  7.36119156 19.77848824 
  1.185000e+00  7.36119156 19.77848824 
  1.187500e+00  7.36119156 19.77848824 
  1.190000e+00  7.36119156 19.77848824 
  1.192500e+00  7.36119156 19.77848824 
  1.195000e+00  7.36119156 19.77848824 
  1.197500e+00  7.36119156 19.77848823 
  1.200000e+00  7.36119156 19.77848823 
  1.202500e+00  7.36119156 19.77848823 
  1.205000e+00  7.36119156 19.77848823 
  1.207500e+00  7.36119156 19.77848823 
  1.210000e+00  7.36119156 19.77848823 
  1.212500e+00  7.36119156 19.77848823 
  1.215000e+00  7.36119156 19.77848823 
  1.217500e+00  7.36119156 19.77848823 
  1.220000e+00  7.36119156 19.77848823 
  1.222500e+00  7.36119156 19.77848823 
  1.225000e+00  7.36119156 19.77848823 
  1.227500e+00  7.36119156 19.77848823 
  1.230000e+00  7.36119156 19.77848823 
  1.232500e+00  7.36119156 19.77848823 
  1.235000e+00  7.36119156 19.77848823 
  1.237500e+00  7.36119156 19.77848823 
  1.240000e+00  7.36119156 19.77848823 
  1.242500e+00  7.36119156 19.77848823 
  1.245000e+00  7.36119156 19.77848823 
  1.247500e+00  7.36119156 19.77848823 
  1.250000e+00  7.36119156 19.77848823 
  1.252500e+00  7.36119156 19.77848823 
  1.255000e+00  7.36119156 19.77848823 
  1.257500e+00  7.36119156 19.77848823 
  1.260000e+00  7.36119156 19.77848823 
  1.262500e+00  7.36119156 19.77848823 
  1.265000e+00  7.36119156 19.77848823 
  1.267500e+00  7.36119156 19.77848823 
  1.270000e+00  7.36119156 19.77848822 
  1.272500e+00  7.36119156 19.77848822 
  1.275000e+00  7.36119156 19.77848822 
  1.277500e+00  7.36119156 19.77848822 
  1.280000e+00  7.36119156 19.77848822 
  1.282500e+00  7.36119156 19.77848822 
  1.285000e+00  7.36119156 19.77848822 
  1.287500e+00  7.36119156 19.77848822 
  1.290000e+00  7.36119156 19.77848822 
  1.292500e+00  7.36119156 19.77848822 
  1.295000e+00  7.36119156 19.77848822 
  1.297500e+00  7.36119156 19.77848822 
  1.300000e+00  7.36119156 19.77848822 
  1.302500e+00  7.36119156 19.77848822 
  1.305000e+00  7.36119156 19.77848822 
  1.307500e+00  7.36119156 19.77848822 
  1.310000e+00  7.36119156 19.77848822 
  1.312500e+00  7.36119156 19.77848822 
  1.315000e+00  7.36119156 19.77848822 
  1.317500e+00  7.36119156 19.77848822 
  1.320000e+00  7.36119156 19.77848822 
  1.322500e+00  7.36119156 19.77848822 
  1.325000e+00  7.36119156 19.77848822 
  1.327500e+00  7.36119156 19.77848822 
  1.330000e+00  7.36119156 19.77848822 
  1.332500e+00  7.36119156 19.77848822 
  1.335000e+00  7.36119156 19.77848822 
  1.337500e+00  7.36119156 19.77848822 
  1.340000e+00  7.36119156 19.77848822 
  1.342500e+00  7.36119156 19.77848822 
  1.345000e+00  7.36119156 19.77848822 
  1.347500e+00  7.36119156 19.77848822 
  1.350000e+00  7.36119156 19.77848822 
  1.352500e+00  7.36119156 19.77848822 
  1.355000e+00  7.36119156 19.77848822 
  1.357500e+00  7.36119156 19.77848822 
  1.360000e+00  7.36119156 19.77848822 
  1.362500e+00  7.36119156 19.77848822 
  1.365000e+00  7.36119156 19.77848822 
  1.367500e+00  7.36119156 19.77848822 
  1.370000e+00  7.36119156 19.77848822 
  1.372500e+00  7.36119156 19.77848822 
  1.375000e+00  7.36119156 19.77848822 
  1.377500e+00  7.36119156 19.77848822 
  1.380000e+00  7.36119156 19.77848822 
  1.382500e+00  7.36119156 19.77848822 
  1.385000e+00  7.36119156 19.77848822 
  1.387500e+00  7.36119156 19.77848822 
  1.390000e+00  7.36119156 19.77848822 
  1.392500e+00  7.36119156 19.77848822 
  1.395000e+00  7.36119156 19.77848822 
  1.397500e+00  7.36119156 19.77848823 
  1.400000e+00  7.36119156 19.77848823 
  1.402500e+00  7.36119156 19.77848823 
  1.405000e+00  7.36119156 19.77848823 
  1.407500e+00  7.36119156 19.77848823 
  1.410000e+00  7.36119156 19.77848823 
  1.412500e+00  7.36119156 19.77848823 
  1.415000e+00  7.36119156 19.77848823 
  1.417500e+00  7.36119156 19.77848823 
  1.420000e+00  7.36119156 19.77848823 
  1.422500e+00  7.36119156 19.77848823 
  1.425000e+00  7.36119156 19.77848823 
  1.427500e+00  7.36119156 19.77848823 
  1.430000e+00  7.36119156 19.77848823 
  1.432500e+00  7.36119156 19.77848823 
  1.435000e+00  7.36119156 19.77848823 
  1.437500e+00  7.36119156 19.77848823 
  1.440000e+00  7.36119156 19.77848823 
  1.442500e+00  7.36119156 19.77848823 
  1.445000e+00  7.36119156 19.77848823 
  1.447500e+00  7.36119156 19.77848823 
  1.450000e+00  7.36119156 19.77848823 
  1.452500e+00  7.36119156 19.77848823 
  1.455000e+00  7.36119156 19.77848823 
  1.457500e+00  7.36119156 19.77848823 
  1.460000e+00  7.36119156 19.77848823 
  1.462500e+00  7.36119156 19.77848823 
  1.465000e+00  7.36119156 19.77848823 
  1.467500e+00  7.36119156 19.77848823 
  1.470000e+00  7.36119156 19.77848823 
  1.472500e+00  7.36119156 19.77848823 
  1.475000e+00  7.36119156 19.77848823 
  1.477500e+00  7.36119156 19.77848823 
  1.480000e+00  7.36119156 19.77848823 
  1.482500e+00  7.36119156 19.77848823 
  1.485000e+00  7.36119156 19.77848823 
  1.487500e+00  7.36119156 19.77848823 
  1.490000e+00  7.36119156 19.77848823 
  1.492500e+00  7.36119156 19.77848823 
  1.495000e+00  7.36119156 19.77848823 
  1.497500e+00  7.36119156 19.77848823 
  1.500000e+00  7.36119156 19.77848823 
  1.502500e+00  7.36119156 19.77848824 
  1.505000e+00  7.36119156 19.77848824 
  1.507500e+00  7.36119156 19.77848824 
  1.510000e+00  7.36119156 19.77848824 
  1.512500e+00  7.36119156 19.77848824 
  1.515000e+00  7.36119156 19.77848824 
  1.517500e+00  7.36119156 19.77848824 
  1.520000e+00  7.36119156 19.77848824 
  1.522500e+00  7.36119156 19.77848824 
  1.525000e+00  7.36119156 19.77848824 
  1.527500e+00  7.36119156 19.77848824 
  1.530000e+00  7.36119156 19.77848824 
  1.532500e+00  7.36119156 19.77848824 
  1.535000e+00  7.36119156 19.77848824 
  1.537500e+00  7.36119156 19.77848824 
  1.540000e+00  7.36119156 19.77848824 
  1.542500e+00  7.36119156 19.77848824 
  1.545000e+00  7.36119156 19.77848824 
  1.547500e+00  7.36119156 19.77848824 
  1.550000e+00  7.36119156 19.77848824 
  1.552500e+00  7.36119156 19.77848824 
  1.555000e+00  7.36119156 19.77848824 
  1.557500e+00  7.36119156 19.77848824 
  1.560000e+00  7.36119156 19.77848824 
  1.562500e+00  7.36119156 19.77848824 
  1.565000e+00  7.36119156 19.77848824 
  1.567500e+00  7.36119156 19.77848824 
  1.570000e+00  7.36119156 19.77848824 
  1.572500e+00  7.36119156 19.77848824 
  1.575000e+00  7.36119156 19.77848824 
  1.577500e+00  7.36119156 19.77848824 
  1.580000e+00  7.36119156 19.77848824 
  1.582500e+00  7.36119156 19.77848825 
  1.585000e+00  7.36119156 19.77848825 
  1.587500e+00  7.36119156 19.77848825 
  1.590000e+00  7.36119156 19.77848825 
  1.592500e+00  7.36119156 19.77848825 
  1.595000e+00  7.36119156 19.77848825 
  1.597500e+00  7.36119156 19.77848825 
  1.600000e+00  7.36119156 19.77848825 
  1.602500e+00  7.36119156 19.77848825 
  1.605000e+00  7.36119156 19.77848825 
  1.607500e+00  7.36119156 19.77848825 
  1.610000e+00  7.36119156 19.77848825 
  1.612500e+00  7.36119156 19.77848825 
  1.615000e+00  7.36119156 19.77848825 
  1.617500e+00  7.36119156 19.77848825 
  1.620000e+00  7.36119156 19.77848825 
  1.622500e+00  7.36119156 19.77848825 
  1.625000e+00  7.36119156 19.77848825 
  1.627500e+00  7.36119156 19.77848825 
  1.630000e+00  7.36119156 19.77848825 
  1.632500e+00  7.36119156 19.77848825 
  1.635000e+00  7.36119156 19.77848825 
  1.637500e+00  7.36119156 19.77848825 
  1.640000e+00  7.36119156 19.77848825 
  1.642500e+00  7.36119156 19.77848825 
  1.645000e+00  7.36119156 19.77848825 
  1.647500e+00  7.36119156 19.77848825 
  1.650000e+00  7.36119156 19.77848825 
  1.652500e+00  7.36119156 19.77848825 
  1.655000e+00  7.36119156 19.77848826 
  1.657500e+00  7.36119156 19.77848826 
  1.660000e+00  7.36119156 19.77848826 
  1.662500e+00  7.36119156 19.77848826 
  1.665000e+00  7.36119156 19.77848826 
  1.667500e+00  7.36119156 19.77848826 
  1.670000e+00  7.36119156 19.77848826 
  1.672500e+00  7.36119156 19.77848826 
  1.675000e+00  7.36119156 19.77848826 
  1.677500e+00  7.36119156 19.77848826 
  1.680000e+00  7.36119156 19.77848826 
  1.682500e+00  7.36119156 19.77848826 
  1.685000e+00  7.36119156 19.77848826 
  1.687500e+00  7.36119156 19.77848826 
  1.690000e+00  7.36119156 19.77848826 
  1.692500e+00  7.36119156 19.77848826 
  1.695000e+00  7.36119156 19.77848826 
  1.697500e+00  7.36119156 19.77848826 
  1.700000e+00  7.36119156 19.77848826 
  1.702500e+00  7.36119156 19.77848826 
  1.705000e+00  7.36119156 19.77848826 
  1.707500e+00  7.36119156 19.77848826 
  1.710000e+00  7.36119156 19.77848826 
  1.712500e+00  7.36119156 19.77848826 
  1.715000e+00  7.36119156 19.77848826 
  1.717500e+00  7.36119156 19.77848826 
  1.720000e+00  7.36119156 19.77848826 
  1.722500e+00  7.36119156 19.77848826 
  1.725000e+00  7.36119156 19.77848826 
  1.727500e+00  7.36119156 19.77848826 
  1.730000e+00  7.36119156 19.77848826 
  1.732500e+00  7.36119156 19.77848827 
  1.735000e+00  7.36119156 19.77848827 
  1.737500e+00  7.36119156 19.77848827 
  1.740000e+00  7.36119156 19.77848827 
  1.742500e+00  7.36119156 19.77848827 
  1.745000e+00  7.36119156 19.77848827 
  1.747500e+00  7.36119156 19.77848827 
  1.750000e+00  7.36119156 19.77848827 
  1.752500e+00  7.36119156 19.77848827 
  1.755000e+00  7.36119156 19.77848827 
  1.757500e+00  7.36119156 19.77848827 
  1.760000e+00  7.36119156 19.77848827 
  1.762500e+00  7.36119156 19.77848827 
  1.765000e+00  7.36119156 19.77848827 
  1.767500e+00  7.36119156 19.77848827 
  1.770000e+00  7.36119156 19.77848827 
  1.772500e+00  7.36119156 19.77848827 
  1.775000e+00  7.36119156 19.77848827 
  1.777500e+00  7.36119156 19.77848827 
  1.780000e+00  7.36119156 19.77848827 
  1.782500e+00  7.36119156 19.77848827 
  1.785000e+00  7.36119156 19.77848827 
  1.787500e+00  7.36119156 19.77848827 
  1.790000e+00  7.36119156 19.77848827 
  1.792500e+00  7.36119156 19.77848827 
  1.795000e+00  7.36119156 19.77848827 
  1.797500e+00  7.36119156 19.77848827 
  1.800000e+00  7.36119156 19.77848827 
  1.802500e+00  7.36119156 19.77848827 
  1.805000e+00  7.36119156 19.77848827 
  1.807500e+00  7.36119156 19.77848827 
  1.810000e+00  7.36119156 19.77848827 
  1.812500e+00  7.36119156 19.77848827 
  1.815000e+00  7.36119156 19.77848828 
  1.817500e+00  7.36119156 19.77848828 
  1.820000e+00  7.36119156 19.77848828 
  1.822500e+00  7.36119156 19.77848828 
  1.825000e+00  7.36119156 19.77848828 
  1.827500e+00  7.36119156 19.77848828 
  1.830000e+00  7.36119156 19.77848828 
  1.832500e+00  7.36119156 19.77848828 
  1.835000e+00  7.36119156 19.77848828 
  1.837500e+00  7.36119156 19.77848828 
  1.840000e+00  7.36119156 19.77848828 
  1.842500e+00  7.36119156 19.77848828 
  1.845000e+00  7.36119156 19.77848828 
  1.847500e+00  7.36119156 19.77848828 
  1.850000e+00  7.36119156 19.77848828 
  1.852500e+00  7.36119156 19.77848828 
  1.855000e+00  7.36119156 19.77848828 
  1.857500e+00  7.36119156 19.77848828 
  1.860000e+00  7.36119156 19.77848828 
  1.862500e+00  7.36119156 19.77848828 
  1.865000e+00  7.36119156 19.77848828 
  1.867500e+00  7.36119156 19.77848828 
  1.870000e+00  7.36119156 19.77848828 
  1.872500e+00  7.36119156 19.77848828 
  1.875000e+00  7.36119156 19.77848828 
  1.877500e+00  7.36119156 19.77848828 
  1.880000e+00  7.36119156 19.77848828 
  1.882500e+00  7.36119156 19.77848828 
  1.885000e+00  7.36119156 19.77848828 
  1.887500e+00  7.36119156 19.77848828 
  1.890000e+00  7.36119156 19.77848828 
  1.892500e+00  7.36119156 19.77848828 
  1.895000e+00  7.36119156 19.77848828 
  1.897500e+00  7.36119156 19.77848828 
  1.900000e+00  7.36119156 19.77848828 
  1.902500e+00  7.36119156 19.77848828 
  1.905000e+00  7.36119156 19.77848828 
  1.907500e+00  7.36119156 19.77848828 
  1.910000e+00  7.36119156 19.77848828 
  1.912500e+00  7.36119156 19.77848829 
  1.915000e+00  7.36119156 19.77848829 
  1.917500e+00  7.36119156 19.77848829 
  1.920000e+00  7.36119156 19.77848829 
  1.922500e+00  7.36119156 19.77848829 
  1.925000e+00  7.36119156 19.77848829 
  1.927500e+00  7.36119156 19.77848829 
  1.930000e+00  7.36119156 19.77848829 
  1.932500e+00  7.36119156 19.77848829 
  1.935000e+00  7.36119156 19.77848829 
  1.937500e+00  7.36119156 19.77848829 
  1.940000e+00  7.36119156 19.77848829 
  1.942500e+00  7.36119156 19.77848829 
  1.945000e+00  7.36119156 19.77848829 
  1.947500e+00  7.36119156 19.77848829 
  1.950000e+00  7.36119156 19.77848829 
  1.952500e+00  7.36119156 19.77848829 
  1.955000e+00  7.36119156 19.77848829 
  1.957500e+00  7.36119156 19.77848829 
  1.960000e+00  7.36119156 19.77848829 
  1.962500e+00  7.36119156 19.77848829 
  1.965000e+00  7.36119156 19.77848829 
  1.967500e+00  7.36119156 19.77848829 
  1.970000e+00  7.36119156 19.77848829 
  1.972500e+00  7.36119156 19.77848829 
  1.975000e+00  7.36119156 19.77848829 
  1.977500e+00  7.36119156 19.77848829 
  1.980000e+00  7.36119156 19.77848829 
  1.982500e+00  7.36119156 19.77848829 
  1.985000e+00  7.36119156 19.77848829 
  1.987500e+00  7.36119156 19.77848829 
  1.990000e+00  7.36119156 19.77848829 
  1.992500e+00  7.36119156 19.77848829 
  1.995000e+00  7.36119156 19.77848829 
  1.997500e+00  7.36119156 19.77848829 
  2.000000e+00  7.36119156 19.77848829 
