  1.000000e-02  7.36119156 19.77731957 
  1.500000e-02  7.36119156 19.77794817 
  2.000000e-02  7.36119156 19.77777174 
  2.500000e-02  7.36119156 19.77960448 
  3.000000e-02  7.36119156 19.77992859 
  3.500000e-02  7.36119156 19.78037451 
  4.000000e-02  7.36119156 19.78029569 
  4.500000e-02  7.36119156 19.78023447 
  5.000000e-02  7.36119156 19.78023150 
  5.500000e-02  7.36119156 19.78002912 
  6.000000e-02  7.36119156 19.77667490 
  6.500000e-02  7.36119156 19.77785084 
  7.000000e-02  7.36119156 19.77796118 
  7.500000e-02  7.36119156 19.77799102 
  8.000000e-02  7.36119156 19.77800678 
  8.500000e-02  7.36119156 19.77810810 
  9.000000e-02  7.36119156 19.77783204 
  9.500000e-02  7.36119156 19.77869617 
  1.000000e-01  7.36119156 19.77869779 
  1.050000e-01  7.36119156 19.77867408 
  1.100000e-01  7.36119156 19.77869131 
  1.150000e-01  7.36119156 19.77874147 
  1.200000e-01  7.36119156 19.77884134 
  1.250000e-01  7.36119156 19.77900519 
  1.300000e-01  7.36119156 19.77766398 
  1.350000e-01  7.36119156 19.77815669 
  1.400000e-01  7.36119156 19.77803344 
  1.450000e-01  7.36119156 19.77807477 
  1.500000e-01  7.36119156 19.77802173 
  1.550000e-01  7.36119156 19.77867760 
  1.600000e-01  7.36119156 19.77863149 
  1.650000e-01  7.36119156 19.77854065 
  1.700000e-01  7.36119156 19.77852402 
  1.750000e-01  7.36119156 19.77855282 
  1.800000e-01  7.36119156 19.77861293 
  1.850000e-01  7.36119156 19.77870136 
  1.900000e-01  7.36119156 19.77795961 
  1.950000e-01  7.36119156 19.77850059 
  2.000000e-01  7.36119156 19.77812565 
  2.050000e-01  7.36119156 19.77835126 
  2.100000e-01  7.36119156 19.77832580 
  2.150000e-01  7.36119156 19.77817752 
  2.200000e-01  7.36119156 19.77828823 
  2.250000e-01  7.36119156 19.77839059 
  2.300000e-01  7.36119156 19.77847787 
  2.350000e-01  7.36119156 19.77841100 
  2.400000e-01  7.36119156 19.77844251 
  2.450000e-01  7.36119156 19.77851500 
  2.500000e-01  7.36119156 19.77846562 
  2.550000e-01  7.36119156 19.77854326 
  2.600000e-01  7.36119156 19.77854611 
  2.650000e-01  7.36119156 19.77811016 
  2.700000e-01  7.36119156 19.77838800 
  2.750000e-01  7.36119156 19.77843372 
  2.800000e-01  7.36119156 19.77839756 
  2.850000e-01  7.36119156 19.77846637 
  2.900000e-01  7.36119156 19.77853872 
  2.950000e-01  7.36119156 19.77845137 
  3.000000e-01  7.36119156 19.77845488 
  3.050000e-01  7.36119156 19.77848927 
  3.100000e-01  7.36119156 19.77853392 
  3.150000e-01  7.36119156 19.77845331 
  3.200000e-01  7.36119156 19.77845996 
  3.250000e-01  7.36119156 19.77849967 
  3.300000e-01  7.36119156 19.77847494 
  3.350000e-01  7.36119156 19.77850019 
  3.400000e-01  7.36119156 19.77848202 
  3.450000e-01  7.36119156 19.77850637 
  3.500000e-01  7.36119156 19.77848383 
  3.550000e-01  7.36119156 19.77850287 
  3.600000e-01  7.36119156 19.77847623 
  3.650000e-01  7.36119156 19.77849139 
  3.700000e-01  7.36119156 19.77852356 
  3.750000e-01  7.36119156 19.77847802 
  3.800000e-01  7.36119156 19.77847836 
  3.850000e-01  7.36119156 19.77849723 
  3.900000e-01  7.36119156 19.77851873 
  3.950000e-01  7.36119156 19.77845849 
  4.000000e-01  7.36119156 19.77844464 
  4.050000e-01  7.36119156 19.77844864 
  4.100000e-01  7.36119156 19.77845640 
  4.150000e-01  7.36119156 19.77846388 
  4.200000e-01  7.36119156 19.77847004 
  4.250000e-01  7.36119156 19.77847526 
  4.300000e-01  7.36119156 19.77848019 
  4.350000e-01  7.36119156 19.77848532 
  4.400000e-01  7.36119156 19.77849093 
  4.450000e-01  7.36119156 19.77849707 
  4.500000e-01  7.36119156 19.77850368 
  4.550000e-01  7.36119156 19.77851060 
  4.600000e-01  7.36119156 19.77842850 
  4.650000e-01  7.36119156 19.77840422 
  4.700000e-01  7.36119156 19.77840135 
  4.750000e-01  7.36119156 19.77840498 
  4.800000e-01  7.36119156 19.77840952 
  4.850000e-01  7.36119156 19.77841292 
  4.900000e-01  7.36119156 19.77841478 
  4.950000e-01  7.36119156 19.77841547 
  5.000000e-01  7.36119156 19.77841576 
  5.050000e-01  7.36119156 19.77841614 
  5.100000e-01  7.36119156 19.77841683 
  5.150000e-01  7.36119156 19.77841792 
  5.200000e-01  7.36119156 19.77841942 
  5.250000e-01  7.36119156 19.77842129 
  5.300000e-01  7.36119156 19.77842345 
  5.350000e-01  7.36119156 19.77842579 
  5.400000e-01  7.36119156 19.77842820 
  5.450000e-01  7.36119156 19.77843055 
  5.500000e-01  7.36119156 19.77843275 
  5.550000e-01  7.36119156 19.77843470 
  5.600000e-01  7.36119156 19.77843638 
  5.650000e-01  7.36119156 19.77843781 
  5.700000e-01  7.36119156 19.77843901 
  5.750000e-01  7.36119156 19.77844005 
  5.800000e-01  7.36119156 19.77844097 
  5.850000e-01  7.36119156 19.77844183 
  5.900000e-01  7.36119156 19.77844267 
  5.950000e-01  7.36119156 19.77844350 
  6.000000e-01  7.36119156 19.77844434 
  6.050000e-01  7.36119156 19.77844519 
  6.100000e-01  7.36119156 19.77844604 
  6.150000e-01  7.36119156 19.77844689 
  6.200000e-01  7.36119156 19.77844771 
  6.250000e-01  7.36119156 19.77844851 
  6.300000e-01  7.36119156 19.77844926 
  6.350000e-01  7.36119156 19.77844997 
  6.400000e-01  7.36119156 19.77845063 
  6.450000e-01  7.36119156 19.77845124 
  6.500000e-01  7.36119156 19.77845182 
  6.550000e-01  7.36119156 19.77845235 
  6.600000e-01  7.36119156 19.77845286 
  6.650000e-01  7.36119156 19.77845334 
  6.700000e-01  7.36119156 19.77845381 
  6.750000e-01  7.36119156 19.77845426 
  6.800000e-01  7.36119156 19.77845469 
  6.850000e-01  7.36119156 19.77845511 
  6.900000e-01  7.36119156 19.77845552 
  6.950000e-01  7.36119156 19.77845592 
  7.000000e-01  7.36119156 19.77845631 
  7.050000e-01  7.36119156 19.77845669 
  7.100000e-01  7.36119156 19.77845705 
  7.150000e-01  7.36119156 19.77845740 
  7.200000e-01  7.36119156 19.77845774 
  7.250000e-01  7.36119156 19.77845807 
  7.300000e-01  7.36119156 19.77845838 
  7.350000e-01  7.36119156 19.77845867 
  7.400000e-01  7.36119156 19.77845896 
  7.450000e-01  7.36119156 19.77845904 
  7.500000e-01  7.36119156 19.77845906 
  7.550000e-01  7.36119156 19.77845905 
  7.600000e-01  7.36119156 19.77845904 
  7.650000e-01  7.36119156 19.77845903 
  7.700000e-01  7.36119156 19.77845901 
  7.750000e-01  7.36119156 19.77845900 
  7.800000e-01  7.36119156 19.77845898 
  7.850000e-01  7.36119156 19.77845897 
  7.900000e-01  7.36119156 19.77845895 
  7.950000e-01  7.36119156 19.77845893 
  8.000000e-01  7.36119156 19.77845892 
  8.050000e-01  7.36119156 19.77845890 
  8.100000e-01  7.36119156 19.77845889 
  8.150000e-01  7.36119156 19.77845887 
  8.200000e-01  7.36119156 19.77845886 
  8.250000e-01  7.36119156 19.77845884 
  8.300000e-01  7.36119156 19.77845883 
  8.350000e-01  7.36119156 19.77845881 
  8.400000e-01  7.36119156 19.77845880 
  8.450000e-01  7.36119156 19.77845878 
  8.500000e-01  7.36119156 19.77845877 
  8.550000e-01  7.36119156 19.77845876 
  8.600000e-01  7.36119156 19.77845874 
  8.650000e-01  7.36119156 19.77845873 
  8.700000e-01  7.36119156 19.77845872 
  8.750000e-01  7.36119156 19.77845870 
  8.800000e-01  7.36119156 19.77845869 
  8.850000e-01  7.36119156 19.77845868 
  8.900000e-01  7.36119156 19.77845867 
  8.950000e-01  7.36119156 19.77845865 
  9.000000e-01  7.36119156 19.77845864 
  9.050000e-01  7.36119156 19.77845863 
  9.100000e-01  7.36119156 19.77845862 
  9.150000e-01  7.36119156 19.77845861 
  9.200000e-01  7.36119156 19.77845860 
  9.250000e-01  7.36119156 19.77845859 
  9.300000e-01  7.36119156 19.77845858 
  9.350000e-01  7.36119156 19.77845857 
  9.400000e-01  7.36119156 19.77845856 
  9.450000e-01  7.36119156 19.77845855 
  9.500000e-01  7.36119156 19.77845854 
  9.550000e-01  7.36119156 19.77845853 
  9.600000e-01  7.36119156 19.77845852 
  9.650000e-01  7.36119156 19.77845851 
  9.700000e-01  7.36119156 19.77845850 
  9.750000e-01  7.36119156 19.77845849 
  9.800000e-01  7.36119156 19.77845849 
  9.850000e-01  7.36119156 19.77845848 
  9.900000e-01  7.36119156 19.77845847 
  9.950000e-01  7.36119156 19.77845846 
  1.000000e+00  7.36119156 19.77845845 
  1.005000e+00  7.36119156 19.77845845 
  1.010000e+00  7.36119156 19.77845844 
  1.015000e+00  7.36119156 19.77845843 
  1.020000e+00  7.36119156 19.77845843 
  1.025000e+00  7.36119156 19.77845842 
  1.030000e+00  7.36119156 19.77845841 
  1.035000e+00  7.36119156 19.77845841 
  1.040000e+00  7.36119156 19.77845840 
  1.045000e+00  7.36119156 19.77845839 
  1.050000e+00  7.36119156 19.77845839 
  1.055000e+00  7.36119156 19.77845838 
  1.060000e+00  7.36119156 19.77845838 
  1.065000e+00  7.36119156 19.77845837 
  1.070000e+00  7.36119156 19.77845837 
  1.075000e+00  7.36119156 19.77845836 
  1.080000e+00  7.36119156 19.77845836 
  1.085000e+00  7.36119156 19.77845835 
  1.090000e+00  7.36119156 19.77845835 
  1.095000e+00  7.36119156 19.77845834 
  1.100000e+00  7.36119156 19.77845834 
  1.105000e+00  7.36119156 19.77845833 
  1.110000e+00  7.36119156 19.77845833 
  1.115000e+00  7.36119156 19.77845833 
  1.120000e+00  7.36119156 19.77845832 
  1.125000e+00  7.36119156 19.77845832 
  1.130000e+00  7.36119156 19.77845831 
  1.135000e+00  7.36119156 19.77845831 
  1.140000e+00  7.36119156 19.77845831 
  1.145000e+00  7.36119156 19.77845830 
  1.150000e+00  7.36119156 19.77845830 
  1.155000e+00  7.36119156 19.77845830 
  1.160000e+00  7.36119156 19.77845829 
  1.165000e+00  7.36119156 19.77845829 
  1.170000e+00  7.36119156 19.77845829 
  1.175000e+00  7.36119156 19.77845829 
  1.180000e+00  7.36119156 19.77845828 
  1.185000e+00  7.36119156 19.77845828 
  1.190000e+00  7.36119156 19.77845828 
  1.195000e+00  7.36119156 19.77845828 
  1.200000e+00  7.36119156 19.77845827 
  1.205000e+00  7.36119156 19.77845827 
  1.210000e+00  7.36119156 19.77845827 
  1.215000e+00  7.36119156 19.77845827 
  1.220000e+00  7.36119156 19.77845827 
  1.225000e+00  7.36119156 19.77845827 
  1.230000e+00  7.36119156 19.77845826 
  1.235000e+00  7.36119156 19.77845826 
  1.240000e+00  7.36119156 19.77845826 
  1.245000e+00  7.36119156 19.77845826 
  1.250000e+00  7.36119156 19.77845826 
  1.255000e+00  7.36119156 19.77845826 
  1.260000e+00  7.36119156 19.77845825 
  1.265000e+00  7.36119156 19.77845825 
  1.270000e+00  7.36119156 19.77845825 
  1.275000e+00  7.36119156 19.77845825 
  1.280000e+00  7.36119156 19.77845825 
  1.285000e+00  7.36119156 19.77845825 
  1.290000e+00  7.36119156 19.77845825 
  1.295000e+00  7.36119156 19.77845825 
  1.300000e+00  7.36119156 19.77845825 
  1.305000e+00  7.36119156 19.77845825 
  1.310000e+00  7.36119156 19.77845825 
  1.315000e+00  7.36119156 19.77845824 
  1.320000e+00  7.36119156 19.77845824 
  1.325000e+00  7.36119156 19.77845824 
  1.330000e+00  7.36119156 19.77845824 
  1.335000e+00  7.36119156 19.77845824 
  1.340000e+00  7.36119156 19.77845824 
  1.345000e+00  7.36119156 19.77845824 
  1.350000e+00  7.36119156 19.77845824 
  1.355000e+00  7.36119156 19.77845824 
  1.360000e+00  7.36119156 19.77845824 
  1.365000e+00  7.36119156 19.77845824 
  1.370000e+00  7.36119156 19.77845824 
  1.375000e+00  7.36119156 19.77845824 
  1.380000e+00  7.36119156 19.77845824 
  1.385000e+00  7.36119156 19.77845824 
  1.390000e+00  7.36119156 19.77845824 
  1.395000e+00  7.36119156 19.77845824 
  1.400000e+00  7.36119156 19.77845824 
  1.405000e+00  7.36119156 19.77845824 
  1.410000e+00  7.36119156 19.77845824 
  1.415000e+00  7.36119156 19.77845824 
  1.420000e+00  7.36119156 19.77845824 
  1.425000e+00  7.36119156 19.77845824 
  1.430000e+00  7.36119156 19.77845824 
  1.435000e+00  7.36119156 19.77845824 
  1.440000e+00  7.36119156 19.77845824 
  1.445000e+00  7.36119156 19.77845824 
  1.450000e+00  7.36119156 19.77845824 
  1.455000e+00  7.36119156 19.77845824 
  1.460000e+00  7.36119156 19.77845824 
  1.465000e+00  7.36119156 19.77845824 
  1.470000e+00  7.36119156 19.77845824 
  1.475000e+00  7.36119156 19.77845824 
  1.480000e+00  7.36119156 19.77845824 
  1.485000e+00  7.36119156 19.77845824 
  1.490000e+00  7.36119156 19.77845824 
  1.495000e+00  7.36119156 19.77845824 
  1.500000e+00  7.36119156 19.77845824 
  1.505000e+00  7.36119156 19.77845824 
  1.510000e+00  7.36119156 19.77845824 
  1.515000e+00  7.36119156 19.77845824 
  1.520000e+00  7.36119156 19.77845824 
  1.525000e+00  7.36119156 19.77845825 
  1.530000e+00  7.36119156 19.77845825 
  1.535000e+00  7.36119156 19.77845825 
  1.540000e+00  7.36119156 19.77845825 
  1.545000e+00  7.36119156 19.77845825 
  1.550000e+00  7.36119156 19.77845825 
  1.555000e+00  7.36119156 19.77845825 
  1.560000e+00  7.36119156 19.77845825 
  1.565000e+00  7.36119156 19.77845825 
  1.570000e+00  7.36119156 19.77845825 
  1.575000e+00  7.36119156 19.77845825 
  1.580000e+00  7.36119156 19.77845825 
  1.585000e+00  7.36119156 19.77845825 
  1.590000e+00  7.36119156 19.77845825 
  1.595000e+00  7.36119156 19.77845825 
  1.600000e+00  7.36119156 19.77845825 
  1.605000e+00  7.36119156 19.77845825 
  1.610000e+00  7.36119156 19.77845825 
  1.615000e+00  7.36119156 19.77845825 
  1.620000e+00  7.36119156 19.77845825 
  1.625000e+00  7.36119156 19.77845825 
  1.630000e+00  7.36119156 19.77845826 
  1.635000e+00  7.36119156 19.77845826 
  1.640000e+00  7.36119156 19.77845826 
  1.645000e+00  7.36119156 19.77845826 
  1.650000e+00  7.36119156 19.77845826 
  1.655000e+00  7.36119156 19.77845826 
  1.660000e+00  7.36119156 19.77845826 
  1.665000e+00  7.36119156 19.77845826 
  1.670000e+00  7.36119156 19.77845826 
  1.675000e+00  7.36119156 19.77845826 
  1.680000e+00  7.36119156 19.77845826 
  1.685000e+00  7.36119156 19.77845826 
  1.690000e+00  7.36119156 19.77845826 
  1.695000e+00  7.36119156 19.77845826 
  1.700000e+00  7.36119156 19.77845826 
  1.705000e+00  7.36119156 19.77845826 
  1.710000e+00  7.36119156 19.77845826 
  1.715000e+00  7.36119156 19.77845826 
  1.720000e+00  7.36119156 19.77845826 
  1.725000e+00  7.36119156 19.77845827 
  1.730000e+00  7.36119156 19.77845827 
  1.735000e+00  7.36119156 19.77845827 
  1.740000e+00  7.36119156 19.77845827 
  1.745000e+00  7.36119156 19.77845827 
  1.750000e+00  7.36119156 19.77845827 
  1.755000e+00  7.36119156 19.77845827 
  1.760000e+00  7.36119156 19.77845827 
  1.765000e+00  7.36119156 19.77845827 
  1.770000e+00  7.36119156 19.77845827 
  1.775000e+00  7.36119156 19.77845827 
  1.780000e+00  7.36119156 19.77845827 
  1.785000e+00  7.36119156 19.77845827 
  1.790000e+00  7.36119156 19.77845827 
  1.795000e+00  7.36119156 19.77845827 
  1.800000e+00  7.36119156 19.77845827 
  1.805000e+00  7.36119156 19.77845827 
  1.810000e+00  7.36119156 19.77845827 
  1.815000e+00  7.36119156 19.77845827 
  1.820000e+00  7.36119156 19.77845827 
  1.825000e+00  7.36119156 19.77845827 
  1.830000e+00  7.36119156 19.77845828 
  1.835000e+00  7.36119156 19.77845828 
  1.840000e+00  7.36119156 19.77845828 
  1.845000e+00  7.36119156 19.77845828 
  1.850000e+00  7.36119156 19.77845828 
  1.855000e+00  7.36119156 19.77845828 
  1.860000e+00  7.36119156 19.77845828 
  1.865000e+00  7.36119156 19.77845828 
  1.870000e+00  7.36119156 19.77845828 
  1.875000e+00  7.36119156 19.77845828 
  1.880000e+00  7.36119156 19.77845828 
  1.885000e+00  7.36119156 19.77845828 
  1.890000e+00  7.36119156 19.77845828 
  1.895000e+00  7.36119156 19.77845828 
  1.900000e+00  7.36119156 19.77845828 
  1.905000e+00  7.36119156 19.77845828 
  1.910000e+00  7.36119156 19.77845828 
  1.915000e+00  7.36119156 19.77845828 
  1.920000e+00  7.36119156 19.77845828 
  1.925000e+00  7.36119156 19.77845828 
  1.930000e+00  7.36119156 19.77845828 
  1.935000e+00  7.36119156 19.77845828 
  1.940000e+00  7.36119156 19.77845828 
  1.945000e+00  7.36119156 19.77845828 
  1.950000e+00  7.36119156 19.77845828 
  1.955000e+00  7.36119156 19.77845829 
  1.960000e+00  7.36119156 19.77845829 
  1.965000e+00  7.36119156 19.77845829 
  1.970000e+00  7.36119156 19.77845829 
  1.975000e+00  7.36119156 19.77845829 
  1.980000e+00  7.36119156 19.77845829 
  1.985000e+00  7.36119156 19.77845829 
  1.990000e+00  7.36119156 19.77845829 
  1.995000e+00  7.36119156 19.77845829 
  2.000000e+00  7.36119156 19.77845829 
