  5.000000e-03  10.56294508 36.92669080 
  7.500000e-03  10.56294508 36.92778074 
  1.000000e-02  10.56294508 36.92838866 
  1.250000e-02  10.56294508 36.92889788 
  1.500000e-02  10.56294508 36.92934823 
  1.750000e-02  10.56294508 36.92955943 
  2.000000e-02  10.56294508 36.92938455 
  2.250000e-02  10.56294508 36.92895175 
  2.500000e-02  10.56294508 36.92862804 
  2.750000e-02  10.56294508 36.92864627 
  3.000000e-02  10.56294508 36.92893157 
  3.250000e-02  10.56294508 36.92931457 
  3.500000e-02  10.56294508 36.92969478 
  3.750000e-02  10.56294508 36.93003185 
  4.000000e-02  10.56294508 36.93030864 
  4.250000e-02  10.56294508 36.93052209 
  4.500000e-02  10.56294508 36.93068275 
  4.750000e-02  10.56294508 36.93080858 
  5.000000e-02  10.56294508 36.93091583 
  5.250000e-02  10.56294508 36.93101362 
  5.500000e-02  10.56294508 36.93110382 
  5.750000e-02  10.56294508 36.93118403 
  6.000000e-02  10.56294508 36.93125087 
  6.250000e-02  10.56294508 36.93130207 
  6.500000e-02  10.56294508 36.93133765 
  6.750000e-02  10.56294508 36.93135987 
  7.000000e-02  10.56294508 36.93137256 
  7.250000e-02  10.56294508 36.93137990 
  7.500000e-02  10.56294508 36.93138534 
  7.750000e-02  10.56294508 36.93139101 
  8.000000e-02  10.56294508 36.93139779 
  8.250000e-02  10.56294508 36.93140564 
  8.500000e-02  10.56294508 36.93141412 
  8.750000e-02  10.56294508 36.93142261 
  9.000000e-02  10.56294508 36.93143056 
  9.250000e-02  10.56294508 36.93143756 
  9.500000e-02  10.56294508 36.93144337 
  9.750000e-02  10.56294508 36.93144792 
  1.000000e-01  10.56294508 36.93145132 
  1.025000e-01  10.56294508 36.93145382 
  1.050000e-01  10.56294508 36.93145570 
  1.075000e-01  10.56294508 36.93145724 
  1.100000e-01  10.56294508 36.93145864 
  1.125000e-01  10.56294508 36.93146005 
  1.150000e-01  10.56294508 36.93146150 
  1.175000e-01  10.56294508 36.93146302 
  1.200000e-01  10.56294508 36.93146457 
  1.225000e-01  10.56294508 36.93146615 
  1.250000e-01  10.56294508 36.93146777 
  1.275000e-01  10.56294508 36.93146944 
  1.300000e-01  10.56294508 36.93147119 
  1.325000e-01  10.56294508 36.93147304 
  1.350000e-01  10.56294508 36.93147502 
  1.375000e-01  10.56294508 36.93147711 
  1.400000e-01  10.56294508 36.93147933 
  1.425000e-01  10.56294508 36.93148164 
  1.450000e-01  10.56294508 36.93148402 
  1.475000e-01  10.56294508 36.93148646 
  1.500000e-01  10.56294508 36.93148892 
  1.525000e-01  10.56294508 36.93149138 
  1.550000e-01  10.56294508 36.93149382 
  1.575000e-01  10.56294508 36.93149620 
  1.600000e-01  10.56294508 36.93149852 
  1.625000e-01  10.56294508 36.93150075 
  1.650000e-01  10.56294508 36.93150287 
  1.675000e-01  10.56294508 36.93150488 
  1.700000e-01  10.56294508 36.93150675 
  1.725000e-01  10.56294508 36.93150850 
  1.750000e-01  10.56294508 36.93151010 
  1.775000e-01  10.56294508 36.93151157 
  1.800000e-01  10.56294508 36.93151291 
  1.825000e-01  10.56294508 36.93151413 
  1.850000e-01  10.56294508 36.93151524 
  1.875000e-01  10.56294508 36.93151625 
  1.900000e-01  10.56294508 36.93151720 
  1.925000e-01  10.56294508 36.93151808 
  1.950000e-01  10.56294508 36.93151893 
  1.975000e-01  10.56294508 36.93151975 
  2.000000e-01  10.56294508 36.93152056 
  2.025000e-01  10.56294508 36.93152137 
  2.050000e-01  10.56294508 36.93152218 
  2.075000e-01  10.56294508 36.93152301 
  2.100000e-01  10.56294508 36.93152385 
  2.125000e-01  10.56294508 36.93152470 
  2.150000e-01  10.56294508 36.93152557 
  2.175000e-01  10.56294508 36.93152645 
  2.200000e-01  10.56294508 36.93152734 
  2.225000e-01  10.56294508 36.93152825 
  2.250000e-01  10.56294508 36.93152916 
  2.275000e-01  10.56294508 36.93153008 
  2.300000e-01  10.56294508 36.93153101 
  2.325000e-01  10.56294508 36.93153194 
  2.350000e-01  10.56294508 36.93153287 
  2.375000e-01  10.56294508 36.93153381 
  2.400000e-01  10.56294508 36.93153474 
  2.425000e-01  10.56294508 36.93153568 
  2.450000e-01  10.56294508 36.93153661 
  2.475000e-01  10.56294508 36.93153755 
  2.500000e-01  10.56294508 36.93153847 
  2.525000e-01  10.56294508 36.93153940 
  2.550000e-01  10.56294508 36.93154032 
  2.575000e-01  10.56294508 36.93154123 
  2.600000e-01  10.56294508 36.93154214 
  2.625000e-01  10.56294508 36.93154304 
  2.650000e-01  10.56294508 36.93154394 
  2.675000e-01  10.56294508 36.93154482 
  2.700000e-01  10.56294508 36.93154570 
  2.725000e-01  10.56294508 36.93154657 
  2.750000e-01  10.56294508 36.93154744 
  2.775000e-01  10.56294508 36.93154830 
  2.800000e-01  10.56294508 36.93154914 
  2.825000e-01  10.56294508 36.93154999 
  2.850000e-01  10.56294508 36.93155082 
  2.875000e-01  10.56294508 36.93155165 
  2.900000e-01  10.56294508 36.93155246 
  2.925000e-01  10.56294508 36.93155328 
  2.950000e-01  10.56294508 36.93155408 
  2.975000e-01  10.56294508 36.93155488 
  3.000000e-01  10.56294508 36.93155568 
  3.025000e-01  10.56294508 36.93155646 
  3.050000e-01  10.56294508 36.93155724 
  3.075000e-01  10.56294508 36.93155802 
  3.100000e-01  10.56294508 36.93155879 
  3.125000e-01  10.56294508 36.93155955 
  3.150000e-01  10.56294508 36.93156031 
  3.175000e-01  10.56294508 36.93156107 
  3.200000e-01  10.56294508 36.93156182 
  3.225000e-01  10.56294508 36.93156256 
  3.250000e-01  10.56294508 36.93156330 
  3.275000e-01  10.56294508 36.93156403 
  3.300000e-01  10.56294508 36.93156476 
  3.325000e-01  10.56294508 36.93156548 
  3.350000e-01  10.56294508 36.93156620 
  3.375000e-01  10.56294508 36.93156691 
  3.400000e-01  10.56294508 36.93156762 
  3.425000e-01  10.56294508 36.93156832 
  3.450000e-01  10.56294508 36.93156902 
  3.475000e-01  10.56294508 36.93156971 
  3.500000e-01  10.56294508 36.93157040 
  3.525000e-01  10.56294508 36.93157108 
  3.550000e-01  10.56294508 36.93157175 
  3.575000e-01  10.56294508 36.93157242 
  3.600000e-01  10.56294508 36.93157309 
  3.625000e-01  10.56294508 36.93157375 
  3.650000e-01  10.56294508 36.93157440 
  3.675000e-01  10.56294508 36.93157505 
  3.700000e-01  10.56294508 36.93157569 
  3.725000e-01  10.56294508 36.93157633 
  3.750000e-01  10.56294508 36.93157696 
  3.775000e-01  10.56294508 36.93157759 
  3.800000e-01  10.56294508 36.93157821 
  3.825000e-01  10.56294508 36.93157883 
  3.850000e-01  10.56294508 36.93157944 
  3.875000e-01  10.56294508 36.93158005 
  3.900000e-01  10.56294508 36.93158065 
  3.925000e-01  10.56294508 36.93158124 
  3.950000e-01  10.56294508 36.93158183 
  3.975000e-01  10.56294508 36.93158241 
  4.000000e-01  10.56294508 36.93158299 
  4.025000e-01  10.56294508 36.93158356 
  4.050000e-01  10.56294508 36.93158413 
  4.075000e-01  10.56294508 36.93158469 
  4.100000e-01  10.56294508 36.93158525 
  4.125000e-01  10.56294508 36.93158580 
  4.150000e-01  10.56294508 36.93158634 
  4.175000e-01  10.56294508 36.93158688 
  4.200000e-01  10.56294508 36.93158741 
  4.225000e-01  10.56294508 36.93158794 
  4.250000e-01  10.56294508 36.93158846 
  4.275000e-01  10.56294508 36.93158898 
  4.300000e-01  10.56294508 36.93158949 
  4.325000e-01  10.56294508 36.93158999 
  4.350000e-01  10.56294508 36.93159049 
  4.375000e-01  10.56294508 36.93159099 
  4.400000e-01  10.56294508 36.93159147 
  4.425000e-01  10.56294508 36.93159195 
  4.450000e-01  10.56294508 36.93159243 
  4.475000e-01  10.56294508 36.93159290 
  4.500000e-01  10.56294508 36.93159336 
  4.525000e-01  10.56294508 36.93159382 
  4.550000e-01  10.56294508 36.93159427 
  4.575000e-01  10.56294508 36.93159471 
  4.600000e-01  10.56294508 36.93159515 
  4.625000e-01  10.56294508 36.93159558 
  4.650000e-01  10.56294508 36.93159601 
  4.675000e-01  10.56294508 36.93159643 
  4.700000e-01  10.56294508 36.93159685 
  4.725000e-01  10.56294508 36.93159726 
  4.750000e-01  10.56294508 36.93159766 
  4.775000e-01  10.56294508 36.93159806 
  4.800000e-01  10.56294508 36.93159845 
  4.825000e-01  10.56294508 36.93159884 
  4.850000e-01  10.56294508 36.93159922 
  4.875000e-01  10.56294508 36.93159960 
  4.900000e-01  10.56294508 36.93159997 
  4.925000e-01  10.56294508 36.93160034 
  4.950000e-01  10.56294508 36.93160069 
  4.975000e-01  10.56294508 36.93160105 
  5.000000e-01  10.56294508 36.93160140 
  5.025000e-01  10.56294508 36.93160174 
  5.050000e-01  10.56294508 36.93160208 
  5.075000e-01  10.56294508 36.93160241 
  5.100000e-01  10.56294508 36.93160274 
  5.125000e-01  10.56294508 36.93160306 
  5.150000e-01  10.56294508 36.93160338 
  5.175000e-01  10.56294508 36.93160369 
  5.200000e-01  10.56294508 36.93160400 
  5.225000e-01  10.56294508 36.93160430 
  5.250000e-01  10.56294508 36.93160459 
  5.275000e-01  10.56294508 36.93160488 
  5.300000e-01  10.56294508 36.93160517 
  5.325000e-01  10.56294508 36.93160545 
  5.350000e-01  10.56294508 36.93160573 
  5.375000e-01  10.56294508 36.93160600 
  5.400000e-01  10.56294508 36.93160626 
  5.425000e-01  10.56294508 36.93160652 
  5.450000e-01  10.56294508 36.93160677 
  5.475000e-01  10.56294508 36.93160702 
  5.500000e-01  10.56294508 36.93160726 
  5.525000e-01  10.56294508 36.93160750 
  5.550000e-01  10.56294508 36.93160773 
  5.575000e-01  10.56294508 36.93160796 
  5.600000e-01  10.56294508 36.93160818 
  5.625000e-01  10.56294508 36.93160840 
  5.650000e-01  10.56294508 36.93160861 
  5.675000e-01  10.56294508 36.93160882 
  5.700000e-01  10.56294508 36.93160902 
  5.725000e-01  10.56294508 36.93160921 
  5.750000e-01  10.56294508 36.93160940 
  5.775000e-01  10.56294508 36.93160959 
  5.800000e-01  10.56294508 36.93160977 
  5.825000e-01  10.56294508 36.93160994 
  5.850000e-01  10.56294508 36.93161011 
  5.875000e-01  10.56294508 36.93161028 
  5.900000e-01  10.56294508 36.93161044 
  5.925000e-01  10.56294508 36.93161059 
  5.950000e-01  10.56294508 36.93161074 
  5.975000e-01  10.56294508 36.93161089 
  6.000000e-01  10.56294508 36.93161103 
  6.025000e-01  10.56294508 36.93161116 
  6.050000e-01  10.56294508 36.93161129 
  6.075000e-01  10.56294508 36.93161142 
  6.100000e-01  10.56294508 36.93161154 
  6.125000e-01  10.56294508 36.93161166 
  6.150000e-01  10.56294508 36.93161177 
  6.175000e-01  10.56294508 36.93161188 
  6.200000e-01  10.56294508 36.93161198 
  6.225000e-01  10.56294508 36.93161208 
  6.250000e-01  10.56294508 36.93161218 
  6.275000e-01  10.56294508 36.93161228 
  6.300000e-01  10.56294508 36.93161237 
  6.325000e-01  10.56294508 36.93161245 
  6.350000e-01  10.56294508 36.93161254 
  6.375000e-01  10.56294508 36.93161262 
  6.400000e-01  10.56294508 36.93161269 
  6.425000e-01  10.56294508 36.93161277 
  6.450000e-01  10.56294508 36.93161284 
  6.475000e-01  10.56294508 36.93161290 
  6.500000e-01  10.56294508 36.93161297 
  6.525000e-01  10.56294508 36.93161303 
  6.550000e-01  10.56294508 36.93161309 
  6.575000e-01  10.56294508 36.93161315 
  6.600000e-01  10.56294508 36.93161320 
  6.625000e-01  10.56294508 36.93161325 
  6.650000e-01  10.56294508 36.93161330 
  6.675000e-01  10.56294508 36.93161335 
  6.700000e-01  10.56294508 36.93161340 
  6.725000e-01  10.56294508 36.93161344 
  6.750000e-01  10.56294508 36.93161348 
  6.775000e-01  10.56294508 36.93161351 
  6.800000e-01  10.56294508 36.93161355 
  6.825000e-01  10.56294508 36.93161358 
  6.850000e-01  10.56294508 36.93161361 
  6.875000e-01  10.56294508 36.93161364 
  6.900000e-01  10.56294508 36.93161367 
  6.925000e-01  10.56294508 36.93161369 
  6.950000e-01  10.56294508 36.93161371 
  6.975000e-01  10.56294508 36.93161373 
  7.000000e-01  10.56294508 36.93161375 
  7.025000e-01  10.56294508 36.93161376 
  7.050000e-01  10.56294508 36.93161377 
  7.075000e-01  10.56294508 36.93161378 
  7.100000e-01  10.56294508 36.93161379 
  7.125000e-01  10.56294508 36.93161380 
  7.150000e-01  10.56294508 36.93161380 
  7.175000e-01  10.56294508 36.93161380 
  7.200000e-01  10.56294508 36.93161381 
  7.225000e-01  10.56294508 36.93161380 
  7.250000e-01  10.56294508 36.93161380 
  7.275000e-01  10.56294508 36.93161380 
  7.300000e-01  10.56294508 36.93161379 
  7.325000e-01  10.56294508 36.93161378 
  7.350000e-01  10.56294508 36.93161378 
  7.375000e-01  10.56294508 36.93161377 
  7.400000e-01  10.56294508 36.93161376 
  7.425000e-01  10.56294508 36.93161374 
  7.450000e-01  10.56294508 36.93161373 
  7.475000e-01  10.56294508 36.93161372 
  7.500000e-01  10.56294508 36.93161370 
  7.525000e-01  10.56294508 36.93161369 
  7.550000e-01  10.56294508 36.93161367 
  7.575000e-01  10.56294508 36.93161366 
  7.600000e-01  10.56294508 36.93161364 
  7.625000e-01  10.56294508 36.93161362 
  7.650000e-01  10.56294508 36.93161361 
  7.675000e-01  10.56294508 36.93161359 
  7.700000e-01  10.56294508 36.93161357 
  7.725000e-01  10.56294508 36.93161356 
  7.750000e-01  10.56294508 36.93161354 
  7.775000e-01  10.56294508 36.93161353 
  7.800000e-01  10.56294508 36.93161351 
  7.825000e-01  10.56294508 36.93161349 
  7.850000e-01  10.56294508 36.93161348 
  7.875000e-01  10.56294508 36.93161346 
  7.900000e-01  10.56294508 36.93161345 
  7.925000e-01  10.56294508 36.93161344 
  7.950000e-01  10.56294508 36.93161342 
  7.975000e-01  10.56294508 36.93161341 
  8.000000e-01  10.56294508 36.93161340 
  8.025000e-01  10.56294508 36.93161339 
  8.050000e-01  10.56294508 36.93161337 
  8.075000e-01  10.56294508 36.93161336 
  8.100000e-01  10.56294508 36.93161335 
  8.125000e-01  10.56294508 36.93161334 
  8.150000e-01  10.56294508 36.93161334 
  8.175000e-01  10.56294508 36.93161333 
  8.200000e-01  10.56294508 36.93161332 
  8.225000e-01  10.56294508 36.93161331 
  8.250000e-01  10.56294508 36.93161330 
  8.275000e-01  10.56294508 36.93161330 
  8.300000e-01  10.56294508 36.93161329 
  8.325000e-01  10.56294508 36.93161329 
  8.350000e-01  10.56294508 36.93161328 
  8.375000e-01  10.56294508 36.93161328 
  8.400000e-01  10.56294508 36.93161327 
  8.425000e-01  10.56294508 36.93161327 
  8.450000e-01  10.56294508 36.93161327 
  8.475000e-01  10.56294508 36.93161327 
  8.500000e-01  10.56294508 36.93161326 
  8.525000e-01  10.56294508 36.93161326 
  8.550000e-01  10.56294508 36.93161326 
  8.575000e-01  10.56294508 36.93161326 
  8.600000e-01  10.56294508 36.93161326 
  8.625000e-01  10.56294508 36.93161326 
  8.650000e-01  10.56294508 36.93161326 
  8.675000e-01  10.56294508 36.93161326 
  8.700000e-01  10.56294508 36.93161327 
  8.725000e-01  10.56294508 36.93161327 
  8.750000e-01  10.56294508 36.93161327 
  8.775000e-01  10.56294508 36.93161328 
  8.800000e-01  10.56294508 36.93161328 
  8.825000e-01  10.56294508 36.93161329 
  8.850000e-01  10.56294508 36.93161329 
  8.875000e-01  10.56294508 36.93161330 
  8.900000e-01  10.56294508 36.93161331 
  8.925000e-01  10.56294508 36.93161331 
  8.950000e-01  10.56294508 36.93161332 
  8.975000e-01  10.56294508 36.93161333 
  9.000000e-01  10.56294508 36.93161334 
  9.025000e-01  10.56294508 36.93161335 
  9.050000e-01  10.56294508 36.93161336 
  9.075000e-01  10.56294508 36.93161337 
  9.100000e-01  10.56294508 36.93161338 
  9.125000e-01  10.56294508 36.93161339 
  9.150000e-01  10.56294508 36.93161341 
  9.175000e-01  10.56294508 36.93161342 
  9.200000e-01  10.56294508 36.93161343 
  9.225000e-01  10.56294508 36.93161345 
  9.250000e-01  10.56294508 36.93161346 
  9.275000e-01  10.56294508 36.93161348 
  9.300000e-01  10.56294508 36.93161350 
  9.325000e-01  10.56294508 36.93161351 
  9.350000e-01  10.56294508 36.93161353 
  9.375000e-01  10.56294508 36.93161355 
  9.400000e-01  10.56294508 36.93161357 
  9.425000e-01  10.56294508 36.93161359 
  9.450000e-01  10.56294508 36.93161360 
  9.475000e-01  10.56294508 36.93161362 
  9.500000e-01  10.56294508 36.93161364 
  9.525000e-01  10.56294508 36.93161366 
  9.550000e-01  10.56294508 36.93161368 
  9.575000e-01  10.56294508 36.93161371 
  9.600000e-01  10.56294508 36.93161373 
  9.625000e-01  10.56294508 36.93161375 
  9.650000e-01  10.56294508 36.93161377 
  9.675000e-01  10.56294508 36.93161379 
  9.700000e-01  10.56294508 36.93161381 
  9.725000e-01  10.56294508 36.93161384 
  9.750000e-01  10.56294508 36.93161386 
  9.775000e-01  10.56294508 36.93161388 
  9.800000e-01  10.56294508 36.93161391 
  9.825000e-01  10.56294508 36.93161393 
  9.850000e-01  10.56294508 36.93161395 
  9.875000e-01  10.56294508 36.93161398 
  9.900000e-01  10.56294508 36.93161400 
  9.925000e-01  10.56294508 36.93161402 
  9.950000e-01  10.56294508 36.93161405 
  9.975000e-01  10.56294508 36.93161407 
  1.000000e+00  10.56294508 36.93161410 
  1.002500e+00  10.56294508 36.93161412 
  1.005000e+00  10.56294508 36.93161414 
  1.007500e+00  10.56294508 36.93161417 
  1.010000e+00  10.56294508 36.93161419 
  1.012500e+00  10.56294508 36.93161421 
  1.015000e+00  10.56294508 36.93161424 
  1.017500e+00  10.56294508 36.93161426 
  1.020000e+00  10.56294508 36.93161429 
  1.022500e+00  10.56294508 36.93161431 
  1.025000e+00  10.56294508 36.93161433 
  1.027500e+00  10.56294508 36.93161436 
  1.030000e+00  10.56294508 36.93161438 
  1.032500e+00  10.56294508 36.93161440 
  1.035000e+00  10.56294508 36.93161443 
  1.037500e+00  10.56294508 36.93161445 
  1.040000e+00  10.56294508 36.93161447 
  1.042500e+00  10.56294508 36.93161450 
  1.045000e+00  10.56294508 36.93161452 
  1.047500e+00  10.56294508 36.93161454 
  1.050000e+00  10.56294508 36.93161457 
  1.052500e+00  10.56294508 36.93161459 
  1.055000e+00  10.56294508 36.93161461 
  1.057500e+00  10.56294508 36.93161463 
  1.060000e+00  10.56294508 36.93161466 
  1.062500e+00  10.56294508 36.93161468 
  1.065000e+00  10.56294508 36.93161470 
  1.067500e+00  10.56294508 36.93161472 
  1.070000e+00  10.56294508 36.93161474 
  1.072500e+00  10.56294508 36.93161476 
  1.075000e+00  10.56294508 36.93161479 
  1.077500e+00  10.56294508 36.93161481 
  1.080000e+00  10.56294508 36.93161483 
  1.082500e+00  10.56294508 36.93161485 
  1.085000e+00  10.56294508 36.93161487 
  1.087500e+00  10.56294508 36.93161489 
  1.090000e+00  10.56294508 36.93161491 
  1.092500e+00  10.56294508 36.93161493 
  1.095000e+00  10.56294508 36.93161495 
  1.097500e+00  10.56294508 36.93161497 
  1.100000e+00  10.56294508 36.93161499 
  1.102500e+00  10.56294508 36.93161501 
  1.105000e+00  10.56294508 36.93161503 
  1.107500e+00  10.56294508 36.93161505 
  1.110000e+00  10.56294508 36.93161507 
  1.112500e+00  10.56294508 36.93161509 
  1.115000e+00  10.56294508 36.93161511 
  1.117500e+00  10.56294508 36.93161513 
  1.120000e+00  10.56294508 36.93161515 
  1.122500e+00  10.56294508 36.93161516 
  1.125000e+00  10.56294508 36.93161518 
  1.127500e+00  10.56294508 36.93161520 
  1.130000e+00  10.56294508 36.93161522 
  1.132500e+00  10.56294508 36.93161524 
  1.135000e+00  10.56294508 36.93161525 
  1.137500e+00  10.56294508 36.93161527 
  1.140000e+00  10.56294508 36.93161529 
  1.142500e+00  10.56294508 36.93161530 
  1.145000e+00  10.56294508 36.93161532 
  1.147500e+00  10.56294508 36.93161534 
  1.150000e+00  10.56294508 36.93161535 
  1.152500e+00  10.56294508 36.93161537 
  1.155000e+00  10.56294508 36.93161539 
  1.157500e+00  10.56294508 36.93161540 
  1.160000e+00  10.56294508 36.93161542 
  1.162500e+00  10.56294508 36.93161543 
  1.165000e+00  10.56294508 36.93161545 
  1.167500e+00  10.56294508 36.93161546 
  1.170000e+00  10.56294508 36.93161548 
  1.172500e+00  10.56294508 36.93161549 
  1.175000e+00  10.56294508 36.93161551 
  1.177500e+00  10.56294508 36.93161552 
  1.180000e+00  10.56294508 36.93161554 
  1.182500e+00  10.56294508 36.93161555 
  1.185000e+00  10.56294508 36.93161557 
  1.187500e+00  10.56294508 36.93161558 
  1.190000e+00  10.56294508 36.93161559 
  1.192500e+00  10.56294508 36.93161561 
  1.195000e+00  10.56294508 36.93161562 
  1.197500e+00  10.56294508 36.93161563 
  1.200000e+00  10.56294508 36.93161564 
  1.202500e+00  10.56294508 36.93161566 
  1.205000e+00  10.56294508 36.93161567 
  1.207500e+00  10.56294508 36.93161568 
  1.210000e+00  10.56294508 36.93161569 
  1.212500e+00  10.56294508 36.93161571 
  1.215000e+00  10.56294508 36.93161572 
  1.217500e+00  10.56294508 36.93161573 
  1.220000e+00  10.56294508 36.93161574 
  1.222500e+00  10.56294508 36.93161575 
  1.225000e+00  10.56294508 36.93161576 
  1.227500e+00  10.56294508 36.93161577 
  1.230000e+00  10.56294508 36.93161579 
  1.232500e+00  10.56294508 36.93161580 
  1.235000e+00  10.56294508 36.93161581 
  1.237500e+00  10.56294508 36.93161582 
  1.240000e+00  10.56294508 36.93161583 
  1.242500e+00  10.56294508 36.93161584 
  1.245000e+00  10.56294508 36.93161585 
  1.247500e+00  10.56294508 36.93161586 
  1.250000e+00  10.56294508 36.93161587 
  1.252500e+00  10.56294508 36.93161588 
  1.255000e+00  10.56294508 36.93161589 
  1.257500e+00  10.56294508 36.93161589 
  1.260000e+00  10.56294508 36.93161590 
  1.262500e+00  10.56294508 36.93161591 
  1.265000e+00  10.56294508 36.93161592 
  1.267500e+00  10.56294508 36.93161593 
  1.270000e+00  10.56294508 36.93161594 
  1.272500e+00  10.56294508 36.93161595 
  1.275000e+00  10.56294508 36.93161596 
  1.277500e+00  10.56294508 36.93161596 
  1.280000e+00  10.56294508 36.93161597 
  1.282500e+00  10.56294508 36.93161598 
  1.285000e+00  10.56294508 36.93161599 
  1.287500e+00  10.56294508 36.93161599 
  1.290000e+00  10.56294508 36.93161600 
  1.292500e+00  10.56294508 36.93161601 
  1.295000e+00  10.56294508 36.93161602 
  1.297500e+00  10.56294508 36.93161602 
  1.300000e+00  10.56294508 36.93161603 
  1.302500e+00  10.56294508 36.93161604 
  1.305000e+00  10.56294508 36.93161605 
  1.307500e+00  10.56294508 36.93161605 
  1.310000e+00  10.56294508 36.93161606 
  1.312500e+00  10.56294508 36.93161607 
  1.315000e+00  10.56294508 36.93161607 
  1.317500e+00  10.56294508 36.93161608 
  1.320000e+00  10.56294508 36.93161608 
  1.322500e+00  10.56294508 36.93161609 
  1.325000e+00  10.56294508 36.93161610 
  1.327500e+00  10.56294508 36.93161610 
  1.330000e+00  10.56294508 36.93161611 
  1.332500e+00  10.56294508 36.93161611 
  1.335000e+00  10.56294508 36.93161612 
  1.337500e+00  10.56294508 36.93161613 
  1.340000e+00  10.56294508 36.93161613 
  1.342500e+00  10.56294508 36.93161614 
  1.345000e+00  10.56294508 36.93161614 
  1.347500e+00  10.56294508 36.93161615 
  1.350000e+00  10.56294508 36.93161615 
  1.352500e+00  10.56294508 36.93161616 
  1.355000e+00  10.56294508 36.93161616 
  1.357500e+00  10.56294508 36.93161617 
  1.360000e+00  10.56294508 36.93161617 
  1.362500e+00  10.56294508 36.93161618 
  1.365000e+00  10.56294508 36.93161618 
  1.367500e+00  10.56294508 36.93161619 
  1.370000e+00  10.56294508 36.93161619 
  1.372500e+00  10.56294508 36.93161620 
  1.375000e+00  10.56294508 36.93161620 
  1.377500e+00  10.56294508 36.93161621 
  1.380000e+00  10.56294508 36.93161621 
  1.382500e+00  10.56294508 36.93161621 
  1.385000e+00  10.56294508 36.93161622 
  1.387500e+00  10.56294508 36.93161622 
  1.390000e+00  10.56294508 36.93161623 
  1.392500e+00  10.56294508 36.93161623 
  1.395000e+00  10.56294508 36.93161624 
  1.397500e+00  10.56294508 36.93161624 
  1.400000e+00  10.56294508 36.93161624 
  1.402500e+00  10.56294508 36.93161625 
  1.405000e+00  10.56294508 36.93161625 
  1.407500e+00  10.56294508 36.93161625 
  1.410000e+00  10.56294508 36.93161626 
  1.412500e+00  10.56294508 36.93161626 
  1.415000e+00  10.56294508 36.93161627 
  1.417500e+00  10.56294508 36.93161627 
  1.420000e+00  10.56294508 36.93161627 
  1.422500e+00  10.56294508 36.93161628 
  1.425000e+00  10.56294508 36.93161628 
  1.427500e+00  10.56294508 36.93161628 
  1.430000e+00  10.56294508 36.93161629 
  1.432500e+00  10.56294508 36.93161629 
  1.435000e+00  10.56294508 36.93161629 
  1.437500e+00  10.56294508 36.93161629 
  1.440000e+00  10.56294508 36.93161630 
  1.442500e+00  10.56294508 36.93161630 
  1.445000e+00  10.56294508 36.93161630 
  1.447500e+00  10.56294508 36.93161631 
  1.450000e+00  10.56294508 36.93161631 
  1.452500e+00  10.56294508 36.93161631 
  1.455000e+00  10.56294508 36.93161632 
  1.457500e+00  10.56294508 36.93161632 
  1.460000e+00  10.56294508 36.93161632 
  1.462500e+00  10.56294508 36.93161632 
  1.465000e+00  10.56294508 36.93161633 
  1.467500e+00  10.56294508 36.93161633 
  1.470000e+00  10.56294508 36.93161633 
  1.472500e+00  10.56294508 36.93161633 
  1.475000e+00  10.56294508 36.93161634 
  1.477500e+00  10.56294508 36.93161634 
  1.480000e+00  10.56294508 36.93161634 
  1.482500e+00  10.56294508 36.93161634 
  1.485000e+00  10.56294508 36.93161635 
  1.487500e+00  10.56294508 36.93161635 
  1.490000e+00  10.56294508 36.93161635 
  1.492500e+00  10.56294508 36.93161635 
  1.495000e+00  10.56294508 36.93161635 
  1.497500e+00  10.56294508 36.93161636 
  1.500000e+00  10.56294508 36.93161636 
  1.502500e+00  10.56294508 36.93161636 
  1.505000e+00  10.56294508 36.93161636 
  1.507500e+00  10.56294508 36.93161636 
  1.510000e+00  10.56294508 36.93161637 
  1.512500e+00  10.56294508 36.93161637 
  1.515000e+00  10.56294508 36.93161637 
  1.517500e+00  10.56294508 36.93161637 
  1.520000e+00  10.56294508 36.93161637 
  1.522500e+00  10.56294508 36.93161638 
  1.525000e+00  10.56294508 36.93161638 
  1.527500e+00  10.56294508 36.93161638 
  1.530000e+00  10.56294508 36.93161638 
  1.532500e+00  10.56294508 36.93161638 
  1.535000e+00  10.56294508 36.93161638 
  1.537500e+00  10.56294508 36.93161639 
  1.540000e+00  10.56294508 36.93161639 
  1.542500e+00  10.56294508 36.93161639 
  1.545000e+00  10.56294508 36.93161639 
  1.547500e+00  10.56294508 36.93161639 
  1.550000e+00  10.56294508 36.93161639 
  1.552500e+00  10.56294508 36.93161639 
  1.555000e+00  10.56294508 36.93161640 
  1.557500e+00  10.56294508 36.93161640 
  1.560000e+00  10.56294508 36.93161640 
  1.562500e+00  10.56294508 36.93161640 
  1.565000e+00  10.56294508 36.93161640 
  1.567500e+00  10.56294508 36.93161640 
  1.570000e+00  10.56294508 36.93161640 
  1.572500e+00  10.56294508 36.93161641 
  1.575000e+00  10.56294508 36.93161641 
  1.577500e+00  10.56294508 36.93161641 
  1.580000e+00  10.56294508 36.93161641 
  1.582500e+00  10.56294508 36.93161641 
  1.585000e+00  10.56294508 36.93161641 
  1.587500e+00  10.56294508 36.93161641 
  1.590000e+00  10.56294508 36.93161641 
  1.592500e+00  10.56294508 36.93161641 
  1.595000e+00  10.56294508 36.93161642 
  1.597500e+00  10.56294508 36.93161642 
  1.600000e+00  10.56294508 36.93161642 
  1.602500e+00  10.56294508 36.93161642 
  1.605000e+00  10.56294508 36.93161642 
  1.607500e+00  10.56294508 36.93161642 
  1.610000e+00  10.56294508 36.93161642 
  1.612500e+00  10.56294508 36.93161642 
  1.615000e+00  10.56294508 36.93161642 
  1.617500e+00  10.56294508 36.93161642 
  1.620000e+00  10.56294508 36.93161643 
  1.622500e+00  10.56294508 36.93161643 
  1.625000e+00  10.56294508 36.93161643 
  1.627500e+00  10.56294508 36.93161643 
  1.630000e+00  10.56294508 36.93161643 
  1.632500e+00  10.56294508 36.93161643 
  1.635000e+00  10.56294508 36.93161643 
  1.637500e+00  10.56294508 36.93161643 
  1.640000e+00  10.56294508 36.93161643 
  1.642500e+00  10.56294508 36.93161643 
  1.645000e+00  10.56294508 36.93161643 
  1.647500e+00  10.56294508 36.93161643 
  1.650000e+00  10.56294508 36.93161643 
  1.652500e+00  10.56294508 36.93161644 
  1.655000e+00  10.56294508 36.93161644 
  1.657500e+00  10.56294508 36.93161644 
  1.660000e+00  10.56294508 36.93161644 
  1.662500e+00  10.56294508 36.93161644 
  1.665000e+00  10.56294508 36.93161644 
  1.667500e+00  10.56294508 36.93161644 
  1.670000e+00  10.56294508 36.93161644 
  1.672500e+00  10.56294508 36.93161644 
  1.675000e+00  10.56294508 36.93161644 
  1.677500e+00  10.56294508 36.93161644 
  1.680000e+00  10.56294508 36.93161644 
  1.682500e+00  10.56294508 36.93161644 
  1.685000e+00  10.56294508 36.93161644 
  1.687500e+00  10.56294508 36.93161644 
  1.690000e+00  10.56294508 36.93161644 
  1.692500e+00  10.56294508 36.93161644 
  1.695000e+00  10.56294508 36.93161645 
  1.697500e+00  10.56294508 36.93161645 
  1.700000e+00  10.56294508 36.93161645 
  1.702500e+00  10.56294508 36.93161645 
  1.705000e+00  10.56294508 36.93161645 
  1.707500e+00  10.56294508 36.93161645 
  1.710000e+00  10.56294508 36.93161645 
  1.712500e+00  10.56294508 36.93161645 
  1.715000e+00  10.56294508 36.93161645 
  1.717500e+00  10.56294508 36.93161645 
  1.720000e+00  10.56294508 36.93161645 
  1.722500e+00  10.56294508 36.93161645 
  1.725000e+00  10.56294508 36.93161645 
  1.727500e+00  10.56294508 36.93161645 
  1.730000e+00  10.56294508 36.93161645 
  1.732500e+00  10.56294508 36.93161645 
  1.735000e+00  10.56294508 36.93161645 
  1.737500e+00  10.56294508 36.93161645 
  1.740000e+00  10.56294508 36.93161645 
  1.742500e+00  10.56294508 36.93161645 
  1.745000e+00  10.56294508 36.93161645 
  1.747500e+00  10.56294508 36.93161645 
  1.750000e+00  10.56294508 36.93161645 
  1.752500e+00  10.56294508 36.93161645 
  1.755000e+00  10.56294508 36.93161645 
  1.757500e+00  10.56294508 36.93161645 
  1.760000e+00  10.56294508 36.93161645 
  1.762500e+00  10.56294508 36.93161645 
  1.765000e+00  10.56294508 36.93161645 
  1.767500e+00  10.56294508 36.93161645 
  1.770000e+00  10.56294508 36.93161646 
  1.772500e+00  10.56294508 36.93161646 
  1.775000e+00  10.56294508 36.93161646 
  1.777500e+00  10.56294508 36.93161646 
  1.780000e+00  10.56294508 36.93161646 
  1.782500e+00  10.56294508 36.93161646 
  1.785000e+00  10.56294508 36.93161646 
  1.787500e+00  10.56294508 36.93161646 
  1.790000e+00  10.56294508 36.93161646 
  1.792500e+00  10.56294508 36.93161646 
  1.795000e+00  10.56294508 36.93161646 
  1.797500e+00  10.56294508 36.93161646 
  1.800000e+00  10.56294508 36.93161646 
  1.802500e+00  10.56294508 36.93161646 
  1.805000e+00  10.56294508 36.93161646 
  1.807500e+00  10.56294508 36.93161646 
  1.810000e+00  10.56294508 36.93161646 
  1.812500e+00  10.56294508 36.93161646 
  1.815000e+00  10.56294508 36.93161646 
  1.817500e+00  10.56294508 36.93161646 
  1.820000e+00  10.56294508 36.93161646 
  1.822500e+00  10.56294508 36.93161646 
  1.825000e+00  10.56294508 36.93161646 
  1.827500e+00  10.56294508 36.93161646 
  1.830000e+00  10.56294508 36.93161646 
  1.832500e+00  10.56294508 36.93161646 
  1.835000e+00  10.56294508 36.93161646 
  1.837500e+00  10.56294508 36.93161646 
  1.840000e+00  10.56294508 36.93161646 
  1.842500e+00  10.56294508 36.93161646 
  1.845000e+00  10.56294508 36.93161646 
  1.847500e+00  10.56294508 36.93161646 
  1.850000e+00  10.56294508 36.93161646 
  1.852500e+00  10.56294508 36.93161646 
  1.855000e+00  10.56294508 36.93161646 
  1.857500e+00  10.56294508 36.93161646 
  1.860000e+00  10.56294508 36.93161646 
  1.862500e+00  10.56294508 36.93161646 
  1.865000e+00  10.56294508 36.93161646 
  1.867500e+00  10.56294508 36.93161646 
  1.870000e+00  10.56294508 36.93161646 
  1.872500e+00  10.56294508 36.93161646 
  1.875000e+00  10.56294508 36.93161646 
  1.877500e+00  10.56294508 36.93161646 
  1.880000e+00  10.56294508 36.93161646 
  1.882500e+00  10.56294508 36.93161646 
  1.885000e+00  10.56294508 36.93161646 
  1.887500e+00  10.56294508 36.93161646 
  1.890000e+00  10.56294508 36.93161646 
  1.892500e+00  10.56294508 36.93161646 
  1.895000e+00  10.56294508 36.93161646 
  1.897500e+00  10.56294508 36.93161646 
  1.900000e+00  10.56294508 36.93161646 
  1.902500e+00  10.56294508 36.93161646 
  1.905000e+00  10.56294508 36.93161646 
  1.907500e+00  10.56294508 36.93161646 
  1.910000e+00  10.56294508 36.93161646 
  1.912500e+00  10.56294508 36.93161646 
  1.915000e+00  10.56294508 36.93161646 
  1.917500e+00  10.56294508 36.93161646 
  1.920000e+00  10.56294508 36.93161646 
  1.922500e+00  10.56294508 36.93161646 
  1.925000e+00  10.56294508 36.93161646 
  1.927500e+00  10.56294508 36.93161646 
  1.930000e+00  10.56294508 36.93161646 
  1.932500e+00  10.56294508 36.93161646 
  1.935000e+00  10.56294508 36.93161646 
  1.937500e+00  10.56294508 36.93161646 
  1.940000e+00  10.56294508 36.93161646 
  1.942500e+00  10.56294508 36.93161646 
  1.945000e+00  10.56294508 36.93161646 
  1.947500e+00  10.56294508 36.93161646 
  1.950000e+00  10.56294508 36.93161646 
  1.952500e+00  10.56294508 36.93161646 
  1.955000e+00  10.56294508 36.93161646 
  1.957500e+00  10.56294508 36.93161646 
  1.960000e+00  10.56294508 36.93161646 
  1.962500e+00  10.56294508 36.93161646 
  1.965000e+00  10.56294508 36.93161646 
  1.967500e+00  10.56294508 36.93161646 
  1.970000e+00  10.56294508 36.93161646 
  1.972500e+00  10.56294508 36.93161646 
  1.975000e+00  10.56294508 36.93161646 
  1.977500e+00  10.56294508 36.93161646 
  1.980000e+00  10.56294508 36.93161646 
  1.982500e+00  10.56294508 36.93161646 
  1.985000e+00  10.56294508 36.93161646 
  1.987500e+00  10.56294508 36.93161646 
  1.990000e+00  10.56294508 36.93161646 
  1.992500e+00  10.56294508 36.93161646 
  1.995000e+00  10.56294508 36.93161646 
  1.997500e+00  10.56294508 36.93161646 
  2.000000e+00  10.56294508 36.93161646 
