  2.500000e-03  138.369068  140.406097
  3.750000e-03  134.343959  138.096043
  5.000000e-03  131.257554  135.748730
  6.250000e-03  128.860724  133.267530
  7.500000e-03  126.754357  130.693238
  8.750000e-03  124.691806  128.147907
  1.000000e-02  122.649875  125.744146
  1.125000e-02  120.725583  123.548204
  1.250000e-02  119.011129  121.589485
  1.375000e-02  117.536895  119.874456
  1.500000e-02  116.279675  118.389696
  1.625000e-02  115.192274  117.102449
  1.750000e-02  114.224719  115.968629
  1.875000e-02  113.334658  114.945830
  2.000000e-02  112.493032  114.002490
  2.125000e-02  111.686268  113.119676
  2.250000e-02  110.913784  112.288144
  2.375000e-02  110.181891  111.504342
  2.500000e-02  109.497366  110.767302
  2.625000e-02  108.863452  110.076697
  2.750000e-02  108.278950  109.431749
  2.875000e-02  107.739363  108.830696
  3.000000e-02  107.238660  108.270709
  3.125000e-02  106.770728  107.748170
  3.250000e-02  106.330231  107.259125
  3.375000e-02  105.912944  106.799724
  3.500000e-02  105.515744  106.366489
  3.625000e-02  105.136394  105.956418
  3.750000e-02  104.773269  105.566961
  3.875000e-02  104.425099  105.195951
  4.000000e-02  104.090790  104.841525
  4.125000e-02  103.769330  104.502069
  4.250000e-02  103.459750  104.176170
  4.375000e-02  103.161125  103.862591
  4.500000e-02  102.872582  103.560255
  4.625000e-02  102.593322  103.268228
  4.750000e-02  102.322638  102.985714
  4.875000e-02  102.059924  102.712031
  5.000000e-02  101.804678  102.446606
  5.125000e-02  101.556494  102.188948
  5.250000e-02  101.315045  101.938637
  5.375000e-02  101.080053  101.695304
  5.500000e-02  100.851277  101.458625
  5.625000e-02  100.628487  101.228304
  5.750000e-02  100.411461  101.004071
  5.875000e-02  100.199975  100.785675
  6.000000e-02  99.993814  100.572882
  6.125000e-02  99.792768  100.365473
  6.250000e-02  99.596640  100.163242
  6.375000e-02  99.405249  99.965999
  6.500000e-02  99.218431  99.773563
  6.625000e-02  99.036037  99.585769
  6.750000e-02  98.857932  99.402464
  6.875000e-02  98.683992  99.223504
  7.000000e-02  98.514100  99.048755
  7.125000e-02  98.348146  98.878093
  7.250000e-02  98.186022  98.711401
  7.375000e-02  98.027628  98.548567
  7.500000e-02  97.872863  98.389485
  7.625000e-02  97.721630  98.234054
  7.750000e-02  97.573837  98.082175
  7.875000e-02  97.429393  97.933754
  8.000000e-02  97.288211  97.788701
  8.125000e-02  97.150205  97.646925
  8.250000e-02  97.015293  97.508341
  8.375000e-02  96.883395  97.372864
  8.500000e-02  96.754432  97.240413
  8.625000e-02  96.628325  97.110909
  8.750000e-02  96.505001  96.984272
  8.875000e-02  96.384384  96.860427
  9.000000e-02  96.266403  96.739299
  9.125000e-02  96.150984  96.620814
  9.250000e-02  96.038058  96.504902
  9.375000e-02  95.927556  96.391491
  9.500000e-02  95.819410  96.280512
  9.625000e-02  95.713553  96.171898
  9.750000e-02  95.609920  96.065581
  9.875000e-02  95.508447  95.961497
  1.000000e-01  95.409069  95.859579
  1.012500e-01  95.311725  95.759766
  1.025000e-01  95.216354  95.661995
  1.037500e-01  95.122896  95.566204
  1.050000e-01  95.031291  95.472334
  1.062500e-01  94.941482  95.380325
  1.075000e-01  94.853412  95.290120
  1.087500e-01  94.767026  95.201662
  1.100000e-01  94.682269  95.114896
  1.112500e-01  94.599088  95.029768
  1.125000e-01  94.517431  94.946223
  1.137500e-01  94.437247  94.864211
  1.150000e-01  94.358487  94.783680
  1.162500e-01  94.281102  94.704581
  1.175000e-01  94.205045  94.626866
  1.187500e-01  94.130270  94.550487
  1.200000e-01  94.056734  94.475400
  1.212500e-01  93.984392  94.401559
  1.225000e-01  93.913204  94.328922
  1.237500e-01  93.843129  94.257447
  1.250000e-01  93.774128  94.187093
  1.262500e-01  93.706163  94.117823
  1.275000e-01  93.639200  94.049597
  1.287500e-01  93.573203  93.982382
  1.300000e-01  93.508139  93.916141
  1.312500e-01  93.443977  93.850842
  1.325000e-01  93.380687  93.786453
  1.337500e-01  93.318241  93.722945
  1.350000e-01  93.256610  93.660287
  1.362500e-01  93.195770  93.598454
  1.375000e-01  93.135697  93.537419
  1.387500e-01  93.076368  93.477158
  1.400000e-01  93.017760  93.417648
  1.412500e-01  92.959855  93.358867
  1.425000e-01  92.902634  93.300794
  1.437500e-01  92.846078  93.243411
  1.450000e-01  92.790172  93.186699
  1.462500e-01  92.734899  93.130642
  1.475000e-01  92.680247  93.075224
  1.487500e-01  92.626201  93.020429
  1.500000e-01  92.572749  92.966245
  1.512500e-01  92.519879  92.912658
  1.525000e-01  92.467581  92.859657
  1.537500e-01  92.415844  92.807229
  1.550000e-01  92.364658  92.755365
  1.562500e-01  92.314015  92.704053
  1.575000e-01  92.263906  92.653286
  1.587500e-01  92.214322  92.603053
  1.600000e-01  92.165256  92.553347
  1.612500e-01  92.116699  92.504158
  1.625000e-01  92.068644  92.455479
  1.637500e-01  92.021085  92.407302
  1.650000e-01  91.974013  92.359620
  1.662500e-01  91.927421  92.312425
  1.675000e-01  91.881303  92.265710
  1.687500e-01  91.835650  92.219467
  1.700000e-01  91.790456  92.173691
  1.712500e-01  91.745714  92.128372
  1.725000e-01  91.701416  92.083505
  1.737500e-01  91.657555  92.039082
  1.750000e-01  91.614123  91.995096
  1.762500e-01  91.571113  91.951539
  1.775000e-01  91.528517  91.908404
  1.787500e-01  91.486328  91.865683
  1.800000e-01  91.444537  91.823369
  1.812500e-01  91.403136  91.781455
  1.825000e-01  91.362119  91.739931
  1.837500e-01  91.321475  91.698792
  1.850000e-01  91.281198  91.658028
  1.862500e-01  91.241279  91.617631
  1.875000e-01  91.201710  91.577594
  1.887500e-01  91.162482  91.537909
  1.900000e-01  91.123588  91.498566
  1.912500e-01  91.085019  91.459559
  1.925000e-01  91.046766  91.420878
  1.937500e-01  91.008821  91.382516
  1.950000e-01  90.971177  91.344464
  1.962500e-01  90.933824  91.306715
  1.975000e-01  90.896755  91.269259
  1.987500e-01  90.859961  91.232089
  2.000000e-01  90.823435  91.195197
  2.012500e-01  90.787168  91.158575
  2.025000e-01  90.751153  91.122214
  2.037500e-01  90.715382  91.086107
  2.050000e-01  90.679848  91.050247
  2.062500e-01  90.644542  91.014625
  2.075000e-01  90.609457  90.979234
  2.087500e-01  90.574587  90.944067
  2.100000e-01  90.539925  90.909117
  2.112500e-01  90.505462  90.874376
  2.125000e-01  90.471193  90.839837
  2.137500e-01  90.437112  90.805494
  2.150000e-01  90.403210  90.771340
  2.162500e-01  90.369483  90.737369
  2.175000e-01  90.335925  90.703574
  2.187500e-01  90.302529  90.669949
  2.200000e-01  90.269289  90.636489
  2.212500e-01  90.236201  90.603187
  2.225000e-01  90.203259  90.570038
  2.237500e-01  90.170457  90.537037
  2.250000e-01  90.137791  90.504178
  2.262500e-01  90.105256  90.471456
  2.275000e-01  90.072847  90.438867
  2.287500e-01  90.040559  90.406405
  2.300000e-01  90.008389  90.374067
  2.312500e-01  89.976332  90.341848
  2.325000e-01  89.944384  90.309743
  2.337500e-01  89.912541  90.277748
  2.350000e-01  89.880799  90.245860
  2.362500e-01  89.849155  90.214075
  2.375000e-01  89.817606  90.182388
  2.387500e-01  89.786148  90.150798
  2.400000e-01  89.754777  90.119299
  2.412500e-01  89.723491  90.087889
  2.425000e-01  89.692286  90.056565
  2.437500e-01  89.661160  90.025324
  2.450000e-01  89.630110  89.994162
  2.462500e-01  89.599132  89.963077
  2.475000e-01  89.568226  89.932066
  2.487500e-01  89.537387  89.901126
  2.500000e-01  89.506613  89.870255
  2.512500e-01  89.475902  89.839450
  2.525000e-01  89.445251  89.808709
  2.537500e-01  89.414659  89.778029
  2.550000e-01  89.384123  89.747408
  2.562500e-01  89.353641  89.716844
  2.575000e-01  89.323210  89.686334
  2.587500e-01  89.292828  89.655877
  2.600000e-01  89.262495  89.625470
  2.612500e-01  89.232206  89.595111
  2.625000e-01  89.201962  89.564799
  2.637500e-01  89.171759  89.534530
  2.650000e-01  89.141596  89.504304
  2.662500e-01  89.111470  89.474118
  2.675000e-01  89.081381  89.443971
  2.687500e-01  89.051327  89.413860
  2.700000e-01  89.021305  89.383784
  2.712500e-01  88.991315  89.353742
  2.725000e-01  88.961354  89.323731
  2.737500e-01  88.931420  89.293751
  2.750000e-01  88.901514  89.263798
  2.762500e-01  88.871632  89.233873
  2.775000e-01  88.841773  89.203973
  2.787500e-01  88.811937  89.174096
  2.800000e-01  88.782121  89.144242
  2.812500e-01  88.752325  89.114410
  2.825000e-01  88.722547  89.084596
  2.837500e-01  88.692785  89.054802
  2.850000e-01  88.663039  89.025024
  2.862500e-01  88.633308  88.995262
  2.875000e-01  88.603590  88.965515
  2.887500e-01  88.573884  88.935782
  2.900000e-01  88.544189  88.906061
  2.912500e-01  88.514505  88.876352
  2.925000e-01  88.484830  88.846653
  2.937500e-01  88.455163  88.816963
  2.950000e-01  88.425504  88.787283
  2.962500e-01  88.395851  88.757610
  2.975000e-01  88.366204  88.727944
  2.987500e-01  88.336563  88.698284
  3.000000e-01  88.306926  88.668629
  3.012500e-01  88.277292  88.638979
  3.025000e-01  88.247662  88.609333
  3.037500e-01  88.218034  88.579690
  3.050000e-01  88.188407  88.550050
  3.062500e-01  88.158782  88.520411
  3.075000e-01  88.129158  88.490774
  3.087500e-01  88.099533  88.461138
  3.100000e-01  88.069908  88.431502
  3.112500e-01  88.040282  88.401865
  3.125000e-01  88.010654  88.372228
  3.137500e-01  87.981024  88.342589
  3.150000e-01  87.951392  88.312948
  3.162500e-01  87.921756  88.283304
  3.175000e-01  87.892117  88.253658
  3.187500e-01  87.862473  88.224008
  3.200000e-01  87.832826  88.194354
  3.212500e-01  87.803173  88.164696
  3.225000e-01  87.773514  88.135032
  3.237500e-01  87.743849  88.105364
  3.250000e-01  87.714178  88.075689
  3.262500e-01  87.684499  88.046007
  3.275000e-01  87.654813  88.016319
  3.287500e-01  87.625118  87.986622
  3.300000e-01  87.595415  87.956918
  3.312500e-01  87.565702  87.927205
  3.325000e-01  87.535979  87.897482
  3.337500e-01  87.506246  87.867750
  3.350000e-01  87.476501  87.838007
  3.362500e-01  87.446745  87.808253
  3.375000e-01  87.416976  87.778488
  3.387500e-01  87.387194  87.748710
  3.400000e-01  87.357398  87.718919
  3.412500e-01  87.327589  87.689114
  3.425000e-01  87.297764  87.659295
  3.437500e-01  87.267923  87.629461
  3.450000e-01  87.238066  87.599612
  3.462500e-01  87.208193  87.569746
  3.475000e-01  87.178301  87.539864
  3.487500e-01  87.148392  87.509964
  3.500000e-01  87.118463  87.480046
  3.512500e-01  87.088515  87.450109
  3.525000e-01  87.058547  87.420152
  3.537500e-01  87.028558  87.390176
  3.550000e-01  86.998548  87.360178
  3.562500e-01  86.968515  87.330160
  3.575000e-01  86.938460  87.300119
  3.587500e-01  86.908382  87.270056
  3.600000e-01  86.878280  87.239969
  3.612500e-01  86.848153  87.209859
  3.625000e-01  86.818002  87.179725
  3.637500e-01  86.787826  87.149566
  3.650000e-01  86.757623  87.119381
  3.662500e-01  86.727395  87.089171
  3.675000e-01  86.697140  87.058935
  3.687500e-01  86.666857  87.028672
  3.700000e-01  86.636547  86.998382
  3.712500e-01  86.606210  86.968065
  3.725000e-01  86.575844  86.937720
  3.737500e-01  86.545449  86.907346
  3.750000e-01  86.515026  86.876944
  3.762500e-01  86.484574  86.846514
  3.775000e-01  86.454092  86.816054
  3.787500e-01  86.423581  86.785566
  3.800000e-01  86.393040  86.755047
  3.812500e-01  86.362470  86.724499
  3.825000e-01  86.331869  86.693921
  3.837500e-01  86.301238  86.663314
  3.850000e-01  86.270577  86.632676
  3.862500e-01  86.239885  86.602007
  3.875000e-01  86.209163  86.571309
  3.887500e-01  86.178410  86.540580
  3.900000e-01  86.147627  86.509820
  3.912500e-01  86.116813  86.479030
  3.925000e-01  86.085968  86.448209
  3.937500e-01  86.055092  86.417358
  3.950000e-01  86.024186  86.386476
  3.962500e-01  85.993249  86.355563
  3.975000e-01  85.962282  86.324620
  3.987500e-01  85.931283  86.293646
  4.000000e-01  85.900254  86.262641
  4.012500e-01  85.869194  86.231605
  4.025000e-01  85.838103  86.200539
  4.037500e-01  85.806982  86.169442
  4.050000e-01  85.775829  86.138314
  4.062500e-01  85.744646  86.107156
  4.075000e-01  85.713432  86.075967
  4.087500e-01  85.682187  86.044747
  4.100000e-01  85.650912  86.013496
  4.112500e-01  85.619605  85.982214
  4.125000e-01  85.588267  85.950901
  4.137500e-01  85.556898  85.919558
  4.150000e-01  85.525498  85.888183
  4.162500e-01  85.494067  85.856778
  4.175000e-01  85.462605  85.825341
  4.187500e-01  85.431111  85.793873
  4.200000e-01  85.399586  85.762373
  4.212500e-01  85.368029  85.730842
  4.225000e-01  85.336440  85.699280
  4.237500e-01  85.304819  85.667685
  4.250000e-01  85.273167  85.636059
  4.262500e-01  85.241482  85.604401
  4.275000e-01  85.209764  85.572711
  4.287500e-01  85.178015  85.540988
  4.300000e-01  85.146232  85.509233
  4.312500e-01  85.114417  85.477446
  4.325000e-01  85.082569  85.445625
  4.337500e-01  85.050688  85.413772
  4.350000e-01  85.018773  85.381886
  4.362500e-01  84.986825  85.349966
  4.375000e-01  84.954843  85.318013
  4.387500e-01  84.922827  85.286026
  4.400000e-01  84.890778  85.254005
  4.412500e-01  84.858694  85.221951
  4.425000e-01  84.826576  85.189862
  4.437500e-01  84.794423  85.157740
  4.450000e-01  84.762236  85.125583
  4.462500e-01  84.730015  85.093391
  4.475000e-01  84.697759  85.061165
  4.487500e-01  84.665467  85.028904
  4.500000e-01  84.633142  84.996609
  4.512500e-01  84.600781  84.964278
  4.525000e-01  84.568385  84.931913
  4.537500e-01  84.535954  84.899513
  4.550000e-01  84.503488  84.867078
  4.562500e-01  84.470987  84.834607
  4.575000e-01  84.438451  84.802102
  4.587500e-01  84.405880  84.769562
  4.600000e-01  84.373274  84.736987
  4.612500e-01  84.340634  84.704378
  4.625000e-01  84.307959  84.671733
  4.637500e-01  84.275249  84.639054
  4.650000e-01  84.242505  84.606341
  4.662500e-01  84.209726  84.573593
  4.675000e-01  84.176914  84.540811
  4.687500e-01  84.144067  84.507994
  4.700000e-01  84.111187  84.475144
  4.712500e-01  84.078273  84.442261
  4.725000e-01  84.045326  84.409344
  4.737500e-01  84.012346  84.376393
  4.750000e-01  83.979334  84.343410
  4.762500e-01  83.946289  84.310394
  4.775000e-01  83.913212  84.277346
  4.787500e-01  83.880103  84.244266
  4.800000e-01  83.846962  84.211154
  4.812500e-01  83.813791  84.178010
  4.825000e-01  83.780589  84.144836
  4.837500e-01  83.747356  84.111630
  4.850000e-01  83.714093  84.078395
  4.862500e-01  83.680800  84.045129
  4.875000e-01  83.647478  84.011833
  4.887500e-01  83.614126  83.978508
  4.900000e-01  83.580746  83.945155
  4.912500e-01  83.547338  83.911772
  4.925000e-01  83.513902  83.878361
  4.937500e-01  83.480438  83.844923
  4.950000e-01  83.446947  83.811456
  4.962500e-01  83.413429  83.777963
  4.975000e-01  83.379884  83.744442
  4.987500e-01  83.346313  83.710895
  5.000000e-01  83.312716  83.677322
  5.012500e-01  83.279094  83.643723
  5.025000e-01  83.245446  83.610099
  5.037500e-01  83.211774  83.576449
  5.050000e-01  83.178077  83.542775
  5.062500e-01  83.144355  83.509076
  5.075000e-01  83.110609  83.475352
  5.087500e-01  83.076839  83.441605
  5.100000e-01  83.043046  83.407833
  5.112500e-01  83.009230  83.374038
  5.125000e-01  82.975390  83.340220
  5.137500e-01  82.941527  83.306379
  5.150000e-01  82.907642  83.272515
  5.162500e-01  82.873734  83.238628
  5.175000e-01  82.839804  83.204719
  5.187500e-01  82.805852  83.170787
  5.200000e-01  82.771878  83.136834
  5.212500e-01  82.737882  83.102858
  5.225000e-01  82.703864  83.068861
  5.237500e-01  82.669825  83.034842
  5.250000e-01  82.635764  83.000802
  5.262500e-01  82.601682  82.966740
  5.275000e-01  82.567580  82.932657
  5.287500e-01  82.533456  82.898554
  5.300000e-01  82.499311  82.864429
  5.312500e-01  82.465146  82.830284
  5.325000e-01  82.430960  82.796117
  5.337500e-01  82.396754  82.761931
  5.350000e-01  82.362527  82.727724
  5.362500e-01  82.328280  82.693497
  5.375000e-01  82.294013  82.659249
  5.387500e-01  82.259726  82.624982
  5.400000e-01  82.225420  82.590695
  5.412500e-01  82.191094  82.556388
  5.425000e-01  82.156749  82.522062
  5.437500e-01  82.122384  82.487716
  5.450000e-01  82.088001  82.453351
  5.462500e-01  82.053598  82.418968
  5.475000e-01  82.019178  82.384565
  5.487500e-01  81.984739  82.350145
  5.500000e-01  81.950282  82.315706
  5.512500e-01  81.915807  82.281249
  5.525000e-01  81.881315  82.246775
  5.537500e-01  81.846807  82.212283
  5.550000e-01  81.812281  82.177775
  5.562500e-01  81.777740  82.143249
  5.575000e-01  81.743182  82.108708
  5.587500e-01  81.708609  82.074151
  5.600000e-01  81.674022  82.039579
  5.612500e-01  81.639419  82.004992
  5.625000e-01  81.604803  81.970391
  5.637500e-01  81.570174  81.935775
  5.650000e-01  81.535532  81.901147
  5.662500e-01  81.500878  81.866506
  5.675000e-01  81.466213  81.831853
  5.687500e-01  81.431536  81.797188
  5.700000e-01  81.396850  81.762513
  5.712500e-01  81.362154  81.727828
  5.725000e-01  81.327450  81.693133
  5.737500e-01  81.292738  81.658430
  5.750000e-01  81.258019  81.623720
  5.762500e-01  81.223294  81.589002
  5.775000e-01  81.188563  81.554278
  5.787500e-01  81.153829  81.519549
  5.800000e-01  81.119090  81.484816
  5.812500e-01  81.084350  81.450080
  5.825000e-01  81.049608  81.415341
  5.837500e-01  81.014865  81.380600
  5.850000e-01  80.980123  81.345859
  5.862500e-01  80.945382  81.311119
  5.875000e-01  80.910644  81.276381
  5.887500e-01  80.875910  81.241645
  5.900000e-01  80.841181  81.206913
  5.912500e-01  80.806457  81.172185
  5.925000e-01  80.771741  81.137464
  5.937500e-01  80.737033  81.102750
  5.950000e-01  80.702334  81.068044
  5.962500e-01  80.667645  81.033347
  5.975000e-01  80.632968  80.998661
  5.987500e-01  80.598304  80.963986
  6.000000e-01  80.563654  80.929325
  6.012500e-01  80.529019  80.894677
  6.025000e-01  80.494400  80.860044
  6.037500e-01  80.459799  80.825428
  6.050000e-01  80.425216  80.790830
  6.062500e-01  80.390654  80.756250
  6.075000e-01  80.356112  80.721690
  6.087500e-01  80.321592  80.687150
  6.100000e-01  80.287096  80.652634
  6.112500e-01  80.252623  80.618140
  6.125000e-01  80.218177  80.583671
  6.137500e-01  80.183757  80.549227
  6.150000e-01  80.149365  80.514810
  6.162500e-01  80.115001  80.480420
  6.175000e-01  80.080667  80.446060
  6.187500e-01  80.046365  80.411729
  6.200000e-01  80.012094  80.377429
  6.212500e-01  79.977855  80.343161
  6.225000e-01  79.943651  80.308926
  6.237500e-01  79.909482  80.274725
  6.250000e-01  79.875348  80.240559
  6.262500e-01  79.841251  80.206428
  6.275000e-01  79.807192  80.172334
  6.287500e-01  79.773171  80.138278
  6.300000e-01  79.739189  80.104260
  6.312500e-01  79.705248  80.070282
  6.325000e-01  79.671347  80.036343
  6.337500e-01  79.637488  80.002446
  6.350000e-01  79.603672  79.968590
  6.362500e-01  79.569898  79.934777
  6.375000e-01  79.536168  79.901007
  6.387500e-01  79.502483  79.867280
  6.400000e-01  79.468844  79.833599
  6.412500e-01  79.435249  79.799962
  6.425000e-01  79.401702  79.766371
  6.437500e-01  79.368201  79.732827
  6.450000e-01  79.334748  79.699329
  6.462500e-01  79.301343  79.665880
  6.475000e-01  79.267987  79.632478
  6.487500e-01  79.234679  79.599125
  6.500000e-01  79.201422  79.565821
  6.512500e-01  79.168214  79.532567
  6.525000e-01  79.135057  79.499363
  6.537500e-01  79.101952  79.466209
  6.550000e-01  79.068897  79.433107
  6.562500e-01  79.035895  79.400056
  6.575000e-01  79.002944  79.367057
  6.587500e-01  78.970047  79.334110
  6.600000e-01  78.937202  79.301216
  6.612500e-01  78.904411  79.268374
  6.625000e-01  78.871673  79.235587
  6.637500e-01  78.838990  79.202853
  6.650000e-01  78.806361  79.170173
  6.662500e-01  78.773787  79.137548
  6.675000e-01  78.741268  79.104977
  6.687500e-01  78.708805  79.072462
  6.700000e-01  78.676397  79.040002
  6.712500e-01  78.644046  79.007598
  6.725000e-01  78.611751  78.975250
  6.737500e-01  78.579513  78.942959
  6.750000e-01  78.547333  78.910725
  6.762500e-01  78.515209  78.878548
  6.775000e-01  78.483144  78.846429
  6.787500e-01  78.451137  78.814367
  6.800000e-01  78.419189  78.782364
  6.812500e-01  78.387300  78.750420
  6.825000e-01  78.355470  78.718534
  6.837500e-01  78.323700  78.686708
  6.850000e-01  78.291990  78.654942
  6.862500e-01  78.260341  78.623236
  6.875000e-01  78.228753  78.591590
  6.887500e-01  78.197226  78.560006
  6.900000e-01  78.165761  78.528483
  6.912500e-01  78.134358  78.497022
  6.925000e-01  78.103018  78.465623
  6.937500e-01  78.071742  78.434287
  6.950000e-01  78.040529  78.403015
  6.962500e-01  78.009380  78.371806
  6.975000e-01  77.978296  78.340661
  6.987500e-01  77.947277  78.309581
  7.000000e-01  77.916325  78.278567
  7.012500e-01  77.885438  78.247618
  7.025000e-01  77.854618  78.216736
  7.037500e-01  77.823866  78.185920
  7.050000e-01  77.793182  78.155172
  7.062500e-01  77.762566  78.124492
  7.075000e-01  77.732020  78.093880
  7.087500e-01  77.701543  78.063338
  7.100000e-01  77.671137  78.032866
  7.112500e-01  77.640802  78.002464
  7.125000e-01  77.610539  77.972133
  7.137500e-01  77.580347  77.941874
  7.150000e-01  77.550229  77.911687
  7.162500e-01  77.520185  77.881573
  7.175000e-01  77.490214  77.851533
  7.187500e-01  77.460319  77.821567
  7.200000e-01  77.430499  77.791675
  7.212500e-01  77.400756  77.761860
  7.225000e-01  77.371089  77.732121
  7.237500e-01  77.341501  77.702459
  7.250000e-01  77.311990  77.672874
  7.262500e-01  77.282558  77.643368
  7.275000e-01  77.253206  77.613940
  7.287500e-01  77.223935  77.584593
  7.300000e-01  77.194744  77.555325
  7.312500e-01  77.165635  77.526139
  7.325000e-01  77.136608  77.497034
  7.337500e-01  77.107664  77.468011
  7.350000e-01  77.078803  77.439072
  7.362500e-01  77.050027  77.410215
  7.375000e-01  77.021335  77.381443
  7.387500e-01  76.992729  77.352756
  7.400000e-01  76.964209  77.324154
  7.412500e-01  76.935776  77.295639
  7.425000e-01  76.907430  77.267210
  7.437500e-01  76.879171  77.238868
  7.450000e-01  76.851001  77.210614
  7.462500e-01  76.822920  77.182448
  7.475000e-01  76.794928  77.154371
  7.487500e-01  76.767027  77.126383
  7.500000e-01  76.739215  77.098486
  7.512500e-01  76.711495  77.070678
  7.525000e-01  76.683866  77.042962
  7.537500e-01  76.656328  77.015337
  7.550000e-01  76.628883  76.987804
  7.562500e-01  76.601531  76.960363
  7.575000e-01  76.574272  76.933015
  7.587500e-01  76.547106  76.905760
  7.600000e-01  76.520034  76.878598
  7.612500e-01  76.493056  76.851530
  7.625000e-01  76.466173  76.824556
  7.637500e-01  76.439384  76.797677
  7.650000e-01  76.412691  76.770892
  7.662500e-01  76.386093  76.744203
  7.675000e-01  76.359591  76.717609
  7.687500e-01  76.333184  76.691111
  7.700000e-01  76.306874  76.664708
  7.712500e-01  76.280660  76.638402
  7.725000e-01  76.254542  76.612192
  7.737500e-01  76.228521  76.586078
  7.750000e-01  76.202597  76.560061
  7.762500e-01  76.176770  76.534141
  7.775000e-01  76.151040  76.508317
  7.787500e-01  76.125407  76.482591
  7.800000e-01  76.099871  76.456962
  7.812500e-01  76.074433  76.431430
  7.825000e-01  76.049092  76.405995
  7.837500e-01  76.023848  76.380658
  7.850000e-01  75.998702  76.355418
  7.862500e-01  75.973653  76.330275
  7.875000e-01  75.948702  76.305230
  7.887500e-01  75.923848  76.280282
  7.900000e-01  75.899092  76.255432
  7.912500e-01  75.874432  76.230679
  7.925000e-01  75.849870  76.206023
  7.937500e-01  75.825406  76.181465
  7.950000e-01  75.801038  76.157004
  7.962500e-01  75.776768  76.132640
  7.975000e-01  75.752594  76.108373
  7.987500e-01  75.728518  76.084203
  8.000000e-01  75.704538  76.060130
  8.012500e-01  75.680654  76.036153
  8.025000e-01  75.656868  76.012274
  8.037500e-01  75.633177  75.988490
  8.050000e-01  75.609583  75.964803
  8.062500e-01  75.586085  75.941212
  8.075000e-01  75.562683  75.917718
  8.087500e-01  75.539376  75.894319
  8.100000e-01  75.516165  75.871016
  8.112500e-01  75.493050  75.847808
  8.125000e-01  75.470029  75.824696
  8.137500e-01  75.447104  75.801679
  8.150000e-01  75.424273  75.778757
  8.162500e-01  75.401537  75.755929
  8.175000e-01  75.378896  75.733197
  8.187500e-01  75.356349  75.710559
  8.200000e-01  75.333896  75.688015
  8.212500e-01  75.311536  75.665565
  8.225000e-01  75.289271  75.643209
  8.237500e-01  75.267098  75.620946
  8.250000e-01  75.245019  75.598777
  8.262500e-01  75.223033  75.576701
  8.275000e-01  75.201140  75.554719
  8.287500e-01  75.179340  75.532829
  8.300000e-01  75.157631  75.511031
  8.312500e-01  75.136016  75.489326
  8.325000e-01  75.114492  75.467714
  8.337500e-01  75.093059  75.446193
  8.350000e-01  75.071719  75.424764
  8.362500e-01  75.050469  75.403426
  8.375000e-01  75.029311  75.382180
  8.387500e-01  75.008244  75.361025
  8.400000e-01  74.987267  75.339961
  8.412500e-01  74.966381  75.318987
  8.425000e-01  74.945586  75.298105
  8.437500e-01  74.924880  75.277312
  8.450000e-01  74.904265  75.256610
  8.462500e-01  74.883739  75.235997
  8.475000e-01  74.863302  75.215474
  8.487500e-01  74.842955  75.195041
  8.500000e-01  74.822697  75.174697
  8.512500e-01  74.802529  75.154442
  8.525000e-01  74.782448  75.134276
  8.537500e-01  74.762457  75.114199
  8.550000e-01  74.742553  75.094210
  8.562500e-01  74.722738  75.074310
  8.575000e-01  74.703011  75.054498
  8.587500e-01  74.683372  75.034774
  8.600000e-01  74.663820  75.015137
  8.612500e-01  74.644356  74.995589
  8.625000e-01  74.624978  74.976127
  8.637500e-01  74.605688  74.956753
  8.650000e-01  74.586485  74.937466
  8.662500e-01  74.567369  74.918266
  8.675000e-01  74.548339  74.899153
  8.687500e-01  74.529395  74.880126
  8.700000e-01  74.510538  74.861185
  8.712500e-01  74.491766  74.842330
  8.725000e-01  74.473081  74.823562
  8.737500e-01  74.454481  74.804879
  8.750000e-01  74.435966  74.786282
  8.762500e-01  74.417537  74.767770
  8.775000e-01  74.399192  74.749344
  8.787500e-01  74.380933  74.731002
  8.800000e-01  74.362758  74.712746
  8.812500e-01  74.344668  74.694574
  8.825000e-01  74.326662  74.676487
  8.837500e-01  74.308741  74.658484
  8.850000e-01  74.290903  74.640565
  8.862500e-01  74.273149  74.622730
  8.875000e-01  74.255479  74.604979
  8.887500e-01  74.237892  74.587311
  8.900000e-01  74.220388  74.569727
  8.912500e-01  74.202968  74.552227
  8.925000e-01  74.185630  74.534809
  8.937500e-01  74.168375  74.517474
  8.950000e-01  74.151203  74.500222
  8.962500e-01  74.134112  74.483052
  8.975000e-01  74.117104  74.465964
  8.987500e-01  74.100178  74.448959
  9.000000e-01  74.083333  74.432035
  9.012500e-01  74.066570  74.415194
  9.025000e-01  74.049888  74.398433
  9.037500e-01  74.033287  74.381754
  9.050000e-01  74.016767  74.365156
  9.062500e-01  74.000328  74.348638
  9.075000e-01  73.983969  74.332202
  9.087500e-01  73.967690  74.315845
  9.100000e-01  73.951491  74.299569
  9.112500e-01  73.935372  74.283373
  9.125000e-01  73.919333  74.267256
  9.137500e-01  73.903372  74.251220
  9.150000e-01  73.887491  74.235262
  9.162500e-01  73.871689  74.219383
  9.175000e-01  73.855965  74.203583
  9.187500e-01  73.840320  74.187862
  9.200000e-01  73.824752  74.172219
  9.212500e-01  73.809263  74.156655
  9.225000e-01  73.793851  74.141168
  9.237500e-01  73.778517  74.125759
  9.250000e-01  73.763259  74.110427
  9.262500e-01  73.748079  74.095172
  9.275000e-01  73.732975  74.079994
  9.287500e-01  73.717948  74.064893
  9.300000e-01  73.702996  74.049868
  9.312500e-01  73.688121  74.034919
  9.325000e-01  73.673321  74.020046
  9.337500e-01  73.658596  74.005248
  9.350000e-01  73.643947  73.990526
  9.362500e-01  73.629372  73.975879
  9.375000e-01  73.614871  73.961306
  9.387500e-01  73.600445  73.946808
  9.400000e-01  73.586093  73.932384
  9.412500e-01  73.571814  73.918035
  9.425000e-01  73.557609  73.903758
  9.437500e-01  73.543477  73.889555
  9.450000e-01  73.529417  73.875426
  9.462500e-01  73.515431  73.861368
  9.475000e-01  73.501516  73.847384
  9.487500e-01  73.487673  73.833472
  9.500000e-01  73.473902  73.819631
  9.512500e-01  73.460202  73.805862
  9.525000e-01  73.446573  73.792165
  9.537500e-01  73.433015  73.778538
  9.550000e-01  73.419528  73.764982
  9.562500e-01  73.406110  73.751497
  9.575000e-01  73.392762  73.738082
  9.587500e-01  73.379484  73.724736
  9.600000e-01  73.366275  73.711460
  9.612500e-01  73.353135  73.698253
  9.625000e-01  73.340064  73.685116
  9.637500e-01  73.327061  73.672046
  9.650000e-01  73.314126  73.659045
  9.662500e-01  73.301258  73.646113
  9.675000e-01  73.288458  73.633247
  9.687500e-01  73.275725  73.620449
  9.700000e-01  73.263059  73.607718
  9.712500e-01  73.250459  73.595054
  9.725000e-01  73.237926  73.582457
  9.737500e-01  73.225458  73.569925
  9.750000e-01  73.213056  73.557459
  9.762500e-01  73.200718  73.545059
  9.775000e-01  73.188446  73.532724
  9.787500e-01  73.176239  73.520454
  9.800000e-01  73.164095  73.508248
  9.812500e-01  73.152016  73.496107
  9.825000e-01  73.140000  73.484030
  9.837500e-01  73.128047  73.472016
  9.850000e-01  73.116158  73.460065
  9.862500e-01  73.104331  73.448178
  9.875000e-01  73.092567  73.436353
  9.887500e-01  73.080865  73.424590
  9.900000e-01  73.069224  73.412890
  9.912500e-01  73.057645  73.401252
  9.925000e-01  73.046127  73.389674
  9.937500e-01  73.034670  73.378158
  9.950000e-01  73.023273  73.366703
  9.962500e-01  73.011937  73.355308
  9.975000e-01  73.000660  73.343974
  9.987500e-01  72.989443  73.332699
  1.000000e+00  72.978286  73.321484
  1.001250e+00  72.967187  73.310328
  1.002500e+00  72.956147  73.299232
  1.003750e+00  72.945166  73.288194
  1.005000e+00  72.934242  73.277214
  1.006250e+00  72.923376  73.266292
  1.007500e+00  72.912568  73.255428
  1.008750e+00  72.901817  73.244622
  1.010000e+00  72.891123  73.233872
  1.011250e+00  72.880485  73.223180
  1.012500e+00  72.869904  73.212544
  1.013750e+00  72.859378  73.201964
  1.015000e+00  72.848909  73.191441
  1.016250e+00  72.838494  73.180973
  1.017500e+00  72.828135  73.170560
  1.018750e+00  72.817830  73.160203
  1.020000e+00  72.807580  73.149900
  1.021250e+00  72.797384  73.139651
  1.022500e+00  72.787243  73.129457
  1.023750e+00  72.777154  73.119317
  1.025000e+00  72.767119  73.109230
  1.026250e+00  72.757138  73.099197
  1.027500e+00  72.747208  73.089217
  1.028750e+00  72.737332  73.079290
  1.030000e+00  72.727507  73.069415
  1.031250e+00  72.717735  73.059592
  1.032500e+00  72.708014  73.049821
  1.033750e+00  72.698345  73.040102
  1.035000e+00  72.688726  73.030434
  1.036250e+00  72.679159  73.020817
  1.037500e+00  72.669641  73.011251
  1.038750e+00  72.660175  73.001735
  1.040000e+00  72.650758  72.992270
  1.041250e+00  72.641391  72.982855
  1.042500e+00  72.632073  72.973489
  1.043750e+00  72.622805  72.964173
  1.045000e+00  72.613585  72.954906
  1.046250e+00  72.604414  72.945688
  1.047500e+00  72.595292  72.936519
  1.048750e+00  72.586217  72.927398
  1.050000e+00  72.577191  72.918325
  1.051250e+00  72.568212  72.909300
  1.052500e+00  72.559280  72.900323
  1.053750e+00  72.550396  72.891392
  1.055000e+00  72.541558  72.882509
  1.056250e+00  72.532767  72.873673
  1.057500e+00  72.524022  72.864884
  1.058750e+00  72.515323  72.856140
  1.060000e+00  72.506671  72.847443
  1.061250e+00  72.498063  72.838791
  1.062500e+00  72.489501  72.830185
  1.063750e+00  72.480984  72.821625
  1.065000e+00  72.472512  72.813109
  1.066250e+00  72.464085  72.804639
  1.067500e+00  72.455701  72.796212
  1.068750e+00  72.447362  72.787831
  1.070000e+00  72.439067  72.779493
  1.071250e+00  72.430815  72.771199
  1.072500e+00  72.422607  72.762949
  1.073750e+00  72.414442  72.754742
  1.075000e+00  72.406320  72.746578
  1.076250e+00  72.398240  72.738457
  1.077500e+00  72.390203  72.730379
  1.078750e+00  72.382208  72.722343
  1.080000e+00  72.374256  72.714350
  1.081250e+00  72.366345  72.706398
  1.082500e+00  72.358475  72.698489
  1.083750e+00  72.350647  72.690620
  1.085000e+00  72.342860  72.682793
  1.086250e+00  72.335113  72.675008
  1.087500e+00  72.327408  72.667263
  1.088750e+00  72.319743  72.659558
  1.090000e+00  72.312118  72.651894
  1.091250e+00  72.304533  72.644270
  1.092500e+00  72.296987  72.636687
  1.093750e+00  72.289482  72.629143
  1.095000e+00  72.282015  72.621638
  1.096250e+00  72.274588  72.614173
  1.097500e+00  72.267200  72.606747
  1.098750e+00  72.259850  72.599360
  1.100000e+00  72.252539  72.592012
  1.101250e+00  72.245266  72.584702
  1.102500e+00  72.238032  72.577430
  1.103750e+00  72.230835  72.570197
  1.105000e+00  72.223676  72.563001
  1.106250e+00  72.216554  72.555843
  1.107500e+00  72.209470  72.548722
  1.108750e+00  72.202422  72.541639
  1.110000e+00  72.195412  72.534593
  1.111250e+00  72.188438  72.527584
  1.112500e+00  72.181501  72.520611
  1.113750e+00  72.174600  72.513675
  1.115000e+00  72.167735  72.506775
  1.116250e+00  72.160906  72.499911
  1.117500e+00  72.154113  72.493084
  1.118750e+00  72.147355  72.486291
  1.120000e+00  72.140633  72.479535
  1.121250e+00  72.133945  72.472813
  1.122500e+00  72.127293  72.466127
  1.123750e+00  72.120676  72.459476
  1.125000e+00  72.114093  72.452860
  1.126250e+00  72.107544  72.446278
  1.127500e+00  72.101030  72.439730
  1.128750e+00  72.094549  72.433217
  1.130000e+00  72.088103  72.426738
  1.131250e+00  72.081690  72.420292
  1.132500e+00  72.075311  72.413880
  1.133750e+00  72.068965  72.407502
  1.135000e+00  72.062652  72.401157
  1.136250e+00  72.056372  72.394845
  1.137500e+00  72.050125  72.388567
  1.138750e+00  72.043911  72.382321
  1.140000e+00  72.037729  72.376107
  1.141250e+00  72.031579  72.369926
  1.142500e+00  72.025462  72.363778
  1.143750e+00  72.019376  72.357661
  1.145000e+00  72.013322  72.351576
  1.146250e+00  72.007300  72.345523
  1.147500e+00  72.001309  72.339502
  1.148750e+00  71.995350  72.333512
  1.150000e+00  71.989422  72.327554
  1.151250e+00  71.983524  72.321626
  1.152500e+00  71.977657  72.315730
  1.153750e+00  71.971821  72.309864
  1.155000e+00  71.966016  72.304029
  1.156250e+00  71.960241  72.298224
  1.157500e+00  71.954496  72.292450
  1.158750e+00  71.948781  72.286706
  1.160000e+00  71.943095  72.280992
  1.161250e+00  71.937440  72.275307
  1.162500e+00  71.931814  72.269653
  1.163750e+00  71.926217  72.264027
  1.165000e+00  71.920650  72.258432
  1.166250e+00  71.915111  72.252865
  1.167500e+00  71.909602  72.247327
  1.168750e+00  71.904121  72.241819
  1.170000e+00  71.898669  72.236339
  1.171250e+00  71.893245  72.230888
  1.172500e+00  71.887850  72.225465
  1.173750e+00  71.882483  72.220071
  1.175000e+00  71.877144  72.214704
  1.176250e+00  71.871833  72.209366
  1.177500e+00  71.866549  72.204056
  1.178750e+00  71.861294  72.198773
  1.180000e+00  71.856065  72.193518
  1.181250e+00  71.850864  72.188290
  1.182500e+00  71.845690  72.183090
  1.183750e+00  71.840543  72.177917
  1.185000e+00  71.835423  72.172771
  1.186250e+00  71.830330  72.167652
  1.187500e+00  71.825264  72.162559
  1.188750e+00  71.820224  72.157494
  1.190000e+00  71.815210  72.152454
  1.191250e+00  71.810222  72.147441
  1.192500e+00  71.805261  72.142454
  1.193750e+00  71.800325  72.137494
  1.195000e+00  71.795416  72.132559
  1.196250e+00  71.790532  72.127650
  1.197500e+00  71.785673  72.122767
  1.198750e+00  71.780840  72.117909
  1.200000e+00  71.776032  72.113077
  1.201250e+00  71.771250  72.108270
  1.202500e+00  71.766492  72.103488
  1.203750e+00  71.761760  72.098731
  1.205000e+00  71.757052  72.093999
  1.206250e+00  71.752368  72.089292
  1.207500e+00  71.747710  72.084609
  1.208750e+00  71.743075  72.079951
  1.210000e+00  71.738465  72.075317
  1.211250e+00  71.733879  72.070708
  1.212500e+00  71.729318  72.066123
  1.213750e+00  71.724780  72.061561
  1.215000e+00  71.720265  72.057024
  1.216250e+00  71.715775  72.052510
  1.217500e+00  71.711308  72.048020
  1.218750e+00  71.706864  72.043554
  1.220000e+00  71.702444  72.039111
  1.221250e+00  71.698047  72.034691
  1.222500e+00  71.693673  72.030295
  1.223750e+00  71.689321  72.025921
  1.225000e+00  71.684993  72.021571
  1.226250e+00  71.680687  72.017243
  1.227500e+00  71.676404  72.012938
  1.228750e+00  71.672144  72.008656
  1.230000e+00  71.667906  72.004396
  1.231250e+00  71.663690  72.000158
  1.232500e+00  71.659496  71.995943
  1.233750e+00  71.655324  71.991750
  1.235000e+00  71.651174  71.987578
  1.236250e+00  71.647046  71.983429
  1.237500e+00  71.642940  71.979302
  1.238750e+00  71.638855  71.975196
  1.240000e+00  71.634792  71.971112
  1.241250e+00  71.630750  71.967049
  1.242500e+00  71.626729  71.963007
  1.243750e+00  71.622730  71.958987
  1.245000e+00  71.618751  71.954988
  1.246250e+00  71.614793  71.951010
  1.247500e+00  71.610857  71.947053
  1.248750e+00  71.606941  71.943117
  1.250000e+00  71.603045  71.939201
  1.251250e+00  71.599170  71.935306
  1.252500e+00  71.595316  71.931432
  1.253750e+00  71.591481  71.927578
  1.255000e+00  71.587667  71.923744
  1.256250e+00  71.583873  71.919930
  1.257500e+00  71.580099  71.916137
  1.258750e+00  71.576345  71.912363
  1.260000e+00  71.572611  71.908610
  1.261250e+00  71.568896  71.904876
  1.262500e+00  71.565201  71.901162
  1.263750e+00  71.561525  71.897467
  1.265000e+00  71.557869  71.893792
  1.266250e+00  71.554232  71.890136
  1.267500e+00  71.550614  71.886500
  1.268750e+00  71.547016  71.882883
  1.270000e+00  71.543436  71.879284
  1.271250e+00  71.539875  71.875705
  1.272500e+00  71.536333  71.872145
  1.273750e+00  71.532810  71.868603
  1.275000e+00  71.529305  71.865080
  1.276250e+00  71.525819  71.861576
  1.277500e+00  71.522351  71.858090
  1.278750e+00  71.518902  71.854623
  1.280000e+00  71.515470  71.851174
  1.281250e+00  71.512057  71.847743
  1.282500e+00  71.508662  71.844330
  1.283750e+00  71.505285  71.840936
  1.285000e+00  71.501926  71.837559
  1.286250e+00  71.498584  71.834200
  1.287500e+00  71.495260  71.830859
  1.288750e+00  71.491954  71.827536
  1.290000e+00  71.488665  71.824230
  1.291250e+00  71.485394  71.820941
  1.292500e+00  71.482140  71.817670
  1.293750e+00  71.478903  71.814417
  1.295000e+00  71.475683  71.811180
  1.296250e+00  71.472481  71.807961
  1.297500e+00  71.469295  71.804759
  1.298750e+00  71.466126  71.801573
  1.300000e+00  71.462974  71.798405
  1.301250e+00  71.459839  71.795253
  1.302500e+00  71.456720  71.792118
  1.303750e+00  71.453618  71.789000
  1.305000e+00  71.450532  71.785898
  1.306250e+00  71.447462  71.782812
  1.307500e+00  71.444409  71.779743
  1.308750e+00  71.441372  71.776690
  1.310000e+00  71.438351  71.773654
  1.311250e+00  71.435346  71.770633
  1.312500e+00  71.432357  71.767629
  1.313750e+00  71.429384  71.764640
  1.315000e+00  71.426427  71.761667
  1.316250e+00  71.423485  71.758710
  1.317500e+00  71.420559  71.755769
  1.318750e+00  71.417649  71.752843
  1.320000e+00  71.414754  71.749933
  1.321250e+00  71.411874  71.747039
  1.322500e+00  71.409010  71.744159
  1.323750e+00  71.406160  71.741295
  1.325000e+00  71.403326  71.738446
  1.326250e+00  71.400507  71.735612
  1.327500e+00  71.397703  71.732794
  1.328750e+00  71.394914  71.729990
  1.330000e+00  71.392140  71.727201
  1.331250e+00  71.389380  71.724427
  1.332500e+00  71.386635  71.721668
  1.333750e+00  71.383905  71.718923
  1.335000e+00  71.381189  71.716193
  1.336250e+00  71.378487  71.713478
  1.337500e+00  71.375800  71.710776
  1.338750e+00  71.373128  71.708090
  1.340000e+00  71.370469  71.705417
  1.341250e+00  71.367825  71.702759
  1.342500e+00  71.365194  71.700115
  1.343750e+00  71.362578  71.697485
  1.345000e+00  71.359975  71.694869
  1.346250e+00  71.357387  71.692266
  1.347500e+00  71.354812  71.689678
  1.348750e+00  71.352251  71.687104
  1.350000e+00  71.349703  71.684543
  1.351250e+00  71.347169  71.681995
  1.352500e+00  71.344649  71.679462
  1.353750e+00  71.342141  71.676941
  1.355000e+00  71.339648  71.674435
  1.356250e+00  71.337167  71.671941
  1.357500e+00  71.334700  71.669461
  1.358750e+00  71.332246  71.666994
  1.360000e+00  71.329805  71.664540
  1.361250e+00  71.327377  71.662099
  1.362500e+00  71.324961  71.659671
  1.363750e+00  71.322559  71.657256
  1.365000e+00  71.320170  71.654854
  1.366250e+00  71.317793  71.652465
  1.367500e+00  71.315429  71.650088
  1.368750e+00  71.313077  71.647725
  1.370000e+00  71.310738  71.645373
  1.371250e+00  71.308411  71.643035
  1.372500e+00  71.306097  71.640708
  1.373750e+00  71.303795  71.638394
  1.375000e+00  71.301506  71.636093
  1.376250e+00  71.299228  71.633803
  1.377500e+00  71.296963  71.631526
  1.378750e+00  71.294710  71.629261
  1.380000e+00  71.292469  71.627008
  1.381250e+00  71.290239  71.624767
  1.382500e+00  71.288022  71.622538
  1.383750e+00  71.285817  71.620321
  1.385000e+00  71.283623  71.618116
  1.386250e+00  71.281441  71.615922
  1.387500e+00  71.279270  71.613740
  1.388750e+00  71.277111  71.611570
  1.390000e+00  71.274964  71.609411
  1.391250e+00  71.272828  71.607264
  1.392500e+00  71.270703  71.605128
  1.393750e+00  71.268590  71.603004
  1.395000e+00  71.266488  71.600891
  1.396250e+00  71.264397  71.598789
  1.397500e+00  71.262318  71.596699
  1.398750e+00  71.260249  71.594619
  1.400000e+00  71.258191  71.592551
  1.401250e+00  71.256145  71.590493
  1.402500e+00  71.254109  71.588447
  1.403750e+00  71.252084  71.586412
  1.405000e+00  71.250070  71.584387
  1.406250e+00  71.248067  71.582373
  1.407500e+00  71.246075  71.580370
  1.408750e+00  71.244093  71.578378
  1.410000e+00  71.242121  71.576396
  1.411250e+00  71.240160  71.574425
  1.412500e+00  71.238210  71.572464
  1.413750e+00  71.236270  71.570514
  1.415000e+00  71.234340  71.568574
  1.416250e+00  71.232421  71.566644
  1.417500e+00  71.230511  71.564725
  1.418750e+00  71.228612  71.562816
  1.420000e+00  71.226724  71.560917
  1.421250e+00  71.224845  71.559029
  1.422500e+00  71.222976  71.557150
  1.423750e+00  71.221117  71.555281
  1.425000e+00  71.219268  71.553423
  1.426250e+00  71.217429  71.551574
  1.427500e+00  71.215600  71.549735
  1.428750e+00  71.213780  71.547906
  1.430000e+00  71.211971  71.546087
  1.431250e+00  71.210171  71.544277
  1.432500e+00  71.208380  71.542477
  1.433750e+00  71.206599  71.540687
  1.435000e+00  71.204828  71.538906
  1.436250e+00  71.203065  71.537135
  1.437500e+00  71.201313  71.535373
  1.438750e+00  71.199569  71.533620
  1.440000e+00  71.197835  71.531877
  1.441250e+00  71.196111  71.530143
  1.442500e+00  71.194395  71.528419
  1.443750e+00  71.192689  71.526703
  1.445000e+00  71.190991  71.524997
  1.446250e+00  71.189303  71.523300
  1.447500e+00  71.187624  71.521612
  1.448750e+00  71.185953  71.519932
  1.450000e+00  71.184292  71.518262
  1.451250e+00  71.182639  71.516601
  1.452500e+00  71.180996  71.514949
  1.453750e+00  71.179361  71.513305
  1.455000e+00  71.177734  71.511670
  1.456250e+00  71.176117  71.510044
  1.457500e+00  71.174508  71.508426
  1.458750e+00  71.172907  71.506818
  1.460000e+00  71.171315  71.505217
  1.461250e+00  71.169732  71.503626
  1.462500e+00  71.168157  71.502042
  1.463750e+00  71.166590  71.500467
  1.465000e+00  71.165032  71.498901
  1.466250e+00  71.163482  71.497343
  1.467500e+00  71.161940  71.495793
  1.468750e+00  71.160407  71.494252
  1.470000e+00  71.158882  71.492718
  1.471250e+00  71.157365  71.491193
  1.472500e+00  71.155856  71.489676
  1.473750e+00  71.154355  71.488167
  1.475000e+00  71.152861  71.486666
  1.476250e+00  71.151376  71.485173
  1.477500e+00  71.149899  71.483688
  1.478750e+00  71.148430  71.482211
  1.480000e+00  71.146968  71.480742
  1.481250e+00  71.145515  71.479281
  1.482500e+00  71.144069  71.477827
  1.483750e+00  71.142631  71.476382
  1.485000e+00  71.141200  71.474943
  1.486250e+00  71.139777  71.473513
  1.487500e+00  71.138362  71.472090
  1.488750e+00  71.136954  71.470675
  1.490000e+00  71.135554  71.469267
  1.491250e+00  71.134161  71.467867
  1.492500e+00  71.132775  71.466474
  1.493750e+00  71.131397  71.465089
  1.495000e+00  71.130026  71.463711
  1.496250e+00  71.128663  71.462340
  1.497500e+00  71.127307  71.460977
  1.498750e+00  71.125958  71.459621
  1.500000e+00  71.124616  71.458272
  1.501250e+00  71.123282  71.456930
  1.502500e+00  71.121954  71.455596
  1.503750e+00  71.120634  71.454269
  1.505000e+00  71.119320  71.452948
  1.506250e+00  71.118014  71.451635
  1.507500e+00  71.116714  71.450329
  1.508750e+00  71.115422  71.449029
  1.510000e+00  71.114136  71.447737
  1.511250e+00  71.112857  71.446451
  1.512500e+00  71.111585  71.445172
  1.513750e+00  71.110320  71.443901
  1.515000e+00  71.109062  71.442635
  1.516250e+00  71.107810  71.441377
  1.517500e+00  71.106565  71.440125
  1.518750e+00  71.105326  71.438880
  1.520000e+00  71.104094  71.437642
  1.521250e+00  71.102869  71.436410
  1.522500e+00  71.101650  71.435185
  1.523750e+00  71.100438  71.433966
  1.525000e+00  71.099232  71.432754
  1.526250e+00  71.098032  71.431548
  1.527500e+00  71.096839  71.430348
  1.528750e+00  71.095652  71.429155
  1.530000e+00  71.094472  71.427969
  1.531250e+00  71.093298  71.426788
  1.532500e+00  71.092130  71.425614
  1.533750e+00  71.090968  71.424446
  1.535000e+00  71.089812  71.423285
  1.536250e+00  71.088663  71.422129
  1.537500e+00  71.087520  71.420980
  1.538750e+00  71.086383  71.419837
  1.540000e+00  71.085252  71.418700
  1.541250e+00  71.084126  71.417569
  1.542500e+00  71.083007  71.416444
  1.543750e+00  71.081894  71.415325
  1.545000e+00  71.080787  71.414212
  1.546250e+00  71.079686  71.413104
  1.547500e+00  71.078590  71.412003
  1.548750e+00  71.077500  71.410908
  1.550000e+00  71.076416  71.409818
  1.551250e+00  71.075338  71.408734
  1.552500e+00  71.074266  71.407656
  1.553750e+00  71.073199  71.406584
  1.555000e+00  71.072138  71.405517
  1.556250e+00  71.071083  71.404456
  1.557500e+00  71.070033  71.403401
  1.558750e+00  71.068989  71.402351
  1.560000e+00  71.067950  71.401307
  1.561250e+00  71.066917  71.400269
  1.562500e+00  71.065890  71.399236
  1.563750e+00  71.064867  71.398208
  1.565000e+00  71.063851  71.397186
  1.566250e+00  71.062839  71.396169
  1.567500e+00  71.061833  71.395158
  1.568750e+00  71.060833  71.394152
  1.570000e+00  71.059838  71.393152
  1.571250e+00  71.058848  71.392157
  1.572500e+00  71.057863  71.391167
  1.573750e+00  71.056883  71.390182
  1.575000e+00  71.055909  71.389203
  1.576250e+00  71.054940  71.388228
  1.577500e+00  71.053976  71.387259
  1.578750e+00  71.053017  71.386296
  1.580000e+00  71.052064  71.385337
  1.581250e+00  71.051115  71.384383
  1.582500e+00  71.050171  71.383434
  1.583750e+00  71.049233  71.382491
  1.585000e+00  71.048299  71.381552
  1.586250e+00  71.047370  71.380619
  1.587500e+00  71.046447  71.379690
  1.588750e+00  71.045528  71.378767
  1.590000e+00  71.044614  71.377848
  1.591250e+00  71.043705  71.376934
  1.592500e+00  71.042801  71.376025
  1.593750e+00  71.041901  71.375121
  1.595000e+00  71.041006  71.374221
  1.596250e+00  71.040117  71.373327
  1.597500e+00  71.039231  71.372437
  1.598750e+00  71.038351  71.371552
  1.600000e+00  71.037475  71.370671
  1.601250e+00  71.036604  71.369796
  1.602500e+00  71.035737  71.368924
  1.603750e+00  71.034876  71.368058
  1.605000e+00  71.034018  71.367196
  1.606250e+00  71.033165  71.366339
  1.607500e+00  71.032317  71.365486
  1.608750e+00  71.031473  71.364638
  1.610000e+00  71.030634  71.363794
  1.611250e+00  71.029799  71.362955
  1.612500e+00  71.028969  71.362120
  1.613750e+00  71.028143  71.361290
  1.615000e+00  71.027321  71.360464
  1.616250e+00  71.026504  71.359642
  1.617500e+00  71.025691  71.358825
  1.618750e+00  71.024883  71.358012
  1.620000e+00  71.024079  71.357204
  1.621250e+00  71.023279  71.356400
  1.622500e+00  71.022483  71.355600
  1.623750e+00  71.021691  71.354804
  1.625000e+00  71.020904  71.354013
  1.626250e+00  71.020121  71.353225
  1.627500e+00  71.019342  71.352442
  1.628750e+00  71.018567  71.351663
  1.630000e+00  71.017796  71.350888
  1.631250e+00  71.017030  71.350118
  1.632500e+00  71.016267  71.349351
  1.633750e+00  71.015509  71.348589
  1.635000e+00  71.014754  71.347830
  1.636250e+00  71.014004  71.347076
  1.637500e+00  71.013257  71.346325
  1.638750e+00  71.012515  71.345579
  1.640000e+00  71.011776  71.344836
  1.641250e+00  71.011041  71.344098
  1.642500e+00  71.010311  71.343363
  1.643750e+00  71.009584  71.342633
  1.645000e+00  71.008861  71.341906
  1.646250e+00  71.008141  71.341183
  1.647500e+00  71.007426  71.340464
  1.648750e+00  71.006715  71.339748
  1.650000e+00  71.006007  71.339037
  1.651250e+00  71.005303  71.338329
  1.652500e+00  71.004602  71.337625
  1.653750e+00  71.003906  71.336925
  1.655000e+00  71.003213  71.336228
  1.656250e+00  71.002524  71.335535
  1.657500e+00  71.001838  71.334846
  1.658750e+00  71.001156  71.334161
  1.660000e+00  71.000478  71.333479
  1.661250e+00  70.999803  71.332800
  1.662500e+00  70.999132  71.332126
  1.663750e+00  70.998465  71.331455
  1.665000e+00  70.997801  71.330787
  1.666250e+00  70.997140  71.330123
  1.667500e+00  70.996483  71.329463
  1.668750e+00  70.995830  71.328806
  1.670000e+00  70.995180  71.328152
  1.671250e+00  70.994533  71.327502
  1.672500e+00  70.993890  71.326856
  1.673750e+00  70.993250  71.326213
  1.675000e+00  70.992614  71.325573
  1.676250e+00  70.991981  71.324937
  1.677500e+00  70.991352  71.324304
  1.678750e+00  70.990725  71.323674
  1.680000e+00  70.990103  71.323048
  1.681250e+00  70.989483  71.322425
  1.682500e+00  70.988867  71.321806
  1.683750e+00  70.988254  71.321190
  1.685000e+00  70.987644  71.320577
  1.686250e+00  70.987037  71.319967
  1.687500e+00  70.986434  71.319360
  1.688750e+00  70.985834  71.318757
  1.690000e+00  70.985237  71.318157
  1.691250e+00  70.984643  71.317560
  1.692500e+00  70.984052  71.316966
  1.693750e+00  70.983465  71.316376
  1.695000e+00  70.982881  71.315788
  1.696250e+00  70.982299  71.315204
  1.697500e+00  70.981721  71.314623
  1.698750e+00  70.981146  71.314044
  1.700000e+00  70.980574  71.313469
  1.701250e+00  70.980005  71.312897
  1.702500e+00  70.979439  71.312328
  1.703750e+00  70.978876  71.311762
  1.705000e+00  70.978316  71.311199
  1.706250e+00  70.977759  71.310639
  1.707500e+00  70.977205  71.310082
  1.708750e+00  70.976654  71.309528
  1.710000e+00  70.976106  71.308977
  1.711250e+00  70.975560  71.308429
  1.712500e+00  70.975018  71.307884
  1.713750e+00  70.974478  71.307341
  1.715000e+00  70.973942  71.306802
  1.716250e+00  70.973408  71.306265
  1.717500e+00  70.972877  71.305731
  1.718750e+00  70.972349  71.305200
  1.720000e+00  70.971823  71.304672
  1.721250e+00  70.971301  71.304147
  1.722500e+00  70.970781  71.303624
  1.723750e+00  70.970264  71.303105
  1.725000e+00  70.969750  71.302588
  1.726250e+00  70.969238  71.302073
  1.727500e+00  70.968729  71.301562
  1.728750e+00  70.968223  71.301053
  1.730000e+00  70.967720  71.300547
  1.731250e+00  70.967219  71.300044
  1.732500e+00  70.966721  71.299543
  1.733750e+00  70.966225  71.299045
  1.735000e+00  70.965733  71.298549
  1.736250e+00  70.965242  71.298056
  1.737500e+00  70.964755  71.297566
  1.738750e+00  70.964270  71.297079
  1.740000e+00  70.963787  71.296594
  1.741250e+00  70.963307  71.296111
  1.742500e+00  70.962830  71.295631
  1.743750e+00  70.962355  71.295154
  1.745000e+00  70.961883  71.294679
  1.746250e+00  70.961413  71.294207
  1.747500e+00  70.960946  71.293737
  1.748750e+00  70.960481  71.293270
  1.750000e+00  70.960019  71.292805
  1.751250e+00  70.959559  71.292343
  1.752500e+00  70.959101  71.291883
  1.753750e+00  70.958646  71.291425
  1.755000e+00  70.958194  71.290970
  1.756250e+00  70.957744  71.290518
  1.757500e+00  70.957296  71.290068
  1.758750e+00  70.956850  71.289620
  1.760000e+00  70.956407  71.289174
  1.761250e+00  70.955967  71.288731
  1.762500e+00  70.955528  71.288291
  1.763750e+00  70.955092  71.287852
  1.765000e+00  70.954659  71.287416
  1.766250e+00  70.954227  71.286983
  1.767500e+00  70.953798  71.286551
  1.768750e+00  70.953371  71.286122
  1.770000e+00  70.952947  71.285695
  1.771250e+00  70.952524  71.285271
  1.772500e+00  70.952104  71.284848
  1.773750e+00  70.951686  71.284428
  1.775000e+00  70.951271  71.284011
  1.776250e+00  70.950857  71.283595
  1.777500e+00  70.950446  71.283182
  1.778750e+00  70.950037  71.282770
  1.780000e+00  70.949630  71.282361
  1.781250e+00  70.949226  71.281954
  1.782500e+00  70.948823  71.281550
  1.783750e+00  70.948423  71.281147
  1.785000e+00  70.948024  71.280747
  1.786250e+00  70.947628  71.280349
  1.787500e+00  70.947234  71.279952
  1.788750e+00  70.946842  71.279558
  1.790000e+00  70.946452  71.279166
  1.791250e+00  70.946064  71.278776
  1.792500e+00  70.945679  71.278389
  1.793750e+00  70.945295  71.278003
  1.795000e+00  70.944913  71.277619
  1.796250e+00  70.944534  71.277238
  1.797500e+00  70.944156  71.276858
  1.798750e+00  70.943780  71.276480
  1.800000e+00  70.943407  71.276105
  1.801250e+00  70.943035  71.275731
  1.802500e+00  70.942665  71.275359
  1.803750e+00  70.942298  71.274990
  1.805000e+00  70.941932  71.274622
  1.806250e+00  70.941568  71.274256
  1.807500e+00  70.941206  71.273893
  1.808750e+00  70.940846  71.273531
  1.810000e+00  70.940488  71.273171
  1.811250e+00  70.940132  71.272813
  1.812500e+00  70.939778  71.272457
  1.813750e+00  70.939426  71.272102
  1.815000e+00  70.939075  71.271750
  1.816250e+00  70.938727  71.271400
  1.817500e+00  70.938380  71.271051
  1.818750e+00  70.938035  71.270704
  1.820000e+00  70.937692  71.270359
  1.821250e+00  70.937350  71.270016
  1.822500e+00  70.937011  71.269675
  1.823750e+00  70.936673  71.269335
  1.825000e+00  70.936338  71.268998
  1.826250e+00  70.936003  71.268662
  1.827500e+00  70.935671  71.268328
  1.828750e+00  70.935341  71.267996
  1.830000e+00  70.935012  71.267665
  1.831250e+00  70.934685  71.267336
  1.832500e+00  70.934360  71.267009
  1.833750e+00  70.934036  71.266684
  1.835000e+00  70.933714  71.266361
  1.836250e+00  70.933394  71.266039
  1.837500e+00  70.933076  71.265719
  1.838750e+00  70.932759  71.265400
  1.840000e+00  70.932444  71.265083
  1.841250e+00  70.932131  71.264768
  1.842500e+00  70.931819  71.264455
  1.843750e+00  70.931509  71.264143
  1.845000e+00  70.931200  71.263833
  1.846250e+00  70.930894  71.263525
  1.847500e+00  70.930589  71.263218
  1.848750e+00  70.930285  71.262913
  1.850000e+00  70.929983  71.262610
  1.851250e+00  70.929683  71.262308
  1.852500e+00  70.929384  71.262007
  1.853750e+00  70.929087  71.261709
  1.855000e+00  70.928792  71.261412
  1.856250e+00  70.928498  71.261116
  1.857500e+00  70.928205  71.260822
  1.858750e+00  70.927914  71.260530
  1.860000e+00  70.927625  71.260239
  1.861250e+00  70.927337  71.259950
  1.862500e+00  70.927051  71.259662
  1.863750e+00  70.926766  71.259376
  1.865000e+00  70.926483  71.259091
  1.866250e+00  70.926202  71.258808
  1.867500e+00  70.925921  71.258526
  1.868750e+00  70.925643  71.258246
  1.870000e+00  70.925366  71.257967
  1.871250e+00  70.925090  71.257690
  1.872500e+00  70.924816  71.257414
  1.873750e+00  70.924543  71.257140
  1.875000e+00  70.924271  71.256867
  1.876250e+00  70.924002  71.256596
  1.877500e+00  70.923733  71.256326
  1.878750e+00  70.923466  71.256058
  1.880000e+00  70.923200  71.255791
  1.881250e+00  70.922936  71.255525
  1.882500e+00  70.922673  71.255261
  1.883750e+00  70.922412  71.254998
  1.885000e+00  70.922152  71.254737
  1.886250e+00  70.921893  71.254477
  1.887500e+00  70.921636  71.254218
  1.888750e+00  70.921380  71.253961
  1.890000e+00  70.921126  71.253705
  1.891250e+00  70.920873  71.253450
  1.892500e+00  70.920621  71.253197
  1.893750e+00  70.920370  71.252945
  1.895000e+00  70.920121  71.252695
  1.896250e+00  70.919873  71.252446
  1.897500e+00  70.919627  71.252198
  1.898750e+00  70.919382  71.251952
  1.900000e+00  70.919138  71.251706
  1.901250e+00  70.918895  71.251462
  1.902500e+00  70.918654  71.251220
  1.903750e+00  70.918414  71.250979
  1.905000e+00  70.918175  71.250739
  1.906250e+00  70.917938  71.250500
  1.907500e+00  70.917702  71.250262
  1.908750e+00  70.917467  71.250026
  1.910000e+00  70.917233  71.249791
  1.911250e+00  70.917000  71.249558
  1.912500e+00  70.916769  71.249325
  1.913750e+00  70.916539  71.249094
  1.915000e+00  70.916311  71.248864
  1.916250e+00  70.916083  71.248635
  1.917500e+00  70.915857  71.248408
  1.918750e+00  70.915632  71.248181
  1.920000e+00  70.915408  71.247956
  1.921250e+00  70.915185  71.247732
  1.922500e+00  70.914963  71.247510
  1.923750e+00  70.914743  71.247288
  1.925000e+00  70.914524  71.247068
  1.926250e+00  70.914306  71.246849
  1.927500e+00  70.914089  71.246631
  1.928750e+00  70.913873  71.246414
  1.930000e+00  70.913659  71.246198
  1.931250e+00  70.913445  71.245983
  1.932500e+00  70.913233  71.245770
  1.933750e+00  70.913022  71.245558
  1.935000e+00  70.912812  71.245347
  1.936250e+00  70.912603  71.245137
  1.937500e+00  70.912395  71.244928
  1.938750e+00  70.912188  71.244720
  1.940000e+00  70.911983  71.244513
  1.941250e+00  70.911778  71.244308
  1.942500e+00  70.911575  71.244103
  1.943750e+00  70.911373  71.243900
  1.945000e+00  70.911171  71.243697
  1.946250e+00  70.910971  71.243496
  1.947500e+00  70.910772  71.243296
  1.948750e+00  70.910574  71.243097
  1.950000e+00  70.910377  71.242899
  1.951250e+00  70.910181  71.242702
  1.952500e+00  70.909986  71.242506
  1.953750e+00  70.909792  71.242311
  1.955000e+00  70.909600  71.242117
  1.956250e+00  70.909408  71.241924
  1.957500e+00  70.909217  71.241733
  1.958750e+00  70.909027  71.241542
  1.960000e+00  70.908839  71.241352
  1.961250e+00  70.908651  71.241163
  1.962500e+00  70.908464  71.240976
  1.963750e+00  70.908278  71.240789
  1.965000e+00  70.908094  71.240603
  1.966250e+00  70.907910  71.240418
  1.967500e+00  70.907727  71.240235
  1.968750e+00  70.907545  71.240052
  1.970000e+00  70.907364  71.239870
  1.971250e+00  70.907185  71.239689
  1.972500e+00  70.907006  71.239509
  1.973750e+00  70.906828  71.239330
  1.975000e+00  70.906651  71.239152
  1.976250e+00  70.906475  71.238975
  1.977500e+00  70.906299  71.238799
  1.978750e+00  70.906125  71.238624
  1.980000e+00  70.905952  71.238450
  1.981250e+00  70.905780  71.238277
  1.982500e+00  70.905608  71.238104
  1.983750e+00  70.905438  71.237933
  1.985000e+00  70.905268  71.237762
  1.986250e+00  70.905099  71.237593
  1.987500e+00  70.904932  71.237424
  1.988750e+00  70.904765  71.237256
  1.990000e+00  70.904599  71.237089
  1.991250e+00  70.904433  71.236923
  1.992500e+00  70.904269  71.236758
  1.993750e+00  70.904106  71.236594
  1.995000e+00  70.903943  71.236430
  1.996250e+00  70.903782  71.236268
  1.997500e+00  70.903621  71.236106
  1.998750e+00  70.903461  71.235946
  2.000000e+00  70.903302  71.235786
