  5.000000e-03  137.730214  140.450085
  7.500000e-03  133.291276  138.444626
  1.000000e-02  129.815654  136.356098
  1.250000e-02  127.001585  133.968666
  1.500000e-02  124.387732  131.296737
  1.750000e-02  121.753446  128.522353
  2.000000e-02  119.213864  125.852425
  2.250000e-02  117.013005  123.407927
  2.500000e-02  115.257862  121.216554
  2.750000e-02  113.862911  119.282977
  3.000000e-02  112.677624  117.597241
  3.250000e-02  111.581663  116.107694
  3.500000e-02  110.502236  114.751880
  3.750000e-02  109.414373  113.491697
  4.000000e-02  108.337206  112.313570
  4.250000e-02  107.315259  111.213740
  4.500000e-02  106.390521  110.188425
  4.750000e-02  105.581923  109.232168
  5.000000e-02  104.881548  108.339555
  5.250000e-02  104.263986  107.506046
  5.500000e-02  103.699285  106.727349
  5.750000e-02  103.162491  105.998753
  6.000000e-02  102.637942  105.315258
  6.250000e-02  102.119438  104.672098
  6.500000e-02  101.607931  104.065073
  6.750000e-02  101.108178  103.490544
  7.000000e-02  100.625571  102.945344
  7.250000e-02  100.164068  102.426754
  7.500000e-02  99.725484  101.932507
  7.750000e-02  99.309774  101.460761
  8.000000e-02  98.915736  101.010028
  8.250000e-02  98.541676  100.579112
  8.500000e-02  98.185883  100.167073
  8.750000e-02  97.846906  99.773199
  9.000000e-02  97.523682  99.396952
  9.250000e-02  97.215533  99.037901
  9.500000e-02  96.922068  98.695638
  9.750000e-02  96.643028  98.369724
  1.000000e-01  96.378117  98.059653
  1.025000e-01  96.126878  97.764842
  1.050000e-01  95.888642  97.484640
  1.075000e-01  95.662561  97.218357
  1.100000e-01  95.447700  96.965275
  1.125000e-01  95.243146  96.724676
  1.150000e-01  95.048096  96.495853
  1.175000e-01  94.861903  96.278114
  1.200000e-01  94.684065  96.070795
  1.225000e-01  94.514181  95.873259
  1.250000e-01  94.351890  95.684897
  1.275000e-01  94.196817  95.505128
  1.300000e-01  94.048541  95.333398
  1.325000e-01  93.906585  95.169174
  1.350000e-01  93.770427  95.011939
  1.375000e-01  93.639518  94.861194
  1.400000e-01  93.513314  94.716449
  1.425000e-01  93.391299  94.577235
  1.450000e-01  93.273002  94.443097
  1.475000e-01  93.158012  94.313610
  1.500000e-01  93.045982  94.188374
  1.525000e-01  92.936632  94.067029
  1.550000e-01  92.829744  93.949248
  1.575000e-01  92.725151  93.834746
  1.600000e-01  92.622735  93.723275
  1.625000e-01  92.522410  93.614622
  1.650000e-01  92.424116  93.508609
  1.675000e-01  92.327811  93.405086
  1.700000e-01  92.233462  93.303925
  1.725000e-01  92.141042  93.205021
  1.750000e-01  92.050527  93.108281
  1.775000e-01  91.961889  93.013626
  1.800000e-01  91.875097  92.920983
  1.825000e-01  91.790112  92.830283
  1.850000e-01  91.706889  92.741461
  1.875000e-01  91.625373  92.654454
  1.900000e-01  91.545501  92.569197
  1.925000e-01  91.467200  92.485626
  1.950000e-01  91.390394  92.403677
  1.975000e-01  91.315001  92.323286
  2.000000e-01  91.240938  92.244387
  2.025000e-01  91.168122  92.166914
  2.050000e-01  91.096471  92.090801
  2.075000e-01  91.025905  92.015981
  2.100000e-01  90.956350  91.942387
  2.125000e-01  90.887734  91.869954
  2.150000e-01  90.819989  91.798615
  2.175000e-01  90.753051  91.728304
  2.200000e-01  90.686859  91.658959
  2.225000e-01  90.621359  91.590517
  2.250000e-01  90.556495  91.522916
  2.275000e-01  90.492218  91.456098
  2.300000e-01  90.428481  91.390006
  2.325000e-01  90.365240  91.324586
  2.350000e-01  90.302455  91.259787
  2.375000e-01  90.240086  91.195559
  2.400000e-01  90.178098  91.131855
  2.425000e-01  90.116459  91.068634
  2.450000e-01  90.055139  91.005855
  2.475000e-01  89.994109  90.943480
  2.500000e-01  89.933345  90.881475
  2.525000e-01  89.872824  90.819810
  2.550000e-01  89.812526  90.758454
  2.575000e-01  89.752432  90.697382
  2.600000e-01  89.692527  90.636572
  2.625000e-01  89.632795  90.576001
  2.650000e-01  89.573224  90.515652
  2.675000e-01  89.513802  90.455506
  2.700000e-01  89.454518  90.395549
  2.725000e-01  89.395364  90.335767
  2.750000e-01  89.336330  90.276148
  2.775000e-01  89.277408  90.216679
  2.800000e-01  89.218591  90.157352
  2.825000e-01  89.159872  90.098155
  2.850000e-01  89.101243  90.039080
  2.875000e-01  89.042699  89.980119
  2.900000e-01  88.984233  89.921263
  2.925000e-01  88.925838  89.862505
  2.950000e-01  88.867509  89.803837
  2.975000e-01  88.809239  89.745252
  3.000000e-01  88.751022  89.686743
  3.025000e-01  88.692854  89.628303
  3.050000e-01  88.634729  89.569927
  3.075000e-01  88.576641  89.511607
  3.100000e-01  88.518585  89.453338
  3.125000e-01  88.460558  89.395115
  3.150000e-01  88.402554  89.336931
  3.175000e-01  88.344569  89.278782
  3.200000e-01  88.286600  89.220662
  3.225000e-01  88.228643  89.162568
  3.250000e-01  88.170693  89.104495
  3.275000e-01  88.112749  89.046438
  3.300000e-01  88.054806  88.988395
  3.325000e-01  87.996861  88.930360
  3.350000e-01  87.938912  88.872331
  3.375000e-01  87.880954  88.814303
  3.400000e-01  87.822985  88.756274
  3.425000e-01  87.765001  88.698240
  3.450000e-01  87.706999  88.640196
  3.475000e-01  87.648975  88.582141
  3.500000e-01  87.590925  88.524069
  3.525000e-01  87.532845  88.465977
  3.550000e-01  87.474731  88.407861
  3.575000e-01  87.416578  88.349718
  3.600000e-01  87.358382  88.291542
  3.625000e-01  87.300138  88.233329
  3.650000e-01  87.241841  88.175075
  3.675000e-01  87.183487  88.116775
  3.700000e-01  87.125069  88.058424
  3.725000e-01  87.066585  88.000018
  3.750000e-01  87.008028  87.941551
  3.775000e-01  86.949394  87.883020
  3.800000e-01  86.890678  87.824419
  3.825000e-01  86.831877  87.765744
  3.850000e-01  86.772985  87.706990
  3.875000e-01  86.713999  87.648153
  3.900000e-01  86.654915  87.589229
  3.925000e-01  86.595730  87.530213
  3.950000e-01  86.536441  87.471103
  3.975000e-01  86.477045  87.411895
  4.000000e-01  86.417539  87.352586
  4.025000e-01  86.357921  87.293173
  4.050000e-01  86.298190  87.233653
  4.075000e-01  86.238344  87.174024
  4.100000e-01  86.178380  87.114285
  4.125000e-01  86.118298  87.054432
  4.150000e-01  86.058097  86.994465
  4.175000e-01  85.997776  86.934382
  4.200000e-01  85.937332  86.874182
  4.225000e-01  85.876767  86.813863
  4.250000e-01  85.816078  86.753425
  4.275000e-01  85.755265  86.692866
  4.300000e-01  85.694326  86.632185
  4.325000e-01  85.633261  86.571382
  4.350000e-01  85.572068  86.510454
  4.375000e-01  85.510746  86.449402
  4.400000e-01  85.449294  86.388223
  4.425000e-01  85.387710  86.326916
  4.450000e-01  85.325993  86.265481
  4.475000e-01  85.264141  86.203915
  4.500000e-01  85.202152  86.142217
  4.525000e-01  85.140025  86.080385
  4.550000e-01  85.077758  86.018419
  4.575000e-01  85.015349  85.956315
  4.600000e-01  84.952797  85.894073
  4.625000e-01  84.890100  85.831691
  4.650000e-01  84.827255  85.769167
  4.675000e-01  84.764264  85.706499
  4.700000e-01  84.701123  85.643687
  4.725000e-01  84.637832  85.580729
  4.750000e-01  84.574390  85.517624
  4.775000e-01  84.510797  85.454371
  4.800000e-01  84.447052  85.390969
  4.825000e-01  84.383155  85.327417
  4.850000e-01  84.319108  85.263716
  4.875000e-01  84.254910  85.199865
  4.900000e-01  84.190562  85.135865
  4.925000e-01  84.126065  85.071716
  4.950000e-01  84.061421  85.007419
  4.975000e-01  83.996631  84.942974
  5.000000e-01  83.931697  84.878383
  5.025000e-01  83.866622  84.813648
  5.050000e-01  83.801406  84.748770
  5.075000e-01  83.736054  84.683752
  5.100000e-01  83.670567  84.618594
  5.125000e-01  83.604947  84.553300
  5.150000e-01  83.539198  84.487871
  5.175000e-01  83.473321  84.422310
  5.200000e-01  83.407320  84.356620
  5.225000e-01  83.341197  84.290803
  5.250000e-01  83.274954  84.224860
  5.275000e-01  83.208594  84.158796
  5.300000e-01  83.142120  84.092612
  5.325000e-01  83.075532  84.026310
  5.350000e-01  83.008833  83.959892
  5.375000e-01  82.942026  83.893362
  5.400000e-01  82.875111  83.826720
  5.425000e-01  82.808090  83.759968
  5.450000e-01  82.740965  83.693109
  5.475000e-01  82.673737  83.626144
  5.500000e-01  82.606408  83.559073
  5.525000e-01  82.538977  83.491900
  5.550000e-01  82.471448  83.424625
  5.575000e-01  82.403821  83.357249
  5.600000e-01  82.336096  83.289774
  5.625000e-01  82.268275  83.222200
  5.650000e-01  82.200360  83.154530
  5.675000e-01  82.132352  83.086764
  5.700000e-01  82.064253  83.018904
  5.725000e-01  81.996063  82.950951
  5.750000e-01  81.927786  82.882907
  5.775000e-01  81.859424  82.814774
  5.800000e-01  81.790978  82.746554
  5.825000e-01  81.722453  82.678249
  5.850000e-01  81.653852  82.609862
  5.875000e-01  81.585177  82.541395
  5.900000e-01  81.516434  82.472853
  5.925000e-01  81.447627  82.404238
  5.950000e-01  81.378761  82.335555
  5.975000e-01  81.309841  82.266808
  6.000000e-01  81.240873  82.198003
  6.025000e-01  81.171863  82.129143
  6.050000e-01  81.102818  82.060235
  6.075000e-01  81.033745  81.991285
  6.100000e-01  80.964651  81.922300
  6.125000e-01  80.895545  81.853285
  6.150000e-01  80.826434  81.784250
  6.175000e-01  80.757327  81.715200
  6.200000e-01  80.688232  81.646143
  6.225000e-01  80.619159  81.577089
  6.250000e-01  80.550116  81.508045
  6.275000e-01  80.481112  81.439020
  6.300000e-01  80.412156  81.370023
  6.325000e-01  80.343258  81.301062
  6.350000e-01  80.274427  81.232146
  6.375000e-01  80.205672  81.163284
  6.400000e-01  80.137002  81.094486
  6.425000e-01  80.068425  81.025760
  6.450000e-01  79.999951  80.957115
  6.475000e-01  79.931588  80.888559
  6.500000e-01  79.863343  80.820102
  6.525000e-01  79.795225  80.751751
  6.550000e-01  79.727241  80.683514
  6.575000e-01  79.659399  80.615400
  6.600000e-01  79.591705  80.547415
  6.625000e-01  79.524166  80.479567
  6.650000e-01  79.456788  80.411864
  6.675000e-01  79.389577  80.344311
  6.700000e-01  79.322538  80.276914
  6.725000e-01  79.255677  80.209681
  6.750000e-01  79.188999  80.142616
  6.775000e-01  79.122508  80.075725
  6.800000e-01  79.056209  80.009012
  6.825000e-01  78.990105  79.942484
  6.850000e-01  78.924201  79.876143
  6.875000e-01  78.858501  79.809995
  6.900000e-01  78.793007  79.744044
  6.925000e-01  78.727724  79.678294
  6.950000e-01  78.662654  79.612747
  6.975000e-01  78.597801  79.547409
  7.000000e-01  78.533168  79.482281
  7.025000e-01  78.468759  79.417369
  7.050000e-01  78.404576  79.352675
  7.075000e-01  78.340623  79.288202
  7.100000e-01  78.276903  79.223955
  7.125000e-01  78.213421  79.159935
  7.150000e-01  78.150178  79.096148
  7.175000e-01  78.087179  79.032596
  7.200000e-01  78.024428  78.969282
  7.225000e-01  77.961929  78.906212
  7.250000e-01  77.899686  78.843388
  7.275000e-01  77.837703  78.780814
  7.300000e-01  77.775985  78.718495
  7.325000e-01  77.714536  78.656435
  7.350000e-01  77.653361  78.594638
  7.375000e-01  77.592466  78.533110
  7.400000e-01  77.531854  78.471854
  7.425000e-01  77.471532  78.410875
  7.450000e-01  77.411505  78.350179
  7.475000e-01  77.351777  78.289770
  7.500000e-01  77.292354  78.229654
  7.525000e-01  77.233242  78.169835
  7.550000e-01  77.174446  78.110320
  7.575000e-01  77.115971  78.051112
  7.600000e-01  77.057823  77.992219
  7.625000e-01  77.000007  77.933644
  7.650000e-01  76.942527  77.875393
  7.675000e-01  76.885390  77.817471
  7.700000e-01  76.828599  77.759883
  7.725000e-01  76.772160  77.702634
  7.750000e-01  76.716076  77.645729
  7.775000e-01  76.660353  77.589172
  7.800000e-01  76.604993  77.532969
  7.825000e-01  76.550001  77.477122
  7.850000e-01  76.495381  77.421636
  7.875000e-01  76.441135  77.366515
  7.900000e-01  76.387267  77.311762
  7.925000e-01  76.333779  77.257381
  7.950000e-01  76.280673  77.203375
  7.975000e-01  76.227953  77.149746
  8.000000e-01  76.175618  77.096497
  8.025000e-01  76.123672  77.043630
  8.050000e-01  76.072116  76.991148
  8.075000e-01  76.020950  76.939051
  8.100000e-01  75.970175  76.887342
  8.125000e-01  75.919792  76.836020
  8.150000e-01  75.869802  76.785089
  8.175000e-01  75.820204  76.734547
  8.200000e-01  75.770998  76.684396
  8.225000e-01  75.722184  76.634636
  8.250000e-01  75.673761  76.585267
  8.275000e-01  75.625730  76.536289
  8.300000e-01  75.578088  76.487701
  8.325000e-01  75.530836  76.439503
  8.350000e-01  75.483972  76.391695
  8.375000e-01  75.437495  76.344275
  8.400000e-01  75.391404  76.297243
  8.425000e-01  75.345697  76.250598
  8.450000e-01  75.300373  76.204339
  8.475000e-01  75.255432  76.158464
  8.500000e-01  75.210870  76.112972
  8.525000e-01  75.166687  76.067861
  8.550000e-01  75.122881  76.023132
  8.575000e-01  75.079451  75.978781
  8.600000e-01  75.036395  75.934808
  8.625000e-01  74.993711  75.891210
  8.650000e-01  74.951398  75.847987
  8.675000e-01  74.909454  75.805138
  8.700000e-01  74.867878  75.762659
  8.725000e-01  74.826668  75.720550
  8.750000e-01  74.785822  75.678810
  8.775000e-01  74.745339  75.637436
  8.800000e-01  74.705218  75.596427
  8.825000e-01  74.665456  75.555782
  8.850000e-01  74.626052  75.515498
  8.875000e-01  74.587006  75.475575
  8.900000e-01  74.548314  75.436012
  8.925000e-01  74.509977  75.396805
  8.950000e-01  74.471991  75.357955
  8.975000e-01  74.434356  75.319458
  9.000000e-01  74.397071  75.281315
  9.025000e-01  74.360133  75.243523
  9.050000e-01  74.323542  75.206082
  9.075000e-01  74.287295  75.168988
  9.100000e-01  74.251392  75.132242
  9.125000e-01  74.215831  75.095840
  9.150000e-01  74.180609  75.059783
  9.175000e-01  74.145727  75.024068
  9.200000e-01  74.111181  74.988694
  9.225000e-01  74.076971  74.953659
  9.250000e-01  74.043094  74.918961
  9.275000e-01  74.009549  74.884600
  9.300000e-01  73.976335  74.850573
  9.325000e-01  73.943449  74.816878
  9.350000e-01  73.910890  74.783514
  9.375000e-01  73.878656  74.750479
  9.400000e-01  73.846745  74.717772
  9.425000e-01  73.815155  74.685390
  9.450000e-01  73.783885  74.653332
  9.475000e-01  73.752931  74.621596
  9.500000e-01  73.722292  74.590179
  9.525000e-01  73.691967  74.559080
  9.550000e-01  73.661953  74.528297
  9.575000e-01  73.632247  74.497828
  9.600000e-01  73.602848  74.467670
  9.625000e-01  73.573753  74.437822
  9.650000e-01  73.544960  74.408281
  9.675000e-01  73.516467  74.379045
  9.700000e-01  73.488271  74.350112
  9.725000e-01  73.460371  74.321480
  9.750000e-01  73.432763  74.293146
  9.775000e-01  73.405445  74.265107
  9.800000e-01  73.378415  74.237363
  9.825000e-01  73.351670  74.209909
  9.850000e-01  73.325209  74.182744
  9.875000e-01  73.299027  74.155865
  9.900000e-01  73.273123  74.129271
  9.925000e-01  73.247495  74.102957
  9.950000e-01  73.222139  74.076922
  9.975000e-01  73.197054  74.051164
  1.000000e+00  73.172236  74.025679
  1.002500e+00  73.147683  74.000465
  1.005000e+00  73.123392  73.975520
  1.007500e+00  73.099362  73.950842
  1.010000e+00  73.075588  73.926426
  1.012500e+00  73.052070  73.902272
  1.015000e+00  73.028803  73.878376
  1.017500e+00  73.005786  73.854736
  1.020000e+00  72.983017  73.831349
  1.022500e+00  72.960491  73.808213
  1.025000e+00  72.938208  73.785325
  1.027500e+00  72.916164  73.762683
  1.030000e+00  72.894357  73.740283
  1.032500e+00  72.872784  73.718125
  1.035000e+00  72.851444  73.696204
  1.037500e+00  72.830332  73.674519
  1.040000e+00  72.809448  73.653067
  1.042500e+00  72.788788  73.631845
  1.045000e+00  72.768351  73.610852
  1.047500e+00  72.748133  73.590084
  1.050000e+00  72.728133  73.569540
  1.052500e+00  72.708347  73.549216
  1.055000e+00  72.688775  73.529111
  1.057500e+00  72.669412  73.509222
  1.060000e+00  72.650258  73.489547
  1.062500e+00  72.631309  73.470084
  1.065000e+00  72.612564  73.450829
  1.067500e+00  72.594020  73.431781
  1.070000e+00  72.575676  73.412938
  1.072500e+00  72.557528  73.394297
  1.075000e+00  72.539574  73.375856
  1.077500e+00  72.521814  73.357613
  1.080000e+00  72.504243  73.339566
  1.082500e+00  72.486861  73.321712
  1.085000e+00  72.469665  73.304050
  1.087500e+00  72.452654  73.286577
  1.090000e+00  72.435824  73.269291
  1.092500e+00  72.419175  73.252190
  1.095000e+00  72.402704  73.235273
  1.097500e+00  72.386409  73.218536
  1.100000e+00  72.370288  73.201979
  1.102500e+00  72.354340  73.185598
  1.105000e+00  72.338562  73.169393
  1.107500e+00  72.322952  73.153361
  1.110000e+00  72.307509  73.137501
  1.112500e+00  72.292231  73.121810
  1.115000e+00  72.277116  73.106286
  1.117500e+00  72.262163  73.090928
  1.120000e+00  72.247368  73.075734
  1.122500e+00  72.232732  73.060702
  1.125000e+00  72.218251  73.045831
  1.127500e+00  72.203925  73.031118
  1.130000e+00  72.189752  73.016562
  1.132500e+00  72.175729  73.002160
  1.135000e+00  72.161856  72.987913
  1.137500e+00  72.148130  72.973817
  1.140000e+00  72.134551  72.959871
  1.142500e+00  72.121116  72.946074
  1.145000e+00  72.107824  72.932423
  1.147500e+00  72.094673  72.918918
  1.150000e+00  72.081662  72.905557
  1.152500e+00  72.068790  72.892337
  1.155000e+00  72.056054  72.879258
  1.157500e+00  72.043454  72.866319
  1.160000e+00  72.030988  72.853516
  1.162500e+00  72.018654  72.840850
  1.165000e+00  72.006452  72.828319
  1.167500e+00  71.994379  72.815921
  1.170000e+00  71.982434  72.803654
  1.172500e+00  71.970617  72.791518
  1.175000e+00  71.958925  72.779511
  1.177500e+00  71.947357  72.767631
  1.180000e+00  71.935912  72.755878
  1.182500e+00  71.924589  72.744249
  1.185000e+00  71.913386  72.732744
  1.187500e+00  71.902303  72.721362
  1.190000e+00  71.891337  72.710100
  1.192500e+00  71.880487  72.698958
  1.195000e+00  71.869753  72.687935
  1.197500e+00  71.859133  72.677028
  1.200000e+00  71.848627  72.666238
  1.202500e+00  71.838231  72.655562
  1.205000e+00  71.827947  72.645000
  1.207500e+00  71.817772  72.634550
  1.210000e+00  71.807705  72.624211
  1.212500e+00  71.797745  72.613982
  1.215000e+00  71.787892  72.603862
  1.217500e+00  71.778143  72.593850
  1.220000e+00  71.768498  72.583944
  1.222500e+00  71.758956  72.574144
  1.225000e+00  71.749516  72.564448
  1.227500e+00  71.740176  72.554855
  1.230000e+00  71.730936  72.545364
  1.232500e+00  71.721794  72.535975
  1.235000e+00  71.712750  72.526686
  1.237500e+00  71.703803  72.517496
  1.240000e+00  71.694951  72.508403
  1.242500e+00  71.686193  72.499408
  1.245000e+00  71.677529  72.490509
  1.247500e+00  71.668958  72.481705
  1.250000e+00  71.660478  72.472994
  1.252500e+00  71.652089  72.464377
  1.255000e+00  71.643790  72.455852
  1.257500e+00  71.635579  72.447418
  1.260000e+00  71.627456  72.439074
  1.262500e+00  71.619421  72.430819
  1.265000e+00  71.611471  72.422653
  1.267500e+00  71.603607  72.414574
  1.270000e+00  71.595827  72.406582
  1.272500e+00  71.588130  72.398675
  1.275000e+00  71.580516  72.390853
  1.277500e+00  71.572983  72.383115
  1.280000e+00  71.565532  72.375459
  1.282500e+00  71.558160  72.367886
  1.285000e+00  71.550868  72.360394
  1.287500e+00  71.543654  72.352983
  1.290000e+00  71.536517  72.345651
  1.292500e+00  71.529458  72.338398
  1.295000e+00  71.522474  72.331222
  1.297500e+00  71.515565  72.324124
  1.300000e+00  71.508731  72.317103
  1.302500e+00  71.501971  72.310156
  1.305000e+00  71.495283  72.303285
  1.307500e+00  71.488667  72.296487
  1.310000e+00  71.482123  72.289763
  1.312500e+00  71.475649  72.283111
  1.315000e+00  71.469245  72.276531
  1.317500e+00  71.462910  72.270021
  1.320000e+00  71.456643  72.263582
  1.322500e+00  71.450445  72.257212
  1.325000e+00  71.444313  72.250911
  1.327500e+00  71.438247  72.244678
  1.330000e+00  71.432247  72.238513
  1.332500e+00  71.426312  72.232414
  1.335000e+00  71.420441  72.226380
  1.337500e+00  71.414633  72.220412
  1.340000e+00  71.408888  72.214509
  1.342500e+00  71.403206  72.208669
  1.345000e+00  71.397585  72.202893
  1.347500e+00  71.392025  72.197179
  1.350000e+00  71.386525  72.191526
  1.352500e+00  71.381084  72.185935
  1.355000e+00  71.375703  72.180405
  1.357500e+00  71.370380  72.174934
  1.360000e+00  71.365115  72.169523
  1.362500e+00  71.359906  72.164170
  1.365000e+00  71.354755  72.158875
  1.367500e+00  71.349659  72.153638
  1.370000e+00  71.344618  72.148457
  1.372500e+00  71.339632  72.143333
  1.375000e+00  71.334700  72.138264
  1.377500e+00  71.329822  72.133250
  1.380000e+00  71.324997  72.128291
  1.382500e+00  71.320224  72.123385
  1.385000e+00  71.315503  72.118533
  1.387500e+00  71.310833  72.113733
  1.390000e+00  71.306214  72.108986
  1.392500e+00  71.301645  72.104290
  1.395000e+00  71.297126  72.099645
  1.397500e+00  71.292656  72.095050
  1.400000e+00  71.288234  72.090505
  1.402500e+00  71.283861  72.086010
  1.405000e+00  71.279535  72.081564
  1.407500e+00  71.275256  72.077165
  1.410000e+00  71.271024  72.072815
  1.412500e+00  71.266838  72.068512
  1.415000e+00  71.262697  72.064256
  1.417500e+00  71.258601  72.060046
  1.420000e+00  71.254550  72.055882
  1.422500e+00  71.250543  72.051763
  1.425000e+00  71.246579  72.047688
  1.427500e+00  71.242659  72.043659
  1.430000e+00  71.238781  72.039673
  1.432500e+00  71.234946  72.035730
  1.435000e+00  71.231152  72.031830
  1.437500e+00  71.227399  72.027973
  1.440000e+00  71.223688  72.024157
  1.442500e+00  71.220016  72.020383
  1.445000e+00  71.216385  72.016651
  1.447500e+00  71.212793  72.012958
  1.450000e+00  71.209240  72.009306
  1.452500e+00  71.205726  72.005694
  1.455000e+00  71.202250  72.002121
  1.457500e+00  71.198812  71.998587
  1.460000e+00  71.195412  71.995091
  1.462500e+00  71.192048  71.991633
  1.465000e+00  71.188721  71.988213
  1.467500e+00  71.185430  71.984830
  1.470000e+00  71.182175  71.981484
  1.472500e+00  71.178956  71.978175
  1.475000e+00  71.175771  71.974901
  1.477500e+00  71.172621  71.971663
  1.480000e+00  71.169506  71.968460
  1.482500e+00  71.166424  71.965292
  1.485000e+00  71.163376  71.962159
  1.487500e+00  71.160361  71.959059
  1.490000e+00  71.157378  71.955993
  1.492500e+00  71.154429  71.952961
  1.495000e+00  71.151511  71.949962
  1.497500e+00  71.148625  71.946995
  1.500000e+00  71.145770  71.944060
  1.502500e+00  71.142947  71.941158
  1.505000e+00  71.140154  71.938287
  1.507500e+00  71.137392  71.935447
  1.510000e+00  71.134659  71.932638
  1.512500e+00  71.131956  71.929860
  1.515000e+00  71.129283  71.927112
  1.517500e+00  71.126639  71.924393
  1.520000e+00  71.124023  71.921705
  1.522500e+00  71.121436  71.919045
  1.525000e+00  71.118878  71.916415
  1.527500e+00  71.116346  71.913813
  1.530000e+00  71.113843  71.911239
  1.532500e+00  71.111367  71.908693
  1.535000e+00  71.108917  71.906175
  1.537500e+00  71.106494  71.903685
  1.540000e+00  71.104098  71.901221
  1.542500e+00  71.101727  71.898784
  1.545000e+00  71.099383  71.896374
  1.547500e+00  71.097064  71.893990
  1.550000e+00  71.094770  71.891632
  1.552500e+00  71.092501  71.889299
  1.555000e+00  71.090256  71.886992
  1.557500e+00  71.088036  71.884709
  1.560000e+00  71.085840  71.882452
  1.562500e+00  71.083668  71.880219
  1.565000e+00  71.081520  71.878011
  1.567500e+00  71.079395  71.875826
  1.570000e+00  71.077293  71.873665
  1.572500e+00  71.075214  71.871528
  1.575000e+00  71.073157  71.869413
  1.577500e+00  71.071123  71.867322
  1.580000e+00  71.069111  71.865254
  1.582500e+00  71.067120  71.863208
  1.585000e+00  71.065152  71.861184
  1.587500e+00  71.063204  71.859182
  1.590000e+00  71.061278  71.857202
  1.592500e+00  71.059373  71.855243
  1.595000e+00  71.057488  71.853306
  1.597500e+00  71.055624  71.851389
  1.600000e+00  71.053780  71.849494
  1.602500e+00  71.051956  71.847619
  1.605000e+00  71.050152  71.845764
  1.607500e+00  71.048368  71.843930
  1.610000e+00  71.046603  71.842115
  1.612500e+00  71.044857  71.840320
  1.615000e+00  71.043130  71.838545
  1.617500e+00  71.041421  71.836789
  1.620000e+00  71.039732  71.835052
  1.622500e+00  71.038060  71.833333
  1.625000e+00  71.036407  71.831634
  1.627500e+00  71.034772  71.829953
  1.630000e+00  71.033154  71.828290
  1.632500e+00  71.031554  71.826645
  1.635000e+00  71.029972  71.825018
  1.637500e+00  71.028406  71.823409
  1.640000e+00  71.026858  71.821817
  1.642500e+00  71.025326  71.820242
  1.645000e+00  71.023811  71.818685
  1.647500e+00  71.022313  71.817144
  1.650000e+00  71.020830  71.815620
  1.652500e+00  71.019364  71.814113
  1.655000e+00  71.017914  71.812622
  1.657500e+00  71.016479  71.811147
  1.660000e+00  71.015060  71.809688
  1.662500e+00  71.013656  71.808245
  1.665000e+00  71.012268  71.806818
  1.667500e+00  71.010895  71.805406
  1.670000e+00  71.009536  71.804009
  1.672500e+00  71.008192  71.802628
  1.675000e+00  71.006863  71.801262
  1.677500e+00  71.005549  71.799910
  1.680000e+00  71.004248  71.798573
  1.682500e+00  71.002962  71.797251
  1.685000e+00  71.001689  71.795943
  1.687500e+00  71.000431  71.794649
  1.690000e+00  70.999186  71.793369
  1.692500e+00  70.997955  71.792103
  1.695000e+00  70.996737  71.790851
  1.697500e+00  70.995532  71.789612
  1.700000e+00  70.994340  71.788387
  1.702500e+00  70.993161  71.787175
  1.705000e+00  70.991995  71.785976
  1.707500e+00  70.990842  71.784790
  1.710000e+00  70.989701  71.783618
  1.712500e+00  70.988572  71.782457
  1.715000e+00  70.987456  71.781310
  1.717500e+00  70.986352  71.780175
  1.720000e+00  70.985260  71.779052
  1.722500e+00  70.984180  71.777941
  1.725000e+00  70.983111  71.776843
  1.727500e+00  70.982054  71.775756
  1.730000e+00  70.981009  71.774681
  1.732500e+00  70.979975  71.773618
  1.735000e+00  70.978952  71.772566
  1.737500e+00  70.977940  71.771526
  1.740000e+00  70.976939  71.770497
  1.742500e+00  70.975949  71.769479
  1.745000e+00  70.974970  71.768473
  1.747500e+00  70.974001  71.767477
  1.750000e+00  70.973043  71.766492
  1.752500e+00  70.972095  71.765517
  1.755000e+00  70.971158  71.764554
  1.757500e+00  70.970231  71.763600
  1.760000e+00  70.969314  71.762658
  1.762500e+00  70.968406  71.761725
  1.765000e+00  70.967509  71.760802
  1.767500e+00  70.966621  71.759890
  1.770000e+00  70.965744  71.758987
  1.772500e+00  70.964875  71.758094
  1.775000e+00  70.964016  71.757211
  1.777500e+00  70.963166  71.756337
  1.780000e+00  70.962326  71.755473
  1.782500e+00  70.961495  71.754619
  1.785000e+00  70.960672  71.753773
  1.787500e+00  70.959859  71.752937
  1.790000e+00  70.959054  71.752110
  1.792500e+00  70.958259  71.751292
  1.795000e+00  70.957472  71.750482
  1.797500e+00  70.956693  71.749682
  1.800000e+00  70.955923  71.748890
  1.802500e+00  70.955161  71.748107
  1.805000e+00  70.954408  71.747332
  1.807500e+00  70.953662  71.746566
  1.810000e+00  70.952925  71.745808
  1.812500e+00  70.952196  71.745058
  1.815000e+00  70.951475  71.744317
  1.817500e+00  70.950761  71.743583
  1.820000e+00  70.950055  71.742857
  1.822500e+00  70.949357  71.742140
  1.825000e+00  70.948667  71.741430
  1.827500e+00  70.947984  71.740728
  1.830000e+00  70.947308  71.740033
  1.832500e+00  70.946640  71.739346
  1.835000e+00  70.945979  71.738667
  1.837500e+00  70.945326  71.737994
  1.840000e+00  70.944679  71.737330
  1.842500e+00  70.944040  71.736672
  1.845000e+00  70.943407  71.736022
  1.847500e+00  70.942781  71.735378
  1.850000e+00  70.942162  71.734742
  1.852500e+00  70.941550  71.734112
  1.855000e+00  70.940944  71.733490
  1.857500e+00  70.940345  71.732874
  1.860000e+00  70.939753  71.732265
  1.862500e+00  70.939167  71.731662
  1.865000e+00  70.938587  71.731066
  1.867500e+00  70.938014  71.730477
  1.870000e+00  70.937447  71.729893
  1.872500e+00  70.936886  71.729317
  1.875000e+00  70.936331  71.728746
  1.877500e+00  70.935782  71.728182
  1.880000e+00  70.935239  71.727624
  1.882500e+00  70.934702  71.727072
  1.885000e+00  70.934171  71.726526
  1.887500e+00  70.933646  71.725985
  1.890000e+00  70.933127  71.725451
  1.892500e+00  70.932613  71.724923
  1.895000e+00  70.932104  71.724400
  1.897500e+00  70.931601  71.723883
  1.900000e+00  70.931104  71.723372
  1.902500e+00  70.930612  71.722866
  1.905000e+00  70.930126  71.722366
  1.907500e+00  70.929644  71.721871
  1.910000e+00  70.929168  71.721381
  1.912500e+00  70.928697  71.720897
  1.915000e+00  70.928232  71.720418
  1.917500e+00  70.927771  71.719945
  1.920000e+00  70.927315  71.719476
  1.922500e+00  70.926865  71.719013
  1.925000e+00  70.926419  71.718554
  1.927500e+00  70.925978  71.718101
  1.930000e+00  70.925542  71.717652
  1.932500e+00  70.925110  71.717209
  1.935000e+00  70.924684  71.716770
  1.937500e+00  70.924262  71.716336
  1.940000e+00  70.923844  71.715907
  1.942500e+00  70.923431  71.715482
  1.945000e+00  70.923023  71.715062
  1.947500e+00  70.922619  71.714647
  1.950000e+00  70.922220  71.714236
  1.952500e+00  70.921824  71.713830
  1.955000e+00  70.921434  71.713428
  1.957500e+00  70.921047  71.713030
  1.960000e+00  70.920665  71.712637
  1.962500e+00  70.920286  71.712248
  1.965000e+00  70.919912  71.711863
  1.967500e+00  70.919542  71.711483
  1.970000e+00  70.919176  71.711107
  1.972500e+00  70.918814  71.710734
  1.975000e+00  70.918456  71.710366
  1.977500e+00  70.918102  71.710002
  1.980000e+00  70.917752  71.709642
  1.982500e+00  70.917405  71.709285
  1.985000e+00  70.917062  71.708933
  1.987500e+00  70.916723  71.708584
  1.990000e+00  70.916388  71.708240
  1.992500e+00  70.916056  71.707899
  1.995000e+00  70.915728  71.707561
  1.997500e+00  70.915404  71.707228
  2.000000e+00  70.915083  71.706898
