  1.000000e-02  137.355482  140.546957
  1.500000e-02  132.647622  138.841027
  2.000000e-02  128.880710  137.091156
  2.500000e-02  125.713254  135.012150
  3.000000e-02  122.670002  132.606062
  3.500000e-02  119.635449  130.091974
  4.000000e-02  116.925883  127.673771
  4.500000e-02  114.850335  125.349791
  5.000000e-02  113.331815  123.104555
  5.500000e-02  112.095776  121.069260
  6.000000e-02  110.933859  119.279773
  6.500000e-02  109.731890  117.667780
  7.000000e-02  108.455319  116.184761
  7.500000e-02  107.148038  114.818981
  8.000000e-02  105.901861  113.565186
  8.500000e-02  104.801292  112.408048
  9.000000e-02  103.881580  111.325917
  9.500000e-02  103.122336  110.300164
  1.000000e-01  102.468380  109.319186
  1.050000e-01  101.857352  108.377328
  1.100000e-01  101.240808  107.472894
  1.150000e-01  100.594846  106.606364
  1.200000e-01  99.920195  105.778267
  1.250000e-01  99.234202  104.987506
  1.300000e-01  98.559747  104.231297
  1.350000e-01  97.916402  103.506400
  1.400000e-01  97.316357  102.810411
  1.450000e-01  96.764534  102.142289
  1.500000e-01  96.260813  101.502166
  1.550000e-01  95.802577  100.890904
  1.600000e-01  95.386635  100.309688
  1.650000e-01  95.010269  99.759713
  1.700000e-01  94.671451  99.241885
  1.750000e-01  94.368464  98.756575
  1.800000e-01  94.099234  98.303479
  1.850000e-01  93.860714  97.881602
  1.900000e-01  93.648577  97.489355
  1.950000e-01  93.457360  97.124744
  2.000000e-01  93.281061  96.785578
  2.050000e-01  93.114021  96.469648
  2.100000e-01  92.951801  96.174828
  2.150000e-01  92.791749  95.899110
  2.200000e-01  92.633100  95.640606
  2.250000e-01  92.476618  95.397561
  2.300000e-01  92.323943  95.168386
  2.350000e-01  92.176887  94.951697
  2.400000e-01  92.036877  94.746347
  2.450000e-01  91.904649  94.551415
  2.500000e-01  91.780203  94.366160
  2.550000e-01  91.662912  94.189933
  2.600000e-01  91.551666  94.022083
  2.650000e-01  91.444969  93.861890
  2.700000e-01  91.341012  93.708550
  2.750000e-01  91.237783  93.561218
  2.800000e-01  91.133308  93.419072
  2.850000e-01  91.025969  93.281352
  2.900000e-01  90.914790  93.147346
  2.950000e-01  90.799539  93.016368
  3.000000e-01  90.680620  92.887740
  3.050000e-01  90.558826  92.760823
  3.100000e-01  90.435080  92.635057
  3.150000e-01  90.310241  92.510004
  3.200000e-01  90.185012  92.385358
  3.250000e-01  90.059914  92.260931
  3.300000e-01  89.935299  92.136626
  3.350000e-01  89.811372  92.012406
  3.400000e-01  89.688217  91.888272
  3.450000e-01  89.565808  91.764243
  3.500000e-01  89.444050  91.640348
  3.550000e-01  89.322806  91.516627
  3.600000e-01  89.201940  91.393126
  3.650000e-01  89.081360  91.269901
  3.700000e-01  88.961039  91.147013
  3.750000e-01  88.841028  91.024523
  3.800000e-01  88.721450  90.902497
  3.850000e-01  88.602471  90.780995
  3.900000e-01  88.484280  90.660075
  3.950000e-01  88.367050  90.539789
  4.000000e-01  88.250920  90.420183
  4.050000e-01  88.135976  90.301298
  4.100000e-01  88.022248  90.183168
  4.150000e-01  87.909713  90.065821
  4.200000e-01  87.798303  89.949276
  4.250000e-01  87.687919  89.833543
  4.300000e-01  87.578441  89.718621
  4.350000e-01  87.469737  89.604495
  4.400000e-01  87.361672  89.491140
  4.450000e-01  87.254113  89.378515
  4.500000e-01  87.146929  89.266571
  4.550000e-01  87.039999  89.155247
  4.600000e-01  86.933204  89.044475
  4.650000e-01  86.826440  88.934182
  4.700000e-01  86.719610  88.824291
  4.750000e-01  86.612629  88.714728
  4.800000e-01  86.505428  88.605417
  4.850000e-01  86.397948  88.496290
  4.900000e-01  86.290148  88.387281
  4.950000e-01  86.181996  88.278331
  5.000000e-01  86.073475  88.169386
  5.050000e-01  85.964571  88.060399
  5.100000e-01  85.855279  87.951324
  5.150000e-01  85.745591  87.842121
  5.200000e-01  85.635497  87.732749
  5.250000e-01  85.524984  87.623171
  5.300000e-01  85.414029  87.513349
  5.350000e-01  85.302604  87.403244
  5.400000e-01  85.190673  87.292819
  5.450000e-01  85.078196  87.182035
  5.500000e-01  84.965133  87.070855
  5.550000e-01  84.851440  86.959240
  5.600000e-01  84.737079  86.847154
  5.650000e-01  84.622016  86.734564
  5.700000e-01  84.506225  86.621437
  5.750000e-01  84.389685  86.507743
  5.800000e-01  84.272385  86.393457
  5.850000e-01  84.154319  86.278555
  5.900000e-01  84.035486  86.163020
  5.950000e-01  83.915891  86.046833
  6.000000e-01  83.795541  85.929984
  6.050000e-01  83.674442  85.812462
  6.100000e-01  83.552604  85.694261
  6.150000e-01  83.430035  85.575376
  6.200000e-01  83.306742  85.455806
  6.250000e-01  83.182733  85.335549
  6.300000e-01  83.058015  85.214608
  6.350000e-01  82.932598  85.092985
  6.400000e-01  82.806491  84.970683
  6.450000e-01  82.679705  84.847706
  6.500000e-01  82.552253  84.724061
  6.550000e-01  82.424148  84.599754
  6.600000e-01  82.295406  84.474790
  6.650000e-01  82.166044  84.349179
  6.700000e-01  82.036082  84.222930
  6.750000e-01  81.905540  84.096053
  6.800000e-01  81.774441  83.968561
  6.850000e-01  81.642811  83.840470
  6.900000e-01  81.510682  83.711795
  6.950000e-01  81.378086  83.582558
  7.000000e-01  81.245062  83.452782
  7.050000e-01  81.111655  83.322493
  7.100000e-01  80.977913  83.191722
  7.150000e-01  80.843891  83.060503
  7.200000e-01  80.709647  82.928873
  7.250000e-01  80.575245  82.796875
  7.300000e-01  80.440749  82.664553
  7.350000e-01  80.306228  82.531956
  7.400000e-01  80.171751  82.399136
  7.450000e-01  80.037385  82.266145
  7.500000e-01  79.903197  82.133039
  7.550000e-01  79.769251  81.999874
  7.600000e-01  79.635607  81.866706
  7.650000e-01  79.502322  81.733590
  7.700000e-01  79.369447  81.600581
  7.750000e-01  79.237031  81.467734
  7.800000e-01  79.105118  81.335099
  7.850000e-01  78.973748  81.202727
  7.900000e-01  78.842959  81.070664
  7.950000e-01  78.712787  80.938957
  8.000000e-01  78.583266  80.807650
  8.050000e-01  78.454431  80.676785
  8.100000e-01  78.326314  80.546404
  8.150000e-01  78.198953  80.416547
  8.200000e-01  78.072382  80.287254
  8.250000e-01  77.946639  80.158565
  8.300000e-01  77.821766  80.030522
  8.350000e-01  77.697804  79.903163
  8.400000e-01  77.574796  79.776532
  8.450000e-01  77.452788  79.650671
  8.500000e-01  77.331827  79.525622
  8.550000e-01  77.211959  79.401430
  8.600000e-01  77.093233  79.278139
  8.650000e-01  76.975695  79.155795
  8.700000e-01  76.859389  79.034441
  8.750000e-01  76.744359  78.914123
  8.800000e-01  76.630645  78.794883
  8.850000e-01  76.518284  78.676765
  8.900000e-01  76.407310  78.559810
  8.950000e-01  76.297752  78.444055
  9.000000e-01  76.189635  78.329537
  9.050000e-01  76.082981  78.216290
  9.100000e-01  75.977809  78.104346
  9.150000e-01  75.874131  77.993733
  9.200000e-01  75.771959  77.884476
  9.250000e-01  75.671302  77.776599
  9.300000e-01  75.572163  77.670120
  9.350000e-01  75.474547  77.565057
  9.400000e-01  75.378454  77.461425
  9.450000e-01  75.283885  77.359237
  9.500000e-01  75.190838  77.258503
  9.550000e-01  75.099309  77.159231
  9.600000e-01  75.009296  77.061429
  9.650000e-01  74.920793  76.965100
  9.700000e-01  74.833798  76.870250
  9.750000e-01  74.748303  76.776880
  9.800000e-01  74.664304  76.684992
  9.850000e-01  74.581794  76.594586
  9.900000e-01  74.500768  76.505662
  9.950000e-01  74.421218  76.418218
  1.000000e+00  74.343136  76.332252
  1.005000e+00  74.266516  76.247760
  1.010000e+00  74.191348  76.164740
  1.015000e+00  74.117624  76.083185
  1.020000e+00  74.045332  76.003091
  1.025000e+00  73.974463  75.924451
  1.030000e+00  73.905003  75.847257
  1.035000e+00  73.836940  75.771503
  1.040000e+00  73.770261  75.697178
  1.045000e+00  73.704950  75.624272
  1.050000e+00  73.640992  75.552775
  1.055000e+00  73.578370  75.482676
  1.060000e+00  73.517067  75.413960
  1.065000e+00  73.457064  75.346616
  1.070000e+00  73.398343  75.280628
  1.075000e+00  73.340885  75.215982
  1.080000e+00  73.284668  75.152661
  1.085000e+00  73.229674  75.090649
  1.090000e+00  73.175880  75.029929
  1.095000e+00  73.123267  74.970482
  1.100000e+00  73.071813  74.912292
  1.105000e+00  73.021497  74.855339
  1.110000e+00  72.972298  74.799603
  1.115000e+00  72.924193  74.745066
  1.120000e+00  72.877163  74.691707
  1.125000e+00  72.831185  74.639508
  1.130000e+00  72.786238  74.588447
  1.135000e+00  72.742303  74.538504
  1.140000e+00  72.699357  74.489659
  1.145000e+00  72.657381  74.441892
  1.150000e+00  72.616353  74.395183
  1.155000e+00  72.576255  74.349510
  1.160000e+00  72.537066  74.304855
  1.165000e+00  72.498767  74.261196
  1.170000e+00  72.461338  74.218514
  1.175000e+00  72.424761  74.176790
  1.180000e+00  72.389017  74.136003
  1.185000e+00  72.354089  74.096134
  1.190000e+00  72.319957  74.057164
  1.195000e+00  72.286605  74.019075
  1.200000e+00  72.254015  73.981847
  1.205000e+00  72.222170  73.945462
  1.210000e+00  72.191055  73.909902
  1.215000e+00  72.160652  73.875150
  1.220000e+00  72.130946  73.841187
  1.225000e+00  72.101922  73.807997
  1.230000e+00  72.073564  73.775562
  1.235000e+00  72.045857  73.743867
  1.240000e+00  72.018788  73.712895
  1.245000e+00  71.992340  73.682629
  1.250000e+00  71.966502  73.653055
  1.255000e+00  71.941259  73.624158
  1.260000e+00  71.916598  73.595921
  1.265000e+00  71.892505  73.568331
  1.270000e+00  71.868969  73.541373
  1.275000e+00  71.845976  73.515033
  1.280000e+00  71.823515  73.489298
  1.285000e+00  71.801574  73.464153
  1.290000e+00  71.780141  73.439587
  1.295000e+00  71.759205  73.415585
  1.300000e+00  71.738755  73.392136
  1.305000e+00  71.718779  73.369227
  1.310000e+00  71.699268  73.346847
  1.315000e+00  71.680212  73.324982
  1.320000e+00  71.661599  73.303623
  1.325000e+00  71.643420  73.282758
  1.330000e+00  71.625665  73.262375
  1.335000e+00  71.608325  73.242465
  1.340000e+00  71.591391  73.223016
  1.345000e+00  71.574854  73.204019
  1.350000e+00  71.558704  73.185463
  1.355000e+00  71.542933  73.167338
  1.360000e+00  71.527533  73.149636
  1.365000e+00  71.512496  73.132345
  1.370000e+00  71.497812  73.115459
  1.375000e+00  71.483474  73.098966
  1.380000e+00  71.469475  73.082859
  1.385000e+00  71.455806  73.067129
  1.390000e+00  71.442461  73.051767
  1.395000e+00  71.429432  73.036766
  1.400000e+00  71.416711  73.022117
  1.405000e+00  71.404292  73.007812
  1.410000e+00  71.392168  72.993843
  1.415000e+00  71.380332  72.980204
  1.420000e+00  71.368778  72.966886
  1.425000e+00  71.357499  72.953882
  1.430000e+00  71.346489  72.941186
  1.435000e+00  71.335741  72.928790
  1.440000e+00  71.325250  72.916687
  1.445000e+00  71.315010  72.904871
  1.450000e+00  71.305015  72.893335
  1.455000e+00  71.295259  72.882073
  1.460000e+00  71.285737  72.871078
  1.465000e+00  71.276443  72.860345
  1.470000e+00  71.267372  72.849868
  1.475000e+00  71.258519  72.839640
  1.480000e+00  71.249878  72.829656
  1.485000e+00  71.241445  72.819911
  1.490000e+00  71.233216  72.810398
  1.495000e+00  71.225184  72.801113
  1.500000e+00  71.217346  72.792049
  1.505000e+00  71.209696  72.783203
  1.510000e+00  71.202232  72.774569
  1.515000e+00  71.194947  72.766142
  1.520000e+00  71.187838  72.757917
  1.525000e+00  71.180901  72.749889
  1.530000e+00  71.174131  72.742055
  1.535000e+00  71.167525  72.734408
  1.540000e+00  71.161079  72.726946
  1.545000e+00  71.154789  72.719663
  1.550000e+00  71.148651  72.712556
  1.555000e+00  71.142662  72.705620
  1.560000e+00  71.136818  72.698851
  1.565000e+00  71.131115  72.692246
  1.570000e+00  71.125551  72.685800
  1.575000e+00  71.120121  72.679509
  1.580000e+00  71.114823  72.673371
  1.585000e+00  71.109654  72.667381
  1.590000e+00  71.104610  72.661535
  1.595000e+00  71.099688  72.655831
  1.600000e+00  71.094886  72.650265
  1.605000e+00  71.090201  72.644834
  1.610000e+00  71.085629  72.639534
  1.615000e+00  71.081169  72.634363
  1.620000e+00  71.076817  72.629317
  1.625000e+00  71.072570  72.624393
  1.630000e+00  71.068427  72.619588
  1.635000e+00  71.064385  72.614900
  1.640000e+00  71.060441  72.610326
  1.645000e+00  71.056592  72.605863
  1.650000e+00  71.052838  72.601508
  1.655000e+00  71.049175  72.597258
  1.660000e+00  71.045601  72.593112
  1.665000e+00  71.042113  72.589067
  1.670000e+00  71.038711  72.585119
  1.675000e+00  71.035392  72.581268
  1.680000e+00  71.032153  72.577511
  1.685000e+00  71.028994  72.573844
  1.690000e+00  71.025911  72.570267
  1.695000e+00  71.022904  72.566777
  1.700000e+00  71.019969  72.563371
  1.705000e+00  71.017107  72.560049
  1.710000e+00  71.014314  72.556807
  1.715000e+00  71.011589  72.553645
  1.720000e+00  71.008930  72.550559
  1.725000e+00  71.006337  72.547548
  1.730000e+00  71.003806  72.544611
  1.735000e+00  71.001338  72.541745
  1.740000e+00  70.998930  72.538949
  1.745000e+00  70.996580  72.536221
  1.750000e+00  70.994288  72.533560
  1.755000e+00  70.992052  72.530964
  1.760000e+00  70.989870  72.528431
  1.765000e+00  70.987742  72.525959
  1.770000e+00  70.985665  72.523548
  1.775000e+00  70.983640  72.521196
  1.780000e+00  70.981664  72.518901
  1.785000e+00  70.979736  72.516662
  1.790000e+00  70.977855  72.514478
  1.795000e+00  70.976020  72.512347
  1.800000e+00  70.974230  72.510268
  1.805000e+00  70.972484  72.508240
  1.810000e+00  70.970781  72.506261
  1.815000e+00  70.969119  72.504331
  1.820000e+00  70.967498  72.502448
  1.825000e+00  70.965917  72.500611
  1.830000e+00  70.964374  72.498819
  1.835000e+00  70.962869  72.497070
  1.840000e+00  70.961401  72.495365
  1.845000e+00  70.959969  72.493701
  1.850000e+00  70.958572  72.492077
  1.855000e+00  70.957209  72.490494
  1.860000e+00  70.955880  72.488949
  1.865000e+00  70.954583  72.487442
  1.870000e+00  70.953318  72.485972
  1.875000e+00  70.952084  72.484538
  1.880000e+00  70.950880  72.483139
  1.885000e+00  70.949706  72.481774
  1.890000e+00  70.948560  72.480443
  1.895000e+00  70.947443  72.479144
  1.900000e+00  70.946353  72.477878
  1.905000e+00  70.945290  72.476642
  1.910000e+00  70.944253  72.475436
  1.915000e+00  70.943241  72.474260
  1.920000e+00  70.942254  72.473113
  1.925000e+00  70.941291  72.471994
  1.930000e+00  70.940352  72.470903
  1.935000e+00  70.939437  72.469838
  1.940000e+00  70.938543  72.468799
  1.945000e+00  70.937672  72.467786
  1.950000e+00  70.936822  72.466798
  1.955000e+00  70.935992  72.465834
  1.960000e+00  70.935184  72.464894
  1.965000e+00  70.934395  72.463976
  1.970000e+00  70.933625  72.463082
  1.975000e+00  70.932875  72.462209
  1.980000e+00  70.932143  72.461357
  1.985000e+00  70.931429  72.460527
  1.990000e+00  70.930732  72.459717
  1.995000e+00  70.930053  72.458927
  2.000000e+00  70.929390  72.458156
