  2.500000e-03  10.56294508 36.92571922 
  3.750000e-03  10.56294508 36.92657703 
  5.000000e-03  10.56294508 36.92705211 
  6.250000e-03  10.56294508 36.92747012 
  7.500000e-03  10.56294508 36.92789871 
  8.750000e-03  10.56294508 36.92825402 
  1.000000e-02  10.56294508 36.92844651 
  1.125000e-02  10.56294508 36.92846994 
  1.250000e-02  10.56294508 36.92839979 
  1.375000e-02  10.56294508 36.92832998 
  1.500000e-02  10.56294508 36.92831283 
  1.625000e-02  10.56294508 36.92835002 
  1.750000e-02  10.56294508 36.92842017 
  1.875000e-02  10.56294508 36.92850243 
  2.000000e-02  10.56294508 36.92858277 
  2.125000e-02  10.56294508 36.92865255 
  2.250000e-02  10.56294508 36.92870756 
  2.375000e-02  10.56294508 36.92874771 
  2.500000e-02  10.56294508 36.92877585 
  2.625000e-02  10.56294508 36.92879592 
  2.750000e-02  10.56294508 36.92881130 
  2.875000e-02  10.56294508 36.92882404 
  3.000000e-02  10.56294508 36.92883500 
  3.125000e-02  10.56294508 36.92884430 
  3.250000e-02  10.56294508 36.92885178 
  3.375000e-02  10.56294508 36.92885736 
  3.500000e-02  10.56294508 36.92886113 
  3.625000e-02  10.56294508 36.92886337 
  3.750000e-02  10.56294508 36.92886447 
  3.875000e-02  10.56294508 36.92886484 
  4.000000e-02  10.56294508 36.92886482 
  4.125000e-02  10.56294508 36.92886462 
  4.250000e-02  10.56294508 36.92886440 
  4.375000e-02  10.56294508 36.92886421 
  4.500000e-02  10.56294508 36.92886406 
  4.625000e-02  10.56294508 36.92886393 
  4.750000e-02  10.56294508 36.92886380 
  4.875000e-02  10.56294508 36.92886363 
  5.000000e-02  10.56294508 36.92886339 
  5.125000e-02  10.56294508 36.92886307 
  5.250000e-02  10.56294508 36.92886266 
  5.375000e-02  10.56294508 36.92886217 
  5.500000e-02  10.56294508 36.92886162 
  5.625000e-02  10.56294508 36.92886102 
  5.750000e-02  10.56294508 36.92886041 
  5.875000e-02  10.56294508 36.92885980 
  6.000000e-02  10.56294508 36.92885920 
  6.125000e-02  10.56294508 36.92885863 
  6.250000e-02  10.56294508 36.92885808 
  6.375000e-02  10.56294508 36.92885756 
  6.500000e-02  10.56294508 36.92885707 
  6.625000e-02  10.56294508 36.92885660 
  6.750000e-02  10.56294508 36.92885615 
  6.875000e-02  10.56294508 36.92885572 
  7.000000e-02  10.56294508 36.92885530 
  7.125000e-02  10.56294508 36.92885491 
  7.250000e-02  10.56294508 36.92885453 
  7.375000e-02  10.56294508 36.92885417 
  7.500000e-02  10.56294508 36.92885383 
  7.625000e-02  10.56294508 36.92885350 
  7.750000e-02  10.56294508 36.92885319 
  7.875000e-02  10.56294508 36.92885290 
  8.000000e-02  10.56294508 36.92885263 
  8.125000e-02  10.56294508 36.92885237 
  8.250000e-02  10.56294508 36.92885213 
  8.375000e-02  10.56294508 36.92885190 
  8.500000e-02  10.56294508 36.92885169 
  8.625000e-02  10.56294508 36.92885150 
  8.750000e-02  10.56294508 36.92885132 
  8.875000e-02  10.56294508 36.92885116 
  9.000000e-02  10.56294508 36.92885101 
  9.125000e-02  10.56294508 36.92885088 
  9.250000e-02  10.56294508 36.92885076 
  9.375000e-02  10.56294508 36.92885066 
  9.500000e-02  10.56294508 36.92885056 
  9.625000e-02  10.56294508 36.92885049 
  9.750000e-02  10.56294508 36.92885042 
  9.875000e-02  10.56294508 36.92885037 
  1.000000e-01  10.56294508 36.92885033 
  1.012500e-01  10.56294508 36.92885031 
  1.025000e-01  10.56294508 36.92885029 
  1.037500e-01  10.56294508 36.92885029 
  1.050000e-01  10.56294508 36.92885030 
  1.062500e-01  10.56294508 36.92885031 
  1.075000e-01  10.56294508 36.92885034 
  1.087500e-01  10.56294508 36.92885038 
  1.100000e-01  10.56294508 36.92885043 
  1.112500e-01  10.56294508 36.92885049 
  1.125000e-01  10.56294508 36.92885055 
  1.137500e-01  10.56294508 36.92885063 
  1.150000e-01  10.56294508 36.92885071 
  1.162500e-01  10.56294508 36.92885080 
  1.175000e-01  10.56294508 36.92885090 
  1.187500e-01  10.56294508 36.92885101 
  1.200000e-01  10.56294508 36.92885112 
  1.212500e-01  10.56294508 36.92885125 
  1.225000e-01  10.56294508 36.92885137 
  1.237500e-01  10.56294508 36.92885151 
  1.250000e-01  10.56294508 36.92885165 
  1.262500e-01  10.56294508 36.92885179 
  1.275000e-01  10.56294508 36.92885195 
  1.287500e-01  10.56294508 36.92885210 
  1.300000e-01  10.56294508 36.92885226 
  1.312500e-01  10.56294508 36.92885243 
  1.325000e-01  10.56294508 36.92885260 
  1.337500e-01  10.56294508 36.92885277 
  1.350000e-01  10.56294508 36.92885294 
  1.362500e-01  10.56294508 36.92885312 
  1.375000e-01  10.56294508 36.92885330 
  1.387500e-01  10.56294508 36.92885348 
  1.400000e-01  10.56294508 36.92885366 
  1.412500e-01  10.56294508 36.92885384 
  1.425000e-01  10.56294508 36.92885403 
  1.437500e-01  10.56294508 36.92885421 
  1.450000e-01  10.56294508 36.92885439 
  1.462500e-01  10.56294508 36.92885457 
  1.475000e-01  10.56294508 36.92885475 
  1.487500e-01  10.56294508 36.92885493 
  1.500000e-01  10.56294508 36.92885510 
  1.512500e-01  10.56294508 36.92885527 
  1.525000e-01  10.56294508 36.92885544 
  1.537500e-01  10.56294508 36.92885561 
  1.550000e-01  10.56294508 36.92885577 
  1.562500e-01  10.56294508 36.92885593 
  1.575000e-01  10.56294508 36.92885609 
  1.587500e-01  10.56294508 36.92885624 
  1.600000e-01  10.56294508 36.92885639 
  1.612500e-01  10.56294508 36.92885654 
  1.625000e-01  10.56294508 36.92885668 
  1.637500e-01  10.56294508 36.92885682 
  1.650000e-01  10.56294508 36.92885695 
  1.662500e-01  10.56294508 36.92885709 
  1.675000e-01  10.56294508 36.92885722 
  1.687500e-01  10.56294508 36.92885734 
  1.700000e-01  10.56294508 36.92885747 
  1.712500e-01  10.56294508 36.92885759 
  1.725000e-01  10.56294508 36.92885771 
  1.737500e-01  10.56294508 36.92885782 
  1.750000e-01  10.56294508 36.92885794 
  1.762500e-01  10.56294508 36.92885805 
  1.775000e-01  10.56294508 36.92885816 
  1.787500e-01  10.56294508 36.92885827 
  1.800000e-01  10.56294508 36.92885838 
  1.812500e-01  10.56294508 36.92885849 
  1.825000e-01  10.56294508 36.92885860 
  1.837500e-01  10.56294508 36.92885870 
  1.850000e-01  10.56294508 36.92885881 
  1.862500e-01  10.56294508 36.92885892 
  1.875000e-01  10.56294508 36.92885902 
  1.887500e-01  10.56294508 36.92885913 
  1.900000e-01  10.56294508 36.92885923 
  1.912500e-01  10.56294508 36.92885934 
  1.925000e-01  10.56294508 36.92885944 
  1.937500e-01  10.56294508 36.92885955 
  1.950000e-01  10.56294508 36.92885966 
  1.962500e-01  10.56294508 36.92885976 
  1.975000e-01  10.56294508 36.92885987 
  1.987500e-01  10.56294508 36.92885998 
  2.000000e-01  10.56294508 36.92886009 
  2.012500e-01  10.56294508 36.92886019 
  2.025000e-01  10.56294508 36.92886030 
  2.037500e-01  10.56294508 36.92886041 
  2.050000e-01  10.56294508 36.92886052 
  2.062500e-01  10.56294508 36.92886063 
  2.075000e-01  10.56294508 36.92886074 
  2.087500e-01  10.56294508 36.92886085 
  2.100000e-01  10.56294508 36.92886096 
  2.112500e-01  10.56294508 36.92886107 
  2.125000e-01  10.56294508 36.92886118 
  2.137500e-01  10.56294508 36.92886129 
  2.150000e-01  10.56294508 36.92886141 
  2.162500e-01  10.56294508 36.92886152 
  2.175000e-01  10.56294508 36.92886163 
  2.187500e-01  10.56294508 36.92886174 
  2.200000e-01  10.56294508 36.92886185 
  2.212500e-01  10.56294508 36.92886197 
  2.225000e-01  10.56294508 36.92886208 
  2.237500e-01  10.56294508 36.92886219 
  2.250000e-01  10.56294508 36.92886230 
  2.262500e-01  10.56294508 36.92886242 
  2.275000e-01  10.56294508 36.92886253 
  2.287500e-01  10.56294508 36.92886264 
  2.300000e-01  10.56294508 36.92886276 
  2.312500e-01  10.56294508 36.92886287 
  2.325000e-01  10.56294508 36.92886298 
  2.337500e-01  10.56294508 36.92886309 
  2.350000e-01  10.56294508 36.92886321 
  2.362500e-01  10.56294508 36.92886332 
  2.375000e-01  10.56294508 36.92886343 
  2.387500e-01  10.56294508 36.92886354 
  2.400000e-01  10.56294508 36.92886365 
  2.412500e-01  10.56294508 36.92886377 
  2.425000e-01  10.56294508 36.92886388 
  2.437500e-01  10.56294508 36.92886399 
  2.450000e-01  10.56294508 36.92886410 
  2.462500e-01  10.56294508 36.92886421 
  2.475000e-01  10.56294508 36.92886432 
  2.487500e-01  10.56294508 36.92886443 
  2.500000e-01  10.56294508 36.92886454 
  2.512500e-01  10.56294508 36.92886465 
  2.525000e-01  10.56294508 36.92886476 
  2.537500e-01  10.56294508 36.92886487 
  2.550000e-01  10.56294508 36.92886498 
  2.562500e-01  10.56294508 36.92886509 
  2.575000e-01  10.56294508 36.92886519 
  2.587500e-01  10.56294508 36.92886530 
  2.600000e-01  10.56294508 36.92886541 
  2.612500e-01  10.56294508 36.92886552 
  2.625000e-01  10.56294508 36.92886562 
  2.637500e-01  10.56294508 36.92886573 
  2.650000e-01  10.56294508 36.92886584 
  2.662500e-01  10.56294508 36.92886594 
  2.675000e-01  10.56294508 36.92886605 
  2.687500e-01  10.56294508 36.92886615 
  2.700000e-01  10.56294508 36.92886626 
  2.712500e-01  10.56294508 36.92886636 
  2.725000e-01  10.56294508 36.92886647 
  2.737500e-01  10.56294508 36.92886657 
  2.750000e-01  10.56294508 36.92886667 
  2.762500e-01  10.56294508 36.92886678 
  2.775000e-01  10.56294508 36.92886688 
  2.787500e-01  10.56294508 36.92886698 
  2.800000e-01  10.56294508 36.92886709 
  2.812500e-01  10.56294508 36.92886719 
  2.825000e-01  10.56294508 36.92886729 
  2.837500e-01  10.56294508 36.92886739 
  2.850000e-01  10.56294508 36.92886749 
  2.862500e-01  10.56294508 36.92886759 
  2.875000e-01  10.56294508 36.92886769 
  2.887500e-01  10.56294508 36.92886779 
  2.900000e-01  10.56294508 36.92886789 
  2.912500e-01  10.56294508 36.92886799 
  2.925000e-01  10.56294508 36.92886809 
  2.937500e-01  10.56294508 36.92886818 
  2.950000e-01  10.56294508 36.92886828 
  2.962500e-01  10.56294508 36.92886838 
  2.975000e-01  10.56294508 36.92886848 
  2.987500e-01  10.56294508 36.92886857 
  3.000000e-01  10.56294508 36.92886867 
  3.012500e-01  10.56294508 36.92886876 
  3.025000e-01  10.56294508 36.92886886 
  3.037500e-01  10.56294508 36.92886895 
  3.050000e-01  10.56294508 36.92886905 
  3.062500e-01  10.56294508 36.92886914 
  3.075000e-01  10.56294508 36.92886924 
  3.087500e-01  10.56294508 36.92886933 
  3.100000e-01  10.56294508 36.92886942 
  3.112500e-01  10.56294508 36.92886952 
  3.125000e-01  10.56294508 36.92886961 
  3.137500e-01  10.56294508 36.92886970 
  3.150000e-01  10.56294508 36.92886979 
  3.162500e-01  10.56294508 36.92886988 
  3.175000e-01  10.56294508 36.92886997 
  3.187500e-01  10.56294508 36.92887006 
  3.200000e-01  10.56294508 36.92887015 
  3.212500e-01  10.56294508 36.92887024 
  3.225000e-01  10.56294508 36.92887033 
  3.237500e-01  10.56294508 36.92887042 
  3.250000e-01  10.56294508 36.92887051 
  3.262500e-01  10.56294508 36.92887060 
  3.275000e-01  10.56294508 36.92887069 
  3.287500e-01  10.56294508 36.92887077 
  3.300000e-01  10.56294508 36.92887086 
  3.312500e-01  10.56294508 36.92887095 
  3.325000e-01  10.56294508 36.92887103 
  3.337500e-01  10.56294508 36.92887112 
  3.350000e-01  10.56294508 36.92887120 
  3.362500e-01  10.56294508 36.92887129 
  3.375000e-01  10.56294508 36.92887137 
  3.387500e-01  10.56294508 36.92887146 
  3.400000e-01  10.56294508 36.92887154 
  3.412500e-01  10.56294508 36.92887163 
  3.425000e-01  10.56294508 36.92887171 
  3.437500e-01  10.56294508 36.92887179 
  3.450000e-01  10.56294508 36.92887188 
  3.462500e-01  10.56294508 36.92887196 
  3.475000e-01  10.56294508 36.92887204 
  3.487500e-01  10.56294508 36.92887212 
  3.500000e-01  10.56294508 36.92887220 
  3.512500e-01  10.56294508 36.92887228 
  3.525000e-01  10.56294508 36.92887237 
  3.537500e-01  10.56294508 36.92887245 
  3.550000e-01  10.56294508 36.92887253 
  3.562500e-01  10.56294508 36.92887261 
  3.575000e-01  10.56294508 36.92887268 
  3.587500e-01  10.56294508 36.92887276 
  3.600000e-01  10.56294508 36.92887284 
  3.612500e-01  10.56294508 36.92887292 
  3.625000e-01  10.56294508 36.92887300 
  3.637500e-01  10.56294508 36.92887308 
  3.650000e-01  10.56294508 36.92887315 
  3.662500e-01  10.56294508 36.92887323 
  3.675000e-01  10.56294508 36.92887331 
  3.687500e-01  10.56294508 36.92887339 
  3.700000e-01  10.56294508 36.92887346 
  3.712500e-01  10.56294508 36.92887354 
  3.725000e-01  10.56294508 36.92887361 
  3.737500e-01  10.56294508 36.92887369 
  3.750000e-01  10.56294508 36.92887376 
  3.762500e-01  10.56294508 36.92887384 
  3.775000e-01  10.56294508 36.92887391 
  3.787500e-01  10.56294508 36.92887399 
  3.800000e-01  10.56294508 36.92887406 
  3.812500e-01  10.56294508 36.92887414 
  3.825000e-01  10.56294508 36.92887421 
  3.837500e-01  10.56294508 36.92887428 
  3.850000e-01  10.56294508 36.92887435 
  3.862500e-01  10.56294508 36.92887443 
  3.875000e-01  10.56294508 36.92887450 
  3.887500e-01  10.56294508 36.92887457 
  3.900000e-01  10.56294508 36.92887464 
  3.912500e-01  10.56294508 36.92887471 
  3.925000e-01  10.56294508 36.92887478 
  3.937500e-01  10.56294508 36.92887485 
  3.950000e-01  10.56294508 36.92887492 
  3.962500e-01  10.56294508 36.92887499 
  3.975000e-01  10.56294508 36.92887506 
  3.987500e-01  10.56294508 36.92887513 
  4.000000e-01  10.56294508 36.92887520 
  4.012500e-01  10.56294508 36.92887527 
  4.025000e-01  10.56294508 36.92887533 
  4.037500e-01  10.56294508 36.92887540 
  4.050000e-01  10.56294508 36.92887547 
  4.062500e-01  10.56294508 36.92887553 
  4.075000e-01  10.56294508 36.92887560 
  4.087500e-01  10.56294508 36.92887566 
  4.100000e-01  10.56294508 36.92887573 
  4.112500e-01  10.56294508 36.92887579 
  4.125000e-01  10.56294508 36.92887586 
  4.137500e-01  10.56294508 36.92887592 
  4.150000e-01  10.56294508 36.92887599 
  4.162500e-01  10.56294508 36.92887605 
  4.175000e-01  10.56294508 36.92887611 
  4.187500e-01  10.56294508 36.92887618 
  4.200000e-01  10.56294508 36.92887624 
  4.212500e-01  10.56294508 36.92887630 
  4.225000e-01  10.56294508 36.92887636 
  4.237500e-01  10.56294508 36.92887642 
  4.250000e-01  10.56294508 36.92887648 
  4.262500e-01  10.56294508 36.92887654 
  4.275000e-01  10.56294508 36.92887660 
  4.287500e-01  10.56294508 36.92887666 
  4.300000e-01  10.56294508 36.92887672 
  4.312500e-01  10.56294508 36.92887678 
  4.325000e-01  10.56294508 36.92887683 
  4.337500e-01  10.56294508 36.92887689 
  4.350000e-01  10.56294508 36.92887695 
  4.362500e-01  10.56294508 36.92887701 
  4.375000e-01  10.56294508 36.92887706 
  4.387500e-01  10.56294508 36.92887712 
  4.400000e-01  10.56294508 36.92887717 
  4.412500e-01  10.56294508 36.92887723 
  4.425000e-01  10.56294508 36.92887728 
  4.437500e-01  10.56294508 36.92887734 
  4.450000e-01  10.56294508 36.92887739 
  4.462500e-01  10.56294508 36.92887745 
  4.475000e-01  10.56294508 36.92887750 
  4.487500e-01  10.56294508 36.92887755 
  4.500000e-01  10.56294508 36.92887760 
  4.512500e-01  10.56294508 36.92887766 
  4.525000e-01  10.56294508 36.92887771 
  4.537500e-01  10.56294508 36.92887776 
  4.550000e-01  10.56294508 36.92887781 
  4.562500e-01  10.56294508 36.92887786 
  4.575000e-01  10.56294508 36.92887791 
  4.587500e-01  10.56294508 36.92887796 
  4.600000e-01  10.56294508 36.92887801 
  4.612500e-01  10.56294508 36.92887806 
  4.625000e-01  10.56294508 36.92887811 
  4.637500e-01  10.56294508 36.92887816 
  4.650000e-01  10.56294508 36.92887820 
  4.662500e-01  10.56294508 36.92887825 
  4.675000e-01  10.56294508 36.92887830 
  4.687500e-01  10.56294508 36.92887835 
  4.700000e-01  10.56294508 36.92887839 
  4.712500e-01  10.56294508 36.92887844 
  4.725000e-01  10.56294508 36.92887849 
  4.737500e-01  10.56294508 36.92887853 
  4.750000e-01  10.56294508 36.92887858 
  4.762500e-01  10.56294508 36.92887862 
  4.775000e-01  10.56294508 36.92887867 
  4.787500e-01  10.56294508 36.92887871 
  4.800000e-01  10.56294508 36.92887876 
  4.812500e-01  10.56294508 36.92887880 
  4.825000e-01  10.56294508 36.92887884 
  4.837500e-01  10.56294508 36.92887889 
  4.850000e-01  10.56294508 36.92887893 
  4.862500e-01  10.56294508 36.92887897 
  4.875000e-01  10.56294508 36.92887901 
  4.887500e-01  10.56294508 36.92887906 
  4.900000e-01  10.56294508 36.92887910 
  4.912500e-01  10.56294508 36.92887914 
  4.925000e-01  10.56294508 36.92887918 
  4.937500e-01  10.56294508 36.92887922 
  4.950000e-01  10.56294508 36.92887926 
  4.962500e-01  10.56294508 36.92887930 
  4.975000e-01  10.56294508 36.92887934 
  4.987500e-01  10.56294508 36.92887938 
  5.000000e-01  10.56294508 36.92887942 
  5.012500e-01  10.56294508 36.92887946 
  5.025000e-01  10.56294508 36.92887949 
  5.037500e-01  10.56294508 36.92887953 
  5.050000e-01  10.56294508 36.92887957 
  5.062500e-01  10.56294508 36.92887961 
  5.075000e-01  10.56294508 36.92887964 
  5.087500e-01  10.56294508 36.92887968 
  5.100000e-01  10.56294508 36.92887972 
  5.112500e-01  10.56294508 36.92887975 
  5.125000e-01  10.56294508 36.92887979 
  5.137500e-01  10.56294508 36.92887982 
  5.150000e-01  10.56294508 36.92887986 
  5.162500e-01  10.56294508 36.92887989 
  5.175000e-01  10.56294508 36.92887993 
  5.187500e-01  10.56294508 36.92887996 
  5.200000e-01  10.56294508 36.92887999 
  5.212500e-01  10.56294508 36.92888003 
  5.225000e-01  10.56294508 36.92888006 
  5.237500e-01  10.56294508 36.92888009 
  5.250000e-01  10.56294508 36.92888013 
  5.262500e-01  10.56294508 36.92888016 
  5.275000e-01  10.56294508 36.92888019 
  5.287500e-01  10.56294508 36.92888022 
  5.300000e-01  10.56294508 36.92888025 
  5.312500e-01  10.56294508 36.92888028 
  5.325000e-01  10.56294508 36.92888031 
  5.337500e-01  10.56294508 36.92888034 
  5.350000e-01  10.56294508 36.92888037 
  5.362500e-01  10.56294508 36.92888040 
  5.375000e-01  10.56294508 36.92888043 
  5.387500e-01  10.56294508 36.92888046 
  5.400000e-01  10.56294508 36.92888049 
  5.412500e-01  10.56294508 36.92888051 
  5.425000e-01  10.56294508 36.92888054 
  5.437500e-01  10.56294508 36.92888057 
  5.450000e-01  10.56294508 36.92888060 
  5.462500e-01  10.56294508 36.92888062 
  5.475000e-01  10.56294508 36.92888065 
  5.487500e-01  10.56294508 36.92888067 
  5.500000e-01  10.56294508 36.92888070 
  5.512500e-01  10.56294508 36.92888072 
  5.525000e-01  10.56294508 36.92888075 
  5.537500e-01  10.56294508 36.92888077 
  5.550000e-01  10.56294508 36.92888080 
  5.562500e-01  10.56294508 36.92888082 
  5.575000e-01  10.56294508 36.92888084 
  5.587500e-01  10.56294508 36.92888087 
  5.600000e-01  10.56294508 36.92888089 
  5.612500e-01  10.56294508 36.92888091 
  5.625000e-01  10.56294508 36.92888093 
  5.637500e-01  10.56294508 36.92888096 
  5.650000e-01  10.56294508 36.92888098 
  5.662500e-01  10.56294508 36.92888100 
  5.675000e-01  10.56294508 36.92888102 
  5.687500e-01  10.56294508 36.92888104 
  5.700000e-01  10.56294508 36.92888106 
  5.712500e-01  10.56294508 36.92888108 
  5.725000e-01  10.56294508 36.92888110 
  5.737500e-01  10.56294508 36.92888112 
  5.750000e-01  10.56294508 36.92888114 
  5.762500e-01  10.56294508 36.92888116 
  5.775000e-01  10.56294508 36.92888117 
  5.787500e-01  10.56294508 36.92888119 
  5.800000e-01  10.56294508 36.92888121 
  5.812500e-01  10.56294508 36.92888123 
  5.825000e-01  10.56294508 36.92888125 
  5.837500e-01  10.56294508 36.92888126 
  5.850000e-01  10.56294508 36.92888128 
  5.862500e-01  10.56294508 36.92888130 
  5.875000e-01  10.56294508 36.92888131 
  5.887500e-01  10.56294508 36.92888133 
  5.900000e-01  10.56294508 36.92888134 
  5.912500e-01  10.56294508 36.92888136 
  5.925000e-01  10.56294508 36.92888137 
  5.937500e-01  10.56294508 36.92888139 
  5.950000e-01  10.56294508 36.92888140 
  5.962500e-01  10.56294508 36.92888142 
  5.975000e-01  10.56294508 36.92888143 
  5.987500e-01  10.56294508 36.92888145 
  6.000000e-01  10.56294508 36.92888146 
  6.012500e-01  10.56294508 36.92888147 
  6.025000e-01  10.56294508 36.92888149 
  6.037500e-01  10.56294508 36.92888150 
  6.050000e-01  10.56294508 36.92888151 
  6.062500e-01  10.56294508 36.92888153 
  6.075000e-01  10.56294508 36.92888154 
  6.087500e-01  10.56294508 36.92888155 
  6.100000e-01  10.56294508 36.92888156 
  6.112500e-01  10.56294508 36.92888158 
  6.125000e-01  10.56294508 36.92888159 
  6.137500e-01  10.56294508 36.92888160 
  6.150000e-01  10.56294508 36.92888161 
  6.162500e-01  10.56294508 36.92888162 
  6.175000e-01  10.56294508 36.92888163 
  6.187500e-01  10.56294508 36.92888164 
  6.200000e-01  10.56294508 36.92888165 
  6.212500e-01  10.56294508 36.92888166 
  6.225000e-01  10.56294508 36.92888167 
  6.237500e-01  10.56294508 36.92888168 
  6.250000e-01  10.56294508 36.92888169 
  6.262500e-01  10.56294508 36.92888170 
  6.275000e-01  10.56294508 36.92888171 
  6.287500e-01  10.56294508 36.92888172 
  6.300000e-01  10.56294508 36.92888173 
  6.312500e-01  10.56294508 36.92888174 
  6.325000e-01  10.56294508 36.92888175 
  6.337500e-01  10.56294508 36.92888176 
  6.350000e-01  10.56294508 36.92888177 
  6.362500e-01  10.56294508 36.92888177 
  6.375000e-01  10.56294508 36.92888178 
  6.387500e-01  10.56294508 36.92888179 
  6.400000e-01  10.56294508 36.92888180 
  6.412500e-01  10.56294508 36.92888181 
  6.425000e-01  10.56294508 36.92888181 
  6.437500e-01  10.56294508 36.92888182 
  6.450000e-01  10.56294508 36.92888183 
  6.462500e-01  10.56294508 36.92888184 
  6.475000e-01  10.56294508 36.92888184 
  6.487500e-01  10.56294508 36.92888185 
  6.500000e-01  10.56294508 36.92888186 
  6.512500e-01  10.56294508 36.92888186 
  6.525000e-01  10.56294508 36.92888187 
  6.537500e-01  10.56294508 36.92888187 
  6.550000e-01  10.56294508 36.92888188 
  6.562500e-01  10.56294508 36.92888189 
  6.575000e-01  10.56294508 36.92888189 
  6.587500e-01  10.56294508 36.92888190 
  6.600000e-01  10.56294508 36.92888190 
  6.612500e-01  10.56294508 36.92888191 
  6.625000e-01  10.56294508 36.92888191 
  6.637500e-01  10.56294508 36.92888192 
  6.650000e-01  10.56294508 36.92888192 
  6.662500e-01  10.56294508 36.92888192 
  6.675000e-01  10.56294508 36.92888193 
  6.687500e-01  10.56294508 36.92888193 
  6.700000e-01  10.56294508 36.92888194 
  6.712500e-01  10.56294508 36.92888194 
  6.725000e-01  10.56294508 36.92888194 
  6.737500e-01  10.56294508 36.92888195 
  6.750000e-01  10.56294508 36.92888195 
  6.762500e-01  10.56294508 36.92888195 
  6.775000e-01  10.56294508 36.92888195 
  6.787500e-01  10.56294508 36.92888196 
  6.800000e-01  10.56294508 36.92888196 
  6.812500e-01  10.56294508 36.92888196 
  6.825000e-01  10.56294508 36.92888196 
  6.837500e-01  10.56294508 36.92888197 
  6.850000e-01  10.56294508 36.92888197 
  6.862500e-01  10.56294508 36.92888197 
  6.875000e-01  10.56294508 36.92888197 
  6.887500e-01  10.56294508 36.92888197 
  6.900000e-01  10.56294508 36.92888197 
  6.912500e-01  10.56294508 36.92888198 
  6.925000e-01  10.56294508 36.92888198 
  6.937500e-01  10.56294508 36.92888198 
  6.950000e-01  10.56294508 36.92888198 
  6.962500e-01  10.56294508 36.92888198 
  6.975000e-01  10.56294508 36.92888198 
  6.987500e-01  10.56294508 36.92888198 
  7.000000e-01  10.56294508 36.92888198 
  7.012500e-01  10.56294508 36.92888198 
  7.025000e-01  10.56294508 36.92888198 
  7.037500e-01  10.56294508 36.92888198 
  7.050000e-01  10.56294508 36.92888198 
  7.062500e-01  10.56294508 36.92888198 
  7.075000e-01  10.56294508 36.92888198 
  7.087500e-01  10.56294508 36.92888198 
  7.100000e-01  10.56294508 36.92888198 
  7.112500e-01  10.56294508 36.92888198 
  7.125000e-01  10.56294508 36.92888198 
  7.137500e-01  10.56294508 36.92888198 
  7.150000e-01  10.56294508 36.92888198 
  7.162500e-01  10.56294508 36.92888198 
  7.175000e-01  10.56294508 36.92888198 
  7.187500e-01  10.56294508 36.92888198 
  7.200000e-01  10.56294508 36.92888197 
  7.212500e-01  10.56294508 36.92888197 
  7.225000e-01  10.56294508 36.92888197 
  7.237500e-01  10.56294508 36.92888197 
  7.250000e-01  10.56294508 36.92888197 
  7.262500e-01  10.56294508 36.92888197 
  7.275000e-01  10.56294508 36.92888197 
  7.287500e-01  10.56294508 36.92888197 
  7.300000e-01  10.56294508 36.92888197 
  7.312500e-01  10.56294508 36.92888197 
  7.325000e-01  10.56294508 36.92888196 
  7.337500e-01  10.56294508 36.92888196 
  7.350000e-01  10.56294508 36.92888196 
  7.362500e-01  10.56294508 36.92888196 
  7.375000e-01  10.56294508 36.92888196 
  7.387500e-01  10.56294508 36.92888196 
  7.400000e-01  10.56294508 36.92888196 
  7.412500e-01  10.56294508 36.92888196 
  7.425000e-01  10.56294508 36.92888195 
  7.437500e-01  10.56294508 36.92888195 
  7.450000e-01  10.56294508 36.92888195 
  7.462500e-01  10.56294508 36.92888195 
  7.475000e-01  10.56294508 36.92888195 
  7.487500e-01  10.56294508 36.92888195 
  7.500000e-01  10.56294508 36.92888195 
  7.512500e-01  10.56294508 36.92888195 
  7.525000e-01  10.56294508 36.92888195 
  7.537500e-01  10.56294508 36.92888194 
  7.550000e-01  10.56294508 36.92888194 
  7.562500e-01  10.56294508 36.92888194 
  7.575000e-01  10.56294508 36.92888194 
  7.587500e-01  10.56294508 36.92888194 
  7.600000e-01  10.56294508 36.92888194 
  7.612500e-01  10.56294508 36.92888194 
  7.625000e-01  10.56294508 36.92888194 
  7.637500e-01  10.56294508 36.92888194 
  7.650000e-01  10.56294508 36.92888194 
  7.662500e-01  10.56294508 36.92888194 
  7.675000e-01  10.56294508 36.92888193 
  7.687500e-01  10.56294508 36.92888193 
  7.700000e-01  10.56294508 36.92888193 
  7.712500e-01  10.56294508 36.92888193 
  7.725000e-01  10.56294508 36.92888193 
  7.737500e-01  10.56294508 36.92888193 
  7.750000e-01  10.56294508 36.92888193 
  7.762500e-01  10.56294508 36.92888193 
  7.775000e-01  10.56294508 36.92888193 
  7.787500e-01  10.56294508 36.92888193 
  7.800000e-01  10.56294508 36.92888193 
  7.812500e-01  10.56294508 36.92888193 
  7.825000e-01  10.56294508 36.92888193 
  7.837500e-01  10.56294508 36.92888192 
  7.850000e-01  10.56294508 36.92888192 
  7.862500e-01  10.56294508 36.92888192 
  7.875000e-01  10.56294508 36.92888192 
  7.887500e-01  10.56294508 36.92888192 
  7.900000e-01  10.56294508 36.92888192 
  7.912500e-01  10.56294508 36.92888192 
  7.925000e-01  10.56294508 36.92888192 
  7.937500e-01  10.56294508 36.92888192 
  7.950000e-01  10.56294508 36.92888192 
  7.962500e-01  10.56294508 36.92888192 
  7.975000e-01  10.56294508 36.92888192 
  7.987500e-01  10.56294508 36.92888192 
  8.000000e-01  10.56294508 36.92888192 
  8.012500e-01  10.56294508 36.92888192 
  8.025000e-01  10.56294508 36.92888192 
  8.037500e-01  10.56294508 36.92888192 
  8.050000e-01  10.56294508 36.92888192 
  8.062500e-01  10.56294508 36.92888192 
  8.075000e-01  10.56294508 36.92888191 
  8.087500e-01  10.56294508 36.92888191 
  8.100000e-01  10.56294508 36.92888191 
  8.112500e-01  10.56294508 36.92888191 
  8.125000e-01  10.56294508 36.92888191 
  8.137500e-01  10.56294508 36.92888191 
  8.150000e-01  10.56294508 36.92888191 
  8.162500e-01  10.56294508 36.92888191 
  8.175000e-01  10.56294508 36.92888191 
  8.187500e-01  10.56294508 36.92888191 
  8.200000e-01  10.56294508 36.92888191 
  8.212500e-01  10.56294508 36.92888191 
  8.225000e-01  10.56294508 36.92888191 
  8.237500e-01  10.56294508 36.92888191 
  8.250000e-01  10.56294508 36.92888191 
  8.262500e-01  10.56294508 36.92888191 
  8.275000e-01  10.56294508 36.92888191 
  8.287500e-01  10.56294508 36.92888191 
  8.300000e-01  10.56294508 36.92888191 
  8.312500e-01  10.56294508 36.92888191 
  8.325000e-01  10.56294508 36.92888191 
  8.337500e-01  10.56294508 36.92888191 
  8.350000e-01  10.56294508 36.92888191 
  8.362500e-01  10.56294508 36.92888191 
  8.375000e-01  10.56294508 36.92888191 
  8.387500e-01  10.56294508 36.92888191 
  8.400000e-01  10.56294508 36.92888191 
  8.412500e-01  10.56294508 36.92888190 
  8.425000e-01  10.56294508 36.92888190 
  8.437500e-01  10.56294508 36.92888190 
  8.450000e-01  10.56294508 36.92888190 
  8.462500e-01  10.56294508 36.92888190 
  8.475000e-01  10.56294508 36.92888190 
  8.487500e-01  10.56294508 36.92888190 
  8.500000e-01  10.56294508 36.92888190 
  8.512500e-01  10.56294508 36.92888190 
  8.525000e-01  10.56294508 36.92888190 
  8.537500e-01  10.56294508 36.92888191 
  8.550000e-01  10.56294508 36.92888191 
  8.562500e-01  10.56294508 36.92888191 
  8.575000e-01  10.56294508 36.92888191 
  8.587500e-01  10.56294508 36.92888191 
  8.600000e-01  10.56294508 36.92888191 
  8.612500e-01  10.56294508 36.92888191 
  8.625000e-01  10.56294508 36.92888191 
  8.637500e-01  10.56294508 36.92888191 
  8.650000e-01  10.56294508 36.92888191 
  8.662500e-01  10.56294508 36.92888191 
  8.675000e-01  10.56294508 36.92888191 
  8.687500e-01  10.56294508 36.92888191 
  8.700000e-01  10.56294508 36.92888191 
  8.712500e-01  10.56294508 36.92888191 
  8.725000e-01  10.56294508 36.92888191 
  8.737500e-01  10.56294508 36.92888191 
  8.750000e-01  10.56294508 36.92888191 
  8.762500e-01  10.56294508 36.92888191 
  8.775000e-01  10.56294508 36.92888192 
  8.787500e-01  10.56294508 36.92888192 
  8.800000e-01  10.56294508 36.92888192 
  8.812500e-01  10.56294508 36.92888192 
  8.825000e-01  10.56294508 36.92888192 
  8.837500e-01  10.56294508 36.92888192 
  8.850000e-01  10.56294508 36.92888192 
  8.862500e-01  10.56294508 36.92888192 
  8.875000e-01  10.56294508 36.92888192 
  8.887500e-01  10.56294508 36.92888193 
  8.900000e-01  10.56294508 36.92888193 
  8.912500e-01  10.56294508 36.92888193 
  8.925000e-01  10.56294508 36.92888193 
  8.937500e-01  10.56294508 36.92888193 
  8.950000e-01  10.56294508 36.92888193 
  8.962500e-01  10.56294508 36.92888194 
  8.975000e-01  10.56294508 36.92888194 
  8.987500e-01  10.56294508 36.92888194 
  9.000000e-01  10.56294508 36.92888194 
  9.012500e-01  10.56294508 36.92888194 
  9.025000e-01  10.56294508 36.92888194 
  9.037500e-01  10.56294508 36.92888195 
  9.050000e-01  10.56294508 36.92888195 
  9.062500e-01  10.56294508 36.92888195 
  9.075000e-01  10.56294508 36.92888195 
  9.087500e-01  10.56294508 36.92888195 
  9.100000e-01  10.56294508 36.92888195 
  9.112500e-01  10.56294508 36.92888196 
  9.125000e-01  10.56294508 36.92888196 
  9.137500e-01  10.56294508 36.92888196 
  9.150000e-01  10.56294508 36.92888196 
  9.162500e-01  10.56294508 36.92888197 
  9.175000e-01  10.56294508 36.92888197 
  9.187500e-01  10.56294508 36.92888197 
  9.200000e-01  10.56294508 36.92888197 
  9.212500e-01  10.56294508 36.92888197 
  9.225000e-01  10.56294508 36.92888198 
  9.237500e-01  10.56294508 36.92888198 
  9.250000e-01  10.56294508 36.92888198 
  9.262500e-01  10.56294508 36.92888198 
  9.275000e-01  10.56294508 36.92888199 
  9.287500e-01  10.56294508 36.92888199 
  9.300000e-01  10.56294508 36.92888199 
  9.312500e-01  10.56294508 36.92888199 
  9.325000e-01  10.56294508 36.92888199 
  9.337500e-01  10.56294508 36.92888200 
  9.350000e-01  10.56294508 36.92888200 
  9.362500e-01  10.56294508 36.92888200 
  9.375000e-01  10.56294508 36.92888200 
  9.387500e-01  10.56294508 36.92888201 
  9.400000e-01  10.56294508 36.92888201 
  9.412500e-01  10.56294508 36.92888201 
  9.425000e-01  10.56294508 36.92888201 
  9.437500e-01  10.56294508 36.92888202 
  9.450000e-01  10.56294508 36.92888202 
  9.462500e-01  10.56294508 36.92888202 
  9.475000e-01  10.56294508 36.92888202 
  9.487500e-01  10.56294508 36.92888203 
  9.500000e-01  10.56294508 36.92888203 
  9.512500e-01  10.56294508 36.92888203 
  9.525000e-01  10.56294508 36.92888203 
  9.537500e-01  10.56294508 36.92888204 
  9.550000e-01  10.56294508 36.92888204 
  9.562500e-01  10.56294508 36.92888204 
  9.575000e-01  10.56294508 36.92888204 
  9.587500e-01  10.56294508 36.92888205 
  9.600000e-01  10.56294508 36.92888205 
  9.612500e-01  10.56294508 36.92888205 
  9.625000e-01  10.56294508 36.92888205 
  9.637500e-01  10.56294508 36.92888206 
  9.650000e-01  10.56294508 36.92888206 
  9.662500e-01  10.56294508 36.92888206 
  9.675000e-01  10.56294508 36.92888206 
  9.687500e-01  10.56294508 36.92888207 
  9.700000e-01  10.56294508 36.92888207 
  9.712500e-01  10.56294508 36.92888207 
  9.725000e-01  10.56294508 36.92888207 
  9.737500e-01  10.56294508 36.92888207 
  9.750000e-01  10.56294508 36.92888208 
  9.762500e-01  10.56294508 36.92888208 
  9.775000e-01  10.56294508 36.92888208 
  9.787500e-01  10.56294508 36.92888208 
  9.800000e-01  10.56294508 36.92888209 
  9.812500e-01  10.56294508 36.92888209 
  9.825000e-01  10.56294508 36.92888209 
  9.837500e-01  10.56294508 36.92888209 
  9.850000e-01  10.56294508 36.92888210 
  9.862500e-01  10.56294508 36.92888210 
  9.875000e-01  10.56294508 36.92888210 
  9.887500e-01  10.56294508 36.92888210 
  9.900000e-01  10.56294508 36.92888210 
  9.912500e-01  10.56294508 36.92888211 
  9.925000e-01  10.56294508 36.92888211 
  9.937500e-01  10.56294508 36.92888211 
  9.950000e-01  10.56294508 36.92888211 
  9.962500e-01  10.56294508 36.92888212 
  9.975000e-01  10.56294508 36.92888212 
  9.987500e-01  10.56294508 36.92888212 
  1.000000e+00  10.56294508 36.92888212 
  1.001250e+00  10.56294508 36.92888212 
  1.002500e+00  10.56294508 36.92888213 
  1.003750e+00  10.56294508 36.92888213 
  1.005000e+00  10.56294508 36.92888213 
  1.006250e+00  10.56294508 36.92888213 
  1.007500e+00  10.56294508 36.92888214 
  1.008750e+00  10.56294508 36.92888214 
  1.010000e+00  10.56294508 36.92888214 
  1.011250e+00  10.56294508 36.92888214 
  1.012500e+00  10.56294508 36.92888214 
  1.013750e+00  10.56294508 36.92888215 
  1.015000e+00  10.56294508 36.92888215 
  1.016250e+00  10.56294508 36.92888215 
  1.017500e+00  10.56294508 36.92888215 
  1.018750e+00  10.56294508 36.92888215 
  1.020000e+00  10.56294508 36.92888216 
  1.021250e+00  10.56294508 36.92888216 
  1.022500e+00  10.56294508 36.92888216 
  1.023750e+00  10.56294508 36.92888216 
  1.025000e+00  10.56294508 36.92888216 
  1.026250e+00  10.56294508 36.92888217 
  1.027500e+00  10.56294508 36.92888217 
  1.028750e+00  10.56294508 36.92888217 
  1.030000e+00  10.56294508 36.92888217 
  1.031250e+00  10.56294508 36.92888218 
  1.032500e+00  10.56294508 36.92888218 
  1.033750e+00  10.56294508 36.92888218 
  1.035000e+00  10.56294508 36.92888218 
  1.036250e+00  10.56294508 36.92888218 
  1.037500e+00  10.56294508 36.92888219 
  1.038750e+00  10.56294508 36.92888219 
  1.040000e+00  10.56294508 36.92888219 
  1.041250e+00  10.56294508 36.92888219 
  1.042500e+00  10.56294508 36.92888219 
  1.043750e+00  10.56294508 36.92888220 
  1.045000e+00  10.56294508 36.92888220 
  1.046250e+00  10.56294508 36.92888220 
  1.047500e+00  10.56294508 36.92888220 
  1.048750e+00  10.56294508 36.92888220 
  1.050000e+00  10.56294508 36.92888221 
  1.051250e+00  10.56294508 36.92888221 
  1.052500e+00  10.56294508 36.92888221 
  1.053750e+00  10.56294508 36.92888221 
  1.055000e+00  10.56294508 36.92888221 
  1.056250e+00  10.56294508 36.92888222 
  1.057500e+00  10.56294508 36.92888222 
  1.058750e+00  10.56294508 36.92888222 
  1.060000e+00  10.56294508 36.92888222 
  1.061250e+00  10.56294508 36.92888222 
  1.062500e+00  10.56294508 36.92888223 
  1.063750e+00  10.56294508 36.92888223 
  1.065000e+00  10.56294508 36.92888223 
  1.066250e+00  10.56294508 36.92888223 
  1.067500e+00  10.56294508 36.92888223 
  1.068750e+00  10.56294508 36.92888224 
  1.070000e+00  10.56294508 36.92888224 
  1.071250e+00  10.56294508 36.92888224 
  1.072500e+00  10.56294508 36.92888224 
  1.073750e+00  10.56294508 36.92888224 
  1.075000e+00  10.56294508 36.92888225 
  1.076250e+00  10.56294508 36.92888225 
  1.077500e+00  10.56294508 36.92888225 
  1.078750e+00  10.56294508 36.92888225 
  1.080000e+00  10.56294508 36.92888225 
  1.081250e+00  10.56294508 36.92888226 
  1.082500e+00  10.56294508 36.92888226 
  1.083750e+00  10.56294508 36.92888226 
  1.085000e+00  10.56294508 36.92888226 
  1.086250e+00  10.56294508 36.92888226 
  1.087500e+00  10.56294508 36.92888227 
  1.088750e+00  10.56294508 36.92888227 
  1.090000e+00  10.56294508 36.92888227 
  1.091250e+00  10.56294508 36.92888227 
  1.092500e+00  10.56294508 36.92888227 
  1.093750e+00  10.56294508 36.92888228 
  1.095000e+00  10.56294508 36.92888228 
  1.096250e+00  10.56294508 36.92888228 
  1.097500e+00  10.56294508 36.92888228 
  1.098750e+00  10.56294508 36.92888228 
  1.100000e+00  10.56294508 36.92888229 
  1.101250e+00  10.56294508 36.92888229 
  1.102500e+00  10.56294508 36.92888229 
  1.103750e+00  10.56294508 36.92888229 
  1.105000e+00  10.56294508 36.92888230 
  1.106250e+00  10.56294508 36.92888230 
  1.107500e+00  10.56294508 36.92888230 
  1.108750e+00  10.56294508 36.92888230 
  1.110000e+00  10.56294508 36.92888230 
  1.111250e+00  10.56294508 36.92888231 
  1.112500e+00  10.56294508 36.92888231 
  1.113750e+00  10.56294508 36.92888231 
  1.115000e+00  10.56294508 36.92888231 
  1.116250e+00  10.56294508 36.92888231 
  1.117500e+00  10.56294508 36.92888232 
  1.118750e+00  10.56294508 36.92888232 
  1.120000e+00  10.56294508 36.92888232 
  1.121250e+00  10.56294508 36.92888232 
  1.122500e+00  10.56294508 36.92888232 
  1.123750e+00  10.56294508 36.92888233 
  1.125000e+00  10.56294508 36.92888233 
  1.126250e+00  10.56294508 36.92888233 
  1.127500e+00  10.56294508 36.92888233 
  1.128750e+00  10.56294508 36.92888233 
  1.130000e+00  10.56294508 36.92888234 
  1.131250e+00  10.56294508 36.92888234 
  1.132500e+00  10.56294508 36.92888234 
  1.133750e+00  10.56294508 36.92888234 
  1.135000e+00  10.56294508 36.92888234 
  1.136250e+00  10.56294508 36.92888235 
  1.137500e+00  10.56294508 36.92888235 
  1.138750e+00  10.56294508 36.92888235 
  1.140000e+00  10.56294508 36.92888235 
  1.141250e+00  10.56294508 36.92888235 
  1.142500e+00  10.56294508 36.92888236 
  1.143750e+00  10.56294508 36.92888236 
  1.145000e+00  10.56294508 36.92888236 
  1.146250e+00  10.56294508 36.92888236 
  1.147500e+00  10.56294508 36.92888236 
  1.148750e+00  10.56294508 36.92888237 
  1.150000e+00  10.56294508 36.92888237 
  1.151250e+00  10.56294508 36.92888237 
  1.152500e+00  10.56294508 36.92888237 
  1.153750e+00  10.56294508 36.92888237 
  1.155000e+00  10.56294508 36.92888237 
  1.156250e+00  10.56294508 36.92888238 
  1.157500e+00  10.56294508 36.92888238 
  1.158750e+00  10.56294508 36.92888238 
  1.160000e+00  10.56294508 36.92888238 
  1.161250e+00  10.56294508 36.92888238 
  1.162500e+00  10.56294508 36.92888239 
  1.163750e+00  10.56294508 36.92888239 
  1.165000e+00  10.56294508 36.92888239 
  1.166250e+00  10.56294508 36.92888239 
  1.167500e+00  10.56294508 36.92888239 
  1.168750e+00  10.56294508 36.92888240 
  1.170000e+00  10.56294508 36.92888240 
  1.171250e+00  10.56294508 36.92888240 
  1.172500e+00  10.56294508 36.92888240 
  1.173750e+00  10.56294508 36.92888240 
  1.175000e+00  10.56294508 36.92888240 
  1.176250e+00  10.56294508 36.92888241 
  1.177500e+00  10.56294508 36.92888241 
  1.178750e+00  10.56294508 36.92888241 
  1.180000e+00  10.56294508 36.92888241 
  1.181250e+00  10.56294508 36.92888241 
  1.182500e+00  10.56294508 36.92888241 
  1.183750e+00  10.56294508 36.92888242 
  1.185000e+00  10.56294508 36.92888242 
  1.186250e+00  10.56294508 36.92888242 
  1.187500e+00  10.56294508 36.92888242 
  1.188750e+00  10.56294508 36.92888242 
  1.190000e+00  10.56294508 36.92888243 
  1.191250e+00  10.56294508 36.92888243 
  1.192500e+00  10.56294508 36.92888243 
  1.193750e+00  10.56294508 36.92888243 
  1.195000e+00  10.56294508 36.92888243 
  1.196250e+00  10.56294508 36.92888243 
  1.197500e+00  10.56294508 36.92888244 
  1.198750e+00  10.56294508 36.92888244 
  1.200000e+00  10.56294508 36.92888244 
  1.201250e+00  10.56294508 36.92888244 
  1.202500e+00  10.56294508 36.92888244 
  1.203750e+00  10.56294508 36.92888244 
  1.205000e+00  10.56294508 36.92888244 
  1.206250e+00  10.56294508 36.92888245 
  1.207500e+00  10.56294508 36.92888245 
  1.208750e+00  10.56294508 36.92888245 
  1.210000e+00  10.56294508 36.92888245 
  1.211250e+00  10.56294508 36.92888245 
  1.212500e+00  10.56294508 36.92888245 
  1.213750e+00  10.56294508 36.92888246 
  1.215000e+00  10.56294508 36.92888246 
  1.216250e+00  10.56294508 36.92888246 
  1.217500e+00  10.56294508 36.92888246 
  1.218750e+00  10.56294508 36.92888246 
  1.220000e+00  10.56294508 36.92888246 
  1.221250e+00  10.56294508 36.92888246 
  1.222500e+00  10.56294508 36.92888247 
  1.223750e+00  10.56294508 36.92888247 
  1.225000e+00  10.56294508 36.92888247 
  1.226250e+00  10.56294508 36.92888247 
  1.227500e+00  10.56294508 36.92888247 
  1.228750e+00  10.56294508 36.92888247 
  1.230000e+00  10.56294508 36.92888247 
  1.231250e+00  10.56294508 36.92888248 
  1.232500e+00  10.56294508 36.92888248 
  1.233750e+00  10.56294508 36.92888248 
  1.235000e+00  10.56294508 36.92888248 
  1.236250e+00  10.56294508 36.92888248 
  1.237500e+00  10.56294508 36.92888248 
  1.238750e+00  10.56294508 36.92888248 
  1.240000e+00  10.56294508 36.92888249 
  1.241250e+00  10.56294508 36.92888249 
  1.242500e+00  10.56294508 36.92888249 
  1.243750e+00  10.56294508 36.92888249 
  1.245000e+00  10.56294508 36.92888249 
  1.246250e+00  10.56294508 36.92888249 
  1.247500e+00  10.56294508 36.92888249 
  1.248750e+00  10.56294508 36.92888249 
  1.250000e+00  10.56294508 36.92888250 
  1.251250e+00  10.56294508 36.92888250 
  1.252500e+00  10.56294508 36.92888250 
  1.253750e+00  10.56294508 36.92888250 
  1.255000e+00  10.56294508 36.92888250 
  1.256250e+00  10.56294508 36.92888250 
  1.257500e+00  10.56294508 36.92888250 
  1.258750e+00  10.56294508 36.92888251 
  1.260000e+00  10.56294508 36.92888251 
  1.261250e+00  10.56294508 36.92888251 
  1.262500e+00  10.56294508 36.92888251 
  1.263750e+00  10.56294508 36.92888251 
  1.265000e+00  10.56294508 36.92888251 
  1.266250e+00  10.56294508 36.92888251 
  1.267500e+00  10.56294508 36.92888251 
  1.268750e+00  10.56294508 36.92888251 
  1.270000e+00  10.56294508 36.92888252 
  1.271250e+00  10.56294508 36.92888252 
  1.272500e+00  10.56294508 36.92888252 
  1.273750e+00  10.56294508 36.92888252 
  1.275000e+00  10.56294508 36.92888252 
  1.276250e+00  10.56294508 36.92888252 
  1.277500e+00  10.56294508 36.92888252 
  1.278750e+00  10.56294508 36.92888252 
  1.280000e+00  10.56294508 36.92888253 
  1.281250e+00  10.56294508 36.92888253 
  1.282500e+00  10.56294508 36.92888253 
  1.283750e+00  10.56294508 36.92888253 
  1.285000e+00  10.56294508 36.92888253 
  1.286250e+00  10.56294508 36.92888253 
  1.287500e+00  10.56294508 36.92888253 
  1.288750e+00  10.56294508 36.92888253 
  1.290000e+00  10.56294508 36.92888253 
  1.291250e+00  10.56294508 36.92888254 
  1.292500e+00  10.56294508 36.92888254 
  1.293750e+00  10.56294508 36.92888254 
  1.295000e+00  10.56294508 36.92888254 
  1.296250e+00  10.56294508 36.92888254 
  1.297500e+00  10.56294508 36.92888254 
  1.298750e+00  10.56294508 36.92888254 
  1.300000e+00  10.56294508 36.92888254 
  1.301250e+00  10.56294508 36.92888254 
  1.302500e+00  10.56294508 36.92888254 
  1.303750e+00  10.56294508 36.92888255 
  1.305000e+00  10.56294508 36.92888255 
  1.306250e+00  10.56294508 36.92888255 
  1.307500e+00  10.56294508 36.92888255 
  1.308750e+00  10.56294508 36.92888255 
  1.310000e+00  10.56294508 36.92888255 
  1.311250e+00  10.56294508 36.92888255 
  1.312500e+00  10.56294508 36.92888255 
  1.313750e+00  10.56294508 36.92888255 
  1.315000e+00  10.56294508 36.92888255 
  1.316250e+00  10.56294508 36.92888256 
  1.317500e+00  10.56294508 36.92888256 
  1.318750e+00  10.56294508 36.92888256 
  1.320000e+00  10.56294508 36.92888256 
  1.321250e+00  10.56294508 36.92888256 
  1.322500e+00  10.56294508 36.92888256 
  1.323750e+00  10.56294508 36.92888256 
  1.325000e+00  10.56294508 36.92888256 
  1.326250e+00  10.56294508 36.92888256 
  1.327500e+00  10.56294508 36.92888256 
  1.328750e+00  10.56294508 36.92888256 
  1.330000e+00  10.56294508 36.92888257 
  1.331250e+00  10.56294508 36.92888257 
  1.332500e+00  10.56294508 36.92888257 
  1.333750e+00  10.56294508 36.92888257 
  1.335000e+00  10.56294508 36.92888257 
  1.336250e+00  10.56294508 36.92888257 
  1.337500e+00  10.56294508 36.92888257 
  1.338750e+00  10.56294508 36.92888257 
  1.340000e+00  10.56294508 36.92888257 
  1.341250e+00  10.56294508 36.92888257 
  1.342500e+00  10.56294508 36.92888257 
  1.343750e+00  10.56294508 36.92888258 
  1.345000e+00  10.56294508 36.92888258 
  1.346250e+00  10.56294508 36.92888258 
  1.347500e+00  10.56294508 36.92888258 
  1.348750e+00  10.56294508 36.92888258 
  1.350000e+00  10.56294508 36.92888258 
  1.351250e+00  10.56294508 36.92888258 
  1.352500e+00  10.56294508 36.92888258 
  1.353750e+00  10.56294508 36.92888258 
  1.355000e+00  10.56294508 36.92888258 
  1.356250e+00  10.56294508 36.92888258 
  1.357500e+00  10.56294508 36.92888259 
  1.358750e+00  10.56294508 36.92888259 
  1.360000e+00  10.56294508 36.92888259 
  1.361250e+00  10.56294508 36.92888259 
  1.362500e+00  10.56294508 36.92888259 
  1.363750e+00  10.56294508 36.92888259 
  1.365000e+00  10.56294508 36.92888259 
  1.366250e+00  10.56294508 36.92888259 
  1.367500e+00  10.56294508 36.92888259 
  1.368750e+00  10.56294508 36.92888259 
  1.370000e+00  10.56294508 36.92888259 
  1.371250e+00  10.56294508 36.92888259 
  1.372500e+00  10.56294508 36.92888259 
  1.373750e+00  10.56294508 36.92888260 
  1.375000e+00  10.56294508 36.92888260 
  1.376250e+00  10.56294508 36.92888260 
  1.377500e+00  10.56294508 36.92888260 
  1.378750e+00  10.56294508 36.92888260 
  1.380000e+00  10.56294508 36.92888260 
  1.381250e+00  10.56294508 36.92888260 
  1.382500e+00  10.56294508 36.92888260 
  1.383750e+00  10.56294508 36.92888260 
  1.385000e+00  10.56294508 36.92888260 
  1.386250e+00  10.56294508 36.92888260 
  1.387500e+00  10.56294508 36.92888260 
  1.388750e+00  10.56294508 36.92888260 
  1.390000e+00  10.56294508 36.92888261 
  1.391250e+00  10.56294508 36.92888261 
  1.392500e+00  10.56294508 36.92888261 
  1.393750e+00  10.56294508 36.92888261 
  1.395000e+00  10.56294508 36.92888261 
  1.396250e+00  10.56294508 36.92888261 
  1.397500e+00  10.56294508 36.92888261 
  1.398750e+00  10.56294508 36.92888261 
  1.400000e+00  10.56294508 36.92888261 
  1.401250e+00  10.56294508 36.92888261 
  1.402500e+00  10.56294508 36.92888261 
  1.403750e+00  10.56294508 36.92888261 
  1.405000e+00  10.56294508 36.92888261 
  1.406250e+00  10.56294508 36.92888262 
  1.407500e+00  10.56294508 36.92888262 
  1.408750e+00  10.56294508 36.92888262 
  1.410000e+00  10.56294508 36.92888262 
  1.411250e+00  10.56294508 36.92888262 
  1.412500e+00  10.56294508 36.92888262 
  1.413750e+00  10.56294508 36.92888262 
  1.415000e+00  10.56294508 36.92888262 
  1.416250e+00  10.56294508 36.92888262 
  1.417500e+00  10.56294508 36.92888262 
  1.418750e+00  10.56294508 36.92888262 
  1.420000e+00  10.56294508 36.92888262 
  1.421250e+00  10.56294508 36.92888262 
  1.422500e+00  10.56294508 36.92888262 
  1.423750e+00  10.56294508 36.92888262 
  1.425000e+00  10.56294508 36.92888263 
  1.426250e+00  10.56294508 36.92888263 
  1.427500e+00  10.56294508 36.92888263 
  1.428750e+00  10.56294508 36.92888263 
  1.430000e+00  10.56294508 36.92888263 
  1.431250e+00  10.56294508 36.92888263 
  1.432500e+00  10.56294508 36.92888263 
  1.433750e+00  10.56294508 36.92888263 
  1.435000e+00  10.56294508 36.92888263 
  1.436250e+00  10.56294508 36.92888263 
  1.437500e+00  10.56294508 36.92888263 
  1.438750e+00  10.56294508 36.92888263 
  1.440000e+00  10.56294508 36.92888263 
  1.441250e+00  10.56294508 36.92888263 
  1.442500e+00  10.56294508 36.92888263 
  1.443750e+00  10.56294508 36.92888263 
  1.445000e+00  10.56294508 36.92888264 
  1.446250e+00  10.56294508 36.92888264 
  1.447500e+00  10.56294508 36.92888264 
  1.448750e+00  10.56294508 36.92888264 
  1.450000e+00  10.56294508 36.92888264 
  1.451250e+00  10.56294508 36.92888264 
  1.452500e+00  10.56294508 36.92888264 
  1.453750e+00  10.56294508 36.92888264 
  1.455000e+00  10.56294508 36.92888264 
  1.456250e+00  10.56294508 36.92888264 
  1.457500e+00  10.56294508 36.92888264 
  1.458750e+00  10.56294508 36.92888264 
  1.460000e+00  10.56294508 36.92888264 
  1.461250e+00  10.56294508 36.92888264 
  1.462500e+00  10.56294508 36.92888264 
  1.463750e+00  10.56294508 36.92888264 
  1.465000e+00  10.56294508 36.92888264 
  1.466250e+00  10.56294508 36.92888265 
  1.467500e+00  10.56294508 36.92888265 
  1.468750e+00  10.56294508 36.92888265 
  1.470000e+00  10.56294508 36.92888265 
  1.471250e+00  10.56294508 36.92888265 
  1.472500e+00  10.56294508 36.92888265 
  1.473750e+00  10.56294508 36.92888265 
  1.475000e+00  10.56294508 36.92888265 
  1.476250e+00  10.56294508 36.92888265 
  1.477500e+00  10.56294508 36.92888265 
  1.478750e+00  10.56294508 36.92888265 
  1.480000e+00  10.56294508 36.92888265 
  1.481250e+00  10.56294508 36.92888265 
  1.482500e+00  10.56294508 36.92888265 
  1.483750e+00  10.56294508 36.92888265 
  1.485000e+00  10.56294508 36.92888265 
  1.486250e+00  10.56294508 36.92888265 
  1.487500e+00  10.56294508 36.92888265 
  1.488750e+00  10.56294508 36.92888265 
  1.490000e+00  10.56294508 36.92888266 
  1.491250e+00  10.56294508 36.92888266 
  1.492500e+00  10.56294508 36.92888266 
  1.493750e+00  10.56294508 36.92888266 
  1.495000e+00  10.56294508 36.92888266 
  1.496250e+00  10.56294508 36.92888266 
  1.497500e+00  10.56294508 36.92888266 
  1.498750e+00  10.56294508 36.92888266 
  1.500000e+00  10.56294508 36.92888266 
  1.501250e+00  10.56294508 36.92888266 
  1.502500e+00  10.56294508 36.92888266 
  1.503750e+00  10.56294508 36.92888266 
  1.505000e+00  10.56294508 36.92888266 
  1.506250e+00  10.56294508 36.92888266 
  1.507500e+00  10.56294508 36.92888266 
  1.508750e+00  10.56294508 36.92888266 
  1.510000e+00  10.56294508 36.92888266 
  1.511250e+00  10.56294508 36.92888266 
  1.512500e+00  10.56294508 36.92888266 
  1.513750e+00  10.56294508 36.92888266 
  1.515000e+00  10.56294508 36.92888266 
  1.516250e+00  10.56294508 36.92888266 
  1.517500e+00  10.56294508 36.92888267 
  1.518750e+00  10.56294508 36.92888267 
  1.520000e+00  10.56294508 36.92888267 
  1.521250e+00  10.56294508 36.92888267 
  1.522500e+00  10.56294508 36.92888267 
  1.523750e+00  10.56294508 36.92888267 
  1.525000e+00  10.56294508 36.92888267 
  1.526250e+00  10.56294508 36.92888267 
  1.527500e+00  10.56294508 36.92888267 
  1.528750e+00  10.56294508 36.92888267 
  1.530000e+00  10.56294508 36.92888267 
  1.531250e+00  10.56294508 36.92888267 
  1.532500e+00  10.56294508 36.92888267 
  1.533750e+00  10.56294508 36.92888267 
  1.535000e+00  10.56294508 36.92888267 
  1.536250e+00  10.56294508 36.92888267 
  1.537500e+00  10.56294508 36.92888267 
  1.538750e+00  10.56294508 36.92888267 
  1.540000e+00  10.56294508 36.92888267 
  1.541250e+00  10.56294508 36.92888267 
  1.542500e+00  10.56294508 36.92888267 
  1.543750e+00  10.56294508 36.92888267 
  1.545000e+00  10.56294508 36.92888267 
  1.546250e+00  10.56294508 36.92888267 
  1.547500e+00  10.56294508 36.92888267 
  1.548750e+00  10.56294508 36.92888267 
  1.550000e+00  10.56294508 36.92888268 
  1.551250e+00  10.56294508 36.92888268 
  1.552500e+00  10.56294508 36.92888268 
  1.553750e+00  10.56294508 36.92888268 
  1.555000e+00  10.56294508 36.92888268 
  1.556250e+00  10.56294508 36.92888268 
  1.557500e+00  10.56294508 36.92888268 
  1.558750e+00  10.56294508 36.92888268 
  1.560000e+00  10.56294508 36.92888268 
  1.561250e+00  10.56294508 36.92888268 
  1.562500e+00  10.56294508 36.92888268 
  1.563750e+00  10.56294508 36.92888268 
  1.565000e+00  10.56294508 36.92888268 
  1.566250e+00  10.56294508 36.92888268 
  1.567500e+00  10.56294508 36.92888268 
  1.568750e+00  10.56294508 36.92888268 
  1.570000e+00  10.56294508 36.92888268 
  1.571250e+00  10.56294508 36.92888268 
  1.572500e+00  10.56294508 36.92888268 
  1.573750e+00  10.56294508 36.92888268 
  1.575000e+00  10.56294508 36.92888268 
  1.576250e+00  10.56294508 36.92888268 
  1.577500e+00  10.56294508 36.92888268 
  1.578750e+00  10.56294508 36.92888268 
  1.580000e+00  10.56294508 36.92888268 
  1.581250e+00  10.56294508 36.92888268 
  1.582500e+00  10.56294508 36.92888268 
  1.583750e+00  10.56294508 36.92888268 
  1.585000e+00  10.56294508 36.92888268 
  1.586250e+00  10.56294508 36.92888268 
  1.587500e+00  10.56294508 36.92888268 
  1.588750e+00  10.56294508 36.92888268 
  1.590000e+00  10.56294508 36.92888268 
  1.591250e+00  10.56294508 36.92888269 
  1.592500e+00  10.56294508 36.92888269 
  1.593750e+00  10.56294508 36.92888269 
  1.595000e+00  10.56294508 36.92888269 
  1.596250e+00  10.56294508 36.92888269 
  1.597500e+00  10.56294508 36.92888269 
  1.598750e+00  10.56294508 36.92888269 
  1.600000e+00  10.56294508 36.92888269 
  1.601250e+00  10.56294508 36.92888269 
  1.602500e+00  10.56294508 36.92888269 
  1.603750e+00  10.56294508 36.92888269 
  1.605000e+00  10.56294508 36.92888269 
  1.606250e+00  10.56294508 36.92888269 
  1.607500e+00  10.56294508 36.92888269 
  1.608750e+00  10.56294508 36.92888269 
  1.610000e+00  10.56294508 36.92888269 
  1.611250e+00  10.56294508 36.92888269 
  1.612500e+00  10.56294508 36.92888269 
  1.613750e+00  10.56294508 36.92888269 
  1.615000e+00  10.56294508 36.92888269 
  1.616250e+00  10.56294508 36.92888269 
  1.617500e+00  10.56294508 36.92888269 
  1.618750e+00  10.56294508 36.92888269 
  1.620000e+00  10.56294508 36.92888269 
  1.621250e+00  10.56294508 36.92888269 
  1.622500e+00  10.56294508 36.92888269 
  1.623750e+00  10.56294508 36.92888269 
  1.625000e+00  10.56294508 36.92888269 
  1.626250e+00  10.56294508 36.92888269 
  1.627500e+00  10.56294508 36.92888269 
  1.628750e+00  10.56294508 36.92888269 
  1.630000e+00  10.56294508 36.92888269 
  1.631250e+00  10.56294508 36.92888269 
  1.632500e+00  10.56294508 36.92888269 
  1.633750e+00  10.56294508 36.92888269 
  1.635000e+00  10.56294508 36.92888269 
  1.636250e+00  10.56294508 36.92888269 
  1.637500e+00  10.56294508 36.92888269 
  1.638750e+00  10.56294508 36.92888269 
  1.640000e+00  10.56294508 36.92888269 
  1.641250e+00  10.56294508 36.92888269 
  1.642500e+00  10.56294508 36.92888269 
  1.643750e+00  10.56294508 36.92888269 
  1.645000e+00  10.56294508 36.92888269 
  1.646250e+00  10.56294508 36.92888269 
  1.647500e+00  10.56294508 36.92888269 
  1.648750e+00  10.56294508 36.92888269 
  1.650000e+00  10.56294508 36.92888270 
  1.651250e+00  10.56294508 36.92888270 
  1.652500e+00  10.56294508 36.92888270 
  1.653750e+00  10.56294508 36.92888270 
  1.655000e+00  10.56294508 36.92888270 
  1.656250e+00  10.56294508 36.92888270 
  1.657500e+00  10.56294508 36.92888270 
  1.658750e+00  10.56294508 36.92888270 
  1.660000e+00  10.56294508 36.92888270 
  1.661250e+00  10.56294508 36.92888270 
  1.662500e+00  10.56294508 36.92888270 
  1.663750e+00  10.56294508 36.92888270 
  1.665000e+00  10.56294508 36.92888270 
  1.666250e+00  10.56294508 36.92888270 
  1.667500e+00  10.56294508 36.92888270 
  1.668750e+00  10.56294508 36.92888270 
  1.670000e+00  10.56294508 36.92888270 
  1.671250e+00  10.56294508 36.92888270 
  1.672500e+00  10.56294508 36.92888270 
  1.673750e+00  10.56294508 36.92888270 
  1.675000e+00  10.56294508 36.92888270 
  1.676250e+00  10.56294508 36.92888270 
  1.677500e+00  10.56294508 36.92888270 
  1.678750e+00  10.56294508 36.92888270 
  1.680000e+00  10.56294508 36.92888270 
  1.681250e+00  10.56294508 36.92888270 
  1.682500e+00  10.56294508 36.92888270 
  1.683750e+00  10.56294508 36.92888270 
  1.685000e+00  10.56294508 36.92888270 
  1.686250e+00  10.56294508 36.92888270 
  1.687500e+00  10.56294508 36.92888270 
  1.688750e+00  10.56294508 36.92888270 
  1.690000e+00  10.56294508 36.92888270 
  1.691250e+00  10.56294508 36.92888270 
  1.692500e+00  10.56294508 36.92888270 
  1.693750e+00  10.56294508 36.92888270 
  1.695000e+00  10.56294508 36.92888270 
  1.696250e+00  10.56294508 36.92888270 
  1.697500e+00  10.56294508 36.92888270 
  1.698750e+00  10.56294508 36.92888270 
  1.700000e+00  10.56294508 36.92888270 
  1.701250e+00  10.56294508 36.92888270 
  1.702500e+00  10.56294508 36.92888270 
  1.703750e+00  10.56294508 36.92888270 
  1.705000e+00  10.56294508 36.92888270 
  1.706250e+00  10.56294508 36.92888270 
  1.707500e+00  10.56294508 36.92888270 
  1.708750e+00  10.56294508 36.92888270 
  1.710000e+00  10.56294508 36.92888270 
  1.711250e+00  10.56294508 36.92888270 
  1.712500e+00  10.56294508 36.92888270 
  1.713750e+00  10.56294508 36.92888270 
  1.715000e+00  10.56294508 36.92888270 
  1.716250e+00  10.56294508 36.92888270 
  1.717500e+00  10.56294508 36.92888270 
  1.718750e+00  10.56294508 36.92888270 
  1.720000e+00  10.56294508 36.92888270 
  1.721250e+00  10.56294508 36.92888270 
  1.722500e+00  10.56294508 36.92888270 
  1.723750e+00  10.56294508 36.92888270 
  1.725000e+00  10.56294508 36.92888270 
  1.726250e+00  10.56294508 36.92888270 
  1.727500e+00  10.56294508 36.92888270 
  1.728750e+00  10.56294508 36.92888270 
  1.730000e+00  10.56294508 36.92888270 
  1.731250e+00  10.56294508 36.92888270 
  1.732500e+00  10.56294508 36.92888270 
  1.733750e+00  10.56294508 36.92888270 
  1.735000e+00  10.56294508 36.92888270 
  1.736250e+00  10.56294508 36.92888270 
  1.737500e+00  10.56294508 36.92888270 
  1.738750e+00  10.56294508 36.92888270 
  1.740000e+00  10.56294508 36.92888270 
  1.741250e+00  10.56294508 36.92888270 
  1.742500e+00  10.56294508 36.92888270 
  1.743750e+00  10.56294508 36.92888270 
  1.745000e+00  10.56294508 36.92888270 
  1.746250e+00  10.56294508 36.92888270 
  1.747500e+00  10.56294508 36.92888270 
  1.748750e+00  10.56294508 36.92888270 
  1.750000e+00  10.56294508 36.92888270 
  1.751250e+00  10.56294508 36.92888270 
  1.752500e+00  10.56294508 36.92888270 
  1.753750e+00  10.56294508 36.92888270 
  1.755000e+00  10.56294508 36.92888270 
  1.756250e+00  10.56294508 36.92888270 
  1.757500e+00  10.56294508 36.92888270 
  1.758750e+00  10.56294508 36.92888270 
  1.760000e+00  10.56294508 36.92888270 
  1.761250e+00  10.56294508 36.92888270 
  1.762500e+00  10.56294508 36.92888270 
  1.763750e+00  10.56294508 36.92888270 
  1.765000e+00  10.56294508 36.92888270 
  1.766250e+00  10.56294508 36.92888270 
  1.767500e+00  10.56294508 36.92888270 
  1.768750e+00  10.56294508 36.92888270 
  1.770000e+00  10.56294508 36.92888270 
  1.771250e+00  10.56294508 36.92888270 
  1.772500e+00  10.56294508 36.92888270 
  1.773750e+00  10.56294508 36.92888270 
  1.775000e+00  10.56294508 36.92888270 
  1.776250e+00  10.56294508 36.92888270 
  1.777500e+00  10.56294508 36.92888270 
  1.778750e+00  10.56294508 36.92888270 
  1.780000e+00  10.56294508 36.92888270 
  1.781250e+00  10.56294508 36.92888270 
  1.782500e+00  10.56294508 36.92888270 
  1.783750e+00  10.56294508 36.92888270 
  1.785000e+00  10.56294508 36.92888270 
  1.786250e+00  10.56294508 36.92888270 
  1.787500e+00  10.56294508 36.92888270 
  1.788750e+00  10.56294508 36.92888270 
  1.790000e+00  10.56294508 36.92888270 
  1.791250e+00  10.56294508 36.92888270 
  1.792500e+00  10.56294508 36.92888270 
  1.793750e+00  10.56294508 36.92888270 
  1.795000e+00  10.56294508 36.92888270 
  1.796250e+00  10.56294508 36.92888270 
  1.797500e+00  10.56294508 36.92888271 
  1.798750e+00  10.56294508 36.92888271 
  1.800000e+00  10.56294508 36.92888271 
  1.801250e+00  10.56294508 36.92888271 
  1.802500e+00  10.56294508 36.92888271 
  1.803750e+00  10.56294508 36.92888271 
  1.805000e+00  10.56294508 36.92888271 
  1.806250e+00  10.56294508 36.92888271 
  1.807500e+00  10.56294508 36.92888271 
  1.808750e+00  10.56294508 36.92888271 
  1.810000e+00  10.56294508 36.92888271 
  1.811250e+00  10.56294508 36.92888271 
  1.812500e+00  10.56294508 36.92888271 
  1.813750e+00  10.56294508 36.92888271 
  1.815000e+00  10.56294508 36.92888271 
  1.816250e+00  10.56294508 36.92888271 
  1.817500e+00  10.56294508 36.92888271 
  1.818750e+00  10.56294508 36.92888271 
  1.820000e+00  10.56294508 36.92888271 
  1.821250e+00  10.56294508 36.92888271 
  1.822500e+00  10.56294508 36.92888271 
  1.823750e+00  10.56294508 36.92888271 
  1.825000e+00  10.56294508 36.92888271 
  1.826250e+00  10.56294508 36.92888271 
  1.827500e+00  10.56294508 36.92888271 
  1.828750e+00  10.56294508 36.92888271 
  1.830000e+00  10.56294508 36.92888271 
  1.831250e+00  10.56294508 36.92888271 
  1.832500e+00  10.56294508 36.92888271 
  1.833750e+00  10.56294508 36.92888271 
  1.835000e+00  10.56294508 36.92888271 
  1.836250e+00  10.56294508 36.92888271 
  1.837500e+00  10.56294508 36.92888271 
  1.838750e+00  10.56294508 36.92888271 
  1.840000e+00  10.56294508 36.92888271 
  1.841250e+00  10.56294508 36.92888271 
  1.842500e+00  10.56294508 36.92888271 
  1.843750e+00  10.56294508 36.92888271 
  1.845000e+00  10.56294508 36.92888271 
  1.846250e+00  10.56294508 36.92888271 
  1.847500e+00  10.56294508 36.92888271 
  1.848750e+00  10.56294508 36.92888271 
  1.850000e+00  10.56294508 36.92888271 
  1.851250e+00  10.56294508 36.92888271 
  1.852500e+00  10.56294508 36.92888271 
  1.853750e+00  10.56294508 36.92888271 
  1.855000e+00  10.56294508 36.92888271 
  1.856250e+00  10.56294508 36.92888271 
  1.857500e+00  10.56294508 36.92888271 
  1.858750e+00  10.56294508 36.92888271 
  1.860000e+00  10.56294508 36.92888271 
  1.861250e+00  10.56294508 36.92888271 
  1.862500e+00  10.56294508 36.92888271 
  1.863750e+00  10.56294508 36.92888271 
  1.865000e+00  10.56294508 36.92888271 
  1.866250e+00  10.56294508 36.92888271 
  1.867500e+00  10.56294508 36.92888271 
  1.868750e+00  10.56294508 36.92888271 
  1.870000e+00  10.56294508 36.92888271 
  1.871250e+00  10.56294508 36.92888271 
  1.872500e+00  10.56294508 36.92888271 
  1.873750e+00  10.56294508 36.92888271 
  1.875000e+00  10.56294508 36.92888271 
  1.876250e+00  10.56294508 36.92888271 
  1.877500e+00  10.56294508 36.92888271 
  1.878750e+00  10.56294508 36.92888271 
  1.880000e+00  10.56294508 36.92888271 
  1.881250e+00  10.56294508 36.92888271 
  1.882500e+00  10.56294508 36.92888271 
  1.883750e+00  10.56294508 36.92888271 
  1.885000e+00  10.56294508 36.92888271 
  1.886250e+00  10.56294508 36.92888271 
  1.887500e+00  10.56294508 36.92888271 
  1.888750e+00  10.56294508 36.92888271 
  1.890000e+00  10.56294508 36.92888271 
  1.891250e+00  10.56294508 36.92888271 
  1.892500e+00  10.56294508 36.92888271 
  1.893750e+00  10.56294508 36.92888271 
  1.895000e+00  10.56294508 36.92888271 
  1.896250e+00  10.56294508 36.92888271 
  1.897500e+00  10.56294508 36.92888271 
  1.898750e+00  10.56294508 36.92888271 
  1.900000e+00  10.56294508 36.92888271 
  1.901250e+00  10.56294508 36.92888271 
  1.902500e+00  10.56294508 36.92888271 
  1.903750e+00  10.56294508 36.92888271 
  1.905000e+00  10.56294508 36.92888271 
  1.906250e+00  10.56294508 36.92888271 
  1.907500e+00  10.56294508 36.92888271 
  1.908750e+00  10.56294508 36.92888271 
  1.910000e+00  10.56294508 36.92888271 
  1.911250e+00  10.56294508 36.92888271 
  1.912500e+00  10.56294508 36.92888271 
  1.913750e+00  10.56294508 36.92888271 
  1.915000e+00  10.56294508 36.92888271 
  1.916250e+00  10.56294508 36.92888271 
  1.917500e+00  10.56294508 36.92888271 
  1.918750e+00  10.56294508 36.92888271 
  1.920000e+00  10.56294508 36.92888271 
  1.921250e+00  10.56294508 36.92888271 
  1.922500e+00  10.56294508 36.92888271 
  1.923750e+00  10.56294508 36.92888271 
  1.925000e+00  10.56294508 36.92888271 
  1.926250e+00  10.56294508 36.92888271 
  1.927500e+00  10.56294508 36.92888271 
  1.928750e+00  10.56294508 36.92888271 
  1.930000e+00  10.56294508 36.92888271 
  1.931250e+00  10.56294508 36.92888271 
  1.932500e+00  10.56294508 36.92888271 
  1.933750e+00  10.56294508 36.92888271 
  1.935000e+00  10.56294508 36.92888271 
  1.936250e+00  10.56294508 36.92888271 
  1.937500e+00  10.56294508 36.92888271 
  1.938750e+00  10.56294508 36.92888271 
  1.940000e+00  10.56294508 36.92888271 
  1.941250e+00  10.56294508 36.92888271 
  1.942500e+00  10.56294508 36.92888271 
  1.943750e+00  10.56294508 36.92888271 
  1.945000e+00  10.56294508 36.92888271 
  1.946250e+00  10.56294508 36.92888271 
  1.947500e+00  10.56294508 36.92888271 
  1.948750e+00  10.56294508 36.92888271 
  1.950000e+00  10.56294508 36.92888271 
  1.951250e+00  10.56294508 36.92888271 
  1.952500e+00  10.56294508 36.92888271 
  1.953750e+00  10.56294508 36.92888271 
  1.955000e+00  10.56294508 36.92888271 
  1.956250e+00  10.56294508 36.92888271 
  1.957500e+00  10.56294508 36.92888271 
  1.958750e+00  10.56294508 36.92888271 
  1.960000e+00  10.56294508 36.92888271 
  1.961250e+00  10.56294508 36.92888271 
  1.962500e+00  10.56294508 36.92888271 
  1.963750e+00  10.56294508 36.92888271 
  1.965000e+00  10.56294508 36.92888271 
  1.966250e+00  10.56294508 36.92888271 
  1.967500e+00  10.56294508 36.92888271 
  1.968750e+00  10.56294508 36.92888271 
  1.970000e+00  10.56294508 36.92888271 
  1.971250e+00  10.56294508 36.92888271 
  1.972500e+00  10.56294508 36.92888271 
  1.973750e+00  10.56294508 36.92888271 
  1.975000e+00  10.56294508 36.92888271 
  1.976250e+00  10.56294508 36.92888271 
  1.977500e+00  10.56294508 36.92888271 
  1.978750e+00  10.56294508 36.92888271 
  1.980000e+00  10.56294508 36.92888271 
  1.981250e+00  10.56294508 36.92888270 
  1.982500e+00  10.56294508 36.92888270 
  1.983750e+00  10.56294508 36.92888270 
  1.985000e+00  10.56294508 36.92888270 
  1.986250e+00  10.56294508 36.92888270 
  1.987500e+00  10.56294508 36.92888270 
  1.988750e+00  10.56294508 36.92888270 
  1.990000e+00  10.56294508 36.92888270 
  1.991250e+00  10.56294508 36.92888270 
  1.992500e+00  10.56294508 36.92888270 
  1.993750e+00  10.56294508 36.92888270 
  1.995000e+00  10.56294508 36.92888270 
  1.996250e+00  10.56294508 36.92888270 
  1.997500e+00  10.56294508 36.92888270 
  1.998750e+00  10.56294508 36.92888270 
  2.000000e+00  10.56294508 36.92888270 
