  2.000000e-02  10.56294508 36.92771420 
  3.000000e-02  10.56294508 36.92905300 
  4.000000e-02  10.56294508 36.92980377 
  5.000000e-02  10.56294508 36.93037700 
  6.000000e-02  10.56294508 36.93063689 
  7.000000e-02  10.56294508 36.93005285 
  8.000000e-02  10.56294508 36.92855535 
  9.000000e-02  10.56294508 36.92745454 
  1.000000e-01  10.56294508 36.92774569 
  1.100000e-01  10.56294508 36.92883437 
  1.200000e-01  10.56294508 36.93004513 
  1.300000e-01  10.56294508 36.93115476 
  1.400000e-01  10.56294508 36.93211634 
  1.500000e-01  10.56294508 36.93291848 
  1.600000e-01  10.56294508 36.93357658 
  1.700000e-01  10.56294508 36.93412795 
  1.800000e-01  10.56294508 36.93461202 
  1.900000e-01  10.56294508 36.93505396 
  2.000000e-01  10.56294508 36.93545946 
  2.100000e-01  10.56294508 36.93581727 
  2.200000e-01  10.56294508 36.93610744 
  2.300000e-01  10.56294508 36.93631359 
  2.400000e-01  10.56294508 36.93643395 
  2.500000e-01  10.56294508 36.93648535 
  2.600000e-01  10.56294508 36.93649846 
  2.700000e-01  10.56294508 36.93650764 
  2.800000e-01  10.56294508 36.93654075 
  2.900000e-01  10.56294508 36.93661342 
  3.000000e-01  10.56294508 36.93672855 
  3.100000e-01  10.56294508 36.93687939 
  3.200000e-01  10.56294508 36.93705376 
  3.300000e-01  10.56294508 36.93723838 
  3.400000e-01  10.56294508 36.93742232 
  3.500000e-01  10.56294508 36.93759848 
  3.600000e-01  10.56294508 36.93776325 
  3.700000e-01  10.56294508 36.93791528 
  3.800000e-01  10.56294508 36.93805415 
  3.900000e-01  10.56294508 36.93817924 
  4.000000e-01  10.56294508 36.93828866 
  4.100000e-01  10.56294508 36.93837880 
  4.200000e-01  10.56294508 36.93844497 
  4.300000e-01  10.56294508 36.93848351 
  4.400000e-01  10.56294508 36.93849519 
  4.500000e-01  10.56294508 36.93848838 
  4.600000e-01  10.56294508 36.93847932 
  4.700000e-01  10.56294508 36.93848652 
  4.800000e-01  10.56294508 36.93852070 
  4.900000e-01  10.56294508 36.93857902 
  5.000000e-01  10.56294508 36.93864972 
  5.100000e-01  10.56294508 36.93872138 
  5.200000e-01  10.56294508 36.93878752 
  5.300000e-01  10.56294508 36.93884589 
  5.400000e-01  10.56294508 36.93889622 
  5.500000e-01  10.56294508 36.93893891 
  5.600000e-01  10.56294508 36.93897461 
  5.700000e-01  10.56294508 36.93900396 
  5.800000e-01  10.56294508 36.93902766 
  5.900000e-01  10.56294508 36.93904645 
  6.000000e-01  10.56294508 36.93906144 
  6.100000e-01  10.56294508 36.93907419 
  6.200000e-01  10.56294508 36.93908655 
  6.300000e-01  10.56294508 36.93910021 
  6.400000e-01  10.56294508 36.93911635 
  6.500000e-01  10.56294508 36.93913556 
  6.600000e-01  10.56294508 36.93915789 
  6.700000e-01  10.56294508 36.93918307 
  6.800000e-01  10.56294508 36.93921051 
  6.900000e-01  10.56294508 36.93923943 
  7.000000e-01  10.56294508 36.93926896 
  7.100000e-01  10.56294508 36.93929828 
  7.200000e-01  10.56294508 36.93932678 
  7.300000e-01  10.56294508 36.93935411 
  7.400000e-01  10.56294508 36.93938022 
  7.500000e-01  10.56294508 36.93940530 
  7.600000e-01  10.56294508 36.93942963 
  7.700000e-01  10.56294508 36.93945354 
  7.800000e-01  10.56294508 36.93947724 
  7.900000e-01  10.56294508 36.93950084 
  8.000000e-01  10.56294508 36.93952433 
  8.100000e-01  10.56294508 36.93954765 
  8.200000e-01  10.56294508 36.93957068 
  8.300000e-01  10.56294508 36.93959336 
  8.400000e-01  10.56294508 36.93961567 
  8.500000e-01  10.56294508 36.93963763 
  8.600000e-01  10.56294508 36.93965930 
  8.700000e-01  10.56294508 36.93968074 
  8.800000e-01  10.56294508 36.93970198 
  8.900000e-01  10.56294508 36.93972300 
  9.000000e-01  10.56294508 36.93974375 
  9.100000e-01  10.56294508 36.93976410 
  9.200000e-01  10.56294508 36.93978390 
  9.300000e-01  10.56294508 36.93980297 
  9.400000e-01  10.56294508 36.93982114 
  9.500000e-01  10.56294508 36.93983830 
  9.600000e-01  10.56294508 36.93985437 
  9.700000e-01  10.56294508 36.93986935 
  9.800000e-01  10.56294508 36.93988329 
  9.900000e-01  10.56294508 36.93989628 
  1.000000e+00  10.56294508 36.93990841 
  1.010000e+00  10.56294508 36.93991976 
  1.020000e+00  10.56294508 36.93993034 
  1.030000e+00  10.56294508 36.93994013 
  1.040000e+00  10.56294508 36.93994901 
  1.050000e+00  10.56294508 36.93995683 
  1.060000e+00  10.56294508 36.93996337 
  1.070000e+00  10.56294508 36.93996841 
  1.080000e+00  10.56294508 36.93997176 
  1.090000e+00  10.56294508 36.93997326 
  1.100000e+00  10.56294508 36.93997285 
  1.110000e+00  10.56294508 36.93997053 
  1.120000e+00  10.56294508 36.93996644 
  1.130000e+00  10.56294508 36.93996077 
  1.140000e+00  10.56294508 36.93995379 
  1.150000e+00  10.56294508 36.93994576 
  1.160000e+00  10.56294508 36.93993695 
  1.170000e+00  10.56294508 36.93992759 
  1.180000e+00  10.56294508 36.93991788 
  1.190000e+00  10.56294508 36.93990796 
  1.200000e+00  10.56294508 36.93989795 
  1.210000e+00  10.56294508 36.93988798 
  1.220000e+00  10.56294508 36.93987811 
  1.230000e+00  10.56294508 36.93986845 
  1.240000e+00  10.56294508 36.93985905 
  1.250000e+00  10.56294508 36.93984999 
  1.260000e+00  10.56294508 36.93984130 
  1.270000e+00  10.56294508 36.93983301 
  1.280000e+00  10.56294508 36.93982512 
  1.290000e+00  10.56294508 36.93981763 
  1.300000e+00  10.56294508 36.93981054 
  1.310000e+00  10.56294508 36.93980387 
  1.320000e+00  10.56294508 36.93979765 
  1.330000e+00  10.56294508 36.93979193 
  1.340000e+00  10.56294508 36.93978681 
  1.350000e+00  10.56294508 36.93978238 
  1.360000e+00  10.56294508 36.93977874 
  1.370000e+00  10.56294508 36.93977598 
  1.380000e+00  10.56294508 36.93977417 
  1.390000e+00  10.56294508 36.93977335 
  1.400000e+00  10.56294508 36.93977349 
  1.410000e+00  10.56294508 36.93977456 
  1.420000e+00  10.56294508 36.93977649 
  1.430000e+00  10.56294508 36.93977917 
  1.440000e+00  10.56294508 36.93978253 
  1.450000e+00  10.56294508 36.93978645 
  1.460000e+00  10.56294508 36.93979085 
  1.470000e+00  10.56294508 36.93979565 
  1.480000e+00  10.56294508 36.93980078 
  1.490000e+00  10.56294508 36.93980619 
  1.500000e+00  10.56294508 36.93981181 
  1.510000e+00  10.56294508 36.93981761 
  1.520000e+00  10.56294508 36.93982355 
  1.530000e+00  10.56294508 36.93982960 
  1.540000e+00  10.56294508 36.93983574 
  1.550000e+00  10.56294508 36.93984194 
  1.560000e+00  10.56294508 36.93984818 
  1.570000e+00  10.56294508 36.93985445 
  1.580000e+00  10.56294508 36.93986071 
  1.590000e+00  10.56294508 36.93986694 
  1.600000e+00  10.56294508 36.93987312 
  1.610000e+00  10.56294508 36.93987923 
  1.620000e+00  10.56294508 36.93988524 
  1.630000e+00  10.56294508 36.93989113 
  1.640000e+00  10.56294508 36.93989688 
  1.650000e+00  10.56294508 36.93990246 
  1.660000e+00  10.56294508 36.93990787 
  1.670000e+00  10.56294508 36.93991308 
  1.680000e+00  10.56294508 36.93991808 
  1.690000e+00  10.56294508 36.93992288 
  1.700000e+00  10.56294508 36.93992746 
  1.710000e+00  10.56294508 36.93993181 
  1.720000e+00  10.56294508 36.93993595 
  1.730000e+00  10.56294508 36.93993987 
  1.740000e+00  10.56294508 36.93994357 
  1.750000e+00  10.56294508 36.93994705 
  1.760000e+00  10.56294508 36.93995032 
  1.770000e+00  10.56294508 36.93995338 
  1.780000e+00  10.56294508 36.93995623 
  1.790000e+00  10.56294508 36.93995888 
  1.800000e+00  10.56294508 36.93996133 
  1.810000e+00  10.56294508 36.93996358 
  1.820000e+00  10.56294508 36.93996564 
  1.830000e+00  10.56294508 36.93996753 
  1.840000e+00  10.56294508 36.93996923 
  1.850000e+00  10.56294508 36.93997077 
  1.860000e+00  10.56294508 36.93997215 
  1.870000e+00  10.56294508 36.93997338 
  1.880000e+00  10.56294508 36.93997447 
  1.890000e+00  10.56294508 36.93997543 
  1.900000e+00  10.56294508 36.93997626 
  1.910000e+00  10.56294508 36.93997699 
  1.920000e+00  10.56294508 36.93997761 
  1.930000e+00  10.56294508 36.93997814 
  1.940000e+00  10.56294508 36.93997859 
  1.950000e+00  10.56294508 36.93997897 
  1.960000e+00  10.56294508 36.93997929 
  1.970000e+00  10.56294508 36.93997955 
  1.980000e+00  10.56294508 36.93997976 
  1.990000e+00  10.56294508 36.93997993 
  2.000000e+00  10.56294508 36.93998007 
