  0.000000e+00  446.281163  146.898533
  2.500000e-03  435.127350  141.162156
  5.000000e-03  420.412879  137.792286
  7.500000e-03  406.722534  135.535084
  1.000000e-02  396.145592  133.031751
  1.250000e-02  389.248491  130.253699
  1.500000e-02  386.067075  127.391750
  1.750000e-02  386.392383  124.612444
  2.000000e-02  389.705065  122.016963
  2.250000e-02  395.132094  119.652377
  2.500000e-02  401.544316  117.537319
  2.750000e-02  407.748759  115.665622
  3.000000e-02  412.718510  113.996339
  3.250000e-02  415.799264  112.481221
  3.500000e-02  416.806943  111.092923
  3.750000e-02  415.978318  109.821056
  4.000000e-02  413.819437  108.657557
  4.250000e-02  410.931549  107.591302
  4.500000e-02  407.873112  106.610381
  4.750000e-02  405.078052  105.704582
  5.000000e-02  402.824218  104.865658
  5.250000e-02  401.237055  104.086606
  5.500000e-02  400.314307  103.361064
  5.750000e-02  399.961095  102.683090
  6.000000e-02  400.027862  102.047171
  6.250000e-02  400.345866  101.448334
  6.500000e-02  400.756450  100.882267
  6.750000e-02  401.131664  100.345365
  7.000000e-02  401.385292  99.834706
  7.250000e-02  401.474864  99.347992
  7.500000e-02  401.396495  98.883456
  7.750000e-02  401.175100  98.439781
  8.000000e-02  400.852701  98.015992
  8.250000e-02  400.477140  97.611344
  8.500000e-02  400.092902  97.225217
  8.750000e-02  399.734961  96.857029
  9.000000e-02  399.425852  96.506182
  9.250000e-02  399.175582  96.172039
  9.500000e-02  398.983614  95.853928
  9.750000e-02  398.842002  95.551156
  1.000000e-01  398.738807  95.263026
  1.025000e-01  398.661119  94.988851
  1.050000e-01  398.597276  94.727955
  1.075000e-01  398.538173  94.479681
  1.100000e-01  398.477712  94.243386
  1.125000e-01  398.412640  94.018443
  1.150000e-01  398.341991  93.804243
  1.175000e-01  398.266392  93.600190
  1.200000e-01  398.187376  93.405705
  1.225000e-01  398.106821  93.220219
  1.250000e-01  398.026556  93.043173
  1.275000e-01  397.948126  92.874017
  1.300000e-01  397.872693  92.712204
  1.325000e-01  397.801040  92.557201
  1.350000e-01  397.733633  92.408485
  1.375000e-01  397.670707  92.265553
  1.400000e-01  397.612352  92.127925
  1.425000e-01  397.558586  91.995152
  1.450000e-01  397.509407  91.866818
  1.475000e-01  397.464815  91.742545
  1.500000e-01  397.424826  91.621994
  1.525000e-01  397.389470  91.504864
  1.550000e-01  397.358790  91.390893
  1.575000e-01  397.332828  91.279856
  1.600000e-01  397.311628  91.171560
  1.625000e-01  397.295229  91.065841
  1.650000e-01  397.283664  90.962561
  1.675000e-01  397.276961  90.861605
  1.700000e-01  397.275131  90.762871
  1.725000e-01  397.278168  90.666274
  1.750000e-01  397.286030  90.571738
  1.775000e-01  397.298636  90.479194
  1.800000e-01  397.315845  90.388579
  1.825000e-01  397.337450  90.299830
  1.850000e-01  397.363170  90.212890
  1.875000e-01  397.392649  90.127700
  1.900000e-01  397.425463  90.044200
  1.925000e-01  397.461131  89.962330
  1.950000e-01  397.499127  89.882031
  1.975000e-01  397.538906  89.803240
  2.000000e-01  397.579921  89.725895
  2.025000e-01  397.621646  89.649932
  2.050000e-01  397.663590  89.575286
  2.075000e-01  397.705318  89.501892
  2.100000e-01  397.746458  89.429686
  2.125000e-01  397.786705  89.358602
  2.150000e-01  397.825823  89.288576
  2.175000e-01  397.863641  89.219545
  2.200000e-01  397.900047  89.151446
  2.225000e-01  397.934979  89.084219
  2.250000e-01  397.968414  89.017805
  2.275000e-01  398.000358  88.952147
  2.300000e-01  398.030841  88.887191
  2.325000e-01  398.059902  88.822885
  2.350000e-01  398.087589  88.759178
  2.375000e-01  398.113953  88.696026
  2.400000e-01  398.139042  88.633383
  2.425000e-01  398.162906  88.571208
  2.450000e-01  398.185589  88.509463
  2.475000e-01  398.207137  88.448111
  2.500000e-01  398.227592  88.387121
  2.525000e-01  398.246997  88.326462
  2.550000e-01  398.265393  88.266104
  2.575000e-01  398.282823  88.206024
  2.600000e-01  398.299332  88.146196
  2.625000e-01  398.314961  88.086601
  2.650000e-01  398.329754  88.027217
  2.675000e-01  398.343753  87.968028
  2.700000e-01  398.357000  87.909018
  2.725000e-01  398.369531  87.850171
  2.750000e-01  398.381385  87.791474
  2.775000e-01  398.392595  87.732915
  2.800000e-01  398.403191  87.674483
  2.825000e-01  398.413201  87.616167
  2.850000e-01  398.422650  87.557959
  2.875000e-01  398.431561  87.499848
  2.900000e-01  398.439955  87.441829
  2.925000e-01  398.447850  87.383891
  2.950000e-01  398.455263  87.326030
  2.975000e-01  398.462208  87.268238
  3.000000e-01  398.468702  87.210509
  3.025000e-01  398.474756  87.152837
  3.050000e-01  398.480384  87.095216
  3.075000e-01  398.485596  87.037642
  3.100000e-01  398.490403  86.980109
  3.125000e-01  398.494814  86.922612
  3.150000e-01  398.498838  86.865146
  3.175000e-01  398.502483  86.807707
  3.200000e-01  398.505754  86.750290
  3.225000e-01  398.508657  86.692892
  3.250000e-01  398.511197  86.635508
  3.275000e-01  398.513377  86.578134
  3.300000e-01  398.515200  86.520766
  3.325000e-01  398.516666  86.463400
  3.350000e-01  398.517777  86.406034
  3.375000e-01  398.518533  86.348662
  3.400000e-01  398.518934  86.291282
  3.425000e-01  398.518977  86.233889
  3.450000e-01  398.518662  86.176482
  3.475000e-01  398.517986  86.119056
  3.500000e-01  398.516947  86.061607
  3.525000e-01  398.515543  86.004134
  3.550000e-01  398.513770  85.946632
  3.575000e-01  398.511625  85.889099
  3.600000e-01  398.509104  85.831531
  3.625000e-01  398.506205  85.773925
  3.650000e-01  398.502924  85.716279
  3.675000e-01  398.499258  85.658589
  3.700000e-01  398.495203  85.600852
  3.725000e-01  398.490755  85.543065
  3.750000e-01  398.485912  85.485225
  3.775000e-01  398.480670  85.427330
  3.800000e-01  398.475026  85.369376
  3.825000e-01  398.468978  85.311360
  3.850000e-01  398.462523  85.253280
  3.875000e-01  398.455658  85.195132
  3.900000e-01  398.448381  85.136913
  3.925000e-01  398.440690  85.078622
  3.950000e-01  398.432583  85.020254
  3.975000e-01  398.424057  84.961807
  4.000000e-01  398.415113  84.903278
  4.025000e-01  398.405747  84.844664
  4.050000e-01  398.395958  84.785963
  4.075000e-01  398.385745  84.727172
  4.100000e-01  398.375106  84.668288
  4.125000e-01  398.364040  84.609308
  4.150000e-01  398.352546  84.550230
  4.175000e-01  398.340622  84.491051
  4.200000e-01  398.328266  84.431769
  4.225000e-01  398.315477  84.372381
  4.250000e-01  398.302253  84.312885
  4.275000e-01  398.288593  84.253279
  4.300000e-01  398.274495  84.193559
  4.325000e-01  398.259956  84.133725
  4.350000e-01  398.244976  84.073774
  4.375000e-01  398.229551  84.013704
  4.400000e-01  398.213681  83.953512
  4.425000e-01  398.197362  83.893198
  4.450000e-01  398.180594  83.832758
  4.475000e-01  398.163372  83.772193
  4.500000e-01  398.145697  83.711499
  4.525000e-01  398.127564  83.650675
  4.550000e-01  398.108974  83.589720
  4.575000e-01  398.089922  83.528632
  4.600000e-01  398.070408  83.467410
  4.625000e-01  398.050430  83.406053
  4.650000e-01  398.029987  83.344559
  4.675000e-01  398.009076  83.282928
  4.700000e-01  397.987696  83.221159
  4.725000e-01  397.965846  83.159250
  4.750000e-01  397.943526  83.097201
  4.775000e-01  397.920733  83.035012
  4.800000e-01  397.897469  82.972681
  4.825000e-01  397.873731  82.910208
  4.850000e-01  397.849520  82.847592
  4.875000e-01  397.824836  82.784834
  4.900000e-01  397.799678  82.721934
  4.925000e-01  397.774047  82.658890
  4.950000e-01  397.747943  82.595703
  4.975000e-01  397.721366  82.532374
  5.000000e-01  397.694317  82.468902
  5.025000e-01  397.666797  82.405288
  5.050000e-01  397.638805  82.341533
  5.075000e-01  397.610344  82.277636
  5.100000e-01  397.581413  82.213599
  5.125000e-01  397.552013  82.149423
  5.150000e-01  397.522145  82.085108
  5.175000e-01  397.491811  82.020656
  5.200000e-01  397.461010  81.956067
  5.225000e-01  397.429744  81.891344
  5.250000e-01  397.398013  81.826488
  5.275000e-01  397.365819  81.761500
  5.300000e-01  397.333161  81.696382
  5.325000e-01  397.300042  81.631137
  5.350000e-01  397.266461  81.565765
  5.375000e-01  397.232419  81.500270
  5.400000e-01  397.197918  81.434654
  5.425000e-01  397.162957  81.368919
  5.450000e-01  397.127538  81.303067
  5.475000e-01  397.091662  81.237102
  5.500000e-01  397.055329  81.171026
  5.525000e-01  397.018540  81.104843
  5.550000e-01  396.981296  81.038555
  5.575000e-01  396.943599  80.972166
  5.600000e-01  396.905450  80.905678
  5.625000e-01  396.866850  80.839096
  5.650000e-01  396.827800  80.772423
  5.675000e-01  396.788304  80.705663
  5.700000e-01  396.748361  80.638820
  5.725000e-01  396.707976  80.571897
  5.750000e-01  396.667150  80.504898
  5.775000e-01  396.625886  80.437829
  5.800000e-01  396.584186  80.370692
  5.825000e-01  396.542055  80.303492
  5.850000e-01  396.499496  80.236235
  5.875000e-01  396.456512  80.168923
  5.900000e-01  396.413108  80.101562
  5.925000e-01  396.369288  80.034157
  5.950000e-01  396.325057  79.966712
  5.975000e-01  396.280420  79.899232
  6.000000e-01  396.235383  79.831723
  6.025000e-01  396.189951  79.764188
  6.050000e-01  396.144131  79.696633
  6.075000e-01  396.097928  79.629064
  6.100000e-01  396.051350  79.561485
  6.125000e-01  396.004403  79.493902
  6.150000e-01  395.957094  79.426320
  6.175000e-01  395.909432  79.358745
  6.200000e-01  395.861423  79.291181
  6.225000e-01  395.813076  79.223634
  6.250000e-01  395.764399  79.156111
  6.275000e-01  395.715400  79.088615
  6.300000e-01  395.666087  79.021154
  6.325000e-01  395.616470  78.953733
  6.350000e-01  395.566557  78.886357
  6.375000e-01  395.516357  78.819032
  6.400000e-01  395.465879  78.751764
  6.425000e-01  395.415132  78.684558
  6.450000e-01  395.364126  78.617421
  6.475000e-01  395.312869  78.550359
  6.500000e-01  395.261371  78.483376
  6.525000e-01  395.209641  78.416480
  6.550000e-01  395.157690  78.349676
  6.575000e-01  395.105525  78.282969
  6.600000e-01  395.053156  78.216367
  6.625000e-01  395.000593  78.149874
  6.650000e-01  394.947846  78.083497
  6.675000e-01  394.894923  78.017242
  6.700000e-01  394.841833  77.951115
  6.725000e-01  394.788587  77.885121
  6.750000e-01  394.735193  77.819267
  6.775000e-01  394.681661  77.753558
  6.800000e-01  394.628000  77.688001
  6.825000e-01  394.574219  77.622602
  6.850000e-01  394.520328  77.557366
  6.875000e-01  394.466335  77.492299
  6.900000e-01  394.412250  77.427407
  6.925000e-01  394.358083  77.362696
  6.950000e-01  394.303842  77.298172
  6.975000e-01  394.249537  77.233841
  7.000000e-01  394.195177  77.169708
  7.025000e-01  394.140772  77.105778
  7.050000e-01  394.086331  77.042058
  7.075000e-01  394.031863  76.978554
  7.100000e-01  393.977378  76.915269
  7.125000e-01  393.922886  76.852211
  7.150000e-01  393.868396  76.789385
  7.175000e-01  393.813918  76.726795
  7.200000e-01  393.759461  76.664447
  7.225000e-01  393.705036  76.602346
  7.250000e-01  393.650652  76.540497
  7.275000e-01  393.596319  76.478906
  7.300000e-01  393.542048  76.417577
  7.325000e-01  393.487847  76.356514
  7.350000e-01  393.433727  76.295724
  7.375000e-01  393.379699  76.235209
  7.400000e-01  393.325771  76.174975
  7.425000e-01  393.271955  76.115027
  7.450000e-01  393.218260  76.055368
  7.475000e-01  393.164697  75.996003
  7.500000e-01  393.111275  75.936935
  7.525000e-01  393.058003  75.878170
  7.550000e-01  393.004893  75.819710
  7.575000e-01  392.951954  75.761559
  7.600000e-01  392.899196  75.703721
  7.625000e-01  392.846627  75.646200
  7.650000e-01  392.794258  75.588999
  7.675000e-01  392.742099  75.532121
  7.700000e-01  392.690157  75.475569
  7.725000e-01  392.638443  75.419347
  7.750000e-01  392.586965  75.363457
  7.775000e-01  392.535731  75.307903
  7.800000e-01  392.484751  75.252686
  7.825000e-01  392.434032  75.197810
  7.850000e-01  392.383583  75.143276
  7.875000e-01  392.333412  75.089088
  7.900000e-01  392.283525  75.035247
  7.925000e-01  392.233930  74.981756
  7.950000e-01  392.184634  74.928617
  7.975000e-01  392.135645  74.875830
  8.000000e-01  392.086968  74.823400
  8.025000e-01  392.038610  74.771326
  8.050000e-01  391.990577  74.719610
  8.075000e-01  391.942875  74.668254
  8.100000e-01  391.895509  74.617260
  8.125000e-01  391.848484  74.566628
  8.150000e-01  391.801805  74.516359
  8.175000e-01  391.755478  74.466456
  8.200000e-01  391.709506  74.416917
  8.225000e-01  391.663893  74.367746
  8.250000e-01  391.618644  74.318941
  8.275000e-01  391.573762  74.270504
  8.300000e-01  391.529250  74.222435
  8.325000e-01  391.485112  74.174735
  8.350000e-01  391.441351  74.127404
  8.375000e-01  391.397970  74.080443
  8.400000e-01  391.354970  74.033851
  8.425000e-01  391.312355  73.987628
  8.450000e-01  391.270126  73.941775
  8.475000e-01  391.228286  73.896292
  8.500000e-01  391.186836  73.851178
  8.525000e-01  391.145777  73.806433
  8.550000e-01  391.105112  73.762056
  8.575000e-01  391.064840  73.718048
  8.600000e-01  391.024965  73.674408
  8.625000e-01  390.985485  73.631135
  8.650000e-01  390.946403  73.588228
  8.675000e-01  390.907718  73.545687
  8.700000e-01  390.869431  73.503512
  8.725000e-01  390.831543  73.461700
  8.750000e-01  390.794053  73.420252
  8.775000e-01  390.756963  73.379166
  8.800000e-01  390.720271  73.338441
  8.825000e-01  390.683977  73.298076
  8.850000e-01  390.648083  73.258069
  8.875000e-01  390.612586  73.218421
  8.900000e-01  390.577487  73.179128
  8.925000e-01  390.542785  73.140190
  8.950000e-01  390.508480  73.101606
  8.975000e-01  390.474570  73.063374
  9.000000e-01  390.441056  73.025492
  9.025000e-01  390.407935  72.987959
  9.050000e-01  390.375208  72.950772
  9.075000e-01  390.342872  72.913932
  9.100000e-01  390.310928  72.877435
  9.125000e-01  390.279373  72.841280
  9.150000e-01  390.248206  72.805465
  9.175000e-01  390.217426  72.769988
  9.200000e-01  390.187031  72.734848
  9.225000e-01  390.157021  72.700042
  9.250000e-01  390.127392  72.665569
  9.275000e-01  390.098144  72.631426
  9.300000e-01  390.069275  72.597612
  9.325000e-01  390.040783  72.564123
  9.350000e-01  390.012666  72.530960
  9.375000e-01  389.984922  72.498118
  9.400000e-01  389.957549  72.465596
  9.425000e-01  389.930545  72.433393
  9.450000e-01  389.903908  72.401505
  9.475000e-01  389.877636  72.369930
  9.500000e-01  389.851726  72.338667
  9.525000e-01  389.826177  72.307712
  9.550000e-01  389.800985  72.277065
  9.575000e-01  389.776149  72.246722
  9.600000e-01  389.751665  72.216681
  9.625000e-01  389.727532  72.186940
  9.650000e-01  389.703747  72.157497
  9.675000e-01  389.680307  72.128349
  9.700000e-01  389.657210  72.099493
  9.725000e-01  389.634453  72.070929
  9.750000e-01  389.612033  72.042653
  9.775000e-01  389.589947  72.014663
  9.800000e-01  389.568193  71.986957
  9.825000e-01  389.546768  71.959531
  9.850000e-01  389.525670  71.932385
  9.875000e-01  389.504894  71.905516
  9.900000e-01  389.484439  71.878921
  9.925000e-01  389.464301  71.852597
  9.950000e-01  389.444477  71.826544
  9.975000e-01  389.424965  71.800757
  1.000000e+00  389.405762  71.775236
  1.002500e+00  389.386864  71.749977
  1.005000e+00  389.368268  71.724979
  1.007500e+00  389.349972  71.700238
  1.010000e+00  389.331972  71.675753
  1.012500e+00  389.314266  71.651522
  1.015000e+00  389.296850  71.627541
  1.017500e+00  389.279722  71.603810
  1.020000e+00  389.262877  71.580324
  1.022500e+00  389.246314  71.557084
  1.025000e+00  389.230029  71.534085
  1.027500e+00  389.214019  71.511325
  1.030000e+00  389.198281  71.488804
  1.032500e+00  389.182812  71.466518
  1.035000e+00  389.167608  71.444464
  1.037500e+00  389.152668  71.422642
  1.040000e+00  389.137987  71.401048
  1.042500e+00  389.123564  71.379681
  1.045000e+00  389.109393  71.358538
  1.047500e+00  389.095474  71.337617
  1.050000e+00  389.081802  71.316916
  1.052500e+00  389.068375  71.296434
  1.055000e+00  389.055190  71.276166
  1.057500e+00  389.042244  71.256113
  1.060000e+00  389.029533  71.236271
  1.062500e+00  389.017056  71.216639
  1.065000e+00  389.004808  71.197214
  1.067500e+00  388.992787  71.177995
  1.070000e+00  388.980991  71.158979
  1.072500e+00  388.969416  71.140165
  1.075000e+00  388.958060  71.121549
  1.077500e+00  388.946919  71.103132
  1.080000e+00  388.935991  71.084909
  1.082500e+00  388.925273  71.066880
  1.085000e+00  388.914763  71.049043
  1.087500e+00  388.904457  71.031395
  1.090000e+00  388.894353  71.013935
  1.092500e+00  388.884448  70.996661
  1.095000e+00  388.874739  70.979570
  1.097500e+00  388.865224  70.962662
  1.100000e+00  388.855901  70.945934
  1.102500e+00  388.846766  70.929384
  1.105000e+00  388.837817  70.913011
  1.107500e+00  388.829051  70.896812
  1.110000e+00  388.820467  70.880787
  1.112500e+00  388.812060  70.864932
  1.115000e+00  388.803829  70.849247
  1.117500e+00  388.795772  70.833730
  1.120000e+00  388.787886  70.818378
  1.122500e+00  388.780168  70.803191
  1.125000e+00  388.772616  70.788166
  1.127500e+00  388.765227  70.773302
  1.130000e+00  388.758000  70.758597
  1.132500e+00  388.750932  70.744050
  1.135000e+00  388.744021  70.729659
  1.137500e+00  388.737263  70.715421
  1.140000e+00  388.730658  70.701337
  1.142500e+00  388.724203  70.687403
  1.145000e+00  388.717895  70.673619
  1.147500e+00  388.711733  70.659983
  1.150000e+00  388.705714  70.646493
  1.152500e+00  388.699836  70.633148
  1.155000e+00  388.694097  70.619946
  1.157500e+00  388.688495  70.606886
  1.160000e+00  388.683027  70.593966
  1.162500e+00  388.677692  70.581185
  1.165000e+00  388.672488  70.568541
  1.167500e+00  388.667412  70.556033
  1.170000e+00  388.662463  70.543659
  1.172500e+00  388.657639  70.531419
  1.175000e+00  388.652937  70.519310
  1.177500e+00  388.648356  70.507331
  1.180000e+00  388.643893  70.495481
  1.182500e+00  388.639548  70.483759
  1.185000e+00  388.635318  70.472162
  1.187500e+00  388.631201  70.460690
  1.190000e+00  388.627195  70.449342
  1.192500e+00  388.623299  70.438116
  1.195000e+00  388.619511  70.427010
  1.197500e+00  388.615829  70.416024
  1.200000e+00  388.612251  70.405157
  1.202500e+00  388.608775  70.394406
  1.205000e+00  388.605401  70.383771
  1.207500e+00  388.602125  70.373250
  1.210000e+00  388.598948  70.362842
  1.212500e+00  388.595866  70.352547
  1.215000e+00  388.592878  70.342362
  1.217500e+00  388.589983  70.332287
  1.220000e+00  388.587179  70.322321
  1.222500e+00  388.584465  70.312461
  1.225000e+00  388.581838  70.302708
  1.227500e+00  388.579298  70.293060
  1.230000e+00  388.576843  70.283516
  1.232500e+00  388.574472  70.274074
  1.235000e+00  388.572182  70.264734
  1.237500e+00  388.569973  70.255495
  1.240000e+00  388.567843  70.246355
  1.242500e+00  388.565790  70.237313
  1.245000e+00  388.563814  70.228369
  1.247500e+00  388.561913  70.219521
  1.250000e+00  388.560085  70.210768
  1.252500e+00  388.558330  70.202109
  1.255000e+00  388.556645  70.193544
  1.257500e+00  388.555030  70.185071
  1.260000e+00  388.553483  70.176688
  1.262500e+00  388.552003  70.168397
  1.265000e+00  388.550589  70.160194
  1.267500e+00  388.549239  70.152079
  1.270000e+00  388.547953  70.144052
  1.272500e+00  388.546728  70.136112
  1.275000e+00  388.545565  70.128256
  1.277500e+00  388.544461  70.120485
  1.280000e+00  388.543416  70.112798
  1.282500e+00  388.542428  70.105193
  1.285000e+00  388.541496  70.097671
  1.287500e+00  388.540619  70.090229
  1.290000e+00  388.539796  70.082867
  1.292500e+00  388.539027  70.075584
  1.295000e+00  388.538309  70.068379
  1.297500e+00  388.537642  70.061252
  1.300000e+00  388.537025  70.054202
  1.302500e+00  388.536456  70.047227
  1.305000e+00  388.535935  70.040327
  1.307500e+00  388.535461  70.033502
  1.310000e+00  388.535033  70.026750
  1.312500e+00  388.534649  70.020070
  1.315000e+00  388.534310  70.013462
  1.317500e+00  388.534013  70.006925
  1.320000e+00  388.533758  70.000458
  1.322500e+00  388.533544  69.994061
  1.325000e+00  388.533371  69.987733
  1.327500e+00  388.533237  69.981472
  1.330000e+00  388.533141  69.975279
  1.332500e+00  388.533082  69.969152
  1.335000e+00  388.533061  69.963091
  1.337500e+00  388.533075  69.957095
  1.340000e+00  388.533124  69.951163
  1.342500e+00  388.533208  69.945295
  1.345000e+00  388.533325  69.939490
  1.347500e+00  388.533474  69.933747
  1.350000e+00  388.533656  69.928066
  1.352500e+00  388.533868  69.922446
  1.355000e+00  388.534111  69.916886
  1.357500e+00  388.534384  69.911385
  1.360000e+00  388.534685  69.905944
  1.362500e+00  388.535015  69.900561
  1.365000e+00  388.535372  69.895236
  1.367500e+00  388.535756  69.889968
  1.370000e+00  388.536166  69.884756
  1.372500e+00  388.536601  69.879600
  1.375000e+00  388.537062  69.874499
  1.377500e+00  388.537546  69.869454
  1.380000e+00  388.538054  69.864462
  1.382500e+00  388.538585  69.859523
  1.385000e+00  388.539138  69.854638
  1.387500e+00  388.539712  69.849805
  1.390000e+00  388.540308  69.845023
  1.392500e+00  388.540924  69.840293
  1.395000e+00  388.541561  69.835614
  1.397500e+00  388.542216  69.830984
  1.400000e+00  388.542890  69.826405
  1.402500e+00  388.543583  69.821874
  1.405000e+00  388.544293  69.817391
  1.407500e+00  388.545020  69.812957
  1.410000e+00  388.545764  69.808570
  1.412500e+00  388.546524  69.804230
  1.415000e+00  388.547299  69.799937
  1.417500e+00  388.548090  69.795689
  1.420000e+00  388.548896  69.791487
  1.422500e+00  388.549715  69.787330
  1.425000e+00  388.550548  69.783218
  1.427500e+00  388.551395  69.779149
  1.430000e+00  388.552254  69.775124
  1.432500e+00  388.553126  69.771142
  1.435000e+00  388.554009  69.767202
  1.437500e+00  388.554904  69.763305
  1.440000e+00  388.555810  69.759449
  1.442500e+00  388.556727  69.755634
  1.445000e+00  388.557654  69.751861
  1.447500e+00  388.558591  69.748127
  1.450000e+00  388.559537  69.744434
  1.452500e+00  388.560492  69.740780
  1.455000e+00  388.561457  69.737165
  1.457500e+00  388.562429  69.733588
  1.460000e+00  388.563409  69.730050
  1.462500e+00  388.564398  69.726550
  1.465000e+00  388.565393  69.723087
  1.467500e+00  388.566395  69.719661
  1.470000e+00  388.567404  69.716271
  1.472500e+00  388.568419  69.712918
  1.475000e+00  388.569441  69.709601
  1.477500e+00  388.570467  69.706319
  1.480000e+00  388.571500  69.703072
  1.482500e+00  388.572537  69.699860
  1.485000e+00  388.573579  69.696682
  1.487500e+00  388.574625  69.693538
  1.490000e+00  388.575676  69.690427
  1.492500e+00  388.576731  69.687350
  1.495000e+00  388.577789  69.684305
  1.497500e+00  388.578851  69.681293
  1.500000e+00  388.579916  69.678313
  1.502500e+00  388.580983  69.675365
  1.505000e+00  388.582053  69.672449
  1.507500e+00  388.583126  69.669563
  1.510000e+00  388.584201  69.666709
  1.512500e+00  388.585278  69.663884
  1.515000e+00  388.586356  69.661090
  1.517500e+00  388.587436  69.658326
  1.520000e+00  388.588517  69.655591
  1.522500e+00  388.589599  69.652885
  1.525000e+00  388.590682  69.650209
  1.527500e+00  388.591766  69.647560
  1.530000e+00  388.592850  69.644940
  1.532500e+00  388.593934  69.642348
  1.535000e+00  388.595019  69.639784
  1.537500e+00  388.596103  69.637246
  1.540000e+00  388.597187  69.634736
  1.542500e+00  388.598270  69.632253
  1.545000e+00  388.599353  69.629796
  1.547500e+00  388.600435  69.627365
  1.550000e+00  388.601516  69.624961
  1.552500e+00  388.602596  69.622581
  1.555000e+00  388.603675  69.620228
  1.557500e+00  388.604752  69.617899
  1.560000e+00  388.605827  69.615595
  1.562500e+00  388.606901  69.613316
  1.565000e+00  388.607973  69.611061
  1.567500e+00  388.609043  69.608829
  1.570000e+00  388.610111  69.606622
  1.572500e+00  388.611177  69.604438
  1.575000e+00  388.612240  69.602278
  1.577500e+00  388.613300  69.600140
  1.580000e+00  388.614358  69.598026
  1.582500e+00  388.615414  69.595933
  1.585000e+00  388.616466  69.593863
  1.587500e+00  388.617516  69.591815
  1.590000e+00  388.618562  69.589789
  1.592500e+00  388.619605  69.587785
  1.595000e+00  388.620645  69.585802
  1.597500e+00  388.621682  69.583840
  1.600000e+00  388.622715  69.581898
  1.602500e+00  388.623745  69.579978
  1.605000e+00  388.624771  69.578078
  1.607500e+00  388.625793  69.576198
  1.610000e+00  388.626811  69.574338
  1.612500e+00  388.627826  69.572498
  1.615000e+00  388.628837  69.570678
  1.617500e+00  388.629843  69.568877
  1.620000e+00  388.630846  69.567095
  1.622500e+00  388.631844  69.565332
  1.625000e+00  388.632839  69.563588
  1.627500e+00  388.633828  69.561862
  1.630000e+00  388.634814  69.560155
  1.632500e+00  388.635795  69.558466
  1.635000e+00  388.636772  69.556795
  1.637500e+00  388.637744  69.555141
  1.640000e+00  388.638712  69.553506
  1.642500e+00  388.639675  69.551887
  1.645000e+00  388.640633  69.550286
  1.647500e+00  388.641586  69.548702
  1.650000e+00  388.642535  69.547135
  1.652500e+00  388.643479  69.545584
  1.655000e+00  388.644418  69.544050
  1.657500e+00  388.645353  69.542533
  1.660000e+00  388.646282  69.541031
  1.662500e+00  388.647206  69.539546
  1.665000e+00  388.648126  69.538076
  1.667500e+00  388.649040  69.536622
  1.670000e+00  388.649949  69.535183
  1.672500e+00  388.650854  69.533760
  1.675000e+00  388.651753  69.532351
  1.677500e+00  388.652647  69.530958
  1.680000e+00  388.653536  69.529580
  1.682500e+00  388.654419  69.528216
  1.685000e+00  388.655298  69.526866
  1.687500e+00  388.656171  69.525532
  1.690000e+00  388.657039  69.524211
  1.692500e+00  388.657902  69.522904
  1.695000e+00  388.658759  69.521611
  1.697500e+00  388.659612  69.520332
  1.700000e+00  388.660459  69.519067
  1.702500e+00  388.661300  69.517815
  1.705000e+00  388.662137  69.516576
  1.707500e+00  388.662968  69.515351
  1.710000e+00  388.663793  69.514138
  1.712500e+00  388.664614  69.512939
  1.715000e+00  388.665429  69.511752
  1.717500e+00  388.666239  69.510578
  1.720000e+00  388.667043  69.509416
  1.722500e+00  388.667842  69.508266
  1.725000e+00  388.668636  69.507129
  1.727500e+00  388.669424  69.506004
  1.730000e+00  388.670207  69.504891
  1.732500e+00  388.670985  69.503790
  1.735000e+00  388.671757  69.502700
  1.737500e+00  388.672524  69.501622
  1.740000e+00  388.673285  69.500556
  1.742500e+00  388.674042  69.499501
  1.745000e+00  388.674793  69.498457
  1.747500e+00  388.675538  69.497424
  1.750000e+00  388.676279  69.496402
  1.752500e+00  388.677014  69.495391
  1.755000e+00  388.677744  69.494391
  1.757500e+00  388.678468  69.493401
  1.760000e+00  388.679187  69.492422
  1.762500e+00  388.679901  69.491453
  1.765000e+00  388.680610  69.490495
  1.767500e+00  388.681313  69.489547
  1.770000e+00  388.682012  69.488609
  1.772500e+00  388.682705  69.487680
  1.775000e+00  388.683393  69.486762
  1.777500e+00  388.684075  69.485854
  1.780000e+00  388.684753  69.484955
  1.782500e+00  388.685425  69.484065
  1.785000e+00  388.686092  69.483185
  1.787500e+00  388.686755  69.482315
  1.790000e+00  388.687412  69.481454
  1.792500e+00  388.688064  69.480602
  1.795000e+00  388.688711  69.479758
  1.797500e+00  388.689352  69.478924
  1.800000e+00  388.689989  69.478099
  1.802500e+00  388.690621  69.477283
  1.805000e+00  388.691248  69.476475
  1.807500e+00  388.691870  69.475676
  1.810000e+00  388.692487  69.474885
  1.812500e+00  388.693099  69.474103
  1.815000e+00  388.693706  69.473329
  1.817500e+00  388.694309  69.472563
  1.820000e+00  388.694906  69.471805
  1.822500e+00  388.695499  69.471056
  1.825000e+00  388.696086  69.470314
  1.827500e+00  388.696669  69.469580
  1.830000e+00  388.697248  69.468854
  1.832500e+00  388.697821  69.468136
  1.835000e+00  388.698390  69.467426
  1.837500e+00  388.698954  69.466723
  1.840000e+00  388.699514  69.466027
  1.842500e+00  388.700069  69.465339
  1.845000e+00  388.700619  69.464658
  1.847500e+00  388.701164  69.463984
  1.850000e+00  388.701705  69.463318
  1.852500e+00  388.702242  69.462659
  1.855000e+00  388.702774  69.462006
  1.857500e+00  388.703302  69.461361
  1.860000e+00  388.703825  69.460722
  1.862500e+00  388.704343  69.460090
  1.865000e+00  388.704857  69.459465
  1.867500e+00  388.705367  69.458847
  1.870000e+00  388.705873  69.458235
  1.872500e+00  388.706374  69.457630
  1.875000e+00  388.706871  69.457031
  1.877500e+00  388.707363  69.456438
  1.880000e+00  388.707851  69.455852
  1.882500e+00  388.708335  69.455272
  1.885000e+00  388.708815  69.454698
  1.887500e+00  388.709291  69.454130
  1.890000e+00  388.709762  69.453568
  1.892500e+00  388.710230  69.453013
  1.895000e+00  388.710693  69.452463
  1.897500e+00  388.711152  69.451919
  1.900000e+00  388.711607  69.451380
  1.902500e+00  388.712059  69.450848
  1.905000e+00  388.712506  69.450321
  1.907500e+00  388.712949  69.449800
  1.910000e+00  388.713388  69.449284
  1.912500e+00  388.713824  69.448774
  1.915000e+00  388.714255  69.448269
  1.917500e+00  388.714683  69.447769
  1.920000e+00  388.715107  69.447275
  1.922500e+00  388.715527  69.446786
  1.925000e+00  388.715943  69.446303
  1.927500e+00  388.716355  69.445824
  1.930000e+00  388.716764  69.445351
  1.932500e+00  388.717169  69.444882
  1.935000e+00  388.717570  69.444419
  1.937500e+00  388.717968  69.443960
  1.940000e+00  388.718362  69.443506
  1.942500e+00  388.718753  69.443058
  1.945000e+00  388.719140  69.442613
  1.947500e+00  388.719523  69.442174
  1.950000e+00  388.719903  69.441739
  1.952500e+00  388.720280  69.441309
  1.955000e+00  388.720653  69.440884
  1.957500e+00  388.721022  69.440463
  1.960000e+00  388.721389  69.440046
  1.962500e+00  388.721751  69.439634
  1.965000e+00  388.722111  69.439226
  1.967500e+00  388.722467  69.438823
  1.970000e+00  388.722820  69.438424
  1.972500e+00  388.723169  69.438029
  1.975000e+00  388.723516  69.437638
  1.977500e+00  388.723859  69.437252
  1.980000e+00  388.724199  69.436870
  1.982500e+00  388.724535  69.436491
  1.985000e+00  388.724869  69.436117
  1.987500e+00  388.725199  69.435747
  1.990000e+00  388.725527  69.435380
  1.992500e+00  388.725851  69.435018
  1.995000e+00  388.726172  69.434659
  1.997500e+00  388.726490  69.434304
  2.000000e+00  388.726805  69.433953
