  0.000000e+00  -226.9243232904 36.9206365739 
  1.000000e-02  -226.9243232904 36.9219094461 
  2.000000e-02  -226.9243232904 36.9270781515 
  3.000000e-02  -226.9243232904 36.9302310738 
  4.000000e-02  -226.9243232904 36.9318806874 
  5.000000e-02  -226.9243232904 36.9326972566 
  6.000000e-02  -226.9243232904 36.9326773054 
  7.000000e-02  -226.9243232904 36.9315696467 
  8.000000e-02  -226.9243232904 36.9297922920 
  9.000000e-02  -226.9243232904 36.9285432723 
  1.000000e-01  -226.9243232904 36.9283297138 
  1.100000e-01  -226.9243232904 36.9288974570 
  1.200000e-01  -226.9243232904 36.9298889946 
  1.300000e-01  -226.9243232904 36.9310400769 
  1.400000e-01  -226.9243232904 36.9321438738 
  1.500000e-01  -226.9243232904 36.9330521979 
  1.600000e-01  -226.9243232904 36.9336994292 
  1.700000e-01  -226.9243232904 36.9340995082 
  1.800000e-01  -226.9243232904 36.9343169203 
  1.900000e-01  -226.9243232904 36.9344306778 
  2.000000e-01  -226.9243232904 36.9345074050 
  2.100000e-01  -226.9243232904 36.9345896443 
  2.200000e-01  -226.9243232904 36.9346975185 
  2.300000e-01  -226.9243232904 36.9348374428 
  2.400000e-01  -226.9243232904 36.9350109370 
  2.500000e-01  -226.9243232904 36.9352198408 
  2.600000e-01  -226.9243232904 36.9354677306 
  2.700000e-01  -226.9243232904 36.9357586051 
  2.800000e-01  -226.9243232904 36.9360941742 
  2.900000e-01  -226.9243232904 36.9364714218 
  3.000000e-01  -226.9243232904 36.9368818091 
  3.100000e-01  -226.9243232904 36.9373124152 
  3.200000e-01  -226.9243232904 36.9377483771 
  3.300000e-01  -226.9243232904 36.9381755786 
  3.400000e-01  -226.9243232904 36.9385825614 
  3.500000e-01  -226.9243232904 36.9389610935 
  3.600000e-01  -226.9243232904 36.9393055473 
  3.700000e-01  -226.9243232904 36.9396117648 
  3.800000e-01  -226.9243232904 36.9398761300 
  3.900000e-01  -226.9243232904 36.9400952465 
  4.000000e-01  -226.9243232904 36.9402663185 
  4.100000e-01  -226.9243232904 36.9403882883 
  4.200000e-01  -226.9243232904 36.9404637972 
  4.300000e-01  -226.9243232904 36.9405014837 
  4.400000e-01  -226.9243232904 36.9405166238 
  4.500000e-01  -226.9243232904 36.9405273075 
  4.600000e-01  -226.9243232904 36.9405469197 
  4.700000e-01  -226.9243232904 36.9405791469 
  4.800000e-01  -226.9243232904 36.9406197310 
  4.900000e-01  -226.9243232904 36.9406618946 
  5.000000e-01  -226.9243232904 36.9407004770 
  5.100000e-01  -226.9243232904 36.9407332256 
  5.200000e-01  -226.9243232904 36.9407602829 
  5.300000e-01  -226.9243232904 36.9407831162 
  5.400000e-01  -226.9243232904 36.9408035204 
  5.500000e-01  -226.9243232904 36.9408229487 
  5.600000e-01  -226.9243232904 36.9408422664 
  5.700000e-01  -226.9243232904 36.9408618769 
  5.800000e-01  -226.9243232904 36.9408820352 
  5.900000e-01  -226.9243232904 36.9409031427 
  6.000000e-01  -226.9243232904 36.9409258870 
  6.100000e-01  -226.9243232904 36.9409511893 
  6.200000e-01  -226.9243232904 36.9409799967 
  6.300000e-01  -226.9243232904 36.9410129991 
  6.400000e-01  -226.9243232904 36.9410503705 
  6.500000e-01  -226.9243232904 36.9410916214 
  6.600000e-01  -226.9243232904 36.9411356104 
  6.700000e-01  -226.9243232904 36.9411807127 
  6.800000e-01  -226.9243232904 36.9412250904 
  6.900000e-01  -226.9243232904 36.9412669885 
  7.000000e-01  -226.9243232904 36.9413049799 
  7.100000e-01  -226.9243232904 36.9413381159 
  7.200000e-01  -226.9243232904 36.9413659719 
  7.300000e-01  -226.9243232904 36.9413886124 
  7.400000e-01  -226.9243232904 36.9414065104 
  7.500000e-01  -226.9243232904 36.9414204569 
  7.600000e-01  -226.9243232904 36.9414314784 
  7.700000e-01  -226.9243232904 36.9414407688 
  7.800000e-01  -226.9243232904 36.9414496264 
  7.900000e-01  -226.9243232904 36.9414593884 
  8.000000e-01  -226.9243232904 36.9414713545 
  8.100000e-01  -226.9243232904 36.9414867036 
  8.200000e-01  -226.9243232904 36.9415064113 
  8.300000e-01  -226.9243232904 36.9415311821 
  8.400000e-01  -226.9243232904 36.9415614062 
  8.500000e-01  -226.9243232904 36.9415971505 
  8.600000e-01  -226.9243232904 36.9416381814 
  8.700000e-01  -226.9243232904 36.9416840146 
  8.800000e-01  -226.9243232904 36.9417339822 
  8.900000e-01  -226.9243232904 36.9417873037 
  9.000000e-01  -226.9243232904 36.9418431510 
  9.100000e-01  -226.9243232904 36.9419006984 
  9.200000e-01  -226.9243232904 36.9419591540 
  9.300000e-01  -226.9243232904 36.9420177729 
  9.400000e-01  -226.9243232904 36.9420758539 
  9.500000e-01  -226.9243232904 36.9421327276 
  9.600000e-01  -226.9243232904 36.9421877419 
  9.700000e-01  -226.9243232904 36.9422402506 
  9.800000e-01  -226.9243232904 36.9422896120 
  9.900000e-01  -226.9243232904 36.9423351987 
  1.000000e+00  -226.9243232904 36.9423764204 
  1.010000e+00  -226.9243232904 36.9424127556 
  1.020000e+00  -226.9243232904 36.9424437874 
  1.030000e+00  -226.9243232904 36.9424692389 
  1.040000e+00  -226.9243232904 36.9424890004 
  1.050000e+00  -226.9243232904 36.9425031447 
  1.060000e+00  -226.9243232904 36.9425119295 
  1.070000e+00  -226.9243232904 36.9425157840 
  1.080000e+00  -226.9243232904 36.9425152848 
  1.090000e+00  -226.9243232904 36.9425111211 
  1.100000e+00  -226.9243232904 36.9425040552 
  1.110000e+00  -226.9243232904 36.9424948790 
  1.120000e+00  -226.9243232904 36.9424843713 
  1.130000e+00  -226.9243232904 36.9424732591 
  1.140000e+00  -226.9243232904 36.9424621838 
  1.150000e+00  -226.9243232904 36.9424516774 
  1.160000e+00  -226.9243232904 36.9424421475 
  1.170000e+00  -226.9243232904 36.9424338735 
  1.180000e+00  -226.9243232904 36.9424270113 
  1.190000e+00  -226.9243232904 36.9424216076 
  1.200000e+00  -226.9243232904 36.9424176187 
  1.210000e+00  -226.9243232904 36.9424149330 
  1.220000e+00  -226.9243232904 36.9424133929 
  1.230000e+00  -226.9243232904 36.9424128155 
  1.240000e+00  -226.9243232904 36.9424130085 
  1.250000e+00  -226.9243232904 36.9424137817 
  1.260000e+00  -226.9243232904 36.9424149549 
  1.270000e+00  -226.9243232904 36.9424163621 
  1.280000e+00  -226.9243232904 36.9424178540 
  1.290000e+00  -226.9243232904 36.9424193002 
  1.300000e+00  -226.9243232904 36.9424205908 
  1.310000e+00  -226.9243232904 36.9424216382 
  1.320000e+00  -226.9243232904 36.9424223779 
  1.330000e+00  -226.9243232904 36.9424227697 
  1.340000e+00  -226.9243232904 36.9424227955 
  1.350000e+00  -226.9243232904 36.9424224580 
  1.360000e+00  -226.9243232904 36.9424217773 
  1.370000e+00  -226.9243232904 36.9424207876 
  1.380000e+00  -226.9243232904 36.9424195341 
  1.390000e+00  -226.9243232904 36.9424180701 
  1.400000e+00  -226.9243232904 36.9424164551 
  1.410000e+00  -226.9243232904 36.9424147528 
  1.420000e+00  -226.9243232904 36.9424130298 
  1.430000e+00  -226.9243232904 36.9424113543 
  1.440000e+00  -226.9243232904 36.9424097942 
  1.450000e+00  -226.9243232903 36.9424084168 
  1.460000e+00  -226.9243232903 36.9424072861 
  1.470000e+00  -226.9243232903 36.9424064620 
  1.480000e+00  -226.9243232903 36.9424059981 
  1.490000e+00  -226.9243232903 36.9424059402 
  1.500000e+00  -226.9243232903 36.9424063253 
  1.510000e+00  -226.9243232903 36.9424071802 
  1.520000e+00  -226.9243232903 36.9424085219 
  1.530000e+00  -226.9243232903 36.9424103581 
  1.540000e+00  -226.9243232903 36.9424126884 
  1.550000e+00  -226.9243232903 36.9424155062 
  1.560000e+00  -226.9243232903 36.9424188004 
  1.570000e+00  -226.9243232903 36.9424225582 
  1.580000e+00  -226.9243232903 36.9424267662 
  1.590000e+00  -226.9243232903 36.9424314123 
  1.600000e+00  -226.9243232903 36.9424364868 
  1.610000e+00  -226.9243232903 36.9424419823 
  1.620000e+00  -226.9243232903 36.9424478944 
  1.630000e+00  -226.9243232903 36.9424542204 
  1.640000e+00  -226.9243232903 36.9424609592 
  1.650000e+00  -226.9243232903 36.9424681098 
  1.660000e+00  -226.9243232903 36.9424756700 
  1.670000e+00  -226.9243232903 36.9424836354 
  1.680000e+00  -226.9243232903 36.9424919981 
  1.690000e+00  -226.9243232903 36.9425007452 
  1.700000e+00  -226.9243232903 36.9425098580 
  1.710000e+00  -226.9243232903 36.9425193108 
  1.720000e+00  -226.9243232903 36.9425290709 
  1.730000e+00  -226.9243232903 36.9425390972 
  1.740000e+00  -226.9243232903 36.9425493408 
  1.750000e+00  -226.9243232903 36.9425597452 
  1.760000e+00  -226.9243232903 36.9425702461 
  1.770000e+00  -226.9243232903 36.9425807732 
  1.780000e+00  -226.9243232903 36.9425912507 
  1.790000e+00  -226.9243232903 36.9426015992 
  1.800000e+00  -226.9243232903 36.9426117369 
  1.810000e+00  -226.9243232903 36.9426215822 
  1.820000e+00  -226.9243232903 36.9426310548 
  1.830000e+00  -226.9243232903 36.9426400785 
  1.840000e+00  -226.9243232903 36.9426485823 
  1.850000e+00  -226.9243232903 36.9426565022 
  1.860000e+00  -226.9243232903 36.9426637828 
  1.870000e+00  -226.9243232903 36.9426703782 
  1.880000e+00  -226.9243232903 36.9426762527 
  1.890000e+00  -226.9243232903 36.9426813817 
  1.900000e+00  -226.9243232903 36.9426857514 
  1.910000e+00  -226.9243232903 36.9426893593 
  1.920000e+00  -226.9243232903 36.9426922138 
  1.930000e+00  -226.9243232903 36.9426943334 
  1.940000e+00  -226.9243232903 36.9426957467 
  1.950000e+00  -226.9243232903 36.9426964906 
  1.960000e+00  -226.9243232903 36.9426966102 
  1.970000e+00  -226.9243232903 36.9426961565 
  1.980000e+00  -226.9243232903 36.9426951861 
  1.990000e+00  -226.9243232903 36.9426937586 
  2.000000e+00  -226.9243232903 36.9426919359 
