  0.000000e+00  446.281163  146.898533
  5.000000e-03  434.666827  140.946758
  1.000000e-02  418.965676  137.839407
  1.500000e-02  404.253659  135.914997
  2.000000e-02  393.075367  133.730666
  2.500000e-02  386.311508  131.193466
  3.000000e-02  384.177048  128.525950
  3.500000e-02  386.455894  125.934453
  4.000000e-02  392.350822  123.455090
  4.500000e-02  400.477784  121.037868
  5.000000e-02  409.105685  118.758254
  5.500000e-02  416.505078  116.685006
  6.000000e-02  421.364348  114.794750
  6.500000e-02  423.106799  113.070876
  7.000000e-02  421.927996  111.521160
  7.500000e-02  418.575222  110.138202
  8.000000e-02  414.029251  108.889077
  8.500000e-02  409.234889  107.735410
  9.000000e-02  404.938577  106.650208
  9.500000e-02  401.622096  105.619864
  1.000000e-01  399.500198  104.638991
  1.050000e-01  398.555964  103.705416
  1.100000e-01  398.597631  102.817244
  1.150000e-01  399.325915  101.971573
  1.200000e-01  400.402856  101.164486
  1.250000e-01  401.513666  100.391938
  1.300000e-01  402.413654  99.650785
  1.350000e-01  402.954489  98.939423
  1.400000e-01  403.088237  98.257882
  1.450000e-01  402.852343  97.607477
  1.500000e-01  402.342145  96.990144
  1.550000e-01  401.678892  96.407690
  1.600000e-01  400.980566  95.861195
  1.650000e-01  400.340744  95.350748
  1.700000e-01  399.817871  94.875523
  1.750000e-01  399.434512  94.434054
  1.800000e-01  399.183972  94.024543
  1.850000e-01  399.040742  93.645056
  1.900000e-01  398.971351  93.293577
  1.950000e-01  398.943239  92.967979
  2.000000e-01  398.930518  92.665988
  2.050000e-01  398.916589  92.385215
  2.100000e-01  398.894230  92.123270
  2.150000e-01  398.864031  91.877914
  2.200000e-01  398.831937  91.647192
  2.250000e-01  398.806526  91.429496
  2.300000e-01  398.796460  91.223542
  2.350000e-01  398.808402  91.028300
  2.400000e-01  398.845649  90.842889
  2.450000e-01  398.907543  90.666498
  2.500000e-01  398.989706  90.498333
  2.550000e-01  399.084944  90.337611
  2.600000e-01  399.184607  90.183576
  2.650000e-01  399.280085  90.035515
  2.700000e-01  399.364115  89.892759
  2.750000e-01  399.431617  89.754667
  2.800000e-01  399.479996  89.620594
  2.850000e-01  399.508966  89.489892
  2.900000e-01  399.520093  89.361920
  2.950000e-01  399.516226  89.236086
  3.000000e-01  399.500947  89.111873
  3.050000e-01  399.478084  88.988858
  3.100000e-01  399.451298  88.866708
  3.150000e-01  399.423761  88.745171
  3.200000e-01  399.397927  88.624061
  3.250000e-01  399.375390  88.503245
  3.300000e-01  399.356851  88.382636
  3.350000e-01  399.342165  88.262185
  3.400000e-01  399.330478  88.141872
  3.450000e-01  399.320418  88.021705
  3.500000e-01  399.310322  87.901710
  3.550000e-01  399.298485  87.781931
  3.600000e-01  399.283401  87.662423
  3.650000e-01  399.263961  87.543246
  3.700000e-01  399.239602  87.424466
  3.750000e-01  399.210376  87.306149
  3.800000e-01  399.176934  87.188358
  3.850000e-01  399.140436  87.071150
  3.900000e-01  399.102388  86.954575
  3.950000e-01  399.064453  86.838674
  4.000000e-01  399.028236  86.723477
  4.050000e-01  398.995101  86.609002
  4.100000e-01  398.966023  86.495255
  4.150000e-01  398.941499  86.382230
  4.200000e-01  398.921534  86.269910
  4.250000e-01  398.905681  86.158263
  4.300000e-01  398.893141  86.047251
  4.350000e-01  398.882891  85.936824
  4.400000e-01  398.873827  85.826927
  4.450000e-01  398.864896  85.717500
  4.500000e-01  398.855205  85.608480
  4.550000e-01  398.844089  85.499804
  4.600000e-01  398.831141  85.391408
  4.650000e-01  398.816206  85.283230
  4.700000e-01  398.799332  85.175213
  4.750000e-01  398.780718  85.067298
  4.800000e-01  398.760640  84.959433
  4.850000e-01  398.739389  84.851567
  4.900000e-01  398.717212  84.743654
  4.950000e-01  398.694280  84.635649
  5.000000e-01  398.670668  84.527510
  5.050000e-01  398.646354  84.419196
  5.100000e-01  398.621231  84.310671
  5.150000e-01  398.595133  84.201897
  5.200000e-01  398.567861  84.092839
  5.250000e-01  398.539208  83.983464
  5.300000e-01  398.508979  83.873740
  5.350000e-01  398.477011  83.763634
  5.400000e-01  398.443175  83.653117
  5.450000e-01  398.407386  83.542159
  5.500000e-01  398.369591  83.430732
  5.550000e-01  398.329768  83.318810
  5.600000e-01  398.287920  83.206365
  5.650000e-01  398.244060  83.093376
  5.700000e-01  398.198213  82.979817
  5.750000e-01  398.150405  82.865669
  5.800000e-01  398.100663  82.750912
  5.850000e-01  398.049014  82.635529
  5.900000e-01  397.995483  82.519506
  5.950000e-01  397.940095  82.402830
  6.000000e-01  397.882876  82.285491
  6.050000e-01  397.823853  82.167482
  6.100000e-01  397.763054  82.048797
  6.150000e-01  397.700510  81.929433
  6.200000e-01  397.636253  81.809392
  6.250000e-01  397.570316  81.688674
  6.300000e-01  397.502735  81.567285
  6.350000e-01  397.433544  81.445231
  6.400000e-01  397.362776  81.322522
  6.450000e-01  397.290463  81.199168
  6.500000e-01  397.216636  81.075184
  6.550000e-01  397.141320  80.950584
  6.600000e-01  397.064539  80.825386
  6.650000e-01  396.986312  80.699611
  6.700000e-01  396.906653  80.573278
  6.750000e-01  396.825575  80.446412
  6.800000e-01  396.743084  80.319039
  6.850000e-01  396.659185  80.191185
  6.900000e-01  396.573882  80.062880
  6.950000e-01  396.487176  79.934155
  7.000000e-01  396.399070  79.805042
  7.050000e-01  396.309568  79.675576
  7.100000e-01  396.218676  79.545793
  7.150000e-01  396.126405  79.415730
  7.200000e-01  396.032768  79.285426
  7.250000e-01  395.937784  79.154921
  7.300000e-01  395.841477  79.024256
  7.350000e-01  395.743874  78.893474
  7.400000e-01  395.645008  78.762618
  7.450000e-01  395.544916  78.631731
  7.500000e-01  395.443639  78.500859
  7.550000e-01  395.341220  78.370048
  7.600000e-01  395.237709  78.239343
  7.650000e-01  395.133155  78.108792
  7.700000e-01  395.027613  77.978442
  7.750000e-01  394.921139  77.848340
  7.800000e-01  394.813793  77.718534
  7.850000e-01  394.705636  77.589073
  7.900000e-01  394.596734  77.460004
  7.950000e-01  394.487154  77.331376
  8.000000e-01  394.376967  77.203237
  8.050000e-01  394.266245  77.075634
  8.100000e-01  394.155066  76.948616
  8.150000e-01  394.043509  76.822228
  8.200000e-01  393.931654  76.696519
  8.250000e-01  393.819587  76.571533
  8.300000e-01  393.707395  76.447315
  8.350000e-01  393.595167  76.323911
  8.400000e-01  393.482993  76.201362
  8.450000e-01  393.370966  76.079712
  8.500000e-01  393.259179  75.959000
  8.550000e-01  393.147727  75.839266
  8.600000e-01  393.036703  75.720549
  8.650000e-01  392.926200  75.602885
  8.700000e-01  392.816311  75.486309
  8.750000e-01  392.707126  75.370855
  8.800000e-01  392.598734  75.256556
  8.850000e-01  392.491219  75.143442
  8.900000e-01  392.384663  75.031541
  8.950000e-01  392.279146  74.920881
  9.000000e-01  392.174740  74.811489
  9.050000e-01  392.071517  74.703386
  9.100000e-01  391.969541  74.596597
  9.150000e-01  391.868873  74.491141
  9.200000e-01  391.769571  74.387038
  9.250000e-01  391.671686  74.284304
  9.300000e-01  391.575265  74.182956
  9.350000e-01  391.480354  74.083007
  9.400000e-01  391.386990  73.984469
  9.450000e-01  391.295210  73.887354
  9.500000e-01  391.205047  73.791670
  9.550000e-01  391.116529  73.697426
  9.600000e-01  391.029683  73.604626
  9.650000e-01  390.944531  73.513276
  9.700000e-01  390.861093  73.423379
  9.750000e-01  390.779388  73.334936
  9.800000e-01  390.699429  73.247946
  9.850000e-01  390.621230  73.162410
  9.900000e-01  390.544800  73.078325
  9.950000e-01  390.470147  72.995686
  1.000000e+00  390.397276  72.914489
  1.005000e+00  390.326189  72.834727
  1.010000e+00  390.256889  72.756393
  1.015000e+00  390.189373  72.679479
  1.020000e+00  390.123637  72.603976
  1.025000e+00  390.059676  72.529873
  1.030000e+00  389.997482  72.457158
  1.035000e+00  389.937046  72.385820
  1.040000e+00  389.878356  72.315846
  1.045000e+00  389.821399  72.247223
  1.050000e+00  389.766161  72.179935
  1.055000e+00  389.712626  72.113969
  1.060000e+00  389.660776  72.049309
  1.065000e+00  389.610593  71.985939
  1.070000e+00  389.562058  71.923843
  1.075000e+00  389.515149  71.863004
  1.080000e+00  389.469845  71.803405
  1.085000e+00  389.426123  71.745028
  1.090000e+00  389.383959  71.687856
  1.095000e+00  389.343329  71.631871
  1.100000e+00  389.304207  71.577055
  1.105000e+00  389.266568  71.523390
  1.110000e+00  389.230384  71.470857
  1.115000e+00  389.195629  71.419438
  1.120000e+00  389.162274  71.369114
  1.125000e+00  389.130290  71.319866
  1.130000e+00  389.099649  71.271677
  1.135000e+00  389.070321  71.224528
  1.140000e+00  389.042276  71.178400
  1.145000e+00  389.015484  71.133275
  1.150000e+00  388.989913  71.089134
  1.155000e+00  388.965534  71.045959
  1.160000e+00  388.942314  71.003733
  1.165000e+00  388.920223  70.962437
  1.170000e+00  388.899230  70.922053
  1.175000e+00  388.879302  70.882565
  1.180000e+00  388.860409  70.843953
  1.185000e+00  388.842518  70.806202
  1.190000e+00  388.825600  70.769293
  1.195000e+00  388.809622  70.733211
  1.200000e+00  388.794554  70.697937
  1.205000e+00  388.780364  70.663457
  1.210000e+00  388.767023  70.629753
  1.215000e+00  388.754501  70.596810
  1.220000e+00  388.742768  70.564612
  1.225000e+00  388.731794  70.533142
  1.230000e+00  388.721550  70.502387
  1.235000e+00  388.712009  70.472330
  1.240000e+00  388.703142  70.442957
  1.245000e+00  388.694923  70.414253
  1.250000e+00  388.687324  70.386204
  1.255000e+00  388.680318  70.358796
  1.260000e+00  388.673882  70.332015
  1.265000e+00  388.667989  70.305846
  1.270000e+00  388.662615  70.280278
  1.275000e+00  388.657736  70.255296
  1.280000e+00  388.653330  70.230888
  1.285000e+00  388.649374  70.207041
  1.290000e+00  388.645847  70.183743
  1.295000e+00  388.642726  70.160981
  1.300000e+00  388.639993  70.138744
  1.305000e+00  388.637626  70.117019
  1.310000e+00  388.635608  70.095796
  1.315000e+00  388.633919  70.075062
  1.320000e+00  388.632543  70.054808
  1.325000e+00  388.631461  70.035021
  1.330000e+00  388.630658  70.015693
  1.335000e+00  388.630117  69.996811
  1.340000e+00  388.629825  69.978367
  1.345000e+00  388.629766  69.960350
  1.350000e+00  388.629926  69.942750
  1.355000e+00  388.630293  69.925558
  1.360000e+00  388.630854  69.908765
  1.365000e+00  388.631597  69.892361
  1.370000e+00  388.632510  69.876338
  1.375000e+00  388.633583  69.860687
  1.380000e+00  388.634806  69.845399
  1.385000e+00  388.636169  69.830466
  1.390000e+00  388.637663  69.815880
  1.395000e+00  388.639279  69.801633
  1.400000e+00  388.641008  69.787718
  1.405000e+00  388.642844  69.774126
  1.410000e+00  388.644778  69.760849
  1.415000e+00  388.646805  69.747882
  1.420000e+00  388.648916  69.735217
  1.425000e+00  388.651107  69.722846
  1.430000e+00  388.653371  69.710763
  1.435000e+00  388.655703  69.698961
  1.440000e+00  388.658097  69.687435
  1.445000e+00  388.660549  69.676176
  1.450000e+00  388.663054  69.665180
  1.455000e+00  388.665608  69.654440
  1.460000e+00  388.668206  69.643951
  1.465000e+00  388.670845  69.633706
  1.470000e+00  388.673520  69.623700
  1.475000e+00  388.676228  69.613927
  1.480000e+00  388.678966  69.604382
  1.485000e+00  388.681730  69.595060
  1.490000e+00  388.684518  69.585955
  1.495000e+00  388.687326  69.577062
  1.500000e+00  388.690151  69.568377
  1.505000e+00  388.692992  69.559895
  1.510000e+00  388.695844  69.551611
  1.515000e+00  388.698707  69.543520
  1.520000e+00  388.701577  69.535618
  1.525000e+00  388.704452  69.527901
  1.530000e+00  388.707330  69.520364
  1.535000e+00  388.710208  69.513002
  1.540000e+00  388.713086  69.505813
  1.545000e+00  388.715961  69.498792
  1.550000e+00  388.718830  69.491935
  1.555000e+00  388.721693  69.485238
  1.560000e+00  388.724547  69.478698
  1.565000e+00  388.727392  69.472311
  1.570000e+00  388.730224  69.466073
  1.575000e+00  388.733044  69.459980
  1.580000e+00  388.735848  69.454031
  1.585000e+00  388.738637  69.448220
  1.590000e+00  388.741408  69.442546
  1.595000e+00  388.744160  69.437004
  1.600000e+00  388.746893  69.431592
  1.605000e+00  388.749604  69.426306
  1.610000e+00  388.752293  69.421144
  1.615000e+00  388.754959  69.416103
  1.620000e+00  388.757601  69.411180
  1.625000e+00  388.760217  69.406372
  1.630000e+00  388.762808  69.401677
  1.635000e+00  388.765371  69.397091
  1.640000e+00  388.767907  69.392614
  1.645000e+00  388.770414  69.388240
  1.650000e+00  388.772892  69.383970
  1.655000e+00  388.775340  69.379799
  1.660000e+00  388.777758  69.375726
  1.665000e+00  388.780145  69.371749
  1.670000e+00  388.782501  69.367864
  1.675000e+00  388.784825  69.364071
  1.680000e+00  388.787116  69.360366
  1.685000e+00  388.789375  69.356749
  1.690000e+00  388.791601  69.353216
  1.695000e+00  388.793794  69.349766
  1.700000e+00  388.795953  69.346397
  1.705000e+00  388.798079  69.343107
  1.710000e+00  388.800171  69.339894
  1.715000e+00  388.802229  69.336756
  1.720000e+00  388.804253  69.333692
  1.725000e+00  388.806244  69.330699
  1.730000e+00  388.808200  69.327777
  1.735000e+00  388.810123  69.324924
  1.740000e+00  388.812011  69.322137
  1.745000e+00  388.813867  69.319416
  1.750000e+00  388.815688  69.316758
  1.755000e+00  388.817476  69.314163
  1.760000e+00  388.819231  69.311629
  1.765000e+00  388.820954  69.309154
  1.770000e+00  388.822643  69.306738
  1.775000e+00  388.824300  69.304378
  1.780000e+00  388.825925  69.302073
  1.785000e+00  388.827519  69.299822
  1.790000e+00  388.829080  69.297625
  1.795000e+00  388.830611  69.295479
  1.800000e+00  388.832111  69.293383
  1.805000e+00  388.833581  69.291336
  1.810000e+00  388.835020  69.289338
  1.815000e+00  388.836431  69.287386
  1.820000e+00  388.837812  69.285480
  1.825000e+00  388.839164  69.283619
  1.830000e+00  388.840489  69.281802
  1.835000e+00  388.841785  69.280027
  1.840000e+00  388.843054  69.278294
  1.845000e+00  388.844297  69.276602
  1.850000e+00  388.845512  69.274949
  1.855000e+00  388.846702  69.273335
  1.860000e+00  388.847867  69.271759
  1.865000e+00  388.849006  69.270220
  1.870000e+00  388.850121  69.268718
  1.875000e+00  388.851212  69.267250
  1.880000e+00  388.852279  69.265817
  1.885000e+00  388.853323  69.264418
  1.890000e+00  388.854345  69.263051
  1.895000e+00  388.855344  69.261717
  1.900000e+00  388.856321  69.260414
  1.905000e+00  388.857277  69.259142
  1.910000e+00  388.858212  69.257899
  1.915000e+00  388.859126  69.256686
  1.920000e+00  388.860021  69.255501
  1.925000e+00  388.860896  69.254344
  1.930000e+00  388.861751  69.253214
  1.935000e+00  388.862588  69.252111
  1.940000e+00  388.863406  69.251034
  1.945000e+00  388.864207  69.249982
  1.950000e+00  388.864990  69.248954
  1.955000e+00  388.865755  69.247951
  1.960000e+00  388.866504  69.246972
  1.965000e+00  388.867236  69.246015
  1.970000e+00  388.867952  69.245081
  1.975000e+00  388.868652  69.244169
  1.980000e+00  388.869337  69.243278
  1.985000e+00  388.870007  69.242408
  1.990000e+00  388.870661  69.241559
  1.995000e+00  388.871302  69.240730
  2.000000e+00  388.871928  69.239920
