  0.000000e+00  -226.9243232904 36.9206365739 
  5.000000e-03  -226.9243232904 36.9215317090 
  1.000000e-02  -226.9243232904 36.9263461732 
  1.500000e-02  -226.9243232904 36.9293592237 
  2.000000e-02  -226.9243232904 36.9309477701 
  2.500000e-02  -226.9243232904 36.9317658449 
  3.000000e-02  -226.9243232904 36.9319114701 
  3.500000e-02  -226.9243232904 36.9312791410 
  4.000000e-02  -226.9243232904 36.9300549933 
  4.500000e-02  -226.9243232904 36.9289105617 
  5.000000e-02  -226.9243232904 36.9283608885 
  5.500000e-02  -226.9243232904 36.9284108720 
  6.000000e-02  -226.9243232904 36.9288521372 
  6.500000e-02  -226.9243232904 36.9294842823 
  7.000000e-02  -226.9243232904 36.9301453246 
  7.500000e-02  -226.9243232904 36.9307120539 
  8.000000e-02  -226.9243232904 36.9311154229 
  8.500000e-02  -226.9243232904 36.9313450243 
  9.000000e-02  -226.9243232904 36.9314344770 
  9.500000e-02  -226.9243232904 36.9314375107 
  1.000000e-01  -226.9243232904 36.9314061353 
  1.050000e-01  -226.9243232904 36.9313776733 
  1.100000e-01  -226.9243232904 36.9313715447 
  1.150000e-01  -226.9243232904 36.9313927897 
  1.200000e-01  -226.9243232904 36.9314383463 
  1.250000e-01  -226.9243232904 36.9315029975 
  1.300000e-01  -226.9243232904 36.9315832999 
  1.350000e-01  -226.9243232904 36.9316789295 
  1.400000e-01  -226.9243232904 36.9317917570 
  1.450000e-01  -226.9243232904 36.9319237051 
  1.500000e-01  -226.9243232904 36.9320747470 
  1.550000e-01  -226.9243232904 36.9322420342 
  1.600000e-01  -226.9243232904 36.9324203658 
  1.650000e-01  -226.9243232904 36.9326035426 
  1.700000e-01  -226.9243232904 36.9327858791 
  1.750000e-01  -226.9243232904 36.9329632603 
  1.800000e-01  -226.9243232904 36.9331334565 
  1.850000e-01  -226.9243232904 36.9332957557 
  1.900000e-01  -226.9243232904 36.9334502180 
  1.950000e-01  -226.9243232904 36.9335969238 
  2.000000e-01  -226.9243232904 36.9337354940 
  2.050000e-01  -226.9243232904 36.9338649902 
  2.100000e-01  -226.9243232904 36.9339841315 
  2.150000e-01  -226.9243232904 36.9340916729 
  2.200000e-01  -226.9243232904 36.9341867742 
  2.250000e-01  -226.9243232904 36.9342692393 
  2.300000e-01  -226.9243232904 36.9343395822 
  2.350000e-01  -226.9243232904 36.9343989414 
  2.400000e-01  -226.9243232904 36.9344489070 
  2.450000e-01  -226.9243232904 36.9344913269 
  2.500000e-01  -226.9243232904 36.9345281347 
  2.550000e-01  -226.9243232904 36.9345612072 
  2.600000e-01  -226.9243232904 36.9345922332 
  2.650000e-01  -226.9243232904 36.9346225865 
  2.700000e-01  -226.9243232904 36.9346532231 
  2.750000e-01  -226.9243232904 36.9346846421 
  2.800000e-01  -226.9243232904 36.9347169361 
  2.850000e-01  -226.9243232904 36.9347499157 
  2.900000e-01  -226.9243232904 36.9347832579 
  2.950000e-01  -226.9243232904 36.9348166272 
  3.000000e-01  -226.9243232904 36.9348497427 
  3.050000e-01  -226.9243232904 36.9348823928 
  3.100000e-01  -226.9243232904 36.9349144165 
  3.150000e-01  -226.9243232904 36.9349456721 
  3.200000e-01  -226.9243232904 36.9349760083 
  3.250000e-01  -226.9243232904 36.9350052468 
  3.300000e-01  -226.9243232904 36.9350331779 
  3.350000e-01  -226.9243232904 36.9350595692 
  3.400000e-01  -226.9243232904 36.9350841836 
  3.450000e-01  -226.9243232904 36.9351068019 
  3.500000e-01  -226.9243232904 36.9351272467 
  3.550000e-01  -226.9243232904 36.9351454014 
  3.600000e-01  -226.9243232904 36.9351612240 
  3.650000e-01  -226.9243232904 36.9351747522 
  3.700000e-01  -226.9243232904 36.9351861012 
  3.750000e-01  -226.9243232904 36.9351954560 
  3.800000e-01  -226.9243232904 36.9352030586 
  3.850000e-01  -226.9243232904 36.9352091945 
  3.900000e-01  -226.9243232904 36.9352141778 
  3.950000e-01  -226.9243232904 36.9352183376 
  4.000000e-01  -226.9243232904 36.9352220059 
  4.050000e-01  -226.9243232904 36.9352255083 
  4.100000e-01  -226.9243232904 36.9352291559 
  4.150000e-01  -226.9243232904 36.9352332400 
  4.200000e-01  -226.9243232904 36.9352380281 
  4.250000e-01  -226.9243232904 36.9352437602 
  4.300000e-01  -226.9243232904 36.9352506461 
  4.350000e-01  -226.9243232904 36.9352588626 
  4.400000e-01  -226.9243232904 36.9352685502 
  4.450000e-01  -226.9243232904 36.9352798110 
  4.500000e-01  -226.9243232904 36.9352927065 
  4.550000e-01  -226.9243232904 36.9353072571 
  4.600000e-01  -226.9243232904 36.9353234429 
  4.650000e-01  -226.9243232904 36.9353412058 
  4.700000e-01  -226.9243232904 36.9353604539 
  4.750000e-01  -226.9243232904 36.9353810657 
  4.800000e-01  -226.9243232904 36.9354028970 
  4.850000e-01  -226.9243232904 36.9354257861 
  4.900000e-01  -226.9243232904 36.9354495601 
  4.950000e-01  -226.9243232904 36.9354740407 
  5.000000e-01  -226.9243232904 36.9354990490 
  5.050000e-01  -226.9243232904 36.9355244094 
  5.100000e-01  -226.9243232904 36.9355499533 
  5.150000e-01  -226.9243232904 36.9355755214 
  5.200000e-01  -226.9243232904 36.9356009661 
  5.250000e-01  -226.9243232904 36.9356261527 
  5.300000e-01  -226.9243232904 36.9356509606 
  5.350000e-01  -226.9243232904 36.9356752846 
  5.400000e-01  -226.9243232904 36.9356990356 
  5.450000e-01  -226.9243232904 36.9357221409 
  5.500000e-01  -226.9243232904 36.9357445444 
  5.550000e-01  -226.9243232904 36.9357662069 
  5.600000e-01  -226.9243232904 36.9357871052 
  5.650000e-01  -226.9243232904 36.9358072313 
  5.700000e-01  -226.9243232904 36.9358265912 
  5.750000e-01  -226.9243232904 36.9358452029 
  5.800000e-01  -226.9243232904 36.9358630947 
  5.850000e-01  -226.9243232904 36.9358803031 
  5.900000e-01  -226.9243232904 36.9358968707 
  5.950000e-01  -226.9243232904 36.9359128443 
  6.000000e-01  -226.9243232904 36.9359282730 
  6.050000e-01  -226.9243232904 36.9359432067 
  6.100000e-01  -226.9243232904 36.9359576947 
  6.150000e-01  -226.9243232904 36.9359717850 
  6.200000e-01  -226.9243232904 36.9359855228 
  6.250000e-01  -226.9243232904 36.9359989503 
  6.300000e-01  -226.9243232904 36.9360121062 
  6.350000e-01  -226.9243232904 36.9360250251 
  6.400000e-01  -226.9243232904 36.9360377374 
  6.450000e-01  -226.9243232904 36.9360502692 
  6.500000e-01  -226.9243232904 36.9360626426 
  6.550000e-01  -226.9243232904 36.9360748751 
  6.600000e-01  -226.9243232904 36.9360869805 
  6.650000e-01  -226.9243232904 36.9360989688 
  6.700000e-01  -226.9243232904 36.9361108468 
  6.750000e-01  -226.9243232904 36.9361226184 
  6.800000e-01  -226.9243232904 36.9361342847 
  6.850000e-01  -226.9243232904 36.9361458449 
  6.900000e-01  -226.9243232904 36.9361572967 
  6.950000e-01  -226.9243232904 36.9361686363 
  7.000000e-01  -226.9243232904 36.9361798587 
  7.050000e-01  -226.9243232904 36.9361909587 
  7.100000e-01  -226.9243232904 36.9362019304 
  7.150000e-01  -226.9243232904 36.9362127674 
  7.200000e-01  -226.9243232904 36.9362234637 
  7.250000e-01  -226.9243232904 36.9362340128 
  7.300000e-01  -226.9243232904 36.9362444086 
  7.350000e-01  -226.9243232904 36.9362546450 
  7.400000e-01  -226.9243232904 36.9362647161 
  7.450000e-01  -226.9243232904 36.9362746162 
  7.500000e-01  -226.9243232903 36.9362843395 
  7.550000e-01  -226.9243232903 36.9362938808 
  7.600000e-01  -226.9243232903 36.9363032347 
  7.650000e-01  -226.9243232903 36.9363123962 
  7.700000e-01  -226.9243232903 36.9363213602 
  7.750000e-01  -226.9243232903 36.9363301218 
  7.800000e-01  -226.9243232903 36.9363386763 
  7.850000e-01  -226.9243232903 36.9363470190 
  7.900000e-01  -226.9243232903 36.9363551453 
  7.950000e-01  -226.9243232903 36.9363630507 
  8.000000e-01  -226.9243232903 36.9363707310 
  8.050000e-01  -226.9243232903 36.9363781819 
  8.100000e-01  -226.9243232903 36.9363853996 
  8.150000e-01  -226.9243232903 36.9363923804 
  8.200000e-01  -226.9243232903 36.9363991210 
  8.250000e-01  -226.9243232903 36.9364056185 
  8.300000e-01  -226.9243232903 36.9364118703 
  8.350000e-01  -226.9243232903 36.9364178747 
  8.400000e-01  -226.9243232903 36.9364236303 
  8.450000e-01  -226.9243232903 36.9364291365 
  8.500000e-01  -226.9243232903 36.9364343935 
  8.550000e-01  -226.9243232903 36.9364394023 
  8.600000e-01  -226.9243232903 36.9364441645 
  8.650000e-01  -226.9243232903 36.9364486828 
  8.700000e-01  -226.9243232903 36.9364529607 
  8.750000e-01  -226.9243232903 36.9364570022 
  8.800000e-01  -226.9243232903 36.9364608126 
  8.850000e-01  -226.9243232903 36.9364643975 
  8.900000e-01  -226.9243232903 36.9364677634 
  8.950000e-01  -226.9243232903 36.9364709175 
  9.000000e-01  -226.9243232903 36.9364738672 
  9.050000e-01  -226.9243232903 36.9364766209 
  9.100000e-01  -226.9243232903 36.9364791870 
  9.150000e-01  -226.9243232903 36.9364815743 
  9.200000e-01  -226.9243232903 36.9364837920 
  9.250000e-01  -226.9243232903 36.9364858494 
  9.300000e-01  -226.9243232903 36.9364877558 
  9.350000e-01  -226.9243232903 36.9364895206 
  9.400000e-01  -226.9243232903 36.9364911532 
  9.450000e-01  -226.9243232903 36.9364926631 
  9.500000e-01  -226.9243232903 36.9364940594 
  9.550000e-01  -226.9243232903 36.9364953512 
  9.600000e-01  -226.9243232903 36.9364965473 
  9.650000e-01  -226.9243232903 36.9364976565 
  9.700000e-01  -226.9243232903 36.9364986872 
  9.750000e-01  -226.9243232903 36.9364996476 
  9.800000e-01  -226.9243232903 36.9365005455 
  9.850000e-01  -226.9243232903 36.9365013885 
  9.900000e-01  -226.9243232903 36.9365021840 
  9.950000e-01  -226.9243232903 36.9365029388 
  1.000000e+00  -226.9243232903 36.9365036595 
  1.005000e+00  -226.9243232903 36.9365043526 
  1.010000e+00  -226.9243232903 36.9365050238 
  1.015000e+00  -226.9243232903 36.9365056788 
  1.020000e+00  -226.9243232903 36.9365063228 
  1.025000e+00  -226.9243232903 36.9365069607 
  1.030000e+00  -226.9243232903 36.9365075969 
  1.035000e+00  -226.9243232903 36.9365082356 
  1.040000e+00  -226.9243232903 36.9365088807 
  1.045000e+00  -226.9243232903 36.9365095355 
  1.050000e+00  -226.9243232903 36.9365102033 
  1.055000e+00  -226.9243232903 36.9365108867 
  1.060000e+00  -226.9243232903 36.9365115883 
  1.065000e+00  -226.9243232903 36.9365123101 
  1.070000e+00  -226.9243232903 36.9365130541 
  1.075000e+00  -226.9243232903 36.9365138218 
  1.080000e+00  -226.9243232903 36.9365146143 
  1.085000e+00  -226.9243232903 36.9365154328 
  1.090000e+00  -226.9243232903 36.9365162778 
  1.095000e+00  -226.9243232903 36.9365171499 
  1.100000e+00  -226.9243232903 36.9365180492 
  1.105000e+00  -226.9243232903 36.9365189757 
  1.110000e+00  -226.9243232903 36.9365199293 
  1.115000e+00  -226.9243232903 36.9365209094 
  1.120000e+00  -226.9243232903 36.9365219154 
  1.125000e+00  -226.9243232903 36.9365229465 
  1.130000e+00  -226.9243232903 36.9365240018 
  1.135000e+00  -226.9243232903 36.9365250802 
  1.140000e+00  -226.9243232903 36.9365261804 
  1.145000e+00  -226.9243232903 36.9365273011 
  1.150000e+00  -226.9243232903 36.9365284407 
  1.155000e+00  -226.9243232903 36.9365295979 
  1.160000e+00  -226.9243232903 36.9365307709 
  1.165000e+00  -226.9243232903 36.9365319581 
  1.170000e+00  -226.9243232903 36.9365331577 
  1.175000e+00  -226.9243232903 36.9365343680 
  1.180000e+00  -226.9243232903 36.9365355871 
  1.185000e+00  -226.9243232903 36.9365368134 
  1.190000e+00  -226.9243232903 36.9365380449 
  1.195000e+00  -226.9243232903 36.9365392799 
  1.200000e+00  -226.9243232903 36.9365405165 
  1.205000e+00  -226.9243232903 36.9365417530 
  1.210000e+00  -226.9243232903 36.9365429876 
  1.215000e+00  -226.9243232903 36.9365442186 
  1.220000e+00  -226.9243232903 36.9365454442 
  1.225000e+00  -226.9243232903 36.9365466628 
  1.230000e+00  -226.9243232903 36.9365478729 
  1.235000e+00  -226.9243232903 36.9365490727 
  1.240000e+00  -226.9243232903 36.9365502608 
  1.245000e+00  -226.9243232903 36.9365514358 
  1.250000e+00  -226.9243232903 36.9365525963 
  1.255000e+00  -226.9243232903 36.9365537409 
  1.260000e+00  -226.9243232903 36.9365548683 
  1.265000e+00  -226.9243232903 36.9365559775 
  1.270000e+00  -226.9243232903 36.9365570673 
  1.275000e+00  -226.9243232903 36.9365581366 
  1.280000e+00  -226.9243232903 36.9365591846 
  1.285000e+00  -226.9243232903 36.9365602104 
  1.290000e+00  -226.9243232903 36.9365612132 
  1.295000e+00  -226.9243232903 36.9365621924 
  1.300000e+00  -226.9243232903 36.9365631475 
  1.305000e+00  -226.9243232903 36.9365640780 
  1.310000e+00  -226.9243232903 36.9365649834 
  1.315000e+00  -226.9243232903 36.9365658636 
  1.320000e+00  -226.9243232903 36.9365667184 
  1.325000e+00  -226.9243232903 36.9365675477 
  1.330000e+00  -226.9243232903 36.9365683514 
  1.335000e+00  -226.9243232903 36.9365691298 
  1.340000e+00  -226.9243232903 36.9365698830 
  1.345000e+00  -226.9243232903 36.9365706112 
  1.350000e+00  -226.9243232903 36.9365713148 
  1.355000e+00  -226.9243232903 36.9365719941 
  1.360000e+00  -226.9243232903 36.9365726497 
  1.365000e+00  -226.9243232903 36.9365732821 
  1.370000e+00  -226.9243232903 36.9365738917 
  1.375000e+00  -226.9243232903 36.9365744793 
  1.380000e+00  -226.9243232903 36.9365750454 
  1.385000e+00  -226.9243232903 36.9365755907 
  1.390000e+00  -226.9243232903 36.9365761159 
  1.395000e+00  -226.9243232903 36.9365766218 
  1.400000e+00  -226.9243232903 36.9365771089 
  1.405000e+00  -226.9243232903 36.9365775781 
  1.410000e+00  -226.9243232903 36.9365780300 
  1.415000e+00  -226.9243232903 36.9365784654 
  1.420000e+00  -226.9243232903 36.9365788850 
  1.425000e+00  -226.9243232903 36.9365792895 
  1.430000e+00  -226.9243232903 36.9365796795 
  1.435000e+00  -226.9243232903 36.9365800558 
  1.440000e+00  -226.9243232903 36.9365804190 
  1.445000e+00  -226.9243232903 36.9365807697 
  1.450000e+00  -226.9243232903 36.9365811086 
  1.455000e+00  -226.9243232903 36.9365814362 
  1.460000e+00  -226.9243232903 36.9365817531 
  1.465000e+00  -226.9243232903 36.9365820599 
  1.470000e+00  -226.9243232903 36.9365823572 
  1.475000e+00  -226.9243232903 36.9365826453 
  1.480000e+00  -226.9243232903 36.9365829248 
  1.485000e+00  -226.9243232903 36.9365831962 
  1.490000e+00  -226.9243232903 36.9365834598 
  1.495000e+00  -226.9243232903 36.9365837162 
  1.500000e+00  -226.9243232903 36.9365839657 
  1.505000e+00  -226.9243232903 36.9365842087 
  1.510000e+00  -226.9243232903 36.9365844455 
  1.515000e+00  -226.9243232903 36.9365846765 
  1.520000e+00  -226.9243232903 36.9365849019 
  1.525000e+00  -226.9243232903 36.9365851221 
  1.530000e+00  -226.9243232903 36.9365853374 
  1.535000e+00  -226.9243232903 36.9365855480 
  1.540000e+00  -226.9243232903 36.9365857541 
  1.545000e+00  -226.9243232903 36.9365859559 
  1.550000e+00  -226.9243232903 36.9365861536 
  1.555000e+00  -226.9243232903 36.9365863475 
  1.560000e+00  -226.9243232903 36.9365865377 
  1.565000e+00  -226.9243232903 36.9365867242 
  1.570000e+00  -226.9243232903 36.9365869074 
  1.575000e+00  -226.9243232903 36.9365870872 
  1.580000e+00  -226.9243232903 36.9365872637 
  1.585000e+00  -226.9243232903 36.9365874372 
  1.590000e+00  -226.9243232903 36.9365876076 
  1.595000e+00  -226.9243232903 36.9365877750 
  1.600000e+00  -226.9243232903 36.9365879395 
  1.605000e+00  -226.9243232903 36.9365881012 
  1.610000e+00  -226.9243232903 36.9365882600 
  1.615000e+00  -226.9243232903 36.9365884160 
  1.620000e+00  -226.9243232903 36.9365885693 
  1.625000e+00  -226.9243232903 36.9365887199 
  1.630000e+00  -226.9243232903 36.9365888678 
  1.635000e+00  -226.9243232903 36.9365890130 
  1.640000e+00  -226.9243232903 36.9365891555 
  1.645000e+00  -226.9243232903 36.9365892953 
  1.650000e+00  -226.9243232903 36.9365894326 
  1.655000e+00  -226.9243232903 36.9365895672 
  1.660000e+00  -226.9243232903 36.9365896991 
  1.665000e+00  -226.9243232903 36.9365898285 
  1.670000e+00  -226.9243232903 36.9365899553 
  1.675000e+00  -226.9243232903 36.9365900795 
  1.680000e+00  -226.9243232903 36.9365902011 
  1.685000e+00  -226.9243232903 36.9365903202 
  1.690000e+00  -226.9243232903 36.9365904367 
  1.695000e+00  -226.9243232903 36.9365905507 
  1.700000e+00  -226.9243232903 36.9365906622 
  1.705000e+00  -226.9243232903 36.9365907712 
  1.710000e+00  -226.9243232903 36.9365908777 
  1.715000e+00  -226.9243232903 36.9365909818 
  1.720000e+00  -226.9243232903 36.9365910835 
  1.725000e+00  -226.9243232903 36.9365911828 
  1.730000e+00  -226.9243232903 36.9365912797 
  1.735000e+00  -226.9243232903 36.9365913743 
  1.740000e+00  -226.9243232903 36.9365914666 
  1.745000e+00  -226.9243232903 36.9365915566 
  1.750000e+00  -226.9243232903 36.9365916443 
  1.755000e+00  -226.9243232903 36.9365917299 
  1.760000e+00  -226.9243232903 36.9365918133 
  1.765000e+00  -226.9243232903 36.9365918946 
  1.770000e+00  -226.9243232903 36.9365919737 
  1.775000e+00  -226.9243232903 36.9365920508 
  1.780000e+00  -226.9243232903 36.9365921259 
  1.785000e+00  -226.9243232903 36.9365921990 
  1.790000e+00  -226.9243232903 36.9365922702 
  1.795000e+00  -226.9243232903 36.9365923395 
  1.800000e+00  -226.9243232903 36.9365924069 
  1.805000e+00  -226.9243232903 36.9365924725 
  1.810000e+00  -226.9243232903 36.9365925363 
  1.815000e+00  -226.9243232903 36.9365925984 
  1.820000e+00  -226.9243232903 36.9365926588 
  1.825000e+00  -226.9243232903 36.9365927176 
  1.830000e+00  -226.9243232903 36.9365927747 
  1.835000e+00  -226.9243232903 36.9365928303 
  1.840000e+00  -226.9243232903 36.9365928844 
  1.845000e+00  -226.9243232903 36.9365929370 
  1.850000e+00  -226.9243232903 36.9365929882 
  1.855000e+00  -226.9243232903 36.9365930380 
  1.860000e+00  -226.9243232903 36.9365930864 
  1.865000e+00  -226.9243232903 36.9365931336 
  1.870000e+00  -226.9243232903 36.9365931794 
  1.875000e+00  -226.9243232903 36.9365932240 
  1.880000e+00  -226.9243232903 36.9365932675 
  1.885000e+00  -226.9243232903 36.9365933098 
  1.890000e+00  -226.9243232903 36.9365933509 
  1.895000e+00  -226.9243232903 36.9365933910 
  1.900000e+00  -226.9243232903 36.9365934301 
  1.905000e+00  -226.9243232903 36.9365934681 
  1.910000e+00  -226.9243232903 36.9365935051 
  1.915000e+00  -226.9243232903 36.9365935412 
  1.920000e+00  -226.9243232903 36.9365935764 
  1.925000e+00  -226.9243232903 36.9365936107 
  1.930000e+00  -226.9243232903 36.9365936441 
  1.935000e+00  -226.9243232903 36.9365936767 
  1.940000e+00  -226.9243232903 36.9365937085 
  1.945000e+00  -226.9243232903 36.9365937395 
  1.950000e+00  -226.9243232903 36.9365937698 
  1.955000e+00  -226.9243232903 36.9365937993 
  1.960000e+00  -226.9243232903 36.9365938281 
  1.965000e+00  -226.9243232903 36.9365938562 
  1.970000e+00  -226.9243232903 36.9365938837 
  1.975000e+00  -226.9243232903 36.9365939105 
  1.980000e+00  -226.9243232903 36.9365939366 
  1.985000e+00  -226.9243232903 36.9365939622 
  1.990000e+00  -226.9243232903 36.9365939871 
  1.995000e+00  -226.9243232903 36.9365940115 
  2.000000e+00  -226.9243232903 36.9365940353 
