  0.000000e+00  446.281163  146.898533
  1.000000e-02  434.414425  140.829666
  2.000000e-02  418.150803  137.898829
  3.000000e-02  402.851692  136.224749
  4.000000e-02  391.355171  134.334616
  5.000000e-02  384.767141  132.115084
  6.000000e-02  383.438990  129.818808
  7.000000e-02  387.127550  127.628118
  8.000000e-02  394.780758  125.384275
  9.000000e-02  404.619096  122.960295
  1.000000e-01  414.484116  120.613185
  1.100000e-01  422.309791  118.474623
  1.200000e-01  426.691739  116.533554
  1.300000e-01  427.232915  114.804980
  1.400000e-01  424.475472  113.305587
  1.500000e-01  419.536393  112.001893
  1.600000e-01  413.689519  110.828123
  1.700000e-01  408.061249  109.728710
  1.800000e-01  403.472066  108.674821
  1.900000e-01  400.384626  107.657295
  2.000000e-01  398.918057  106.675602
  2.100000e-01  398.905277  105.730903
  2.200000e-01  399.977158  104.821902
  2.300000e-01  401.660010  103.943559
  2.400000e-01  403.474510  103.089427
  2.500000e-01  405.022258  102.255347
  2.600000e-01  406.044745  101.441620
  2.700000e-01  406.444441  100.652831
  2.800000e-01  406.267823  99.896029
  2.900000e-01  405.660409  99.178257
  3.000000e-01  404.810231  98.504450
  3.100000e-01  403.896499  97.876438
  3.200000e-01  403.054939  97.293071
  3.300000e-01  402.363783  96.751124
  3.400000e-01  401.847965  96.246565
  3.500000e-01  401.495230  95.775714
  3.600000e-01  401.276381  95.335910
  3.700000e-01  401.162629  94.925522
  3.800000e-01  401.135570  94.543471
  3.900000e-01  401.188539  94.188584
  4.000000e-01  401.321027  93.859062
  4.100000e-01  401.529476  93.552193
  4.200000e-01  401.798413  93.264237
  4.300000e-01  402.095947  92.990547
  4.400000e-01  402.376891  92.726529
  4.500000e-01  402.593313  92.469538
  4.600000e-01  402.707040  92.219795
  4.700000e-01  402.697442  91.978637
  4.800000e-01  402.562869  91.746097
  4.900000e-01  402.318351  91.520326
  5.000000e-01  401.991904  91.298500
  5.100000e-01  401.620206  91.077886
  5.200000e-01  401.243765  90.856452
  5.300000e-01  400.901755  90.632978
  5.400000e-01  400.627024  90.406892
  5.500000e-01  400.442076  90.178029
  5.600000e-01  400.356715  89.946443
  5.700000e-01  400.367681  89.712329
  5.800000e-01  400.460101  89.476018
  5.900000e-01  400.610294  89.238006
  6.000000e-01  400.789323  88.998957
  6.100000e-01  400.966817  88.759677
  6.200000e-01  401.114638  88.521076
  6.300000e-01  401.210037  88.284108
  6.400000e-01  401.237987  88.049702
  6.500000e-01  401.192431  87.818686
  6.600000e-01  401.076346  87.591718
  6.700000e-01  400.900681  87.369244
  6.800000e-01  400.682390  87.151494
  6.900000e-01  400.441907  86.938513
  7.000000e-01  400.200427  86.730214
  7.100000e-01  399.977364  86.526430
  7.200000e-01  399.788260  86.326950
  7.300000e-01  399.643358  86.131534
  7.400000e-01  399.546931  85.939912
  7.500000e-01  399.497371  85.751767
  7.600000e-01  399.487966  85.566724
  7.700000e-01  399.508204  85.384346
  7.800000e-01  399.545413  85.204146
  7.900000e-01  399.586476  85.025607
  8.000000e-01  399.619429  84.848207
  8.100000e-01  399.634712  84.671447
  8.200000e-01  399.625952  84.494875
  8.300000e-01  399.590214  84.318094
  8.400000e-01  399.527751  84.140771
  8.500000e-01  399.441344  83.962633
  8.600000e-01  399.335388  83.783462
  8.700000e-01  399.214892  83.603088
  8.800000e-01  399.084570  83.421373
  8.900000e-01  398.948130  83.238207
  9.000000e-01  398.807871  83.053494
  9.100000e-01  398.664589  82.867152
  9.200000e-01  398.517765  82.679100
  9.300000e-01  398.365983  82.489263
  9.400000e-01  398.207443  82.297572
  9.500000e-01  398.040497  82.103961
  9.600000e-01  397.864085  81.908373
  9.700000e-01  397.678013  81.710761
  9.800000e-01  397.483041  81.511082
  9.900000e-01  397.280776  81.309301
  1.000000e+00  397.073426  81.105391
  1.010000e+00  396.863462  80.899330
  1.020000e+00  396.653275  80.691106
  1.030000e+00  396.444869  80.480722
  1.040000e+00  396.239658  80.268195
  1.050000e+00  396.038381  80.053570
  1.060000e+00  395.841122  79.836914
  1.070000e+00  395.647433  79.618332
  1.080000e+00  395.456514  79.397956
  1.090000e+00  395.267406  79.175957
  1.100000e+00  395.079179  78.952537
  1.110000e+00  394.891083  78.727933
  1.120000e+00  394.702647  78.502408
  1.130000e+00  394.513716  78.276253
  1.140000e+00  394.324451  78.049777
  1.150000e+00  394.135273  77.823306
  1.160000e+00  393.946784  77.597173
  1.170000e+00  393.759665  77.371712
  1.180000e+00  393.574584  77.147253
  1.190000e+00  393.392096  76.924113
  1.200000e+00  393.212581  76.702597
  1.210000e+00  393.036203  76.482991
  1.220000e+00  392.862895  76.265562
  1.230000e+00  392.692388  76.050558
  1.240000e+00  392.524260  75.838211
  1.250000e+00  392.357999  75.628731
  1.260000e+00  392.193089  75.422313
  1.270000e+00  392.029083  75.219133
  1.280000e+00  391.865673  75.019348
  1.290000e+00  391.702727  74.823094
  1.300000e+00  391.540313  74.630486
  1.310000e+00  391.378685  74.441615
  1.320000e+00  391.218247  74.256551
  1.330000e+00  391.059506  74.075340
  1.340000e+00  390.903015  73.898011
  1.350000e+00  390.749313  73.724576
  1.360000e+00  390.598890  73.555034
  1.370000e+00  390.452151  73.389374
  1.380000e+00  390.309405  73.227578
  1.390000e+00  390.170864  73.069625
  1.400000e+00  390.036652  72.915494
  1.410000e+00  389.906829  72.765159
  1.420000e+00  389.781405  72.618599
  1.430000e+00  389.660367  72.475792
  1.440000e+00  389.543698  72.336718
  1.450000e+00  389.431391  72.201359
  1.460000e+00  389.323462  72.069695
  1.470000e+00  389.219957  71.941711
  1.480000e+00  389.120948  71.817390
  1.490000e+00  389.026541  71.696716
  1.500000e+00  388.936858  71.579672
  1.510000e+00  388.852040  71.466240
  1.520000e+00  388.772233  71.356400
  1.530000e+00  388.697585  71.250129
  1.540000e+00  388.628234  71.147404
  1.550000e+00  388.564311  71.048193
  1.560000e+00  388.505928  70.952463
  1.570000e+00  388.453187  70.860176
  1.580000e+00  388.406168  70.771289
  1.590000e+00  388.364937  70.685752
  1.600000e+00  388.329541  70.603511
  1.610000e+00  388.300009  70.524507
  1.620000e+00  388.276349  70.448675
  1.630000e+00  388.258546  70.375944
  1.640000e+00  388.246557  70.306239
  1.650000e+00  388.240311  70.239483
  1.660000e+00  388.239703  70.175592
  1.670000e+00  388.244588  70.114480
  1.680000e+00  388.254784  70.056060
  1.690000e+00  388.270068  70.000240
  1.700000e+00  388.290174  69.946931
  1.710000e+00  388.314797  69.896041
  1.720000e+00  388.343597  69.847478
  1.730000e+00  388.376197  69.801152
  1.740000e+00  388.412198  69.756974
  1.750000e+00  388.451180  69.714857
  1.760000e+00  388.492708  69.674716
  1.770000e+00  388.536345  69.636469
  1.780000e+00  388.581652  69.600037
  1.790000e+00  388.628199  69.565343
  1.800000e+00  388.675569  69.532313
  1.810000e+00  388.723359  69.500879
  1.820000e+00  388.771187  69.470971
  1.830000e+00  388.818690  69.442526
  1.840000e+00  388.865531  69.415483
  1.850000e+00  388.911395  69.389782
  1.860000e+00  388.955991  69.365368
  1.870000e+00  388.999053  69.342187
  1.880000e+00  389.040343  69.320189
  1.890000e+00  389.079644  69.299324
  1.900000e+00  389.116768  69.279547
  1.910000e+00  389.151550  69.260813
  1.920000e+00  389.183852  69.243079
  1.930000e+00  389.213557  69.226305
  1.940000e+00  389.240577  69.210449
  1.950000e+00  389.264843  69.195476
  1.960000e+00  389.286311  69.181347
  1.970000e+00  389.304963  69.168026
  1.980000e+00  389.320800  69.155479
  1.990000e+00  389.333849  69.143672
  2.000000e+00  389.344160  69.132571
