  1.000000e-02  10.56294508 376.04853020 
  1.500000e-02  10.56294508 376.07099125 
  2.000000e-02  10.56294508 376.07071932 
  2.500000e-02  10.56294508 376.05872955 
  3.000000e-02  10.56294508 376.08971918 
  3.500000e-02  10.56294508 376.09146817 
  4.000000e-02  10.56294508 376.09618509 
  4.500000e-02  10.56294508 376.09824454 
  5.000000e-02  10.56294508 376.09001814 
  5.500000e-02  10.56294508 376.08237222 
  6.000000e-02  10.56294508 376.08388174 
  6.500000e-02  10.56294508 376.09232481 
  7.000000e-02  10.56294508 376.10491489 
  7.500000e-02  10.56294508 376.04197041 
  8.000000e-02  10.56294508 376.08155128 
  8.500000e-02  10.56294508 376.06252949 
  9.000000e-02  10.56294508 376.07142880 
  9.500000e-02  10.56294508 376.06773681 
  1.000000e-01  10.56294508 376.06876676 
  1.050000e-01  10.56294508 376.06679035 
  1.100000e-01  10.56294508 376.07310517 
  1.150000e-01  10.56294508 376.07354008 
  1.200000e-01  10.56294508 376.07297578 
  1.250000e-01  10.56294508 376.07298057 
  1.300000e-01  10.56294508 376.07338548 
  1.350000e-01  10.56294508 376.07408043 
  1.400000e-01  10.56294508 376.07513007 
  1.450000e-01  10.56294508 376.07669167 
  1.500000e-01  10.56294508 376.07884380 
  1.550000e-01  10.56294508 376.06132702 
  1.600000e-01  10.56294508 376.07415972 
  1.650000e-01  10.56294508 376.06606667 
  1.700000e-01  10.56294508 376.07346691 
  1.750000e-01  10.56294508 376.06632175 
  1.800000e-01  10.56294508 376.07070204 
  1.850000e-01  10.56294508 376.07284496 
  1.900000e-01  10.56294508 376.07287570 
  1.950000e-01  10.56294508 376.07258681 
  2.000000e-01  10.56294508 376.07260081 
  2.050000e-01  10.56294508 376.07289464 
  2.100000e-01  10.56294508 376.07340126 
  2.150000e-01  10.56294508 376.07410944 
  2.200000e-01  10.56294508 376.07499277 
  2.250000e-01  10.56294508 376.07594720 
  2.300000e-01  10.56294508 376.07681761 
  2.350000e-01  10.56294508 376.07749019 
  2.400000e-01  10.56294508 376.07794317 
  2.450000e-01  10.56294508 376.07822130 
  2.500000e-01  10.56294508 376.07838775 
  2.550000e-01  10.56294508 376.07849556 
  2.600000e-01  10.56294508 376.07857950 
  2.650000e-01  10.56294508 376.07865690 
  2.700000e-01  10.56294508 376.06250056 
  2.750000e-01  10.56294508 376.07208752 
  2.800000e-01  10.56294508 376.06554962 
  2.850000e-01  10.56294508 376.07062932 
  2.900000e-01  10.56294508 376.07287256 
  2.950000e-01  10.56294508 376.07276866 
  3.000000e-01  10.56294508 376.07206078 
  3.050000e-01  10.56294508 376.07162605 
  3.100000e-01  10.56294508 376.07152099 
  3.150000e-01  10.56294508 376.07160663 
  3.200000e-01  10.56294508 376.07179286 
  3.250000e-01  10.56294508 376.07204931 
  3.300000e-01  10.56294508 376.07236644 
  3.350000e-01  10.56294508 376.07272068 
  3.400000e-01  10.56294508 376.07306313 
  3.450000e-01  10.56294508 376.07333919 
  3.500000e-01  10.56294508 376.07351994 
  3.550000e-01  10.56294508 376.07361272 
  3.600000e-01  10.56294508 376.07364669 
  3.650000e-01  10.56294508 376.07365275 
  3.700000e-01  10.56294508 376.07365239 
  3.750000e-01  10.56294508 376.07365626 
  3.800000e-01  10.56294508 376.07366745 
  3.850000e-01  10.56294508 376.07368505 
  3.900000e-01  10.56294508 376.07370651 
  3.950000e-01  10.56294508 376.07372855 
  4.000000e-01  10.56294508 376.07374759 
  4.050000e-01  10.56294508 376.07376000 
  4.100000e-01  10.56294508 376.07376277 
  4.150000e-01  10.56294508 376.07375413 
  4.200000e-01  10.56294508 376.07373398 
  4.250000e-01  10.56294508 376.07370377 
  4.300000e-01  10.56294508 376.07366609 
  4.350000e-01  10.56294508 376.07362393 
  4.400000e-01  10.56294508 376.07358006 
  4.450000e-01  10.56294508 376.07353663 
  4.500000e-01  10.56294508 376.07349503 
  4.550000e-01  10.56294508 376.07345596 
  4.600000e-01  10.56294508 376.07341958 
  4.650000e-01  10.56294508 376.07338568 
  4.700000e-01  10.56294508 376.07335388 
  4.750000e-01  10.56294508 376.07332374 
  4.800000e-01  10.56294508 376.07329474 
  4.850000e-01  10.56294508 376.07326640 
  4.900000e-01  10.56294508 376.07323822 
  4.950000e-01  10.56294508 376.07320979 
  5.000000e-01  10.56294508 376.07318072 
  5.050000e-01  10.56294508 376.07315073 
  5.100000e-01  10.56294508 376.07311967 
  5.150000e-01  10.56294508 376.07308754 
  5.200000e-01  10.56294508 376.07305446 
  5.250000e-01  10.56294508 376.07302070 
  5.300000e-01  10.56294508 376.07298662 
  5.350000e-01  10.56294508 376.07295256 
  5.400000e-01  10.56294508 376.07291887 
  5.450000e-01  10.56294508 376.07288588 
  5.500000e-01  10.56294508 376.07285387 
  5.550000e-01  10.56294508 376.07282300 
  5.600000e-01  10.56294508 376.07279340 
  5.650000e-01  10.56294508 376.07276513 
  5.700000e-01  10.56294508 376.07273828 
  5.750000e-01  10.56294508 376.07271294 
  5.800000e-01  10.56294508 376.07268917 
  5.850000e-01  10.56294508 376.07266707 
  5.900000e-01  10.56294508 376.07264679 
  5.950000e-01  10.56294508 376.07262849 
  6.000000e-01  10.56294508 376.07261233 
  6.050000e-01  10.56294508 376.07259847 
  6.100000e-01  10.56294508 376.07258706 
  6.150000e-01  10.56294508 376.07257819 
  6.200000e-01  10.56294508 376.07257190 
  6.250000e-01  10.56294508 376.07256818 
  6.300000e-01  10.56294508 376.07256697 
  6.350000e-01  10.56294508 376.07256818 
  6.400000e-01  10.56294508 376.07257166 
  6.450000e-01  10.56294508 376.07257728 
  6.500000e-01  10.56294508 376.07258487 
  6.550000e-01  10.56294508 376.07259427 
  6.600000e-01  10.56294508 376.07260531 
  6.650000e-01  10.56294508 376.07261789 
  6.700000e-01  10.56294508 376.07263189 
  6.750000e-01  10.56294508 376.07264722 
  6.800000e-01  10.56294508 376.07266381 
  6.850000e-01  10.56294508 376.07268164 
  6.900000e-01  10.56294508 376.07270072 
  6.950000e-01  10.56294508 376.07272107 
  7.000000e-01  10.56294508 376.07274275 
  7.050000e-01  10.56294508 376.07276580 
  7.100000e-01  10.56294508 376.07279031 
  7.150000e-01  10.56294508 376.07281635 
  7.200000e-01  10.56294508 376.07284400 
  7.250000e-01  10.56294508 376.07287333 
  7.300000e-01  10.56294508 376.07290436 
  7.350000e-01  10.56294508 376.07293713 
  7.400000e-01  10.56294508 376.07297165 
  7.450000e-01  10.56294508 376.07300786 
  7.500000e-01  10.56294508 376.07304573 
  7.550000e-01  10.56294508 376.07308519 
  7.600000e-01  10.56294508 376.07312612 
  7.650000e-01  10.56294508 376.07316844 
  7.700000e-01  10.56294508 376.07321202 
  7.750000e-01  10.56294508 376.07325673 
  7.800000e-01  10.56294508 376.07330247 
  7.850000e-01  10.56294508 376.07334908 
  7.900000e-01  10.56294508 376.07339646 
  7.950000e-01  10.56294508 376.07344447 
  8.000000e-01  10.56294508 376.07349301 
  8.050000e-01  10.56294508 376.07354197 
  8.100000e-01  10.56294508 376.07359129 
  8.150000e-01  10.56294508 376.07364090 
  8.200000e-01  10.56294508 376.07369072 
  8.250000e-01  10.56294508 376.07374073 
  8.300000e-01  10.56294508 376.07379091 
  8.350000e-01  10.56294508 376.07384123 
  8.400000e-01  10.56294508 376.07389162 
  8.450000e-01  10.56294508 376.07394213 
  8.500000e-01  10.56294508 376.07399274 
  8.550000e-01  10.56294508 376.07404338 
  8.600000e-01  10.56294508 376.07409414 
  8.650000e-01  10.56294508 376.07414491 
  8.700000e-01  10.56294508 376.07419570 
  8.750000e-01  10.56294508 376.07424644 
  8.800000e-01  10.56294508 376.07429709 
  8.850000e-01  10.56294508 376.07434755 
  8.900000e-01  10.56294508 376.07439779 
  8.950000e-01  10.56294508 376.07444765 
  9.000000e-01  10.56294508 376.07449702 
  9.050000e-01  10.56294508 376.07454595 
  9.100000e-01  10.56294508 376.07459398 
  9.150000e-01  10.56294508 376.07464104 
  9.200000e-01  10.56294508 376.07468710 
  9.250000e-01  10.56294508 376.07473213 
  9.300000e-01  10.56294508 376.07477585 
  9.350000e-01  10.56294508 376.07481825 
  9.400000e-01  10.56294508 376.07485930 
  9.450000e-01  10.56294508 376.07489861 
  9.500000e-01  10.56294508 376.07493627 
  9.550000e-01  10.56294508 376.07497229 
  9.600000e-01  10.56294508 376.07500664 
  9.650000e-01  10.56294508 376.07503921 
  9.700000e-01  10.56294508 376.07507004 
  9.750000e-01  10.56294508 376.07509909 
  9.800000e-01  10.56294508 376.07512634 
  9.850000e-01  10.56294508 376.07515179 
  9.900000e-01  10.56294508 376.07517552 
  9.950000e-01  10.56294508 376.07519753 
  1.000000e+00  10.56294508 376.07521786 
  1.005000e+00  10.56294508 376.07523660 
  1.010000e+00  10.56294508 376.07525381 
  1.015000e+00  10.56294508 376.07526951 
  1.020000e+00  10.56294508 376.07528361 
  1.025000e+00  10.56294508 376.07529624 
  1.030000e+00  10.56294508 376.07530750 
  1.035000e+00  10.56294508 376.07531744 
  1.040000e+00  10.56294508 376.07532601 
  1.045000e+00  10.56294508 376.07533327 
  1.050000e+00  10.56294508 376.07533925 
  1.055000e+00  10.56294508 376.07534396 
  1.060000e+00  10.56294508 376.07534743 
  1.065000e+00  10.56294508 376.07534967 
  1.070000e+00  10.56294508 376.07535071 
  1.075000e+00  10.56294508 376.07535059 
  1.080000e+00  10.56294508 376.07534931 
  1.085000e+00  10.56294508 376.07534689 
  1.090000e+00  10.56294508 376.07534337 
  1.095000e+00  10.56294508 376.07533879 
  1.100000e+00  10.56294508 376.07533285 
  1.105000e+00  10.56294508 376.07532574 
  1.110000e+00  10.56294508 376.07531757 
  1.115000e+00  10.56294508 376.07530839 
  1.120000e+00  10.56294508 376.07529812 
  1.125000e+00  10.56294508 376.07528673 
  1.130000e+00  10.56294508 376.07527427 
  1.135000e+00  10.56294508 376.07526081 
  1.140000e+00  10.56294508 376.07524623 
  1.145000e+00  10.56294508 376.07523054 
  1.150000e+00  10.56294508 376.07521390 
  1.155000e+00  10.56294508 376.07519638 
  1.160000e+00  10.56294508 376.07517776 
  1.165000e+00  10.56294508 376.07515821 
  1.170000e+00  10.56294508 376.07513779 
  1.175000e+00  10.56294508 376.07511638 
  1.180000e+00  10.56294508 376.07509412 
  1.185000e+00  10.56294508 376.07507103 
  1.190000e+00  10.56294508 376.07504717 
  1.195000e+00  10.56294508 376.07502250 
  1.200000e+00  10.56294508 376.07499713 
  1.205000e+00  10.56294508 376.07497106 
  1.210000e+00  10.56294508 376.07494440 
  1.215000e+00  10.56294508 376.07491707 
  1.220000e+00  10.56294508 376.07488917 
  1.225000e+00  10.56294508 376.07486058 
  1.230000e+00  10.56294508 376.07483154 
  1.235000e+00  10.56294508 376.07480210 
  1.240000e+00  10.56294508 376.07477226 
  1.245000e+00  10.56294508 376.07474208 
  1.250000e+00  10.56294508 376.07471158 
  1.255000e+00  10.56294508 376.07468077 
  1.260000e+00  10.56294508 376.07464972 
  1.265000e+00  10.56294508 376.07461847 
  1.270000e+00  10.56294508 376.07458710 
  1.275000e+00  10.56294508 376.07455558 
  1.280000e+00  10.56294508 376.07452397 
  1.285000e+00  10.56294508 376.07449237 
  1.290000e+00  10.56294508 376.07446079 
  1.295000e+00  10.56294508 376.07442924 
  1.300000e+00  10.56294508 376.07439775 
  1.305000e+00  10.56294508 376.07436633 
  1.310000e+00  10.56294508 376.07433504 
  1.315000e+00  10.56294508 376.07430395 
  1.320000e+00  10.56294508 376.07427323 
  1.325000e+00  10.56294508 376.07424256 
  1.330000e+00  10.56294508 376.07421208 
  1.335000e+00  10.56294508 376.07418183 
  1.340000e+00  10.56294508 376.07415192 
  1.345000e+00  10.56294508 376.07412234 
  1.350000e+00  10.56294508 376.07409312 
  1.355000e+00  10.56294508 376.07406420 
  1.360000e+00  10.56294508 376.07403561 
  1.365000e+00  10.56294508 376.07400740 
  1.370000e+00  10.56294508 376.07397958 
  1.375000e+00  10.56294508 376.07395212 
  1.380000e+00  10.56294508 376.07392509 
  1.385000e+00  10.56294508 376.07389849 
  1.390000e+00  10.56294508 376.07387234 
  1.395000e+00  10.56294508 376.07384659 
  1.400000e+00  10.56294508 376.07382104 
  1.405000e+00  10.56294508 376.07379596 
  1.410000e+00  10.56294508 376.07377141 
  1.415000e+00  10.56294508 376.07374729 
  1.420000e+00  10.56294508 376.07372361 
  1.425000e+00  10.56294508 376.07370034 
  1.430000e+00  10.56294508 376.07367747 
  1.435000e+00  10.56294508 376.07365500 
  1.440000e+00  10.56294508 376.07363296 
  1.445000e+00  10.56294508 376.07361134 
  1.450000e+00  10.56294508 376.07359013 
  1.455000e+00  10.56294508 376.07356935 
  1.460000e+00  10.56294508 376.07354895 
  1.465000e+00  10.56294508 376.07352894 
  1.470000e+00  10.56294508 376.07350934 
  1.475000e+00  10.56294508 376.07349014 
  1.480000e+00  10.56294508 376.07347130 
  1.485000e+00  10.56294508 376.07345281 
  1.490000e+00  10.56294508 376.07343469 
  1.495000e+00  10.56294508 376.07341694 
  1.500000e+00  10.56294508 376.07339956 
  1.505000e+00  10.56294508 376.07338253 
  1.510000e+00  10.56294508 376.07336582 
  1.515000e+00  10.56294508 376.07334942 
  1.520000e+00  10.56294508 376.07333336 
  1.525000e+00  10.56294508 376.07331763 
  1.530000e+00  10.56294508 376.07330221 
  1.535000e+00  10.56294508 376.07328710 
  1.540000e+00  10.56294508 376.07327229 
  1.545000e+00  10.56294508 376.07325775 
  1.550000e+00  10.56294508 376.07324351 
  1.555000e+00  10.56294508 376.07322955 
  1.560000e+00  10.56294508 376.07321586 
  1.565000e+00  10.56294508 376.07320245 
  1.570000e+00  10.56294508 376.07318930 
  1.575000e+00  10.56294508 376.07317641 
  1.580000e+00  10.56294508 376.07316378 
  1.585000e+00  10.56294508 376.07315141 
  1.590000e+00  10.56294508 376.07313927 
  1.595000e+00  10.56294508 376.07312737 
  1.600000e+00  10.56294508 376.07311571 
  1.605000e+00  10.56294508 376.07310429 
  1.610000e+00  10.56294508 376.07309308 
  1.615000e+00  10.56294508 376.07308211 
  1.620000e+00  10.56294508 376.07307137 
  1.625000e+00  10.56294508 376.07306084 
  1.630000e+00  10.56294508 376.07305051 
  1.635000e+00  10.56294508 376.07304038 
  1.640000e+00  10.56294508 376.07303045 
  1.645000e+00  10.56294508 376.07302074 
  1.650000e+00  10.56294508 376.07301123 
  1.655000e+00  10.56294508 376.07300195 
  1.660000e+00  10.56294508 376.07299286 
  1.665000e+00  10.56294508 376.07298394 
  1.670000e+00  10.56294508 376.07297519 
  1.675000e+00  10.56294508 376.07296663 
  1.680000e+00  10.56294508 376.07295826 
  1.685000e+00  10.56294508 376.07295009 
  1.690000e+00  10.56294508 376.07294207 
  1.695000e+00  10.56294508 376.07293422 
  1.700000e+00  10.56294508 376.07292656 
  1.705000e+00  10.56294508 376.07291906 
  1.710000e+00  10.56294508 376.07291173 
  1.715000e+00  10.56294508 376.07290454 
  1.720000e+00  10.56294508 376.07289752 
  1.725000e+00  10.56294508 376.07289066 
  1.730000e+00  10.56294508 376.07288397 
  1.735000e+00  10.56294508 376.07287743 
  1.740000e+00  10.56294508 376.07287104 
  1.745000e+00  10.56294508 376.07286477 
  1.750000e+00  10.56294508 376.07285865 
  1.755000e+00  10.56294508 376.07285267 
  1.760000e+00  10.56294508 376.07284684 
  1.765000e+00  10.56294508 376.07284115 
  1.770000e+00  10.56294508 376.07283560 
  1.775000e+00  10.56294508 376.07283017 
  1.780000e+00  10.56294508 376.07282485 
  1.785000e+00  10.56294508 376.07281967 
  1.790000e+00  10.56294508 376.07281463 
  1.795000e+00  10.56294508 376.07280971 
  1.800000e+00  10.56294508 376.07280488 
  1.805000e+00  10.56294508 376.07280019 
  1.810000e+00  10.56294508 376.07279561 
  1.815000e+00  10.56294508 376.07279114 
  1.820000e+00  10.56294508 376.07278678 
  1.825000e+00  10.56294508 376.07278252 
  1.830000e+00  10.56294508 376.07277837 
  1.835000e+00  10.56294508 376.07277434 
  1.840000e+00  10.56294508 376.07277039 
  1.845000e+00  10.56294508 376.07276654 
  1.850000e+00  10.56294508 376.07276278 
  1.855000e+00  10.56294508 376.07275911 
  1.860000e+00  10.56294508 376.07275555 
  1.865000e+00  10.56294508 376.07275209 
  1.870000e+00  10.56294508 376.07274870 
  1.875000e+00  10.56294508 376.07274540 
  1.880000e+00  10.56294508 376.07274216 
  1.885000e+00  10.56294508 376.07273901 
  1.890000e+00  10.56294508 376.07273594 
  1.895000e+00  10.56294508 376.07273295 
  1.900000e+00  10.56294508 376.07273005 
  1.905000e+00  10.56294508 376.07272721 
  1.910000e+00  10.56294508 376.07272445 
  1.915000e+00  10.56294508 376.07272174 
  1.920000e+00  10.56294508 376.07271911 
  1.925000e+00  10.56294508 376.07271654 
  1.930000e+00  10.56294508 376.07271403 
  1.935000e+00  10.56294508 376.07271158 
  1.940000e+00  10.56294508 376.07270920 
  1.945000e+00  10.56294508 376.07270689 
  1.950000e+00  10.56294508 376.07270465 
  1.955000e+00  10.56294508 376.07270246 
  1.960000e+00  10.56294508 376.07270031 
  1.965000e+00  10.56294508 376.07269820 
  1.970000e+00  10.56294508 376.07269615 
  1.975000e+00  10.56294508 376.07269415 
  1.980000e+00  10.56294508 376.07269220 
  1.985000e+00  10.56294508 376.07269030 
  1.990000e+00  10.56294508 376.07268846 
  1.995000e+00  10.56294508 376.07268665 
  2.000000e+00  10.56294508 376.07268489 
