  2.500000e-03  140.307046 
  3.750000e-03  137.997016 
  5.000000e-03  135.649053 
  6.250000e-03  133.169437 
  7.500000e-03  130.607057 
  8.750000e-03  128.017942 
  1.000000e-02  125.566466 
  1.125000e-02  123.326847 
  1.250000e-02  121.328372 
  1.375000e-02  119.583146 
  1.500000e-02  118.079779 
  1.625000e-02  116.783189 
  1.750000e-02  115.645604 
  1.875000e-02  114.621589 
  2.000000e-02  113.677743 
  2.125000e-02  112.794417 
  2.250000e-02  111.962380 
  2.375000e-02  111.178102 
  2.500000e-02  110.403572 
  2.625000e-02  109.718814 
  2.750000e-02  109.059590 
  2.875000e-02  108.458124 
  3.000000e-02  107.889684 
  3.125000e-02  107.360990 
  3.250000e-02  106.867672 
  3.375000e-02  106.404953 
  3.500000e-02  105.969229 
  3.625000e-02  105.557557 
  3.750000e-02  105.167290 
  3.875000e-02  104.795994 
  4.000000e-02  104.441504 
  4.125000e-02  104.101981 
  4.250000e-02  103.775903 
  4.375000e-02  103.462017 
  4.500000e-02  103.159284 
  4.625000e-02  102.866829 
  4.750000e-02  102.583901 
  4.875000e-02  102.309854 
  5.000000e-02  102.044122 
  5.125000e-02  101.786209 
  5.250000e-02  101.535477 
  5.375000e-02  101.291997 
  5.500000e-02  101.055170 
  5.625000e-02  100.824571 
  5.750000e-02  100.600229 
  5.875000e-02  100.381652 
  6.000000e-02  100.168759 
  6.125000e-02  99.961265 
  6.250000e-02  99.758950 
  6.375000e-02  99.561678 
  6.500000e-02  99.369250 
  6.625000e-02  99.181414 
  6.750000e-02  98.998099 
  6.875000e-02  98.819185 
  7.000000e-02  98.644520 
  7.125000e-02  98.473967 
  7.250000e-02  98.307396 
  7.375000e-02  98.144690 
  7.500000e-02  97.985739 
  7.625000e-02  97.830327 
  7.750000e-02  97.678536 
  7.875000e-02  97.530255 
  8.000000e-02  97.385374 
  8.125000e-02  97.243787 
  8.250000e-02  97.105394 
  8.375000e-02  96.970103 
  8.500000e-02  96.837830 
  8.625000e-02  96.708495 
  8.750000e-02  96.582024 
  8.875000e-02  96.458345 
  9.000000e-02  96.337388 
  9.125000e-02  96.219083 
  9.250000e-02  96.103356 
  9.375000e-02  95.990004 
  9.500000e-02  95.879175 
  9.625000e-02  95.770754 
  9.750000e-02  95.664648 
  9.875000e-02  95.560775 
  1.000000e-01  95.459059 
  1.012500e-01  95.359434 
  1.025000e-01  95.261838 
  1.037500e-01  95.166215 
  1.050000e-01  95.072510 
  1.062500e-01  94.980669 
  1.075000e-01  94.890637 
  1.087500e-01  94.802359 
  1.100000e-01  94.715778 
  1.112500e-01  94.630839 
  1.125000e-01  94.547486 
  1.137500e-01  94.465665 
  1.150000e-01  94.385324 
  1.162500e-01  94.306413 
  1.175000e-01  94.228883 
  1.187500e-01  94.152688 
  1.200000e-01  94.077782 
  1.212500e-01  94.004121 
  1.225000e-01  93.931662 
  1.237500e-01  93.860365 
  1.250000e-01  93.790189 
  1.262500e-01  93.721094 
  1.275000e-01  93.653044 
  1.287500e-01  93.585850 
  1.300000e-01  93.519749 
  1.312500e-01  93.454622 
  1.325000e-01  93.390415 
  1.337500e-01  93.327082 
  1.350000e-01  93.264591 
  1.362500e-01  93.202914 
  1.375000e-01  93.142027 
  1.387500e-01  93.081910 
  1.400000e-01  93.022545 
  1.412500e-01  92.963913 
  1.425000e-01  92.905995 
  1.437500e-01  92.848771 
  1.450000e-01  92.792223 
  1.462500e-01  92.736331 
  1.475000e-01  92.681078 
  1.487500e-01  92.626448 
  1.500000e-01  92.572425 
  1.512500e-01  92.518997 
  1.525000e-01  92.466151 
  1.537500e-01  92.413877 
  1.550000e-01  92.362163 
  1.562500e-01  92.311001 
  1.575000e-01  92.260381 
  1.587500e-01  92.210293 
  1.600000e-01  92.160731 
  1.612500e-01  92.111685 
  1.625000e-01  92.063146 
  1.637500e-01  92.015108 
  1.650000e-01  91.967563 
  1.662500e-01  91.920504 
  1.675000e-01  91.873922 
  1.687500e-01  91.827811 
  1.700000e-01  91.782164 
  1.712500e-01  91.736974 
  1.725000e-01  91.692232 
  1.737500e-01  91.647933 
  1.750000e-01  91.604068 
  1.762500e-01  91.560630 
  1.775000e-01  91.517613 
  1.787500e-01  91.475008 
  1.800000e-01  91.432807 
  1.812500e-01  91.391004 
  1.825000e-01  91.349590 
  1.837500e-01  91.308558 
  1.850000e-01  91.267900 
  1.862500e-01  91.227607 
  1.875000e-01  91.187672 
  1.887500e-01  91.148087 
  1.900000e-01  91.108843 
  1.912500e-01  91.069933 
  1.925000e-01  91.031347 
  1.937500e-01  90.993079 
  1.950000e-01  90.955120 
  1.962500e-01  90.917461 
  1.975000e-01  90.880095 
  1.987500e-01  90.843013 
  2.000000e-01  90.806208 
  2.012500e-01  90.769671 
  2.025000e-01  90.733394 
  2.037500e-01  90.697371 
  2.050000e-01  90.661592 
  2.062500e-01  90.626051 
  2.075000e-01  90.590740 
  2.087500e-01  90.555652 
  2.100000e-01  90.520780 
  2.112500e-01  90.486115 
  2.125000e-01  90.451653 
  2.137500e-01  90.417385 
  2.150000e-01  90.383157 
  2.162500e-01  90.349231 
  2.175000e-01  90.315502 
  2.187500e-01  90.281948 
  2.200000e-01  90.248556 
  2.212500e-01  90.215316 
  2.225000e-01  90.182224 
  2.237500e-01  90.149276 
  2.250000e-01  90.116471 
  2.262500e-01  90.083804 
  2.275000e-01  90.051274 
  2.287500e-01  90.018875 
  2.300000e-01  89.986603 
  2.312500e-01  89.954453 
  2.325000e-01  89.922418 
  2.337500e-01  89.890495 
  2.350000e-01  89.858677 
  2.362500e-01  89.826961 
  2.375000e-01  89.795344 
  2.387500e-01  89.763821 
  2.400000e-01  89.732389 
  2.412500e-01  89.701046 
  2.425000e-01  89.669788 
  2.437500e-01  89.638613 
  2.450000e-01  89.607516 
  2.462500e-01  89.576497 
  2.475000e-01  89.545551 
  2.487500e-01  89.514677 
  2.500000e-01  89.483871 
  2.512500e-01  89.453132 
  2.525000e-01  89.422455 
  2.537500e-01  89.391841 
  2.550000e-01  89.361285 
  2.562500e-01  89.330785 
  2.575000e-01  89.300341 
  2.587500e-01  89.269948 
  2.600000e-01  89.239606 
  2.612500e-01  89.209311 
  2.625000e-01  89.179063 
  2.637500e-01  89.148859 
  2.650000e-01  89.118697 
  2.662500e-01  89.088575 
  2.675000e-01  89.058492 
  2.687500e-01  89.028445 
  2.700000e-01  88.998433 
  2.712500e-01  88.968455 
  2.725000e-01  88.938508 
  2.737500e-01  88.908591 
  2.750000e-01  88.878702 
  2.762500e-01  88.848840 
  2.775000e-01  88.819003 
  2.787500e-01  88.789190 
  2.800000e-01  88.759399 
  2.812500e-01  88.729629 
  2.825000e-01  88.699879 
  2.837500e-01  88.670147 
  2.850000e-01  88.640432 
  2.862500e-01  88.610733 
  2.875000e-01  88.581048 
  2.887500e-01  88.551377 
  2.900000e-01  88.521718 
  2.912500e-01  88.492071 
  2.925000e-01  88.462434 
  2.937500e-01  88.432807 
  2.950000e-01  88.403188 
  2.962500e-01  88.373576 
  2.975000e-01  88.343972 
  2.987500e-01  88.314373 
  3.000000e-01  88.284780 
  3.012500e-01  88.255191 
  3.025000e-01  88.225606 
  3.037500e-01  88.196024 
  3.050000e-01  88.166445 
  3.062500e-01  88.136867 
  3.075000e-01  88.107291 
  3.087500e-01  88.077715 
  3.100000e-01  88.048139 
  3.112500e-01  88.018563 
  3.125000e-01  87.988985 
  3.137500e-01  87.959406 
  3.150000e-01  87.929825 
  3.162500e-01  87.900242 
  3.175000e-01  87.870655 
  3.187500e-01  87.841065 
  3.200000e-01  87.811470 
  3.212500e-01  87.781871 
  3.225000e-01  87.752267 
  3.237500e-01  87.722657 
  3.250000e-01  87.693041 
  3.262500e-01  87.663419 
  3.275000e-01  87.633789 
  3.287500e-01  87.604151 
  3.300000e-01  87.574506 
  3.312500e-01  87.544851 
  3.325000e-01  87.515187 
  3.337500e-01  87.485512 
  3.350000e-01  87.455828 
  3.362500e-01  87.426132 
  3.375000e-01  87.396424 
  3.387500e-01  87.366704 
  3.400000e-01  87.336970 
  3.412500e-01  87.307223 
  3.425000e-01  87.277462 
  3.437500e-01  87.247686 
  3.450000e-01  87.217894 
  3.462500e-01  87.188085 
  3.475000e-01  87.158260 
  3.487500e-01  87.128417 
  3.500000e-01  87.098556 
  3.512500e-01  87.068676 
  3.525000e-01  87.038777 
  3.537500e-01  87.008857 
  3.550000e-01  86.978917 
  3.562500e-01  86.948955 
  3.575000e-01  86.918971 
  3.587500e-01  86.888964 
  3.600000e-01  86.858935 
  3.612500e-01  86.828881 
  3.625000e-01  86.798803 
  3.637500e-01  86.768701 
  3.650000e-01  86.738573 
  3.662500e-01  86.708419 
  3.675000e-01  86.678239 
  3.687500e-01  86.648033 
  3.700000e-01  86.617799 
  3.712500e-01  86.587539 
  3.725000e-01  86.557250 
  3.737500e-01  86.526933 
  3.750000e-01  86.496588 
  3.762500e-01  86.466214 
  3.775000e-01  86.435811 
  3.787500e-01  86.405379 
  3.800000e-01  86.374917 
  3.812500e-01  86.344425 
  3.825000e-01  86.313904 
  3.837500e-01  86.283352 
  3.850000e-01  86.252771 
  3.862500e-01  86.222159 
  3.875000e-01  86.191516 
  3.887500e-01  86.160843 
  3.900000e-01  86.130140 
  3.912500e-01  86.099406 
  3.925000e-01  86.068642 
  3.937500e-01  86.037847 
  3.950000e-01  86.007021 
  3.962500e-01  85.976164 
  3.975000e-01  85.945277 
  3.987500e-01  85.914359 
  4.000000e-01  85.883410 
  4.012500e-01  85.852431 
  4.025000e-01  85.821420 
  4.037500e-01  85.790380 
  4.050000e-01  85.759308 
  4.062500e-01  85.728205 
  4.075000e-01  85.697072 
  4.087500e-01  85.665908 
  4.100000e-01  85.634714 
  4.112500e-01  85.603488 
  4.125000e-01  85.572232 
  4.137500e-01  85.540944 
  4.150000e-01  85.509626 
  4.162500e-01  85.478276 
  4.175000e-01  85.446896 
  4.187500e-01  85.415484 
  4.200000e-01  85.384041 
  4.212500e-01  85.352567 
  4.225000e-01  85.321061 
  4.237500e-01  85.289523 
  4.250000e-01  85.257953 
  4.262500e-01  85.226352 
  4.275000e-01  85.194718 
  4.287500e-01  85.163053 
  4.300000e-01  85.131355 
  4.312500e-01  85.099624 
  4.325000e-01  85.067861 
  4.337500e-01  85.036064 
  4.350000e-01  85.004235 
  4.362500e-01  84.972373 
  4.375000e-01  84.940477 
  4.387500e-01  84.908548 
  4.400000e-01  84.876584 
  4.412500e-01  84.844588 
  4.425000e-01  84.812557 
  4.437500e-01  84.780492 
  4.450000e-01  84.748392 
  4.462500e-01  84.716259 
  4.475000e-01  84.684090 
  4.487500e-01  84.651888 
  4.500000e-01  84.619650 
  4.512500e-01  84.587378 
  4.525000e-01  84.555071 
  4.537500e-01  84.522728 
  4.550000e-01  84.490351 
  4.562500e-01  84.457940 
  4.575000e-01  84.425493 
  4.587500e-01  84.393011 
  4.600000e-01  84.360494 
  4.612500e-01  84.327943 
  4.625000e-01  84.295357 
  4.637500e-01  84.262736 
  4.650000e-01  84.230081 
  4.662500e-01  84.197391 
  4.675000e-01  84.164667 
  4.687500e-01  84.131909 
  4.700000e-01  84.099117 
  4.712500e-01  84.066291 
  4.725000e-01  84.033432 
  4.737500e-01  84.000540 
  4.750000e-01  83.967614 
  4.762500e-01  83.934656 
  4.775000e-01  83.901666 
  4.787500e-01  83.868643 
  4.800000e-01  83.835588 
  4.812500e-01  83.802502 
  4.825000e-01  83.769385 
  4.837500e-01  83.736236 
  4.850000e-01  83.703058 
  4.862500e-01  83.669848 
  4.875000e-01  83.636609 
  4.887500e-01  83.603341 
  4.900000e-01  83.570043 
  4.912500e-01  83.536717 
  4.925000e-01  83.503362 
  4.937500e-01  83.469979 
  4.950000e-01  83.436568 
  4.962500e-01  83.403130 
  4.975000e-01  83.369665 
  4.987500e-01  83.336173 
  5.000000e-01  83.302655 
  5.012500e-01  83.269110 
  5.025000e-01  83.235540 
  5.037500e-01  83.201945 
  5.050000e-01  83.168324 
  5.062500e-01  83.134679 
  5.075000e-01  83.101009 
  5.087500e-01  83.067315 
  5.100000e-01  83.033597 
  5.112500e-01  82.999855 
  5.125000e-01  82.966090 
  5.137500e-01  82.932301 
  5.150000e-01  82.898489 
  5.162500e-01  82.864655 
  5.175000e-01  82.830798 
  5.187500e-01  82.796918 
  5.200000e-01  82.763016 
  5.212500e-01  82.729092 
  5.225000e-01  82.695146 
  5.237500e-01  82.661179 
  5.250000e-01  82.627190 
  5.262500e-01  82.593179 
  5.275000e-01  82.559147 
  5.287500e-01  82.525094 
  5.300000e-01  82.491019 
  5.312500e-01  82.456924 
  5.325000e-01  82.422808 
  5.337500e-01  82.388672 
  5.350000e-01  82.354514 
  5.362500e-01  82.320337 
  5.375000e-01  82.286139 
  5.387500e-01  82.251921 
  5.400000e-01  82.217683 
  5.412500e-01  82.183426 
  5.425000e-01  82.149149 
  5.437500e-01  82.114852 
  5.450000e-01  82.080536 
  5.462500e-01  82.046202 
  5.475000e-01  82.011848 
  5.487500e-01  81.977476 
  5.500000e-01  81.943086 
  5.512500e-01  81.908678 
  5.525000e-01  81.874252 
  5.537500e-01  81.839808 
  5.550000e-01  81.805348 
  5.562500e-01  81.770871 
  5.575000e-01  81.736378 
  5.587500e-01  81.701869 
  5.600000e-01  81.667345 
  5.612500e-01  81.632806 
  5.625000e-01  81.598252 
  5.637500e-01  81.563685 
  5.650000e-01  81.529104 
  5.662500e-01  81.494510 
  5.675000e-01  81.459905 
  5.687500e-01  81.425288 
  5.700000e-01  81.390660 
  5.712500e-01  81.356022 
  5.725000e-01  81.321375 
  5.737500e-01  81.286719 
  5.750000e-01  81.252055 
  5.762500e-01  81.217384 
  5.775000e-01  81.182708 
  5.787500e-01  81.148025 
  5.800000e-01  81.113339 
  5.812500e-01  81.078649 
  5.825000e-01  81.043956 
  5.837500e-01  81.009262 
  5.850000e-01  80.974568 
  5.862500e-01  80.939874 
  5.875000e-01  80.905181 
  5.887500e-01  80.870491 
  5.900000e-01  80.835805 
  5.912500e-01  80.801123 
  5.925000e-01  80.766447 
  5.937500e-01  80.731778 
  5.950000e-01  80.697118 
  5.962500e-01  80.662466 
  5.975000e-01  80.627825 
  5.987500e-01  80.593195 
  6.000000e-01  80.558578 
  6.012500e-01  80.523974 
  6.025000e-01  80.489386 
  6.037500e-01  80.454814 
  6.050000e-01  80.420259 
  6.062500e-01  80.385722 
  6.075000e-01  80.351206 
  6.087500e-01  80.316709 
  6.100000e-01  80.282235 
  6.112500e-01  80.247784 
  6.125000e-01  80.213357 
  6.137500e-01  80.178956 
  6.150000e-01  80.144580 
  6.162500e-01  80.110233 
  6.175000e-01  80.075913 
  6.187500e-01  80.041624 
  6.200000e-01  80.007365 
  6.212500e-01  79.973137 
  6.225000e-01  79.938942 
  6.237500e-01  79.904781 
  6.250000e-01  79.870655 
  6.262500e-01  79.836563 
  6.275000e-01  79.802509 
  6.287500e-01  79.768491 
  6.300000e-01  79.734512 
  6.312500e-01  79.700571 
  6.325000e-01  79.666671 
  6.337500e-01  79.632811 
  6.350000e-01  79.598992 
  6.362500e-01  79.565215 
  6.375000e-01  79.531482 
  6.387500e-01  79.497791 
  6.400000e-01  79.464145 
  6.412500e-01  79.430544 
  6.425000e-01  79.396867 
  6.437500e-01  79.363342 
  6.450000e-01  79.329876 
  6.462500e-01  79.296463 
  6.475000e-01  79.263097 
  6.487500e-01  79.229777 
  6.500000e-01  79.196502 
  6.512500e-01  79.163274 
  6.525000e-01  79.130094 
  6.537500e-01  79.096963 
  6.550000e-01  79.063885 
  6.562500e-01  79.030859 
  6.575000e-01  78.997887 
  6.587500e-01  78.964968 
  6.600000e-01  78.932103 
  6.612500e-01  78.899292 
  6.625000e-01  78.866534 
  6.637500e-01  78.833830 
  6.650000e-01  78.801180 
  6.662500e-01  78.768583 
  6.675000e-01  78.736041 
  6.687500e-01  78.703554 
  6.700000e-01  78.671121 
  6.712500e-01  78.638744 
  6.725000e-01  78.606423 
  6.737500e-01  78.574158 
  6.750000e-01  78.541950 
  6.762500e-01  78.509799 
  6.775000e-01  78.477705 
  6.787500e-01  78.445668 
  6.800000e-01  78.413690 
  6.812500e-01  78.381770 
  6.825000e-01  78.349909 
  6.837500e-01  78.318107 
  6.850000e-01  78.286365 
  6.862500e-01  78.254683 
  6.875000e-01  78.223061 
  6.887500e-01  78.191499 
  6.900000e-01  78.159999 
  6.912500e-01  78.128560 
  6.925000e-01  78.097183 
  6.937500e-01  78.065869 
  6.950000e-01  78.034618 
  6.962500e-01  78.003430 
  6.975000e-01  77.972307 
  6.987500e-01  77.941247 
  7.000000e-01  77.910253 
  7.012500e-01  77.879325 
  7.025000e-01  77.848462 
  7.037500e-01  77.817666 
  7.050000e-01  77.786937 
  7.062500e-01  77.756276 
  7.075000e-01  77.725684 
  7.087500e-01  77.695160 
  7.100000e-01  77.664706 
  7.112500e-01  77.634323 
  7.125000e-01  77.604010 
  7.137500e-01  77.573768 
  7.150000e-01  77.543599 
  7.162500e-01  77.513502 
  7.175000e-01  77.483479 
  7.187500e-01  77.453530 
  7.200000e-01  77.423655 
  7.212500e-01  77.393856 
  7.225000e-01  77.364133 
  7.237500e-01  77.334487 
  7.250000e-01  77.304918 
  7.262500e-01  77.275427 
  7.275000e-01  77.246015 
  7.287500e-01  77.216682 
  7.300000e-01  77.187429 
  7.312500e-01  77.158257 
  7.325000e-01  77.129166 
  7.337500e-01  77.100158 
  7.350000e-01  77.071232 
  7.362500e-01  77.042390 
  7.375000e-01  77.013631 
  7.387500e-01  76.984957 
  7.400000e-01  76.956368 
  7.412500e-01  76.927865 
  7.425000e-01  76.899448 
  7.437500e-01  76.871119 
  7.450000e-01  76.842877 
  7.462500e-01  76.814723 
  7.475000e-01  76.786657 
  7.487500e-01  76.758681 
  7.500000e-01  76.730794 
  7.512500e-01  76.702998 
  7.525000e-01  76.675292 
  7.537500e-01  76.647677 
  7.550000e-01  76.620154 
  7.562500e-01  76.592723 
  7.575000e-01  76.565385 
  7.587500e-01  76.538139 
  7.600000e-01  76.510986 
  7.612500e-01  76.483927 
  7.625000e-01  76.456962 
  7.637500e-01  76.430091 
  7.650000e-01  76.403315 
  7.662500e-01  76.376633 
  7.675000e-01  76.350047 
  7.687500e-01  76.323556 
  7.700000e-01  76.297160 
  7.712500e-01  76.270861 
  7.725000e-01  76.244657 
  7.737500e-01  76.218550 
  7.750000e-01  76.192539 
  7.762500e-01  76.166624 
  7.775000e-01  76.140806 
  7.787500e-01  76.115085 
  7.800000e-01  76.089461 
  7.812500e-01  76.063934 
  7.825000e-01  76.038504 
  7.837500e-01  76.013170 
  7.850000e-01  75.987934 
  7.862500e-01  75.962796 
  7.875000e-01  75.937754 
  7.887500e-01  75.912809 
  7.900000e-01  75.887962 
  7.912500e-01  75.863212 
  7.925000e-01  75.838558 
  7.937500e-01  75.814002 
  7.950000e-01  75.789543 
  7.962500e-01  75.765180 
  7.975000e-01  75.740915 
  7.987500e-01  75.716746 
  8.000000e-01  75.692674 
  8.012500e-01  75.668698 
  8.025000e-01  75.644819 
  8.037500e-01  75.621035 
  8.050000e-01  75.597348 
  8.062500e-01  75.573757 
  8.075000e-01  75.550262 
  8.087500e-01  75.526862 
  8.100000e-01  75.503557 
  8.112500e-01  75.480348 
  8.125000e-01  75.457234 
  8.137500e-01  75.434214 
  8.150000e-01  75.411290 
  8.162500e-01  75.388460 
  8.175000e-01  75.365725 
  8.187500e-01  75.343083 
  8.200000e-01  75.320536 
  8.212500e-01  75.298083 
  8.225000e-01  75.275723 
  8.237500e-01  75.253457 
  8.250000e-01  75.231284 
  8.262500e-01  75.209204 
  8.275000e-01  75.187217 
  8.287500e-01  75.165322 
  8.300000e-01  75.143520 
  8.312500e-01  75.121811 
  8.325000e-01  75.100193 
  8.337500e-01  75.078667 
  8.350000e-01  75.057232 
  8.362500e-01  75.035889 
  8.375000e-01  75.014637 
  8.387500e-01  74.993476 
  8.400000e-01  74.972406 
  8.412500e-01  74.951427 
  8.425000e-01  74.930538 
  8.437500e-01  74.909739 
  8.450000e-01  74.889030 
  8.462500e-01  74.868411 
  8.475000e-01  74.847881 
  8.487500e-01  74.827441 
  8.500000e-01  74.807090 
  8.512500e-01  74.786828 
  8.525000e-01  74.766655 
  8.537500e-01  74.746571 
  8.550000e-01  74.726575 
  8.562500e-01  74.706667 
  8.575000e-01  74.686847 
  8.587500e-01  74.667115 
  8.600000e-01  74.647471 
  8.612500e-01  74.627915 
  8.625000e-01  74.608446 
  8.637500e-01  74.589064 
  8.650000e-01  74.569769 
  8.662500e-01  74.550560 
  8.675000e-01  74.531439 
  8.687500e-01  74.512404 
  8.700000e-01  74.493455 
  8.712500e-01  74.474592 
  8.725000e-01  74.455815 
  8.737500e-01  74.437124 
  8.750000e-01  74.418519 
  8.762500e-01  74.399998 
  8.775000e-01  74.381564 
  8.787500e-01  74.363214 
  8.800000e-01  74.344949 
  8.812500e-01  74.326768 
  8.825000e-01  74.308672 
  8.837500e-01  74.290661 
  8.850000e-01  74.272734 
  8.862500e-01  74.254890 
  8.875000e-01  74.237131 
  8.887500e-01  74.219455 
  8.900000e-01  74.201862 
  8.912500e-01  74.184353 
  8.925000e-01  74.166927 
  8.937500e-01  74.149583 
  8.950000e-01  74.132322 
  8.962500e-01  74.115144 
  8.975000e-01  74.098048 
  8.987500e-01  74.081034 
  9.000000e-01  74.064102 
  9.012500e-01  74.047252 
  9.025000e-01  74.030483 
  9.037500e-01  74.013795 
  9.050000e-01  73.997188 
  9.062500e-01  73.980663 
  9.075000e-01  73.964218 
  9.087500e-01  73.947853 
  9.100000e-01  73.931569 
  9.112500e-01  73.915364 
  9.125000e-01  73.899240 
  9.137500e-01  73.883194 
  9.150000e-01  73.867229 
  9.162500e-01  73.851342 
  9.175000e-01  73.835534 
  9.187500e-01  73.819805 
  9.200000e-01  73.804154 
  9.212500e-01  73.788581 
  9.225000e-01  73.773086 
  9.237500e-01  73.757669 
  9.250000e-01  73.742330 
  9.262500e-01  73.727067 
  9.275000e-01  73.711881 
  9.287500e-01  73.696772 
  9.300000e-01  73.681740 
  9.312500e-01  73.666783 
  9.325000e-01  73.651902 
  9.337500e-01  73.637097 
  9.350000e-01  73.622368 
  9.362500e-01  73.607713 
  9.375000e-01  73.593133 
  9.387500e-01  73.578628 
  9.400000e-01  73.564196 
  9.412500e-01  73.549839 
  9.425000e-01  73.535556 
  9.437500e-01  73.521346 
  9.450000e-01  73.507209 
  9.462500e-01  73.493144 
  9.475000e-01  73.479153 
  9.487500e-01  73.465233 
  9.500000e-01  73.451386 
  9.512500e-01  73.437610 
  9.525000e-01  73.423906 
  9.537500e-01  73.410272 
  9.550000e-01  73.396710 
  9.562500e-01  73.383217 
  9.575000e-01  73.369795 
  9.587500e-01  73.356443 
  9.600000e-01  73.343161 
  9.612500e-01  73.329947 
  9.625000e-01  73.316803 
  9.637500e-01  73.303727 
  9.650000e-01  73.290720 
  9.662500e-01  73.277780 
  9.675000e-01  73.264909 
  9.687500e-01  73.252104 
  9.700000e-01  73.239367 
  9.712500e-01  73.226697 
  9.725000e-01  73.214093 
  9.737500e-01  73.201555 
  9.750000e-01  73.189083 
  9.762500e-01  73.176677 
  9.775000e-01  73.164335 
  9.787500e-01  73.152059 
  9.800000e-01  73.139848 
  9.812500e-01  73.127700 
  9.825000e-01  73.115617 
  9.837500e-01  73.103597 
  9.850000e-01  73.091641 
  9.862500e-01  73.079747 
  9.875000e-01  73.067917 
  9.887500e-01  73.056148 
  9.900000e-01  73.044442 
  9.912500e-01  73.032798 
  9.925000e-01  73.021215 
  9.937500e-01  73.009693 
  9.950000e-01  72.998232 
  9.962500e-01  72.986832 
  9.975000e-01  72.975492 
  9.987500e-01  72.964212 
  1.000000e+00  72.952991 
  1.001250e+00  72.941830 
  1.002500e+00  72.930728 
  1.003750e+00  72.919684 
  1.005000e+00  72.908699 
  1.006250e+00  72.897772 
  1.007500e+00  72.886903 
  1.008750e+00  72.876091 
  1.010000e+00  72.865336 
  1.011250e+00  72.854639 
  1.012500e+00  72.843997 
  1.013750e+00  72.833413 
  1.015000e+00  72.822884 
  1.016250e+00  72.812410 
  1.017500e+00  72.801993 
  1.018750e+00  72.791630 
  1.020000e+00  72.781322 
  1.021250e+00  72.771069 
  1.022500e+00  72.760870 
  1.023750e+00  72.750724 
  1.025000e+00  72.740633 
  1.026250e+00  72.730595 
  1.027500e+00  72.720609 
  1.028750e+00  72.710677 
  1.030000e+00  72.700797 
  1.031250e+00  72.690970 
  1.032500e+00  72.681194 
  1.033750e+00  72.671470 
  1.035000e+00  72.661797 
  1.036250e+00  72.652176 
  1.037500e+00  72.642605 
  1.038750e+00  72.633085 
  1.040000e+00  72.623615 
  1.041250e+00  72.614195 
  1.042500e+00  72.604825 
  1.043750e+00  72.595504 
  1.045000e+00  72.586233 
  1.046250e+00  72.577010 
  1.047500e+00  72.567836 
  1.048750e+00  72.558711 
  1.050000e+00  72.549633 
  1.051250e+00  72.540604 
  1.052500e+00  72.531622 
  1.053750e+00  72.522687 
  1.055000e+00  72.513800 
  1.056250e+00  72.504959 
  1.057500e+00  72.496165 
  1.058750e+00  72.487418 
  1.060000e+00  72.478716 
  1.061250e+00  72.470060 
  1.062500e+00  72.461450 
  1.063750e+00  72.452886 
  1.065000e+00  72.444366 
  1.066250e+00  72.435891 
  1.067500e+00  72.427461 
  1.068750e+00  72.419075 
  1.070000e+00  72.410733 
  1.071250e+00  72.402435 
  1.072500e+00  72.394181 
  1.073750e+00  72.385970 
  1.075000e+00  72.377802 
  1.076250e+00  72.369677 
  1.077500e+00  72.361595 
  1.078750e+00  72.353556 
  1.080000e+00  72.345558 
  1.081250e+00  72.337603 
  1.082500e+00  72.329689 
  1.083750e+00  72.321817 
  1.085000e+00  72.313986 
  1.086250e+00  72.306197 
  1.087500e+00  72.298448 
  1.088750e+00  72.290740 
  1.090000e+00  72.283072 
  1.091250e+00  72.275445 
  1.092500e+00  72.267858 
  1.093750e+00  72.260310 
  1.095000e+00  72.252802 
  1.096250e+00  72.245333 
  1.097500e+00  72.237904 
  1.098750e+00  72.230513 
  1.100000e+00  72.223161 
  1.101250e+00  72.215848 
  1.102500e+00  72.208573 
  1.103750e+00  72.201336 
  1.105000e+00  72.194137 
  1.106250e+00  72.186976 
  1.107500e+00  72.179852 
  1.108750e+00  72.172765 
  1.110000e+00  72.165716 
  1.111250e+00  72.158703 
  1.112500e+00  72.151728 
  1.113750e+00  72.144788 
  1.115000e+00  72.137885 
  1.116250e+00  72.131018 
  1.117500e+00  72.124187 
  1.118750e+00  72.117392 
  1.120000e+00  72.110632 
  1.121250e+00  72.103908 
  1.122500e+00  72.097219 
  1.123750e+00  72.090565 
  1.125000e+00  72.083945 
  1.126250e+00  72.077360 
  1.127500e+00  72.070810 
  1.128750e+00  72.064294 
  1.130000e+00  72.057812 
  1.131250e+00  72.051363 
  1.132500e+00  72.044949 
  1.133750e+00  72.038568 
  1.135000e+00  72.032220 
  1.136250e+00  72.025906 
  1.137500e+00  72.019624 
  1.138750e+00  72.013375 
  1.140000e+00  72.007159 
  1.141250e+00  72.000976 
  1.142500e+00  71.994825 
  1.143750e+00  71.988705 
  1.145000e+00  71.982618 
  1.146250e+00  71.976563 
  1.147500e+00  71.970539 
  1.148750e+00  71.964547 
  1.150000e+00  71.958586 
  1.151250e+00  71.952656 
  1.152500e+00  71.946757 
  1.153750e+00  71.940889 
  1.155000e+00  71.935051 
  1.156250e+00  71.929244 
  1.157500e+00  71.923468 
  1.158750e+00  71.917721 
  1.160000e+00  71.912005 
  1.161250e+00  71.906318 
  1.162500e+00  71.900661 
  1.163750e+00  71.895034 
  1.165000e+00  71.889436 
  1.166250e+00  71.883867 
  1.167500e+00  71.878328 
  1.168750e+00  71.872817 
  1.170000e+00  71.867335 
  1.171250e+00  71.861882 
  1.172500e+00  71.856457 
  1.173750e+00  71.851061 
  1.175000e+00  71.845692 
  1.176250e+00  71.840352 
  1.177500e+00  71.835040 
  1.178750e+00  71.829755 
  1.180000e+00  71.824499 
  1.181250e+00  71.819269 
  1.182500e+00  71.814067 
  1.183750e+00  71.808892 
  1.185000e+00  71.803744 
  1.186250e+00  71.798623 
  1.187500e+00  71.793529 
  1.188750e+00  71.788462 
  1.190000e+00  71.783421 
  1.191250e+00  71.778406 
  1.192500e+00  71.773418 
  1.193750e+00  71.768455 
  1.195000e+00  71.763519 
  1.196250e+00  71.758608 
  1.197500e+00  71.753724 
  1.198750e+00  71.748864 
  1.200000e+00  71.744030 
  1.201250e+00  71.739222 
  1.202500e+00  71.734438 
  1.203750e+00  71.729680 
  1.205000e+00  71.724947 
  1.206250e+00  71.720238 
  1.207500e+00  71.715554 
  1.208750e+00  71.710895 
  1.210000e+00  71.706260 
  1.211250e+00  71.701649 
  1.212500e+00  71.697062 
  1.213750e+00  71.692500 
  1.215000e+00  71.687961 
  1.216250e+00  71.683446 
  1.217500e+00  71.678955 
  1.218750e+00  71.674488 
  1.220000e+00  71.670043 
  1.221250e+00  71.665623 
  1.222500e+00  71.661225 
  1.223750e+00  71.656850 
  1.225000e+00  71.652499 
  1.226250e+00  71.648170 
  1.227500e+00  71.643864 
  1.228750e+00  71.639580 
  1.230000e+00  71.635319 
  1.231250e+00  71.631081 
  1.232500e+00  71.626864 
  1.233750e+00  71.622670 
  1.235000e+00  71.618498 
  1.236250e+00  71.614348 
  1.237500e+00  71.610219 
  1.238750e+00  71.606112 
  1.240000e+00  71.602027 
  1.241250e+00  71.597964 
  1.242500e+00  71.593921 
  1.243750e+00  71.589900 
  1.245000e+00  71.585900 
  1.246250e+00  71.581921 
  1.247500e+00  71.577964 
  1.248750e+00  71.574027 
  1.250000e+00  71.570110 
  1.251250e+00  71.566214 
  1.252500e+00  71.562339 
  1.253750e+00  71.558484 
  1.255000e+00  71.554650 
  1.256250e+00  71.550836 
  1.257500e+00  71.547041 
  1.258750e+00  71.543267 
  1.260000e+00  71.539513 
  1.261250e+00  71.535778 
  1.262500e+00  71.532064 
  1.263750e+00  71.528368 
  1.265000e+00  71.524693 
  1.266250e+00  71.521036 
  1.267500e+00  71.517399 
  1.268750e+00  71.513781 
  1.270000e+00  71.510182 
  1.271250e+00  71.506603 
  1.272500e+00  71.503042 
  1.273750e+00  71.499500 
  1.275000e+00  71.495976 
  1.276250e+00  71.492471 
  1.277500e+00  71.488985 
  1.278750e+00  71.485517 
  1.280000e+00  71.482068 
  1.281250e+00  71.478637 
  1.282500e+00  71.475223 
  1.283750e+00  71.471828 
  1.285000e+00  71.468451 
  1.286250e+00  71.465092 
  1.287500e+00  71.461750 
  1.288750e+00  71.458427 
  1.290000e+00  71.455120 
  1.291250e+00  71.451832 
  1.292500e+00  71.448560 
  1.293750e+00  71.445306 
  1.295000e+00  71.442069 
  1.296250e+00  71.438850 
  1.297500e+00  71.435647 
  1.298750e+00  71.432461 
  1.300000e+00  71.429293 
  1.301250e+00  71.426141 
  1.302500e+00  71.423005 
  1.303750e+00  71.419887 
  1.305000e+00  71.416785 
  1.306250e+00  71.413699 
  1.307500e+00  71.410629 
  1.308750e+00  71.407576 
  1.310000e+00  71.404540 
  1.311250e+00  71.401519 
  1.312500e+00  71.398514 
  1.313750e+00  71.395525 
  1.315000e+00  71.392552 
  1.316250e+00  71.389595 
  1.317500e+00  71.386654 
  1.318750e+00  71.383728 
  1.320000e+00  71.380817 
  1.321250e+00  71.377922 
  1.322500e+00  71.375043 
  1.323750e+00  71.372179 
  1.325000e+00  71.369330 
  1.326250e+00  71.366496 
  1.327500e+00  71.363677 
  1.328750e+00  71.360873 
  1.330000e+00  71.358084 
  1.331250e+00  71.355310 
  1.332500e+00  71.352551 
  1.333750e+00  71.349806 
  1.335000e+00  71.347076 
  1.336250e+00  71.344360 
  1.337500e+00  71.341659 
  1.338750e+00  71.338972 
  1.340000e+00  71.336299 
  1.341250e+00  71.333641 
  1.342500e+00  71.330997 
  1.343750e+00  71.328367 
  1.345000e+00  71.325751 
  1.346250e+00  71.323148 
  1.347500e+00  71.320560 
  1.348750e+00  71.317985 
  1.350000e+00  71.315424 
  1.351250e+00  71.312877 
  1.352500e+00  71.310343 
  1.353750e+00  71.307823 
  1.355000e+00  71.305316 
  1.356250e+00  71.302823 
  1.357500e+00  71.300343 
  1.358750e+00  71.297876 
  1.360000e+00  71.295422 
  1.361250e+00  71.292981 
  1.362500e+00  71.290553 
  1.363750e+00  71.288138 
  1.365000e+00  71.285736 
  1.366250e+00  71.283347 
  1.367500e+00  71.280970 
  1.368750e+00  71.278607 
  1.370000e+00  71.276255 
  1.371250e+00  71.273917 
  1.372500e+00  71.271590 
  1.373750e+00  71.269276 
  1.375000e+00  71.266975 
  1.376250e+00  71.264686 
  1.377500e+00  71.262408 
  1.378750e+00  71.260144 
  1.380000e+00  71.257891 
  1.381250e+00  71.255650 
  1.382500e+00  71.253421 
  1.383750e+00  71.251204 
  1.385000e+00  71.248999 
  1.386250e+00  71.246805 
  1.387500e+00  71.244623 
  1.388750e+00  71.242453 
  1.390000e+00  71.240294 
  1.391250e+00  71.238147 
  1.392500e+00  71.236012 
  1.393750e+00  71.233887 
  1.395000e+00  71.231774 
  1.396250e+00  71.229673 
  1.397500e+00  71.227582 
  1.398750e+00  71.225503 
  1.400000e+00  71.223435 
  1.401250e+00  71.221378 
  1.402500e+00  71.219331 
  1.403750e+00  71.217296 
  1.405000e+00  71.215272 
  1.406250e+00  71.213258 
  1.407500e+00  71.211255 
  1.408750e+00  71.209263 
  1.410000e+00  71.207281 
  1.411250e+00  71.205310 
  1.412500e+00  71.203349 
  1.413750e+00  71.201399 
  1.415000e+00  71.199459 
  1.416250e+00  71.197530 
  1.417500e+00  71.195611 
  1.418750e+00  71.193702 
  1.420000e+00  71.191804 
  1.421250e+00  71.189915 
  1.422500e+00  71.188036 
  1.423750e+00  71.186168 
  1.425000e+00  71.184310 
  1.426250e+00  71.182461 
  1.427500e+00  71.180622 
  1.428750e+00  71.178793 
  1.430000e+00  71.176974 
  1.431250e+00  71.175165 
  1.432500e+00  71.173365 
  1.433750e+00  71.171575 
  1.435000e+00  71.169794 
  1.436250e+00  71.168023 
  1.437500e+00  71.166261 
  1.438750e+00  71.164509 
  1.440000e+00  71.162766 
  1.441250e+00  71.161032 
  1.442500e+00  71.159308 
  1.443750e+00  71.157592 
  1.445000e+00  71.155886 
  1.446250e+00  71.154189 
  1.447500e+00  71.152501 
  1.448750e+00  71.150822 
  1.450000e+00  71.149152 
  1.451250e+00  71.147491 
  1.452500e+00  71.145839 
  1.453750e+00  71.144195 
  1.455000e+00  71.142561 
  1.456250e+00  71.140935 
  1.457500e+00  71.139317 
  1.458750e+00  71.137709 
  1.460000e+00  71.136109 
  1.461250e+00  71.134517 
  1.462500e+00  71.132934 
  1.463750e+00  71.131359 
  1.465000e+00  71.129793 
  1.466250e+00  71.128235 
  1.467500e+00  71.126685 
  1.468750e+00  71.125144 
  1.470000e+00  71.123611 
  1.471250e+00  71.122086 
  1.472500e+00  71.120569 
  1.473750e+00  71.119060 
  1.475000e+00  71.117560 
  1.476250e+00  71.116067 
  1.477500e+00  71.114582 
  1.478750e+00  71.113105 
  1.480000e+00  71.111636 
  1.481250e+00  71.110175 
  1.482500e+00  71.108722 
  1.483750e+00  71.107276 
  1.485000e+00  71.105838 
  1.486250e+00  71.104408 
  1.487500e+00  71.102985 
  1.488750e+00  71.101570 
  1.490000e+00  71.100163 
  1.491250e+00  71.098763 
  1.492500e+00  71.097370 
  1.493750e+00  71.095985 
  1.495000e+00  71.094607 
  1.496250e+00  71.093237 
  1.497500e+00  71.091874 
  1.498750e+00  71.090518 
  1.500000e+00  71.089169 
  1.501250e+00  71.087828 
  1.502500e+00  71.086493 
  1.503750e+00  71.085166 
  1.505000e+00  71.083846 
  1.506250e+00  71.082533 
  1.507500e+00  71.081227 
  1.508750e+00  71.079928 
  1.510000e+00  71.078635 
  1.511250e+00  71.077350 
  1.512500e+00  71.076071 
  1.513750e+00  71.074800 
  1.515000e+00  71.073535 
  1.516250e+00  71.072276 
  1.517500e+00  71.071025 
  1.518750e+00  71.069780 
  1.520000e+00  71.068542 
  1.521250e+00  71.067310 
  1.522500e+00  71.066085 
  1.523750e+00  71.064866 
  1.525000e+00  71.063654 
  1.526250e+00  71.062449 
  1.527500e+00  71.061249 
  1.528750e+00  71.060057 
  1.530000e+00  71.058870 
  1.531250e+00  71.057690 
  1.532500e+00  71.056516 
  1.533750e+00  71.055348 
  1.535000e+00  71.054187 
  1.536250e+00  71.053032 
  1.537500e+00  71.051883 
  1.538750e+00  71.050740 
  1.540000e+00  71.049603 
  1.541250e+00  71.048472 
  1.542500e+00  71.047347 
  1.543750e+00  71.046228 
  1.545000e+00  71.045115 
  1.546250e+00  71.044008 
  1.547500e+00  71.042907 
  1.548750e+00  71.041812 
  1.550000e+00  71.040722 
  1.551250e+00  71.039639 
  1.552500e+00  71.038561 
  1.553750e+00  71.037489 
  1.555000e+00  71.036422 
  1.556250e+00  71.035361 
  1.557500e+00  71.034306 
  1.558750e+00  71.033257 
  1.560000e+00  71.032213 
  1.561250e+00  71.031174 
  1.562500e+00  71.030141 
  1.563750e+00  71.029114 
  1.565000e+00  71.028092 
  1.566250e+00  71.027076 
  1.567500e+00  71.026065 
  1.568750e+00  71.025059 
  1.570000e+00  71.024059 
  1.571250e+00  71.023064 
  1.572500e+00  71.022074 
  1.573750e+00  71.021089 
  1.575000e+00  71.020110 
  1.576250e+00  71.019136 
  1.577500e+00  71.018167 
  1.578750e+00  71.017203 
  1.580000e+00  71.016245 
  1.581250e+00  71.015291 
  1.582500e+00  71.014343 
  1.583750e+00  71.013399 
  1.585000e+00  71.012461 
  1.586250e+00  71.011528 
  1.587500e+00  71.010599 
  1.588750e+00  71.009676 
  1.590000e+00  71.008757 
  1.591250e+00  71.007843 
  1.592500e+00  71.006934 
  1.593750e+00  71.006030 
  1.595000e+00  71.005131 
  1.596250e+00  71.004237 
  1.597500e+00  71.003347 
  1.598750e+00  71.002462 
  1.600000e+00  71.001582 
  1.601250e+00  71.000706 
  1.602500e+00  70.999835 
  1.603750e+00  70.998969 
  1.605000e+00  70.998107 
  1.606250e+00  70.997250 
  1.607500e+00  70.996397 
  1.608750e+00  70.995549 
  1.610000e+00  70.994706 
  1.611250e+00  70.993867 
  1.612500e+00  70.993032 
  1.613750e+00  70.992202 
  1.615000e+00  70.991376 
  1.616250e+00  70.990555 
  1.617500e+00  70.989738 
  1.618750e+00  70.988925 
  1.620000e+00  70.988117 
  1.621250e+00  70.987313 
  1.622500e+00  70.986513 
  1.623750e+00  70.985717 
  1.625000e+00  70.984926 
  1.626250e+00  70.984139 
  1.627500e+00  70.983356 
  1.628750e+00  70.982577 
  1.630000e+00  70.981802 
  1.631250e+00  70.981032 
  1.632500e+00  70.980265 
  1.633750e+00  70.979503 
  1.635000e+00  70.978744 
  1.636250e+00  70.977990 
  1.637500e+00  70.977240 
  1.638750e+00  70.976494 
  1.640000e+00  70.975751 
  1.641250e+00  70.975013 
  1.642500e+00  70.974278 
  1.643750e+00  70.973548 
  1.645000e+00  70.972821 
  1.646250e+00  70.972098 
  1.647500e+00  70.971379 
  1.648750e+00  70.970664 
  1.650000e+00  70.969952 
  1.651250e+00  70.969245 
  1.652500e+00  70.968541 
  1.653750e+00  70.967841 
  1.655000e+00  70.967144 
  1.656250e+00  70.966452 
  1.657500e+00  70.965763 
  1.658750e+00  70.965077 
  1.660000e+00  70.964395 
  1.661250e+00  70.963717 
  1.662500e+00  70.963043 
  1.663750e+00  70.962372 
  1.665000e+00  70.961704 
  1.666250e+00  70.961041 
  1.667500e+00  70.960380 
  1.668750e+00  70.959723 
  1.670000e+00  70.959070 
  1.671250e+00  70.958420 
  1.672500e+00  70.957774 
  1.673750e+00  70.957131 
  1.675000e+00  70.956491 
  1.676250e+00  70.955855 
  1.677500e+00  70.955222 
  1.678750e+00  70.954593 
  1.680000e+00  70.953967 
  1.681250e+00  70.953344 
  1.682500e+00  70.952725 
  1.683750e+00  70.952108 
  1.685000e+00  70.951495 
  1.686250e+00  70.950886 
  1.687500e+00  70.950279 
  1.688750e+00  70.949676 
  1.690000e+00  70.949076 
  1.691250e+00  70.948479 
  1.692500e+00  70.947886 
  1.693750e+00  70.947295 
  1.695000e+00  70.946708 
  1.696250e+00  70.946124 
  1.697500e+00  70.945542 
  1.698750e+00  70.944964 
  1.700000e+00  70.944389 
  1.701250e+00  70.943818 
  1.702500e+00  70.943249 
  1.703750e+00  70.942683 
  1.705000e+00  70.942120 
  1.706250e+00  70.941560 
  1.707500e+00  70.941003 
  1.708750e+00  70.940449 
  1.710000e+00  70.939898 
  1.711250e+00  70.939350 
  1.712500e+00  70.938805 
  1.713750e+00  70.938263 
  1.715000e+00  70.937723 
  1.716250e+00  70.937187 
  1.717500e+00  70.936653 
  1.718750e+00  70.936122 
  1.720000e+00  70.935594 
  1.721250e+00  70.935069 
  1.722500e+00  70.934546 
  1.723750e+00  70.934027 
  1.725000e+00  70.933510 
  1.726250e+00  70.932996 
  1.727500e+00  70.932484 
  1.728750e+00  70.931975 
  1.730000e+00  70.931469 
  1.731250e+00  70.930966 
  1.732500e+00  70.930465 
  1.733750e+00  70.929967 
  1.735000e+00  70.929472 
  1.736250e+00  70.928979 
  1.737500e+00  70.928489 
  1.738750e+00  70.928002 
  1.740000e+00  70.927517 
  1.741250e+00  70.927034 
  1.742500e+00  70.926554 
  1.743750e+00  70.926077 
  1.745000e+00  70.925602 
  1.746250e+00  70.925130 
  1.747500e+00  70.924661 
  1.748750e+00  70.924193 
  1.750000e+00  70.923729 
  1.751250e+00  70.923266 
  1.752500e+00  70.922807 
  1.753750e+00  70.922349 
  1.755000e+00  70.921894 
  1.756250e+00  70.921442 
  1.757500e+00  70.920992 
  1.758750e+00  70.920544 
  1.760000e+00  70.920099 
  1.761250e+00  70.919656 
  1.762500e+00  70.919215 
  1.763750e+00  70.918777 
  1.765000e+00  70.918341 
  1.766250e+00  70.917907 
  1.767500e+00  70.917476 
  1.768750e+00  70.917047 
  1.770000e+00  70.916620 
  1.771250e+00  70.916196 
  1.772500e+00  70.915773 
  1.773750e+00  70.915353 
  1.775000e+00  70.914936 
  1.776250e+00  70.914520 
  1.777500e+00  70.914107 
  1.778750e+00  70.913696 
  1.780000e+00  70.913287 
  1.781250e+00  70.912880 
  1.782500e+00  70.912475 
  1.783750e+00  70.912073 
  1.785000e+00  70.911672 
  1.786250e+00  70.911274 
  1.787500e+00  70.910878 
  1.788750e+00  70.910484 
  1.790000e+00  70.910092 
  1.791250e+00  70.909702 
  1.792500e+00  70.909315 
  1.793750e+00  70.908929 
  1.795000e+00  70.908545 
  1.796250e+00  70.908164 
  1.797500e+00  70.907784 
  1.798750e+00  70.907407 
  1.800000e+00  70.907031 
  1.801250e+00  70.906658 
  1.802500e+00  70.906286 
  1.803750e+00  70.905916 
  1.805000e+00  70.905549 
  1.806250e+00  70.905183 
  1.807500e+00  70.904819 
  1.808750e+00  70.904458 
  1.810000e+00  70.904098 
  1.811250e+00  70.903740 
  1.812500e+00  70.903384 
  1.813750e+00  70.903029 
  1.815000e+00  70.902677 
  1.816250e+00  70.902327 
  1.817500e+00  70.901978 
  1.818750e+00  70.901631 
  1.820000e+00  70.901287 
  1.821250e+00  70.900944 
  1.822500e+00  70.900602 
  1.823750e+00  70.900263 
  1.825000e+00  70.899925 
  1.826250e+00  70.899590 
  1.827500e+00  70.899256 
  1.828750e+00  70.898923 
  1.830000e+00  70.898593 
  1.831250e+00  70.898264 
  1.832500e+00  70.897937 
  1.833750e+00  70.897612 
  1.835000e+00  70.897288 
  1.836250e+00  70.896967 
  1.837500e+00  70.896647 
  1.838750e+00  70.896328 
  1.840000e+00  70.896012 
  1.841250e+00  70.895697 
  1.842500e+00  70.895383 
  1.843750e+00  70.895072 
  1.845000e+00  70.894762 
  1.846250e+00  70.894453 
  1.847500e+00  70.894147 
  1.848750e+00  70.893842 
  1.850000e+00  70.893538 
  1.851250e+00  70.893236 
  1.852500e+00  70.892936 
  1.853750e+00  70.892637 
  1.855000e+00  70.892340 
  1.856250e+00  70.892045 
  1.857500e+00  70.891751 
  1.858750e+00  70.891459 
  1.860000e+00  70.891168 
  1.861250e+00  70.890879 
  1.862500e+00  70.890591 
  1.863750e+00  70.890305 
  1.865000e+00  70.890020 
  1.866250e+00  70.889737 
  1.867500e+00  70.889455 
  1.868750e+00  70.889175 
  1.870000e+00  70.888897 
  1.871250e+00  70.888619 
  1.872500e+00  70.888344 
  1.873750e+00  70.888070 
  1.875000e+00  70.887797 
  1.876250e+00  70.887526 
  1.877500e+00  70.887256 
  1.878750e+00  70.886987 
  1.880000e+00  70.886720 
  1.881250e+00  70.886455 
  1.882500e+00  70.886191 
  1.883750e+00  70.885928 
  1.885000e+00  70.885666 
  1.886250e+00  70.885406 
  1.887500e+00  70.885148 
  1.888750e+00  70.884891 
  1.890000e+00  70.884635 
  1.891250e+00  70.884380 
  1.892500e+00  70.884127 
  1.893750e+00  70.883875 
  1.895000e+00  70.883625 
  1.896250e+00  70.883376 
  1.897500e+00  70.883128 
  1.898750e+00  70.882882 
  1.900000e+00  70.882636 
  1.901250e+00  70.882393 
  1.902500e+00  70.882150 
  1.903750e+00  70.881909 
  1.905000e+00  70.881669 
  1.906250e+00  70.881430 
  1.907500e+00  70.881193 
  1.908750e+00  70.880957 
  1.910000e+00  70.880722 
  1.911250e+00  70.880488 
  1.912500e+00  70.880256 
  1.913750e+00  70.880024 
  1.915000e+00  70.879794 
  1.916250e+00  70.879566 
  1.917500e+00  70.879338 
  1.918750e+00  70.879112 
  1.920000e+00  70.878887 
  1.921250e+00  70.878663 
  1.922500e+00  70.878440 
  1.923750e+00  70.878219 
  1.925000e+00  70.877998 
  1.926250e+00  70.877779 
  1.927500e+00  70.877561 
  1.928750e+00  70.877345 
  1.930000e+00  70.877129 
  1.931250e+00  70.876914 
  1.932500e+00  70.876701 
  1.933750e+00  70.876489 
  1.935000e+00  70.876278 
  1.936250e+00  70.876068 
  1.937500e+00  70.875859 
  1.938750e+00  70.875651 
  1.940000e+00  70.875444 
  1.941250e+00  70.875239 
  1.942500e+00  70.875034 
  1.943750e+00  70.874831 
  1.945000e+00  70.874629 
  1.946250e+00  70.874427 
  1.947500e+00  70.874227 
  1.948750e+00  70.874028 
  1.950000e+00  70.873830 
  1.951250e+00  70.873633 
  1.952500e+00  70.873437 
  1.953750e+00  70.873242 
  1.955000e+00  70.873049 
  1.956250e+00  70.872856 
  1.957500e+00  70.872664 
  1.958750e+00  70.872473 
  1.960000e+00  70.872284 
  1.961250e+00  70.872095 
  1.962500e+00  70.871907 
  1.963750e+00  70.871720 
  1.965000e+00  70.871535 
  1.966250e+00  70.871350 
  1.967500e+00  70.871166 
  1.968750e+00  70.870983 
  1.970000e+00  70.870802 
  1.971250e+00  70.870621 
  1.972500e+00  70.870441 
  1.973750e+00  70.870262 
  1.975000e+00  70.870084 
  1.976250e+00  70.869907 
  1.977500e+00  70.869731 
  1.978750e+00  70.869556 
  1.980000e+00  70.869382 
  1.981250e+00  70.869209 
  1.982500e+00  70.869036 
  1.983750e+00  70.868865 
  1.985000e+00  70.868694 
  1.986250e+00  70.868525 
  1.987500e+00  70.868356 
  1.988750e+00  70.868188 
  1.990000e+00  70.868021 
  1.991250e+00  70.867855 
  1.992500e+00  70.867690 
  1.993750e+00  70.867526 
  1.995000e+00  70.867363 
  1.996250e+00  70.867200 
  1.997500e+00  70.867038 
  1.998750e+00  70.866878 
  2.000000e+00  70.866718 
