  2.000000e-02  10.56294508 376.04637512 
  3.000000e-02  10.56294508 376.07007941 
  4.000000e-02  10.56294508 376.06956572 
  5.000000e-02  10.56294508 376.05440375 
  6.000000e-02  10.56294508 376.09120946 
  7.000000e-02  10.56294508 376.09636346 
  8.000000e-02  10.56294508 376.10510937 
  9.000000e-02  10.56294508 376.10364951 
  1.000000e-01  10.56294508 376.08905524 
  1.100000e-01  10.56294508 376.08404908 
  1.200000e-01  10.56294508 376.09153392 
  1.300000e-01  10.56294508 376.10604382 
  1.400000e-01  10.56294508 376.03012735 
  1.500000e-01  10.56294508 376.07838005 
  1.600000e-01  10.56294508 376.06073734 
  1.700000e-01  10.56294508 376.06923179 
  1.800000e-01  10.56294508 376.06684847 
  1.900000e-01  10.56294508 376.06704235 
  2.000000e-01  10.56294508 376.06462382 
  2.100000e-01  10.56294508 376.07431536 
  2.200000e-01  10.56294508 376.07451586 
  2.300000e-01  10.56294508 376.07414033 
  2.400000e-01  10.56294508 376.07468547 
  2.500000e-01  10.56294508 376.07589109 
  2.600000e-01  10.56294508 376.07777019 
  2.700000e-01  10.56294508 376.08058892 
  2.800000e-01  10.56294508 376.08471425 
  2.900000e-01  10.56294508 376.05262005 
  3.000000e-01  10.56294508 376.07741924 
  3.100000e-01  10.56294508 376.06292635 
  3.200000e-01  10.56294508 376.07225128 
  3.300000e-01  10.56294508 376.06594355 
  3.400000e-01  10.56294508 376.07012830 
  3.500000e-01  10.56294508 376.07582521 
  3.600000e-01  10.56294508 376.07642902 
  3.700000e-01  10.56294508 376.07606724 
  3.800000e-01  10.56294508 376.07638864 
  3.900000e-01  10.56294508 376.07742902 
  4.000000e-01  10.56294508 376.07912222 
  4.100000e-01  10.56294508 376.08139859 
  4.200000e-01  10.56294508 376.08399719 
  4.300000e-01  10.56294508 376.08656833 
  4.400000e-01  10.56294508 376.05465873 
  4.500000e-01  10.56294508 376.07530219 
  4.600000e-01  10.56294508 376.06043488 
  4.700000e-01  10.56294508 376.07341754 
  4.800000e-01  10.56294508 376.07995131 
  4.900000e-01  10.56294508 376.07819628 
  5.000000e-01  10.56294508 376.07591594 
  5.100000e-01  10.56294508 376.07536953 
  5.200000e-01  10.56294508 376.07603928 
  5.300000e-01  10.56294508 376.07727731 
  5.400000e-01  10.56294508 376.07874913 
  5.500000e-01  10.56294508 376.08023724 
  5.600000e-01  10.56294508 376.08155020 
  5.700000e-01  10.56294508 376.08257081 
  5.800000e-01  10.56294508 376.05857815 
  5.900000e-01  10.56294508 376.07336893 
  6.000000e-01  10.56294508 376.06364572 
  6.100000e-01  10.56294508 376.07132757 
  6.200000e-01  10.56294508 376.07510156 
  6.300000e-01  10.56294508 376.07493546 
  6.400000e-01  10.56294508 376.07411430 
  6.500000e-01  10.56294508 376.07383941 
  6.600000e-01  10.56294508 376.07403465 
  6.700000e-01  10.56294508 376.07453089 
  6.800000e-01  10.56294508 376.07529769 
  6.900000e-01  10.56294508 376.07635898 
  7.000000e-01  10.56294508 376.07768877 
  7.100000e-01  10.56294508 376.07915442 
  7.200000e-01  10.56294508 376.08056403 
  7.300000e-01  10.56294508 376.06038934 
  7.400000e-01  10.56294508 376.07341680 
  7.500000e-01  10.56294508 376.06459349 
  7.600000e-01  10.56294508 376.07196536 
  7.700000e-01  10.56294508 376.07564771 
  7.800000e-01  10.56294508 376.07534316 
  7.900000e-01  10.56294508 376.07422616 
  8.000000e-01  10.56294508 376.07366747 
  8.100000e-01  10.56294508 376.07364916 
  8.200000e-01  10.56294508 376.07393127 
  8.300000e-01  10.56294508 376.07439226 
  8.400000e-01  10.56294508 376.07499245 
  8.500000e-01  10.56294508 376.07569501 
  8.600000e-01  10.56294508 376.07643226 
  8.700000e-01  10.56294508 376.07712443 
  8.800000e-01  10.56294508 376.07771798 
  8.900000e-01  10.56294508 376.07820176 
  9.000000e-01  10.56294508 376.07859465 
  9.100000e-01  10.56294508 376.07892536 
  9.200000e-01  10.56294508 376.07921954 
  9.300000e-01  10.56294508 376.07949560 
  9.400000e-01  10.56294508 376.06174151 
  9.500000e-01  10.56294508 376.07258960 
  9.600000e-01  10.56294508 376.06561219 
  9.700000e-01  10.56294508 376.07112178 
  9.800000e-01  10.56294508 376.07336417 
  9.900000e-01  10.56294508 376.07338550 
  1.000000e+00  10.56294508 376.07289577 
  1.010000e+00  10.56294508 376.07271451 
  1.020000e+00  10.56294508 376.07288017 
  1.030000e+00  10.56294508 376.07326375 
  1.040000e+00  10.56294508 376.07380001 
  1.050000e+00  10.56294508 376.07447751 
  1.060000e+00  10.56294508 376.07527974 
  1.070000e+00  10.56294508 376.07615132 
  1.080000e+00  10.56294508 376.07701190 
  1.090000e+00  10.56294508 376.07779816 
  1.100000e+00  10.56294508 376.07848875 
  1.110000e+00  10.56294508 376.07909586 
  1.120000e+00  10.56294508 376.07964227 
  1.130000e+00  10.56294508 376.06137012 
  1.140000e+00  10.56294508 376.07272189 
  1.150000e+00  10.56294508 376.06529468 
  1.160000e+00  10.56294508 376.07142365 
  1.170000e+00  10.56294508 376.07453919 
  1.180000e+00  10.56294508 376.07465048 
  1.190000e+00  10.56294508 376.07407633 
  1.200000e+00  10.56294508 376.07387599 
  1.210000e+00  10.56294508 376.07406017 
  1.220000e+00  10.56294508 376.07446318 
  1.230000e+00  10.56294508 376.07500763 
  1.240000e+00  10.56294508 376.07567275 
  1.250000e+00  10.56294508 376.07643224 
  1.260000e+00  10.56294508 376.07723099 
  1.270000e+00  10.56294508 376.07800267 
  1.280000e+00  10.56294508 376.06249108 
  1.290000e+00  10.56294508 376.07250771 
  1.300000e+00  10.56294508 376.06610817 
  1.310000e+00  10.56294508 376.07152507 
  1.320000e+00  10.56294508 376.07423147 
  1.330000e+00  10.56294508 376.07429778 
  1.340000e+00  10.56294508 376.07371245 
  1.350000e+00  10.56294508 376.07344473 
  1.360000e+00  10.56294508 376.07353446 
  1.370000e+00  10.56294508 376.07383330 
  1.380000e+00  10.56294508 376.07425993 
  1.390000e+00  10.56294508 376.07478378 
  1.400000e+00  10.56294508 376.07537220 
  1.410000e+00  10.56294508 376.07597192 
  1.420000e+00  10.56294508 376.07652756 
  1.430000e+00  10.56294508 376.07700891 
  1.440000e+00  10.56294508 376.06389643 
  1.450000e+00  10.56294508 376.07219967 
  1.460000e+00  10.56294508 376.06675624 
  1.470000e+00  10.56294508 376.07125915 
  1.480000e+00  10.56294508 376.07333727 
  1.490000e+00  10.56294508 376.07333665 
  1.500000e+00  10.56294508 376.07276482 
  1.510000e+00  10.56294508 376.07242183 
  1.520000e+00  10.56294508 376.07237565 
  1.530000e+00  10.56294508 376.07250409 
  1.540000e+00  10.56294508 376.07272622 
  1.550000e+00  10.56294508 376.07301379 
  1.560000e+00  10.56294508 376.07335131 
  1.570000e+00  10.56294508 376.07371005 
  1.580000e+00  10.56294508 376.07404966 
  1.590000e+00  10.56294508 376.07433832 
  1.600000e+00  10.56294508 376.07456779 
  1.610000e+00  10.56294508 376.07474975 
  1.620000e+00  10.56294508 376.07490293 
  1.630000e+00  10.56294508 376.07504187 
  1.640000e+00  10.56294508 376.07517337 
  1.650000e+00  10.56294508 376.07529792 
  1.660000e+00  10.56294508 376.07541201 
  1.670000e+00  10.56294508 376.07551049 
  1.680000e+00  10.56294508 376.07558798 
  1.690000e+00  10.56294508 376.07564027 
  1.700000e+00  10.56294508 376.07566520 
  1.710000e+00  10.56294508 376.07566309 
  1.720000e+00  10.56294508 376.07563652 
  1.730000e+00  10.56294508 376.07559015 
  1.740000e+00  10.56294508 376.07552978 
  1.750000e+00  10.56294508 376.07546122 
  1.760000e+00  10.56294508 376.07538957 
  1.770000e+00  10.56294508 376.07531859 
  1.780000e+00  10.56294508 376.07524995 
  1.790000e+00  10.56294508 376.07518419 
  1.800000e+00  10.56294508 376.07512036 
  1.810000e+00  10.56294508 376.07505663 
  1.820000e+00  10.56294508 376.07499092 
  1.830000e+00  10.56294508 376.07492127 
  1.840000e+00  10.56294508 376.07484639 
  1.850000e+00  10.56294508 376.07476575 
  1.860000e+00  10.56294508 376.07467969 
  1.870000e+00  10.56294508 376.07458927 
  1.880000e+00  10.56294508 376.07449599 
  1.890000e+00  10.56294508 376.07440177 
  1.900000e+00  10.56294508 376.07430868 
  1.910000e+00  10.56294508 376.07421859 
  1.920000e+00  10.56294508 376.07413274 
  1.930000e+00  10.56294508 376.07405259 
  1.940000e+00  10.56294508 376.07397905 
  1.950000e+00  10.56294508 376.07391260 
  1.960000e+00  10.56294508 376.07385335 
  1.970000e+00  10.56294508 376.07380120 
  1.980000e+00  10.56294508 376.07375585 
  1.990000e+00  10.56294508 376.07371683 
  2.000000e+00  10.56294508 376.07368371 
