  2.000000e-02  140.561444 
  3.000000e-02  139.081427 
  4.000000e-02  137.608014 
  5.000000e-02  135.878112 
  6.000000e-02  133.714316 
  7.000000e-02  131.473400 
  8.000000e-02  129.300720 
  9.000000e-02  127.003219 
  1.000000e-01  124.623285 
  1.100000e-01  122.465871 
  1.200000e-01  120.608837 
  1.300000e-01  119.024919 
  1.400000e-01  116.971156 
  1.500000e-01  115.700434 
  1.600000e-01  114.477093 
  1.700000e-01  113.444110 
  1.800000e-01  112.437538 
  1.900000e-01  111.444310 
  2.000000e-01  110.461330 
  2.100000e-01  109.479376 
  2.200000e-01  108.543263 
  2.300000e-01  107.663373 
  2.400000e-01  106.824849 
  2.500000e-01  106.012364 
  2.600000e-01  105.218260 
  2.700000e-01  104.445625 
  2.800000e-01  103.703456 
  2.900000e-01  102.742057 
  3.000000e-01  102.071881 
  3.100000e-01  101.365577 
  3.200000e-01  100.762400 
  3.300000e-01  100.180896 
  3.400000e-01  99.646451 
  3.500000e-01  99.140938 
  3.600000e-01  98.669875 
  3.700000e-01  98.231501 
  3.800000e-01  97.820138 
  3.900000e-01  97.432233 
  4.000000e-01  97.067108 
  4.100000e-01  96.725608 
  4.200000e-01  96.407945 
  4.300000e-01  96.112624 
  4.400000e-01  95.756882 
  4.500000e-01  95.500895 
  4.600000e-01  95.227936 
  4.700000e-01  94.980480 
  4.800000e-01  94.725500 
  4.900000e-01  94.484373 
  5.000000e-01  94.256524 
  5.100000e-01  94.037555 
  5.200000e-01  93.823319 
  5.300000e-01  93.610339 
  5.400000e-01  93.396290 
  5.500000e-01  93.179904 
  5.600000e-01  92.960646 
  5.700000e-01  92.738497 
  5.800000e-01  92.462944 
  5.900000e-01  92.247572 
  6.000000e-01  92.008000 
  6.100000e-01  91.783753 
  6.200000e-01  91.547145 
  6.300000e-01  91.309411 
  6.400000e-01  91.072041 
  6.500000e-01  90.835608 
  6.600000e-01  90.601074 
  6.700000e-01  90.369436 
  6.800000e-01  90.141592 
  6.900000e-01  89.918325 
  7.000000e-01  89.700171 
  7.100000e-01  89.487280 
  7.200000e-01  89.279450 
  7.300000e-01  89.036660 
  7.400000e-01  88.847035 
  7.500000e-01  88.642416 
  7.600000e-01  88.456085 
  7.700000e-01  88.264149 
  7.800000e-01  88.075941 
  7.900000e-01  87.891370 
  8.000000e-01  87.709344 
  8.100000e-01  87.529439 
  8.200000e-01  87.351510 
  8.300000e-01  87.175376 
  8.400000e-01  87.000719 
  8.500000e-01  86.827059 
  8.600000e-01  86.653789 
  8.700000e-01  86.480279 
  8.800000e-01  86.305995 
  8.900000e-01  86.130561 
  9.000000e-01  85.953767 
  9.100000e-01  85.775512 
  9.200000e-01  85.595742 
  9.300000e-01  85.414404 
  9.400000e-01  85.203139 
  9.500000e-01  85.027448 
  9.600000e-01  84.834212 
  9.700000e-01  84.650109 
  9.800000e-01  84.457013 
  9.900000e-01  84.262172 
  1.000000e+00  84.065796 
  1.010000e+00  83.867595 
  1.020000e+00  83.667508 
  1.030000e+00  83.465614 
  1.040000e+00  83.262016 
  1.050000e+00  83.056806 
  1.060000e+00  82.850026 
  1.070000e+00  82.641641 
  1.080000e+00  82.431559 
  1.090000e+00  82.219697 
  1.100000e+00  82.006040 
  1.110000e+00  81.790655 
  1.120000e+00  81.573676 
  1.130000e+00  81.323742 
  1.140000e+00  81.112048 
  1.150000e+00  80.883118 
  1.160000e+00  80.665770 
  1.170000e+00  80.441075 
  1.180000e+00  80.215696 
  1.190000e+00  79.989977 
  1.200000e+00  79.763910 
  1.210000e+00  79.538007 
  1.220000e+00  79.312979 
  1.230000e+00  79.089484 
  1.240000e+00  78.868029 
  1.250000e+00  78.648947 
  1.260000e+00  78.432420 
  1.270000e+00  78.218540 
  1.280000e+00  77.979204 
  1.290000e+00  77.778061 
  1.300000e+00  77.565430 
  1.310000e+00  77.366981 
  1.320000e+00  77.165996 
  1.330000e+00  76.968045 
  1.340000e+00  76.773320 
  1.350000e+00  76.581665 
  1.360000e+00  76.393313 
  1.370000e+00  76.208663 
  1.380000e+00  76.028090 
  1.390000e+00  75.851836 
  1.400000e+00  75.679965 
  1.410000e+00  75.512378 
  1.420000e+00  75.348886 
  1.430000e+00  75.189302 
  1.440000e+00  75.013898 
  1.450000e+00  74.867966 
  1.460000e+00  74.714692 
  1.470000e+00  74.573060 
  1.480000e+00  74.429993 
  1.490000e+00  74.290492 
  1.500000e+00  74.154620 
  1.510000e+00  74.022064 
  1.520000e+00  73.892830 
  1.530000e+00  73.767107 
  1.540000e+00  73.645091 
  1.550000e+00  73.526896 
  1.560000e+00  73.412516 
  1.570000e+00  73.301848 
  1.580000e+00  73.194739 
  1.590000e+00  73.091051 
  1.600000e+00  72.990700 
  1.610000e+00  72.893654 
  1.620000e+00  72.799909 
  1.630000e+00  72.709456 
  1.640000e+00  72.622267 
  1.650000e+00  72.538290 
  1.660000e+00  72.457461 
  1.670000e+00  72.379717 
  1.680000e+00  72.304998 
  1.690000e+00  72.233250 
  1.700000e+00  72.164413 
  1.710000e+00  72.098426 
  1.720000e+00  72.035215 
  1.730000e+00  71.974702 
  1.740000e+00  71.916803 
  1.750000e+00  71.861430 
  1.760000e+00  71.808495 
  1.770000e+00  71.757913 
  1.780000e+00  71.709597 
  1.790000e+00  71.663465 
  1.800000e+00  71.619432 
  1.810000e+00  71.577419 
  1.820000e+00  71.537343 
  1.830000e+00  71.499127 
  1.840000e+00  71.462695 
  1.850000e+00  71.427974 
  1.860000e+00  71.394894 
  1.870000e+00  71.363389 
  1.880000e+00  71.333393 
  1.890000e+00  71.304846 
  1.900000e+00  71.277689 
  1.910000e+00  71.251866 
  1.920000e+00  71.227323 
  1.930000e+00  71.204008 
  1.940000e+00  71.181873 
  1.950000e+00  71.160870 
  1.960000e+00  71.140956 
  1.970000e+00  71.122086 
  1.980000e+00  71.104219 
  1.990000e+00  71.087315 
  2.000000e+00  71.071337 
