  1.250000e-03  140.466175 
  1.875000e-03  138.009213 
  2.500000e-03  135.648507 
  3.125000e-03  133.386320 
  3.750000e-03  131.260719 
  4.375000e-03  129.322054 
  5.000000e-03  127.563463 
  5.625000e-03  125.990996 
  6.250000e-03  124.581518 
  6.875000e-03  123.311098 
  7.500000e-03  122.164860 
  8.125000e-03  121.129609 
  8.750000e-03  120.190813 
  9.375000e-03  119.333465 
  1.000000e-02  118.544144 
  1.062500e-02  117.810804 
  1.125000e-02  117.124926 
  1.187500e-02  116.479321 
  1.250000e-02  115.868972 
  1.312500e-02  115.289889 
  1.375000e-02  114.739162 
  1.437500e-02  114.214611 
  1.500000e-02  113.714094 
  1.562500e-02  113.236049 
  1.625000e-02  112.779133 
  1.687500e-02  112.341806 
  1.750000e-02  111.922968 
  1.812500e-02  111.521564 
  1.875000e-02  111.136539 
  1.937500e-02  110.766740 
  2.000000e-02  110.411469 
  2.062500e-02  110.069891 
  2.125000e-02  109.741191 
  2.187500e-02  109.424595 
  2.250000e-02  109.119373 
  2.312500e-02  108.824643 
  2.375000e-02  108.540011 
  2.437500e-02  108.264872 
  2.500000e-02  107.998653 
  2.562500e-02  107.740820 
  2.625000e-02  107.490872 
  2.687500e-02  107.248347 
  2.750000e-02  107.012817 
  2.812500e-02  106.783888 
  2.875000e-02  106.561195 
  2.937500e-02  106.344222 
  3.000000e-02  106.132903 
  3.062500e-02  105.926928 
  3.125000e-02  105.726016 
  3.187500e-02  105.529903 
  3.250000e-02  105.338341 
  3.312500e-02  105.151099 
  3.375000e-02  104.967967 
  3.437500e-02  104.788750 
  3.500000e-02  104.613269 
  3.562500e-02  104.441359 
  3.625000e-02  104.272866 
  3.687500e-02  104.107645 
  3.750000e-02  103.945561 
  3.812500e-02  103.786487 
  3.875000e-02  103.630303 
  3.937500e-02  103.476897 
  4.000000e-02  103.326164 
  4.062500e-02  103.178007 
  4.125000e-02  103.032333 
  4.187500e-02  102.889056 
  4.250000e-02  102.748095 
  4.312500e-02  102.609373 
  4.375000e-02  102.472819 
  4.437500e-02  102.338365 
  4.500000e-02  102.205948 
  4.562500e-02  102.075506 
  4.625000e-02  101.946984 
  4.687500e-02  101.820328 
  4.750000e-02  101.695488 
  4.812500e-02  101.572416 
  4.875000e-02  101.451067 
  4.937500e-02  101.331399 
  5.000000e-02  101.213128 
  5.062500e-02  101.096612 
  5.125000e-02  100.981703 
  5.187500e-02  100.868351 
  5.250000e-02  100.756509 
  5.312500e-02  100.646136 
  5.375000e-02  100.537193 
  5.437500e-02  100.429649 
  5.500000e-02  100.323478 
  5.562500e-02  100.218654 
  5.625000e-02  100.115152 
  5.687500e-02  100.012949 
  5.750000e-02  99.912023 
  5.812500e-02  99.812351 
  5.875000e-02  99.713910 
  5.937500e-02  99.616677 
  6.000000e-02  99.520632 
  6.062500e-02  99.425755 
  6.125000e-02  99.332024 
  6.187500e-02  99.239422 
  6.250000e-02  99.147931 
  6.312500e-02  99.057532 
  6.375000e-02  98.968208 
  6.437500e-02  98.879942 
  6.500000e-02  98.792717 
  6.562500e-02  98.706519 
  6.625000e-02  98.621330 
  6.687500e-02  98.537135 
  6.750000e-02  98.453920 
  6.812500e-02  98.371671 
  6.875000e-02  98.290372 
  6.937500e-02  98.210010 
  7.000000e-02  98.130571 
  7.062500e-02  98.052042 
  7.125000e-02  97.974409 
  7.187500e-02  97.897661 
  7.250000e-02  97.821784 
  7.312500e-02  97.746765 
  7.375000e-02  97.672594 
  7.437500e-02  97.599257 
  7.500000e-02  97.526744 
  7.562500e-02  97.455042 
  7.625000e-02  97.384140 
  7.687500e-02  97.314028 
  7.750000e-02  97.244694 
  7.812500e-02  97.176127 
  7.875000e-02  97.108318 
  7.937500e-02  97.041255 
  8.000000e-02  96.974928 
  8.062500e-02  96.909327 
  8.125000e-02  96.844443 
  8.187500e-02  96.780265 
  8.250000e-02  96.716784 
  8.312500e-02  96.653989 
  8.375000e-02  96.591873 
  8.437500e-02  96.530425 
  8.500000e-02  96.469636 
  8.562500e-02  96.409497 
  8.625000e-02  96.350000 
  8.687500e-02  96.291135 
  8.750000e-02  96.232894 
  8.812500e-02  96.175267 
  8.875000e-02  96.118247 
  8.937500e-02  96.061825 
  9.000000e-02  96.005993 
  9.062500e-02  95.950743 
  9.125000e-02  95.896065 
  9.187500e-02  95.841953 
  9.250000e-02  95.788398 
  9.312500e-02  95.735393 
  9.375000e-02  95.682929 
  9.437500e-02  95.630999 
  9.500000e-02  95.579595 
  9.562500e-02  95.528709 
  9.625000e-02  95.478335 
  9.687500e-02  95.428464 
  9.750000e-02  95.379090 
  9.812500e-02  95.330204 
  9.875000e-02  95.281800 
  9.937500e-02  95.233871 
  1.000000e-01  95.186410 
  1.006250e-01  95.139409 
  1.012500e-01  95.092862 
  1.018750e-01  95.046761 
  1.025000e-01  95.001101 
  1.031250e-01  94.955873 
  1.037500e-01  94.911073 
  1.043750e-01  94.866692 
  1.050000e-01  94.822725 
  1.056250e-01  94.779165 
  1.062500e-01  94.736006 
  1.068750e-01  94.693241 
  1.075000e-01  94.650865 
  1.081250e-01  94.608870 
  1.087500e-01  94.567251 
  1.093750e-01  94.526003 
  1.100000e-01  94.485118 
  1.106250e-01  94.444591 
  1.112500e-01  94.404416 
  1.118750e-01  94.364588 
  1.125000e-01  94.325101 
  1.131250e-01  94.285949 
  1.137500e-01  94.247127 
  1.143750e-01  94.208629 
  1.150000e-01  94.170449 
  1.156250e-01  94.132584 
  1.162500e-01  94.095027 
  1.168750e-01  94.057773 
  1.175000e-01  94.020818 
  1.181250e-01  93.984155 
  1.187500e-01  93.947781 
  1.193750e-01  93.911691 
  1.200000e-01  93.875879 
  1.206250e-01  93.840342 
  1.212500e-01  93.805073 
  1.218750e-01  93.770070 
  1.225000e-01  93.735328 
  1.231250e-01  93.700842 
  1.237500e-01  93.666608 
  1.243750e-01  93.632622 
  1.250000e-01  93.598880 
  1.256250e-01  93.565377 
  1.262500e-01  93.532111 
  1.268750e-01  93.499076 
  1.275000e-01  93.466270 
  1.281250e-01  93.433688 
  1.287500e-01  93.401328 
  1.293750e-01  93.369185 
  1.300000e-01  93.337256 
  1.306250e-01  93.305538 
  1.312500e-01  93.274028 
  1.318750e-01  93.242723 
  1.325000e-01  93.211619 
  1.331250e-01  93.180714 
  1.337500e-01  93.150004 
  1.343750e-01  93.119487 
  1.350000e-01  93.089160 
  1.356250e-01  93.059020 
  1.362500e-01  93.029066 
  1.368750e-01  92.999293 
  1.375000e-01  92.969701 
  1.381250e-01  92.940286 
  1.387500e-01  92.911046 
  1.393750e-01  92.881979 
  1.400000e-01  92.853083 
  1.406250e-01  92.824356 
  1.412500e-01  92.795795 
  1.418750e-01  92.767399 
  1.425000e-01  92.739166 
  1.431250e-01  92.711095 
  1.437500e-01  92.683182 
  1.443750e-01  92.655427 
  1.450000e-01  92.627828 
  1.456250e-01  92.600383 
  1.462500e-01  92.573091 
  1.468750e-01  92.545951 
  1.475000e-01  92.518960 
  1.481250e-01  92.492117 
  1.487500e-01  92.465421 
  1.493750e-01  92.438871 
  1.500000e-01  92.412465 
  1.506250e-01  92.386202 
  1.512500e-01  92.360080 
  1.518750e-01  92.334100 
  1.525000e-01  92.308258 
  1.531250e-01  92.282555 
  1.537500e-01  92.256989 
  1.543750e-01  92.231558 
  1.550000e-01  92.206263 
  1.556250e-01  92.181101 
  1.562500e-01  92.156072 
  1.568750e-01  92.131175 
  1.575000e-01  92.106408 
  1.581250e-01  92.081771 
  1.587500e-01  92.057263 
  1.593750e-01  92.032882 
  1.600000e-01  92.008628 
  1.606250e-01  91.984499 
  1.612500e-01  91.960495 
  1.618750e-01  91.936616 
  1.625000e-01  91.912858 
  1.631250e-01  91.889223 
  1.637500e-01  91.865708 
  1.643750e-01  91.842314 
  1.650000e-01  91.819038 
  1.656250e-01  91.795881 
  1.662500e-01  91.772840 
  1.668750e-01  91.749916 
  1.675000e-01  91.727107 
  1.681250e-01  91.704412 
  1.687500e-01  91.681830 
  1.693750e-01  91.659361 
  1.700000e-01  91.637003 
  1.706250e-01  91.614755 
  1.712500e-01  91.592617 
  1.718750e-01  91.570587 
  1.725000e-01  91.548665 
  1.731250e-01  91.526849 
  1.737500e-01  91.505139 
  1.743750e-01  91.483533 
  1.750000e-01  91.462030 
  1.756250e-01  91.440630 
  1.762500e-01  91.419332 
  1.768750e-01  91.398134 
  1.775000e-01  91.377035 
  1.781250e-01  91.356035 
  1.787500e-01  91.335133 
  1.793750e-01  91.314327 
  1.800000e-01  91.293616 
  1.806250e-01  91.273000 
  1.812500e-01  91.252477 
  1.818750e-01  91.232046 
  1.825000e-01  91.211707 
  1.831250e-01  91.191458 
  1.837500e-01  91.171298 
  1.843750e-01  91.151227 
  1.850000e-01  91.131243 
  1.856250e-01  91.111344 
  1.862500e-01  91.091531 
  1.868750e-01  91.071803 
  1.875000e-01  91.052157 
  1.881250e-01  91.032593 
  1.887500e-01  91.013110 
  1.893750e-01  90.993708 
  1.900000e-01  90.974384 
  1.906250e-01  90.955138 
  1.912500e-01  90.935969 
  1.918750e-01  90.916876 
  1.925000e-01  90.897858 
  1.931250e-01  90.878913 
  1.937500e-01  90.860042 
  1.943750e-01  90.841243 
  1.950000e-01  90.822514 
  1.956250e-01  90.803855 
  1.962500e-01  90.785265 
  1.968750e-01  90.766743 
  1.975000e-01  90.748288 
  1.981250e-01  90.729899 
  1.987500e-01  90.711575 
  1.993750e-01  90.693315 
  2.000000e-01  90.675118 
  2.006250e-01  90.656983 
  2.012500e-01  90.638910 
  2.018750e-01  90.620897 
  2.025000e-01  90.602943 
  2.031250e-01  90.585047 
  2.037500e-01  90.567209 
  2.043750e-01  90.549428 
  2.050000e-01  90.531703 
  2.056250e-01  90.514032 
  2.062500e-01  90.496416 
  2.068750e-01  90.478853 
  2.075000e-01  90.461342 
  2.081250e-01  90.443882 
  2.087500e-01  90.426474 
  2.093750e-01  90.409115 
  2.100000e-01  90.391805 
  2.106250e-01  90.374543 
  2.112500e-01  90.357329 
  2.118750e-01  90.340162 
  2.125000e-01  90.323040 
  2.131250e-01  90.305963 
  2.137500e-01  90.288931 
  2.143750e-01  90.271943 
  2.150000e-01  90.254997 
  2.156250e-01  90.238094 
  2.162500e-01  90.221232 
  2.168750e-01  90.204411 
  2.175000e-01  90.187630 
  2.181250e-01  90.170889 
  2.187500e-01  90.154186 
  2.193750e-01  90.137521 
  2.200000e-01  90.120894 
  2.206250e-01  90.104304 
  2.212500e-01  90.087750 
  2.218750e-01  90.071231 
  2.225000e-01  90.054748 
  2.231250e-01  90.038298 
  2.237500e-01  90.021883 
  2.243750e-01  90.005501 
  2.250000e-01  89.989151 
  2.256250e-01  89.972834 
  2.262500e-01  89.956548 
  2.268750e-01  89.940293 
  2.275000e-01  89.924069 
  2.281250e-01  89.907874 
  2.287500e-01  89.891709 
  2.293750e-01  89.875573 
  2.300000e-01  89.859465 
  2.306250e-01  89.843386 
  2.312500e-01  89.827333 
  2.318750e-01  89.811308 
  2.325000e-01  89.795309 
  2.331250e-01  89.779336 
  2.337500e-01  89.763389 
  2.343750e-01  89.747467 
  2.350000e-01  89.731570 
  2.356250e-01  89.715697 
  2.362500e-01  89.699848 
  2.368750e-01  89.684022 
  2.375000e-01  89.668220 
  2.381250e-01  89.652440 
  2.387500e-01  89.636682 
  2.393750e-01  89.620946 
  2.400000e-01  89.605232 
  2.406250e-01  89.589538 
  2.412500e-01  89.573866 
  2.418750e-01  89.558214 
  2.425000e-01  89.542581 
  2.431250e-01  89.526969 
  2.437500e-01  89.511375 
  2.443750e-01  89.495801 
  2.450000e-01  89.480245 
  2.456250e-01  89.464707 
  2.462500e-01  89.449187 
  2.468750e-01  89.433685 
  2.475000e-01  89.418200 
  2.481250e-01  89.402732 
  2.487500e-01  89.387280 
  2.493750e-01  89.371845 
  2.500000e-01  89.356425 
  2.506250e-01  89.341021 
  2.512500e-01  89.325633 
  2.518750e-01  89.310260 
  2.525000e-01  89.294901 
  2.531250e-01  89.279557 
  2.537500e-01  89.264227 
  2.543750e-01  89.248910 
  2.550000e-01  89.233608 
  2.556250e-01  89.218318 
  2.562500e-01  89.203042 
  2.568750e-01  89.187778 
  2.575000e-01  89.172527 
  2.581250e-01  89.157288 
  2.587500e-01  89.142061 
  2.593750e-01  89.126845 
  2.600000e-01  89.111641 
  2.606250e-01  89.096448 
  2.612500e-01  89.081266 
  2.618750e-01  89.066095 
  2.625000e-01  89.050934 
  2.631250e-01  89.035783 
  2.637500e-01  89.020641 
  2.643750e-01  89.005510 
  2.650000e-01  88.990388 
  2.656250e-01  88.975275 
  2.662500e-01  88.960171 
  2.668750e-01  88.945076 
  2.675000e-01  88.929989 
  2.681250e-01  88.914911 
  2.687500e-01  88.899840 
  2.693750e-01  88.884777 
  2.700000e-01  88.869722 
  2.706250e-01  88.854675 
  2.712500e-01  88.839634 
  2.718750e-01  88.824600 
  2.725000e-01  88.809574 
  2.731250e-01  88.794553 
  2.737500e-01  88.779540 
  2.743750e-01  88.764532 
  2.750000e-01  88.749530 
  2.756250e-01  88.734534 
  2.762500e-01  88.719544 
  2.768750e-01  88.704559 
  2.775000e-01  88.689579 
  2.781250e-01  88.674605 
  2.787500e-01  88.659635 
  2.793750e-01  88.644670 
  2.800000e-01  88.629710 
  2.806250e-01  88.614754 
  2.812500e-01  88.599802 
  2.818750e-01  88.584855 
  2.825000e-01  88.569911 
  2.831250e-01  88.554971 
  2.837500e-01  88.540035 
  2.843750e-01  88.525102 
  2.850000e-01  88.510172 
  2.856250e-01  88.495246 
  2.862500e-01  88.480323 
  2.868750e-01  88.465402 
  2.875000e-01  88.450485 
  2.881250e-01  88.435570 
  2.887500e-01  88.420658 
  2.893750e-01  88.405748 
  2.900000e-01  88.390840 
  2.906250e-01  88.375935 
  2.912500e-01  88.361032 
  2.918750e-01  88.346130 
  2.925000e-01  88.331231 
  2.931250e-01  88.316333 
  2.937500e-01  88.301437 
  2.943750e-01  88.286542 
  2.950000e-01  88.271649 
  2.956250e-01  88.256757 
  2.962500e-01  88.241867 
  2.968750e-01  88.226977 
  2.975000e-01  88.212089 
  2.981250e-01  88.197202 
  2.987500e-01  88.182315 
  2.993750e-01  88.167429 
  3.000000e-01  88.152544 
  3.006250e-01  88.137659 
  3.012500e-01  88.122775 
  3.018750e-01  88.107892 
  3.025000e-01  88.093009 
  3.031250e-01  88.078126 
  3.037500e-01  88.063243 
  3.043750e-01  88.048361 
  3.050000e-01  88.033478 
  3.056250e-01  88.018595 
  3.062500e-01  88.003713 
  3.068750e-01  87.988830 
  3.075000e-01  87.973947 
  3.081250e-01  87.959064 
  3.087500e-01  87.944180 
  3.093750e-01  87.929296 
  3.100000e-01  87.914411 
  3.106250e-01  87.899526 
  3.112500e-01  87.884640 
  3.118750e-01  87.869753 
  3.125000e-01  87.854866 
  3.131250e-01  87.839977 
  3.137500e-01  87.825088 
  3.143750e-01  87.810197 
  3.150000e-01  87.795306 
  3.156250e-01  87.780414 
  3.162500e-01  87.765520 
  3.168750e-01  87.750625 
  3.175000e-01  87.735728 
  3.181250e-01  87.720830 
  3.187500e-01  87.705931 
  3.193750e-01  87.691030 
  3.200000e-01  87.676127 
  3.206250e-01  87.661223 
  3.212500e-01  87.646317 
  3.218750e-01  87.631409 
  3.225000e-01  87.616499 
  3.231250e-01  87.601587 
  3.237500e-01  87.586673 
  3.243750e-01  87.571757 
  3.250000e-01  87.556839 
  3.256250e-01  87.541918 
  3.262500e-01  87.526995 
  3.268750e-01  87.512069 
  3.275000e-01  87.497141 
  3.281250e-01  87.482210 
  3.287500e-01  87.467277 
  3.293750e-01  87.452341 
  3.300000e-01  87.437402 
  3.306250e-01  87.422459 
  3.312500e-01  87.407514 
  3.318750e-01  87.392566 
  3.325000e-01  87.377615 
  3.331250e-01  87.362660 
  3.337500e-01  87.347702 
  3.343750e-01  87.332741 
  3.350000e-01  87.317776 
  3.356250e-01  87.302807 
  3.362500e-01  87.287835 
  3.368750e-01  87.272859 
  3.375000e-01  87.257879 
  3.381250e-01  87.242895 
  3.387500e-01  87.227907 
  3.393750e-01  87.212915 
  3.400000e-01  87.197919 
  3.406250e-01  87.182918 
  3.412500e-01  87.167913 
  3.418750e-01  87.152904 
  3.425000e-01  87.137890 
  3.431250e-01  87.122872 
  3.437500e-01  87.107848 
  3.443750e-01  87.092820 
  3.450000e-01  87.077788 
  3.456250e-01  87.062750 
  3.462500e-01  87.047707 
  3.468750e-01  87.032659 
  3.475000e-01  87.017606 
  3.481250e-01  87.002547 
  3.487500e-01  86.987484 
  3.493750e-01  86.972415 
  3.500000e-01  86.957340 
  3.506250e-01  86.942260 
  3.512500e-01  86.927174 
  3.518750e-01  86.912082 
  3.525000e-01  86.896984 
  3.531250e-01  86.881881 
  3.537500e-01  86.866772 
  3.543750e-01  86.851657 
  3.550000e-01  86.836535 
  3.556250e-01  86.821408 
  3.562500e-01  86.806274 
  3.568750e-01  86.791134 
  3.575000e-01  86.775988 
  3.581250e-01  86.760835 
  3.587500e-01  86.745676 
  3.593750e-01  86.730510 
  3.600000e-01  86.715337 
  3.606250e-01  86.700158 
  3.612500e-01  86.684973 
  3.618750e-01  86.669780 
  3.625000e-01  86.654581 
  3.631250e-01  86.639375 
  3.637500e-01  86.624162 
  3.643750e-01  86.608942 
  3.650000e-01  86.593716 
  3.656250e-01  86.578482 
  3.662500e-01  86.563241 
  3.668750e-01  86.547993 
  3.675000e-01  86.532738 
  3.681250e-01  86.517475 
  3.687500e-01  86.502206 
  3.693750e-01  86.486929 
  3.700000e-01  86.471645 
  3.706250e-01  86.456353 
  3.712500e-01  86.441055 
  3.718750e-01  86.425749 
  3.725000e-01  86.410435 
  3.731250e-01  86.395114 
  3.737500e-01  86.379786 
  3.743750e-01  86.364450 
  3.750000e-01  86.349107 
  3.756250e-01  86.333756 
  3.762500e-01  86.318398 
  3.768750e-01  86.303032 
  3.775000e-01  86.287658 
  3.781250e-01  86.272278 
  3.787500e-01  86.256889 
  3.793750e-01  86.241493 
  3.800000e-01  86.226089 
  3.806250e-01  86.210678 
  3.812500e-01  86.195259 
  3.818750e-01  86.179833 
  3.825000e-01  86.164399 
  3.831250e-01  86.148957 
  3.837500e-01  86.133507 
  3.843750e-01  86.118050 
  3.850000e-01  86.102586 
  3.856250e-01  86.087113 
  3.862500e-01  86.071633 
  3.868750e-01  86.056146 
  3.875000e-01  86.040651 
  3.881250e-01  86.025148 
  3.887500e-01  86.009637 
  3.893750e-01  85.994119 
  3.900000e-01  85.978593 
  3.906250e-01  85.963060 
  3.912500e-01  85.947519 
  3.918750e-01  85.931970 
  3.925000e-01  85.916414 
  3.931250e-01  85.900850 
  3.937500e-01  85.885278 
  3.943750e-01  85.869699 
  3.950000e-01  85.854112 
  3.956250e-01  85.838517 
  3.962500e-01  85.822915 
  3.968750e-01  85.807306 
  3.975000e-01  85.791688 
  3.981250e-01  85.776063 
  3.987500e-01  85.760431 
  3.993750e-01  85.744790 
  4.000000e-01  85.729142 
  4.006250e-01  85.713487 
  4.012500e-01  85.697824 
  4.018750e-01  85.682153 
  4.025000e-01  85.666475 
  4.031250e-01  85.650789 
  4.037500e-01  85.635095 
  4.043750e-01  85.619394 
  4.050000e-01  85.603685 
  4.056250e-01  85.587969 
  4.062500e-01  85.572245 
  4.068750e-01  85.556513 
  4.075000e-01  85.540773 
  4.081250e-01  85.525026 
  4.087500e-01  85.509272 
  4.093750e-01  85.493509 
  4.100000e-01  85.477739 
  4.106250e-01  85.461961 
  4.112500e-01  85.446176 
  4.118750e-01  85.430383 
  4.125000e-01  85.414582 
  4.131250e-01  85.398773 
  4.137500e-01  85.382957 
  4.143750e-01  85.367132 
  4.150000e-01  85.351301 
  4.156250e-01  85.335461 
  4.162500e-01  85.319613 
  4.168750e-01  85.303758 
  4.175000e-01  85.287895 
  4.181250e-01  85.272024 
  4.187500e-01  85.256145 
  4.193750e-01  85.240258 
  4.200000e-01  85.224364 
  4.206250e-01  85.208461 
  4.212500e-01  85.192551 
  4.218750e-01  85.176632 
  4.225000e-01  85.160706 
  4.231250e-01  85.144772 
  4.237500e-01  85.128829 
  4.243750e-01  85.112879 
  4.250000e-01  85.096920 
  4.256250e-01  85.080954 
  4.262500e-01  85.064979 
  4.268750e-01  85.048997 
  4.275000e-01  85.033006 
  4.281250e-01  85.017007 
  4.287500e-01  85.001000 
  4.293750e-01  84.984985 
  4.300000e-01  84.968961 
  4.306250e-01  84.952930 
  4.312500e-01  84.936890 
  4.318750e-01  84.920842 
  4.325000e-01  84.904785 
  4.331250e-01  84.888720 
  4.337500e-01  84.872647 
  4.343750e-01  84.856566 
  4.350000e-01  84.840476 
  4.356250e-01  84.824378 
  4.362500e-01  84.808272 
  4.368750e-01  84.792157 
  4.375000e-01  84.776034 
  4.381250e-01  84.759902 
  4.387500e-01  84.743762 
  4.393750e-01  84.727613 
  4.400000e-01  84.711456 
  4.406250e-01  84.695291 
  4.412500e-01  84.679116 
  4.418750e-01  84.662934 
  4.425000e-01  84.646743 
  4.431250e-01  84.630543 
  4.437500e-01  84.614335 
  4.443750e-01  84.598119 
  4.450000e-01  84.581893 
  4.456250e-01  84.565660 
  4.462500e-01  84.549417 
  4.468750e-01  84.533167 
  4.475000e-01  84.516907 
  4.481250e-01  84.500639 
  4.487500e-01  84.484363 
  4.493750e-01  84.468078 
  4.500000e-01  84.451784 
  4.506250e-01  84.435482 
  4.512500e-01  84.419171 
  4.518750e-01  84.402852 
  4.525000e-01  84.386524 
  4.531250e-01  84.370188 
  4.537500e-01  84.353843 
  4.543750e-01  84.337490 
  4.550000e-01  84.321128 
  4.556250e-01  84.304758 
  4.562500e-01  84.288379 
  4.568750e-01  84.271992 
  4.575000e-01  84.255596 
  4.581250e-01  84.239192 
  4.587500e-01  84.222780 
  4.593750e-01  84.206359 
  4.600000e-01  84.189930 
  4.606250e-01  84.173492 
  4.612500e-01  84.157046 
  4.618750e-01  84.140592 
  4.625000e-01  84.124129 
  4.631250e-01  84.107659 
  4.637500e-01  84.091180 
  4.643750e-01  84.074693 
  4.650000e-01  84.058198 
  4.656250e-01  84.041694 
  4.662500e-01  84.025183 
  4.668750e-01  84.008663 
  4.675000e-01  83.992136 
  4.681250e-01  83.975600 
  4.687500e-01  83.959056 
  4.693750e-01  83.942505 
  4.700000e-01  83.925946 
  4.706250e-01  83.909378 
  4.712500e-01  83.892803 
  4.718750e-01  83.876220 
  4.725000e-01  83.859630 
  4.731250e-01  83.843032 
  4.737500e-01  83.826426 
  4.743750e-01  83.809812 
  4.750000e-01  83.793191 
  4.756250e-01  83.776562 
  4.762500e-01  83.759926 
  4.768750e-01  83.743283 
  4.775000e-01  83.726632 
  4.781250e-01  83.709973 
  4.787500e-01  83.693308 
  4.793750e-01  83.676635 
  4.800000e-01  83.659954 
  4.806250e-01  83.643267 
  4.812500e-01  83.626572 
  4.818750e-01  83.609871 
  4.825000e-01  83.593162 
  4.831250e-01  83.576446 
  4.837500e-01  83.559724 
  4.843750e-01  83.542994 
  4.850000e-01  83.526258 
  4.856250e-01  83.509514 
  4.862500e-01  83.492764 
  4.868750e-01  83.476008 
  4.875000e-01  83.459244 
  4.881250e-01  83.442474 
  4.887500e-01  83.425697 
  4.893750e-01  83.408914 
  4.900000e-01  83.392124 
  4.906250e-01  83.375328 
  4.912500e-01  83.358525 
  4.918750e-01  83.341716 
  4.925000e-01  83.324900 
  4.931250e-01  83.308078 
  4.937500e-01  83.291250 
  4.943750e-01  83.274416 
  4.950000e-01  83.257576 
  4.956250e-01  83.240729 
  4.962500e-01  83.223876 
  4.968750e-01  83.207017 
  4.975000e-01  83.190153 
  4.981250e-01  83.173282 
  4.987500e-01  83.156405 
  4.993750e-01  83.139522 
  5.000000e-01  83.122633 
  5.006250e-01  83.105739 
  5.012500e-01  83.088839 
  5.018750e-01  83.071932 
  5.025000e-01  83.055021 
  5.031250e-01  83.038103 
  5.037500e-01  83.021180 
  5.043750e-01  83.004251 
  5.050000e-01  82.987316 
  5.056250e-01  82.970376 
  5.062500e-01  82.953430 
  5.068750e-01  82.936479 
  5.075000e-01  82.919522 
  5.081250e-01  82.902559 
  5.087500e-01  82.885592 
  5.093750e-01  82.868618 
  5.100000e-01  82.851639 
  5.106250e-01  82.834655 
  5.112500e-01  82.817666 
  5.118750e-01  82.800671 
  5.125000e-01  82.783671 
  5.131250e-01  82.766665 
  5.137500e-01  82.749654 
  5.143750e-01  82.732638 
  5.150000e-01  82.715617 
  5.156250e-01  82.698590 
  5.162500e-01  82.681558 
  5.168750e-01  82.664521 
  5.175000e-01  82.647479 
  5.181250e-01  82.630432 
  5.187500e-01  82.613379 
  5.193750e-01  82.596322 
  5.200000e-01  82.579259 
  5.206250e-01  82.562191 
  5.212500e-01  82.545118 
  5.218750e-01  82.528040 
  5.225000e-01  82.510957 
  5.231250e-01  82.493869 
  5.237500e-01  82.476776 
  5.243750e-01  82.459678 
  5.250000e-01  82.442575 
  5.256250e-01  82.425467 
  5.262500e-01  82.408355 
  5.268750e-01  82.391237 
  5.275000e-01  82.374114 
  5.281250e-01  82.356986 
  5.287500e-01  82.339854 
  5.293750e-01  82.322717 
  5.300000e-01  82.305574 
  5.306250e-01  82.288428 
  5.312500e-01  82.271276 
  5.318750e-01  82.254119 
  5.325000e-01  82.236958 
  5.331250e-01  82.219792 
  5.337500e-01  82.202621 
  5.343750e-01  82.185446 
  5.350000e-01  82.168266 
  5.356250e-01  82.151081 
  5.362500e-01  82.133892 
  5.368750e-01  82.116698 
  5.375000e-01  82.099499 
  5.381250e-01  82.082296 
  5.387500e-01  82.065089 
  5.393750e-01  82.047877 
  5.400000e-01  82.030660 
  5.406250e-01  82.013439 
  5.412500e-01  81.996214 
  5.418750e-01  81.978984 
  5.425000e-01  81.961751 
  5.431250e-01  81.944512 
  5.437500e-01  81.927270 
  5.443750e-01  81.910023 
  5.450000e-01  81.892772 
  5.456250e-01  81.875518 
  5.462500e-01  81.858259 
  5.468750e-01  81.840996 
  5.475000e-01  81.823729 
  5.481250e-01  81.806458 
  5.487500e-01  81.789183 
  5.493750e-01  81.771904 
  5.500000e-01  81.754622 
  5.506250e-01  81.737336 
  5.512500e-01  81.720046 
  5.518750e-01  81.702753 
  5.525000e-01  81.685456 
  5.531250e-01  81.668155 
  5.537500e-01  81.650852 
  5.543750e-01  81.633544 
  5.550000e-01  81.616234 
  5.556250e-01  81.598920 
  5.562500e-01  81.581603 
  5.568750e-01  81.564283 
  5.575000e-01  81.546960 
  5.581250e-01  81.529634 
  5.587500e-01  81.512306 
  5.593750e-01  81.494974 
  5.600000e-01  81.477640 
  5.606250e-01  81.460303 
  5.612500e-01  81.442963 
  5.618750e-01  81.425622 
  5.625000e-01  81.408277 
  5.631250e-01  81.390931 
  5.637500e-01  81.373582 
  5.643750e-01  81.356232 
  5.650000e-01  81.338879 
  5.656250e-01  81.321524 
  5.662500e-01  81.304168 
  5.668750e-01  81.286810 
  5.675000e-01  81.269450 
  5.681250e-01  81.252089 
  5.687500e-01  81.234726 
  5.693750e-01  81.217363 
  5.700000e-01  81.199998 
  5.706250e-01  81.182632 
  5.712500e-01  81.165265 
  5.718750e-01  81.147897 
  5.725000e-01  81.130529 
  5.731250e-01  81.113160 
  5.737500e-01  81.095790 
  5.743750e-01  81.078420 
  5.750000e-01  81.061050 
  5.756250e-01  81.043680 
  5.762500e-01  81.026310 
  5.768750e-01  81.008940 
  5.775000e-01  80.991570 
  5.781250e-01  80.974201 
  5.787500e-01  80.956832 
  5.793750e-01  80.939464 
  5.800000e-01  80.922096 
  5.806250e-01  80.904730 
  5.812500e-01  80.887365 
  5.818750e-01  80.870001 
  5.825000e-01  80.852638 
  5.831250e-01  80.835276 
  5.837500e-01  80.817917 
  5.843750e-01  80.800559 
  5.850000e-01  80.783203 
  5.856250e-01  80.765849 
  5.862500e-01  80.748497 
  5.868750e-01  80.731147 
  5.875000e-01  80.713800 
  5.881250e-01  80.696456 
  5.887500e-01  80.679114 
  5.893750e-01  80.661775 
  5.900000e-01  80.644439 
  5.906250e-01  80.627106 
  5.912500e-01  80.609777 
  5.918750e-01  80.592451 
  5.925000e-01  80.575129 
  5.931250e-01  80.557810 
  5.937500e-01  80.540495 
  5.943750e-01  80.523185 
  5.950000e-01  80.505878 
  5.956250e-01  80.488576 
  5.962500e-01  80.471279 
  5.968750e-01  80.453986 
  5.975000e-01  80.436697 
  5.981250e-01  80.419414 
  5.987500e-01  80.402136 
  5.993750e-01  80.384862 
  6.000000e-01  80.367595 
  6.006250e-01  80.350332 
  6.012500e-01  80.333076 
  6.018750e-01  80.315825 
  6.025000e-01  80.298580 
  6.031250e-01  80.281341 
  6.037500e-01  80.264108 
  6.043750e-01  80.246882 
  6.050000e-01  80.229662 
  6.056250e-01  80.212448 
  6.062500e-01  80.195242 
  6.068750e-01  80.178042 
  6.075000e-01  80.160849 
  6.081250e-01  80.143663 
  6.087500e-01  80.126485 
  6.093750e-01  80.109314 
  6.100000e-01  80.092150 
  6.106250e-01  80.074995 
  6.112500e-01  80.057847 
  6.118750e-01  80.040706 
  6.125000e-01  80.023574 
  6.131250e-01  80.006450 
  6.137500e-01  79.989335 
  6.143750e-01  79.972228 
  6.150000e-01  79.955129 
  6.156250e-01  79.938039 
  6.162500e-01  79.920957 
  6.168750e-01  79.903885 
  6.175000e-01  79.886822 
  6.181250e-01  79.869767 
  6.187500e-01  79.852722 
  6.193750e-01  79.835686 
  6.200000e-01  79.818660 
  6.206250e-01  79.801643 
  6.212500e-01  79.784636 
  6.218750e-01  79.767638 
  6.225000e-01  79.750651 
  6.231250e-01  79.733673 
  6.237500e-01  79.716706 
  6.243750e-01  79.699748 
  6.250000e-01  79.682801 
  6.256250e-01  79.665864 
  6.262500e-01  79.648938 
  6.268750e-01  79.632022 
  6.275000e-01  79.615117 
  6.281250e-01  79.598222 
  6.287500e-01  79.581338 
  6.293750e-01  79.564466 
  6.300000e-01  79.547604 
  6.306250e-01  79.530753 
  6.312500e-01  79.513913 
  6.318750e-01  79.497085 
  6.325000e-01  79.480268 
  6.331250e-01  79.463462 
  6.337500e-01  79.446668 
  6.343750e-01  79.429885 
  6.350000e-01  79.413114 
  6.356250e-01  79.396354 
  6.362500e-01  79.379607 
  6.368750e-01  79.362871 
  6.375000e-01  79.346147 
  6.381250e-01  79.329435 
  6.387500e-01  79.312735 
  6.393750e-01  79.296047 
  6.400000e-01  79.279371 
  6.406250e-01  79.262707 
  6.412500e-01  79.246056 
  6.418750e-01  79.229417 
  6.425000e-01  79.212790 
  6.431250e-01  79.196176 
  6.437500e-01  79.179574 
  6.443750e-01  79.162985 
  6.450000e-01  79.146409 
  6.456250e-01  79.129845 
  6.462500e-01  79.113294 
  6.468750e-01  79.096756 
  6.475000e-01  79.080230 
  6.481250e-01  79.063718 
  6.487500e-01  79.047218 
  6.493750e-01  79.030731 
  6.500000e-01  79.014258 
  6.506250e-01  78.997797 
  6.512500e-01  78.981350 
  6.518750e-01  78.964916 
  6.525000e-01  78.948495 
  6.531250e-01  78.932087 
  6.537500e-01  78.915692 
  6.543750e-01  78.899311 
  6.550000e-01  78.882944 
  6.556250e-01  78.866589 
  6.562500e-01  78.850249 
  6.568750e-01  78.833922 
  6.575000e-01  78.817608 
  6.581250e-01  78.801308 
  6.587500e-01  78.785022 
  6.593750e-01  78.768749 
  6.600000e-01  78.752490 
  6.606250e-01  78.736245 
  6.612500e-01  78.720014 
  6.618750e-01  78.703796 
  6.625000e-01  78.687593 
  6.631250e-01  78.671403 
  6.637500e-01  78.655228 
  6.643750e-01  78.639066 
  6.650000e-01  78.622919 
  6.656250e-01  78.606785 
  6.662500e-01  78.590666 
  6.668750e-01  78.574561 
  6.675000e-01  78.558471 
  6.681250e-01  78.542394 
  6.687500e-01  78.526332 
  6.693750e-01  78.510284 
  6.700000e-01  78.494251 
  6.706250e-01  78.478232 
  6.712500e-01  78.462228 
  6.718750e-01  78.446238 
  6.725000e-01  78.430263 
  6.731250e-01  78.414303 
  6.737500e-01  78.398357 
  6.743750e-01  78.382426 
  6.750000e-01  78.366510 
  6.756250e-01  78.350608 
  6.762500e-01  78.334722 
  6.768750e-01  78.318850 
  6.775000e-01  78.302994 
  6.781250e-01  78.287152 
  6.787500e-01  78.271326 
  6.793750e-01  78.255514 
  6.800000e-01  78.239718 
  6.806250e-01  78.223937 
  6.812500e-01  78.208172 
  6.818750e-01  78.192422 
  6.825000e-01  78.176687 
  6.831250e-01  78.160967 
  6.837500e-01  78.145263 
  6.843750e-01  78.129575 
  6.850000e-01  78.113902 
  6.856250e-01  78.098245 
  6.862500e-01  78.082604 
  6.868750e-01  78.066979 
  6.875000e-01  78.051369 
  6.881250e-01  78.035775 
  6.887500e-01  78.020198 
  6.893750e-01  78.004636 
  6.900000e-01  77.989091 
  6.906250e-01  77.973561 
  6.912500e-01  77.958048 
  6.918750e-01  77.942552 
  6.925000e-01  77.927071 
  6.931250e-01  77.911607 
  6.937500e-01  77.896160 
  6.943750e-01  77.880729 
  6.950000e-01  77.865315 
  6.956250e-01  77.849917 
  6.962500e-01  77.834537 
  6.968750e-01  77.819173 
  6.975000e-01  77.803826 
  6.981250e-01  77.788496 
  6.987500e-01  77.773183 
  6.993750e-01  77.757888 
  7.000000e-01  77.742609 
  7.006250e-01  77.727348 
  7.012500e-01  77.712104 
  7.018750e-01  77.696878 
  7.025000e-01  77.681669 
  7.031250e-01  77.666478 
  7.037500e-01  77.651305 
  7.043750e-01  77.636149 
  7.050000e-01  77.621011 
  7.056250e-01  77.605891 
  7.062500e-01  77.590790 
  7.068750e-01  77.575706 
  7.075000e-01  77.560640 
  7.081250e-01  77.545593 
  7.087500e-01  77.530564 
  7.093750e-01  77.515553 
  7.100000e-01  77.500561 
  7.106250e-01  77.485587 
  7.112500e-01  77.470632 
  7.118750e-01  77.455696 
  7.125000e-01  77.440779 
  7.131250e-01  77.425880 
  7.137500e-01  77.411001 
  7.143750e-01  77.396140 
  7.150000e-01  77.381299 
  7.156250e-01  77.366477 
  7.162500e-01  77.351674 
  7.168750e-01  77.336891 
  7.175000e-01  77.322127 
  7.181250e-01  77.307383 
  7.187500e-01  77.292658 
  7.193750e-01  77.277953 
  7.200000e-01  77.263268 
  7.206250e-01  77.248603 
  7.212500e-01  77.233958 
  7.218750e-01  77.219333 
  7.225000e-01  77.204728 
  7.231250e-01  77.190143 
  7.237500e-01  77.175579 
  7.243750e-01  77.161035 
  7.250000e-01  77.146511 
  7.256250e-01  77.132008 
  7.262500e-01  77.117526 
  7.268750e-01  77.103064 
  7.275000e-01  77.088623 
  7.281250e-01  77.074203 
  7.287500e-01  77.059804 
  7.293750e-01  77.045426 
  7.300000e-01  77.031069 
  7.306250e-01  77.016733 
  7.312500e-01  77.002419 
  7.318750e-01  76.988126 
  7.325000e-01  76.973854 
  7.331250e-01  76.959604 
  7.337500e-01  76.945375 
  7.343750e-01  76.931168 
  7.350000e-01  76.916983 
  7.356250e-01  76.902819 
  7.362500e-01  76.888677 
  7.368750e-01  76.874557 
  7.375000e-01  76.860460 
  7.381250e-01  76.846384 
  7.387500e-01  76.832330 
  7.393750e-01  76.818298 
  7.400000e-01  76.804289 
  7.406250e-01  76.790302 
  7.412500e-01  76.776337 
  7.418750e-01  76.762395 
  7.425000e-01  76.748475 
  7.431250e-01  76.734578 
  7.437500e-01  76.720704 
  7.443750e-01  76.706852 
  7.450000e-01  76.693023 
  7.456250e-01  76.679216 
  7.462500e-01  76.665433 
  7.468750e-01  76.651672 
  7.475000e-01  76.637934 
  7.481250e-01  76.624220 
  7.487500e-01  76.610528 
  7.493750e-01  76.596859 
  7.500000e-01  76.583214 
  7.506250e-01  76.569592 
  7.512500e-01  76.555993 
  7.518750e-01  76.542417 
  7.525000e-01  76.528865 
  7.531250e-01  76.515336 
  7.537500e-01  76.501830 
  7.543750e-01  76.488348 
  7.550000e-01  76.474889 
  7.556250e-01  76.461454 
  7.562500e-01  76.448043 
  7.568750e-01  76.434655 
  7.575000e-01  76.421291 
  7.581250e-01  76.407950 
  7.587500e-01  76.394633 
  7.593750e-01  76.381340 
  7.600000e-01  76.368071 
  7.606250e-01  76.354825 
  7.612500e-01  76.341603 
  7.618750e-01  76.328406 
  7.625000e-01  76.315232 
  7.631250e-01  76.302082 
  7.637500e-01  76.288956 
  7.643750e-01  76.275853 
  7.650000e-01  76.262775 
  7.656250e-01  76.249721 
  7.662500e-01  76.236691 
  7.668750e-01  76.223685 
  7.675000e-01  76.210703 
  7.681250e-01  76.197745 
  7.687500e-01  76.184811 
  7.693750e-01  76.171901 
  7.700000e-01  76.159016 
  7.706250e-01  76.146154 
  7.712500e-01  76.133317 
  7.718750e-01  76.120504 
  7.725000e-01  76.107715 
  7.731250e-01  76.094950 
  7.737500e-01  76.082209 
  7.743750e-01  76.069493 
  7.750000e-01  76.056801 
  7.756250e-01  76.044133 
  7.762500e-01  76.031489 
  7.768750e-01  76.018869 
  7.775000e-01  76.006274 
  7.781250e-01  75.993703 
  7.787500e-01  75.981156 
  7.793750e-01  75.968633 
  7.800000e-01  75.956135 
  7.806250e-01  75.943660 
  7.812500e-01  75.931210 
  7.818750e-01  75.918784 
  7.825000e-01  75.906383 
  7.831250e-01  75.894005 
  7.837500e-01  75.881652 
  7.843750e-01  75.869323 
  7.850000e-01  75.857018 
  7.856250e-01  75.844737 
  7.862500e-01  75.832481 
  7.868750e-01  75.820248 
  7.875000e-01  75.808040 
  7.881250e-01  75.795856 
  7.887500e-01  75.783696 
  7.893750e-01  75.771560 
  7.900000e-01  75.759448 
  7.906250e-01  75.747360 
  7.912500e-01  75.735297 
  7.918750e-01  75.723257 
  7.925000e-01  75.711242 
  7.931250e-01  75.699250 
  7.937500e-01  75.687283 
  7.943750e-01  75.675339 
  7.950000e-01  75.663420 
  7.956250e-01  75.651524 
  7.962500e-01  75.639653 
  7.968750e-01  75.627805 
  7.975000e-01  75.615981 
  7.981250e-01  75.604181 
  7.987500e-01  75.592405 
  7.993750e-01  75.580653 
  8.000000e-01  75.568925 
  8.006250e-01  75.557221 
  8.012500e-01  75.545540 
  8.018750e-01  75.533883 
  8.025000e-01  75.522250 
  8.031250e-01  75.510641 
  8.037500e-01  75.499055 
  8.043750e-01  75.487493 
  8.050000e-01  75.475955 
  8.056250e-01  75.464440 
  8.062500e-01  75.452949 
  8.068750e-01  75.441482 
  8.075000e-01  75.430038 
  8.081250e-01  75.418618 
  8.087500e-01  75.407221 
  8.093750e-01  75.395848 
  8.100000e-01  75.384498 
  8.106250e-01  75.373172 
  8.112500e-01  75.361869 
  8.118750e-01  75.350589 
  8.125000e-01  75.339333 
  8.131250e-01  75.328100 
  8.137500e-01  75.316891 
  8.143750e-01  75.305705 
  8.150000e-01  75.294542 
  8.156250e-01  75.283403 
  8.162500e-01  75.272286 
  8.168750e-01  75.261193 
  8.175000e-01  75.250123 
  8.181250e-01  75.239077 
  8.187500e-01  75.228053 
  8.193750e-01  75.217053 
  8.200000e-01  75.206075 
  8.206250e-01  75.195121 
  8.212500e-01  75.184190 
  8.218750e-01  75.173281 
  8.225000e-01  75.162396 
  8.231250e-01  75.151534 
  8.237500e-01  75.140694 
  8.243750e-01  75.129878 
  8.250000e-01  75.119084 
  8.256250e-01  75.108313 
  8.262500e-01  75.097565 
  8.268750e-01  75.086840 
  8.275000e-01  75.076137 
  8.281250e-01  75.065458 
  8.287500e-01  75.054801 
  8.293750e-01  75.044167 
  8.300000e-01  75.033555 
  8.306250e-01  75.022966 
  8.312500e-01  75.012400 
  8.318750e-01  75.001856 
  8.325000e-01  74.991335 
  8.331250e-01  74.980837 
  8.337500e-01  74.970361 
  8.343750e-01  74.959907 
  8.350000e-01  74.949476 
  8.356250e-01  74.939067 
  8.362500e-01  74.928681 
  8.368750e-01  74.918317 
  8.375000e-01  74.907976 
  8.381250e-01  74.897657 
  8.387500e-01  74.887360 
  8.393750e-01  74.877086 
  8.400000e-01  74.866834 
  8.406250e-01  74.856604 
  8.412500e-01  74.846396 
  8.418750e-01  74.836210 
  8.425000e-01  74.826047 
  8.431250e-01  74.815906 
  8.437500e-01  74.805787 
  8.443750e-01  74.795690 
  8.450000e-01  74.785615 
  8.456250e-01  74.775563 
  8.462500e-01  74.765532 
  8.468750e-01  74.755523 
  8.475000e-01  74.745537 
  8.481250e-01  74.735572 
  8.487500e-01  74.725629 
  8.493750e-01  74.715708 
  8.500000e-01  74.705809 
  8.506250e-01  74.695932 
  8.512500e-01  74.686077 
  8.518750e-01  74.676244 
  8.525000e-01  74.666432 
  8.531250e-01  74.656642 
  8.537500e-01  74.646874 
  8.543750e-01  74.637128 
  8.550000e-01  74.627404 
  8.556250e-01  74.617701 
  8.562500e-01  74.608020 
  8.568750e-01  74.598360 
  8.575000e-01  74.588722 
  8.581250e-01  74.579106 
  8.587500e-01  74.569511 
  8.593750e-01  74.559938 
  8.600000e-01  74.550387 
  8.606250e-01  74.540857 
  8.612500e-01  74.531348 
  8.618750e-01  74.521861 
  8.625000e-01  74.512395 
  8.631250e-01  74.502951 
  8.637500e-01  74.493529 
  8.643750e-01  74.484127 
  8.650000e-01  74.474747 
  8.656250e-01  74.465388 
  8.662500e-01  74.456051 
  8.668750e-01  74.446735 
  8.675000e-01  74.437440 
  8.681250e-01  74.428167 
  8.687500e-01  74.418915 
  8.693750e-01  74.409684 
  8.700000e-01  74.400474 
  8.706250e-01  74.391285 
  8.712500e-01  74.382118 
  8.718750e-01  74.372971 
  8.725000e-01  74.363846 
  8.731250e-01  74.354742 
  8.737500e-01  74.345658 
  8.743750e-01  74.336596 
  8.750000e-01  74.327555 
  8.756250e-01  74.318535 
  8.762500e-01  74.309536 
  8.768750e-01  74.300558 
  8.775000e-01  74.291601 
  8.781250e-01  74.282664 
  8.787500e-01  74.273749 
  8.793750e-01  74.264854 
  8.800000e-01  74.255980 
  8.806250e-01  74.247127 
  8.812500e-01  74.238295 
  8.818750e-01  74.229484 
  8.825000e-01  74.220693 
  8.831250e-01  74.211923 
  8.837500e-01  74.203174 
  8.843750e-01  74.194445 
  8.850000e-01  74.185737 
  8.856250e-01  74.177050 
  8.862500e-01  74.168383 
  8.868750e-01  74.159737 
  8.875000e-01  74.151112 
  8.881250e-01  74.142507 
  8.887500e-01  74.133922 
  8.893750e-01  74.125358 
  8.900000e-01  74.116815 
  8.906250e-01  74.108292 
  8.912500e-01  74.099789 
  8.918750e-01  74.091307 
  8.925000e-01  74.082845 
  8.931250e-01  74.074403 
  8.937500e-01  74.065982 
  8.943750e-01  74.057581 
  8.950000e-01  74.049200 
  8.956250e-01  74.040839 
  8.962500e-01  74.032499 
  8.968750e-01  74.024179 
  8.975000e-01  74.015879 
  8.981250e-01  74.007599 
  8.987500e-01  73.999339 
  8.993750e-01  73.991100 
  9.000000e-01  73.982880 
  9.006250e-01  73.974680 
  9.012500e-01  73.966501 
  9.018750e-01  73.958341 
  9.025000e-01  73.950201 
  9.031250e-01  73.942082 
  9.037500e-01  73.933982 
  9.043750e-01  73.925902 
  9.050000e-01  73.917842 
  9.056250e-01  73.909801 
  9.062500e-01  73.901781 
  9.068750e-01  73.893780 
  9.075000e-01  73.885799 
  9.081250e-01  73.877837 
  9.087500e-01  73.869895 
  9.093750e-01  73.861973 
  9.100000e-01  73.854071 
  9.106250e-01  73.846188 
  9.112500e-01  73.838325 
  9.118750e-01  73.830481 
  9.125000e-01  73.822656 
  9.131250e-01  73.814851 
  9.137500e-01  73.807066 
  9.143750e-01  73.799300 
  9.150000e-01  73.791553 
  9.156250e-01  73.783826 
  9.162500e-01  73.776118 
  9.168750e-01  73.768429 
  9.175000e-01  73.760759 
  9.181250e-01  73.753109 
  9.187500e-01  73.745478 
  9.193750e-01  73.737866 
  9.200000e-01  73.730273 
  9.206250e-01  73.722699 
  9.212500e-01  73.715144 
  9.218750e-01  73.707609 
  9.225000e-01  73.700092 
  9.231250e-01  73.692594 
  9.237500e-01  73.685115 
  9.243750e-01  73.677655 
  9.250000e-01  73.670214 
  9.256250e-01  73.662792 
  9.262500e-01  73.655389 
  9.268750e-01  73.648004 
  9.275000e-01  73.640638 
  9.281250e-01  73.633291 
  9.287500e-01  73.625962 
  9.293750e-01  73.618652 
  9.300000e-01  73.611361 
  9.306250e-01  73.604088 
  9.312500e-01  73.596834 
  9.318750e-01  73.589598 
  9.325000e-01  73.582380 
  9.331250e-01  73.575182 
  9.337500e-01  73.568001 
  9.343750e-01  73.560839 
  9.350000e-01  73.553695 
  9.356250e-01  73.546569 
  9.362500e-01  73.539462 
  9.368750e-01  73.532373 
  9.375000e-01  73.525302 
  9.381250e-01  73.518249 
  9.387500e-01  73.511214 
  9.393750e-01  73.504198 
  9.400000e-01  73.497199 
  9.406250e-01  73.490219 
  9.412500e-01  73.483256 
  9.418750e-01  73.476311 
  9.425000e-01  73.469384 
  9.431250e-01  73.462475 
  9.437500e-01  73.455584 
  9.443750e-01  73.448711 
  9.450000e-01  73.441855 
  9.456250e-01  73.435017 
  9.462500e-01  73.428197 
  9.468750e-01  73.421395 
  9.475000e-01  73.414609 
  9.481250e-01  73.407842 
  9.487500e-01  73.401092 
  9.493750e-01  73.394360 
  9.500000e-01  73.387645 
  9.506250e-01  73.380947 
  9.512500e-01  73.374267 
  9.518750e-01  73.367604 
  9.525000e-01  73.360958 
  9.531250e-01  73.354330 
  9.537500e-01  73.347719 
  9.543750e-01  73.341125 
  9.550000e-01  73.334548 
  9.556250e-01  73.327988 
  9.562500e-01  73.321446 
  9.568750e-01  73.314920 
  9.575000e-01  73.308411 
  9.581250e-01  73.301920 
  9.587500e-01  73.295445 
  9.593750e-01  73.288987 
  9.600000e-01  73.282546 
  9.606250e-01  73.276122 
  9.612500e-01  73.269714 
  9.618750e-01  73.263324 
  9.625000e-01  73.256950 
  9.631250e-01  73.250592 
  9.637500e-01  73.244251 
  9.643750e-01  73.237927 
  9.650000e-01  73.231620 
  9.656250e-01  73.225328 
  9.662500e-01  73.219054 
  9.668750e-01  73.212795 
  9.675000e-01  73.206553 
  9.681250e-01  73.200328 
  9.687500e-01  73.194118 
  9.693750e-01  73.187925 
  9.700000e-01  73.181748 
  9.706250e-01  73.175588 
  9.712500e-01  73.169443 
  9.718750e-01  73.163315 
  9.725000e-01  73.157203 
  9.731250e-01  73.151106 
  9.737500e-01  73.145026 
  9.743750e-01  73.138962 
  9.750000e-01  73.132913 
  9.756250e-01  73.126881 
  9.762500e-01  73.120864 
  9.768750e-01  73.114863 
  9.775000e-01  73.108878 
  9.781250e-01  73.102908 
  9.787500e-01  73.096954 
  9.793750e-01  73.091016 
  9.800000e-01  73.085094 
  9.806250e-01  73.079187 
  9.812500e-01  73.073295 
  9.818750e-01  73.067419 
  9.825000e-01  73.061559 
  9.831250e-01  73.055714 
  9.837500e-01  73.049884 
  9.843750e-01  73.044070 
  9.850000e-01  73.038270 
  9.856250e-01  73.032487 
  9.862500e-01  73.026718 
  9.868750e-01  73.020964 
  9.875000e-01  73.015226 
  9.881250e-01  73.009503 
  9.887500e-01  73.003795 
  9.893750e-01  72.998102 
  9.900000e-01  72.992423 
  9.906250e-01  72.986760 
  9.912500e-01  72.981112 
  9.918750e-01  72.975479 
  9.925000e-01  72.969860 
  9.931250e-01  72.964256 
  9.937500e-01  72.958667 
  9.943750e-01  72.953093 
  9.950000e-01  72.947533 
  9.956250e-01  72.941988 
  9.962500e-01  72.936458 
  9.968750e-01  72.930942 
  9.975000e-01  72.925441 
  9.981250e-01  72.919954 
  9.987500e-01  72.914482 
  9.993750e-01  72.909024 
  1.000000e+00  72.903580 
  1.000625e+00  72.898151 
  1.001250e+00  72.892736 
  1.001875e+00  72.887335 
  1.002500e+00  72.881949 
  1.003125e+00  72.876577 
  1.003750e+00  72.871219 
  1.004375e+00  72.865875 
  1.005000e+00  72.860545 
  1.005625e+00  72.855229 
  1.006250e+00  72.849928 
  1.006875e+00  72.844640 
  1.007500e+00  72.839366 
  1.008125e+00  72.834106 
  1.008750e+00  72.828860 
  1.009375e+00  72.823627 
  1.010000e+00  72.818409 
  1.010625e+00  72.813204 
  1.011250e+00  72.808013 
  1.011875e+00  72.802836 
  1.012500e+00  72.797672 
  1.013125e+00  72.792522 
  1.013750e+00  72.787385 
  1.014375e+00  72.782262 
  1.015000e+00  72.777153 
  1.015625e+00  72.772057 
  1.016250e+00  72.766974 
  1.016875e+00  72.761905 
  1.017500e+00  72.756849 
  1.018125e+00  72.751807 
  1.018750e+00  72.746777 
  1.019375e+00  72.741761 
  1.020000e+00  72.736759 
  1.020625e+00  72.731769 
  1.021250e+00  72.726793 
  1.021875e+00  72.721829 
  1.022500e+00  72.716879 
  1.023125e+00  72.711942 
  1.023750e+00  72.707017 
  1.024375e+00  72.702106 
  1.025000e+00  72.697208 
  1.025625e+00  72.692322 
  1.026250e+00  72.687450 
  1.026875e+00  72.682590 
  1.027500e+00  72.677743 
  1.028125e+00  72.672909 
  1.028750e+00  72.668087 
  1.029375e+00  72.663278 
  1.030000e+00  72.658482 
  1.030625e+00  72.653699 
  1.031250e+00  72.648928 
  1.031875e+00  72.644169 
  1.032500e+00  72.639424 
  1.033125e+00  72.634690 
  1.033750e+00  72.629969 
  1.034375e+00  72.625261 
  1.035000e+00  72.620565 
  1.035625e+00  72.615881 
  1.036250e+00  72.611209 
  1.036875e+00  72.606550 
  1.037500e+00  72.601903 
  1.038125e+00  72.597269 
  1.038750e+00  72.592646 
  1.039375e+00  72.588036 
  1.040000e+00  72.583438 
  1.040625e+00  72.578852 
  1.041250e+00  72.574278 
  1.041875e+00  72.569715 
  1.042500e+00  72.565165 
  1.043125e+00  72.560627 
  1.043750e+00  72.556101 
  1.044375e+00  72.551587 
  1.045000e+00  72.547084 
  1.045625e+00  72.542594 
  1.046250e+00  72.538115 
  1.046875e+00  72.533648 
  1.047500e+00  72.529193 
  1.048125e+00  72.524749 
  1.048750e+00  72.520317 
  1.049375e+00  72.515897 
  1.050000e+00  72.511488 
  1.050625e+00  72.507091 
  1.051250e+00  72.502706 
  1.051875e+00  72.498332 
  1.052500e+00  72.493969 
  1.053125e+00  72.489618 
  1.053750e+00  72.485278 
  1.054375e+00  72.480950 
  1.055000e+00  72.476633 
  1.055625e+00  72.472327 
  1.056250e+00  72.468033 
  1.056875e+00  72.463750 
  1.057500e+00  72.459478 
  1.058125e+00  72.455217 
  1.058750e+00  72.450968 
  1.059375e+00  72.446730 
  1.060000e+00  72.442503 
  1.060625e+00  72.438286 
  1.061250e+00  72.434081 
  1.061875e+00  72.429887 
  1.062500e+00  72.425704 
  1.063125e+00  72.421532 
  1.063750e+00  72.417371 
  1.064375e+00  72.413221 
  1.065000e+00  72.409082 
  1.065625e+00  72.404953 
  1.066250e+00  72.400835 
  1.066875e+00  72.396728 
  1.067500e+00  72.392632 
  1.068125e+00  72.388547 
  1.068750e+00  72.384472 
  1.069375e+00  72.380408 
  1.070000e+00  72.376355 
  1.070625e+00  72.372312 
  1.071250e+00  72.368280 
  1.071875e+00  72.364258 
  1.072500e+00  72.360247 
  1.073125e+00  72.356246 
  1.073750e+00  72.352256 
  1.074375e+00  72.348276 
  1.075000e+00  72.344307 
  1.075625e+00  72.340348 
  1.076250e+00  72.336400 
  1.076875e+00  72.332461 
  1.077500e+00  72.328533 
  1.078125e+00  72.324616 
  1.078750e+00  72.320708 
  1.079375e+00  72.316811 
  1.080000e+00  72.312924 
  1.080625e+00  72.309047 
  1.081250e+00  72.305181 
  1.081875e+00  72.301324 
  1.082500e+00  72.297478 
  1.083125e+00  72.293641 
  1.083750e+00  72.289815 
  1.084375e+00  72.285998 
  1.085000e+00  72.282192 
  1.085625e+00  72.278395 
  1.086250e+00  72.274609 
  1.086875e+00  72.270832 
  1.087500e+00  72.267065 
  1.088125e+00  72.263308 
  1.088750e+00  72.259561 
  1.089375e+00  72.255824 
  1.090000e+00  72.252096 
  1.090625e+00  72.248378 
  1.091250e+00  72.244670 
  1.091875e+00  72.240972 
  1.092500e+00  72.237283 
  1.093125e+00  72.233604 
  1.093750e+00  72.229934 
  1.094375e+00  72.226274 
  1.095000e+00  72.222624 
  1.095625e+00  72.218983 
  1.096250e+00  72.215351 
  1.096875e+00  72.211729 
  1.097500e+00  72.208117 
  1.098125e+00  72.204514 
  1.098750e+00  72.200920 
  1.099375e+00  72.197336 
  1.100000e+00  72.193761 
  1.100625e+00  72.190195 
  1.101250e+00  72.186639 
  1.101875e+00  72.183092 
  1.102500e+00  72.179554 
  1.103125e+00  72.176025 
  1.103750e+00  72.172506 
  1.104375e+00  72.168996 
  1.105000e+00  72.165495 
  1.105625e+00  72.162003 
  1.106250e+00  72.158520 
  1.106875e+00  72.155046 
  1.107500e+00  72.151582 
  1.108125e+00  72.148126 
  1.108750e+00  72.144679 
  1.109375e+00  72.141242 
  1.110000e+00  72.137813 
  1.110625e+00  72.134393 
  1.111250e+00  72.130983 
  1.111875e+00  72.127581 
  1.112500e+00  72.124188 
  1.113125e+00  72.120803 
  1.113750e+00  72.117428 
  1.114375e+00  72.114061 
  1.115000e+00  72.110703 
  1.115625e+00  72.107354 
  1.116250e+00  72.104014 
  1.116875e+00  72.100682 
  1.117500e+00  72.097359 
  1.118125e+00  72.094045 
  1.118750e+00  72.090739 
  1.119375e+00  72.087442 
  1.120000e+00  72.084154 
  1.120625e+00  72.080874 
  1.121250e+00  72.077602 
  1.121875e+00  72.074339 
  1.122500e+00  72.071085 
  1.123125e+00  72.067839 
  1.123750e+00  72.064602 
  1.124375e+00  72.061373 
  1.125000e+00  72.058152 
  1.125625e+00  72.054940 
  1.126250e+00  72.051736 
  1.126875e+00  72.048540 
  1.127500e+00  72.045353 
  1.128125e+00  72.042174 
  1.128750e+00  72.039003 
  1.129375e+00  72.035841 
  1.130000e+00  72.032687 
  1.130625e+00  72.029541 
  1.131250e+00  72.026403 
  1.131875e+00  72.023274 
  1.132500e+00  72.020152 
  1.133125e+00  72.017039 
  1.133750e+00  72.013934 
  1.134375e+00  72.010836 
  1.135000e+00  72.007747 
  1.135625e+00  72.004666 
  1.136250e+00  72.001593 
  1.136875e+00  71.998528 
  1.137500e+00  71.995471 
  1.138125e+00  71.992422 
  1.138750e+00  71.989381 
  1.139375e+00  71.986348 
  1.140000e+00  71.983322 
  1.140625e+00  71.980305 
  1.141250e+00  71.977295 
  1.141875e+00  71.974293 
  1.142500e+00  71.971300 
  1.143125e+00  71.968313 
  1.143750e+00  71.965335 
  1.144375e+00  71.962364 
  1.145000e+00  71.959401 
  1.145625e+00  71.956446 
  1.146250e+00  71.953499 
  1.146875e+00  71.950559 
  1.147500e+00  71.947626 
  1.148125e+00  71.944702 
  1.148750e+00  71.941785 
  1.149375e+00  71.938875 
  1.150000e+00  71.935974 
  1.150625e+00  71.933079 
  1.151250e+00  71.930193 
  1.151875e+00  71.927313 
  1.152500e+00  71.924442 
  1.153125e+00  71.921577 
  1.153750e+00  71.918721 
  1.154375e+00  71.915871 
  1.155000e+00  71.913029 
  1.155625e+00  71.910195 
  1.156250e+00  71.907367 
  1.156875e+00  71.904548 
  1.157500e+00  71.901735 
  1.158125e+00  71.898930 
  1.158750e+00  71.896132 
  1.159375e+00  71.893341 
  1.160000e+00  71.890558 
  1.160625e+00  71.887782 
  1.161250e+00  71.885013 
  1.161875e+00  71.882251 
  1.162500e+00  71.879497 
  1.163125e+00  71.876750 
  1.163750e+00  71.874009 
  1.164375e+00  71.871276 
  1.165000e+00  71.868551 
  1.165625e+00  71.865832 
  1.166250e+00  71.863120 
  1.166875e+00  71.860415 
  1.167500e+00  71.857718 
  1.168125e+00  71.855027 
  1.168750e+00  71.852343 
  1.169375e+00  71.849667 
  1.170000e+00  71.846997 
  1.170625e+00  71.844334 
  1.171250e+00  71.841679 
  1.171875e+00  71.839030 
  1.172500e+00  71.836388 
  1.173125e+00  71.833753 
  1.173750e+00  71.831124 
  1.174375e+00  71.828503 
  1.175000e+00  71.825888 
  1.175625e+00  71.823281 
  1.176250e+00  71.820680 
  1.176875e+00  71.818086 
  1.177500e+00  71.815498 
  1.178125e+00  71.812917 
  1.178750e+00  71.810343 
  1.179375e+00  71.807776 
  1.180000e+00  71.805216 
  1.180625e+00  71.802662 
  1.181250e+00  71.800114 
  1.181875e+00  71.797574 
  1.182500e+00  71.795040 
  1.183125e+00  71.792512 
  1.183750e+00  71.789992 
  1.184375e+00  71.787477 
  1.185000e+00  71.784970 
  1.185625e+00  71.782468 
  1.186250e+00  71.779974 
  1.186875e+00  71.777486 
  1.187500e+00  71.775004 
  1.188125e+00  71.772529 
  1.188750e+00  71.770060 
  1.189375e+00  71.767598 
  1.190000e+00  71.765142 
  1.190625e+00  71.762692 
  1.191250e+00  71.760249 
  1.191875e+00  71.757812 
  1.192500e+00  71.755382 
  1.193125e+00  71.752958 
  1.193750e+00  71.750540 
  1.194375e+00  71.748129 
  1.195000e+00  71.745724 
  1.195625e+00  71.743325 
  1.196250e+00  71.740932 
  1.196875e+00  71.738546 
  1.197500e+00  71.736166 
  1.198125e+00  71.733792 
  1.198750e+00  71.731424 
  1.199375e+00  71.729062 
  1.200000e+00  71.726707 
  1.200625e+00  71.724358 
  1.201250e+00  71.722015 
  1.201875e+00  71.719678 
  1.202500e+00  71.717347 
  1.203125e+00  71.715022 
  1.203750e+00  71.712703 
  1.204375e+00  71.710390 
  1.205000e+00  71.708084 
  1.205625e+00  71.705783 
  1.206250e+00  71.703488 
  1.206875e+00  71.701200 
  1.207500e+00  71.698917 
  1.208125e+00  71.696640 
  1.208750e+00  71.694369 
  1.209375e+00  71.692105 
  1.210000e+00  71.689846 
  1.210625e+00  71.687593 
  1.211250e+00  71.685345 
  1.211875e+00  71.683104 
  1.212500e+00  71.680869 
  1.213125e+00  71.678639 
  1.213750e+00  71.676415 
  1.214375e+00  71.674197 
  1.215000e+00  71.671985 
  1.215625e+00  71.669779 
  1.216250e+00  71.667578 
  1.216875e+00  71.665383 
  1.217500e+00  71.663194 
  1.218125e+00  71.661011 
  1.218750e+00  71.658833 
  1.219375e+00  71.656661 
  1.220000e+00  71.654495 
  1.220625e+00  71.652334 
  1.221250e+00  71.650179 
  1.221875e+00  71.648030 
  1.222500e+00  71.645886 
  1.223125e+00  71.643748 
  1.223750e+00  71.641615 
  1.224375e+00  71.639488 
  1.225000e+00  71.637367 
  1.225625e+00  71.635251 
  1.226250e+00  71.633141 
  1.226875e+00  71.631036 
  1.227500e+00  71.628937 
  1.228125e+00  71.626843 
  1.228750e+00  71.624754 
  1.229375e+00  71.622672 
  1.230000e+00  71.620594 
  1.230625e+00  71.618522 
  1.231250e+00  71.616456 
  1.231875e+00  71.614394 
  1.232500e+00  71.612339 
  1.233125e+00  71.610288 
  1.233750e+00  71.608243 
  1.234375e+00  71.606204 
  1.235000e+00  71.604169 
  1.235625e+00  71.602140 
  1.236250e+00  71.600117 
  1.236875e+00  71.598099 
  1.237500e+00  71.596085 
  1.238125e+00  71.594078 
  1.238750e+00  71.592075 
  1.239375e+00  71.590078 
  1.240000e+00  71.588086 
  1.240625e+00  71.586099 
  1.241250e+00  71.584117 
  1.241875e+00  71.582141 
  1.242500e+00  71.580170 
  1.243125e+00  71.578204 
  1.243750e+00  71.576243 
  1.244375e+00  71.574287 
  1.245000e+00  71.572336 
  1.245625e+00  71.570391 
  1.246250e+00  71.568450 
  1.246875e+00  71.566515 
  1.247500e+00  71.564585 
  1.248125e+00  71.562660 
  1.248750e+00  71.560739 
  1.249375e+00  71.558824 
  1.250000e+00  71.556914 
  1.250625e+00  71.555009 
  1.251250e+00  71.553109 
  1.251875e+00  71.551214 
  1.252500e+00  71.549324 
  1.253125e+00  71.547439 
  1.253750e+00  71.545559 
  1.254375e+00  71.543683 
  1.255000e+00  71.541813 
  1.255625e+00  71.539948 
  1.256250e+00  71.538087 
  1.256875e+00  71.536232 
  1.257500e+00  71.534381 
  1.258125e+00  71.532535 
  1.258750e+00  71.530694 
  1.259375e+00  71.528858 
  1.260000e+00  71.527026 
  1.260625e+00  71.525200 
  1.261250e+00  71.523378 
  1.261875e+00  71.521561 
  1.262500e+00  71.519749 
  1.263125e+00  71.517941 
  1.263750e+00  71.516139 
  1.264375e+00  71.514341 
  1.265000e+00  71.512547 
  1.265625e+00  71.510759 
  1.266250e+00  71.508975 
  1.266875e+00  71.507196 
  1.267500e+00  71.505421 
  1.268125e+00  71.503652 
  1.268750e+00  71.501887 
  1.269375e+00  71.500126 
  1.270000e+00  71.498370 
  1.270625e+00  71.496619 
  1.271250e+00  71.494872 
  1.271875e+00  71.493130 
  1.272500e+00  71.491393 
  1.273125e+00  71.489660 
  1.273750e+00  71.487932 
  1.274375e+00  71.486208 
  1.275000e+00  71.484489 
  1.275625e+00  71.482774 
  1.276250e+00  71.481064 
  1.276875e+00  71.479358 
  1.277500e+00  71.477657 
  1.278125e+00  71.475960 
  1.278750e+00  71.474268 
  1.279375e+00  71.472580 
  1.280000e+00  71.470897 
  1.280625e+00  71.469218 
  1.281250e+00  71.467544 
  1.281875e+00  71.465874 
  1.282500e+00  71.464208 
  1.283125e+00  71.462547 
  1.283750e+00  71.460890 
  1.284375e+00  71.459237 
  1.285000e+00  71.457589 
  1.285625e+00  71.455945 
  1.286250e+00  71.454306 
  1.286875e+00  71.452671 
  1.287500e+00  71.451040 
  1.288125e+00  71.449413 
  1.288750e+00  71.447791 
  1.289375e+00  71.446173 
  1.290000e+00  71.444559 
  1.290625e+00  71.442950 
  1.291250e+00  71.441345 
  1.291875e+00  71.439744 
  1.292500e+00  71.438147 
  1.293125e+00  71.436554 
  1.293750e+00  71.434966 
  1.294375e+00  71.433382 
  1.295000e+00  71.431802 
  1.295625e+00  71.430226 
  1.296250e+00  71.428654 
  1.296875e+00  71.427087 
  1.297500e+00  71.425523 
  1.298125e+00  71.423964 
  1.298750e+00  71.422409 
  1.299375e+00  71.420858 
  1.300000e+00  71.419311 
  1.300625e+00  71.417768 
  1.301250e+00  71.416229 
  1.301875e+00  71.414695 
  1.302500e+00  71.413164 
  1.303125e+00  71.411637 
  1.303750e+00  71.410115 
  1.304375e+00  71.408596 
  1.305000e+00  71.407082 
  1.305625e+00  71.405571 
  1.306250e+00  71.404065 
  1.306875e+00  71.402562 
  1.307500e+00  71.401063 
  1.308125e+00  71.399569 
  1.308750e+00  71.398078 
  1.309375e+00  71.396591 
  1.310000e+00  71.395109 
  1.310625e+00  71.393630 
  1.311250e+00  71.392155 
  1.311875e+00  71.390683 
  1.312500e+00  71.389216 
  1.313125e+00  71.387753 
  1.313750e+00  71.386293 
  1.314375e+00  71.384838 
  1.315000e+00  71.383386 
  1.315625e+00  71.381938 
  1.316250e+00  71.380494 
  1.316875e+00  71.379054 
  1.317500e+00  71.377617 
  1.318125e+00  71.376185 
  1.318750e+00  71.374756 
  1.319375e+00  71.373331 
  1.320000e+00  71.371909 
  1.320625e+00  71.370492 
  1.321250e+00  71.369078 
  1.321875e+00  71.367668 
  1.322500e+00  71.366261 
  1.323125e+00  71.364859 
  1.323750e+00  71.363460 
  1.324375e+00  71.362065 
  1.325000e+00  71.360673 
  1.325625e+00  71.359285 
  1.326250e+00  71.357901 
  1.326875e+00  71.356521 
  1.327500e+00  71.355144 
  1.328125e+00  71.353771 
  1.328750e+00  71.352401 
  1.329375e+00  71.351035 
  1.330000e+00  71.349673 
  1.330625e+00  71.348314 
  1.331250e+00  71.346959 
  1.331875e+00  71.345607 
  1.332500e+00  71.344259 
  1.333125e+00  71.342915 
  1.333750e+00  71.341574 
  1.334375e+00  71.340237 
  1.335000e+00  71.338903 
  1.335625e+00  71.337573 
  1.336250e+00  71.336246 
  1.336875e+00  71.334923 
  1.337500e+00  71.333603 
  1.338125e+00  71.332287 
  1.338750e+00  71.330974 
  1.339375e+00  71.329665 
  1.340000e+00  71.328360 
  1.340625e+00  71.327057 
  1.341250e+00  71.325758 
  1.341875e+00  71.324463 
  1.342500e+00  71.323171 
  1.343125e+00  71.321883 
  1.343750e+00  71.320597 
  1.344375e+00  71.319316 
  1.345000e+00  71.318037 
  1.345625e+00  71.316762 
  1.346250e+00  71.315491 
  1.346875e+00  71.314223 
  1.347500e+00  71.312958 
  1.348125e+00  71.311696 
  1.348750e+00  71.310438 
  1.349375e+00  71.309183 
  1.350000e+00  71.307932 
  1.350625e+00  71.306684 
  1.351250e+00  71.305439 
  1.351875e+00  71.304197 
  1.352500e+00  71.302959 
  1.353125e+00  71.301724 
  1.353750e+00  71.300493 
  1.354375e+00  71.299264 
  1.355000e+00  71.298039 
  1.355625e+00  71.296817 
  1.356250e+00  71.295598 
  1.356875e+00  71.294383 
  1.357500e+00  71.293171 
  1.358125e+00  71.291962 
  1.358750e+00  71.290756 
  1.359375e+00  71.289553 
  1.360000e+00  71.288354 
  1.360625e+00  71.287158 
  1.361250e+00  71.285965 
  1.361875e+00  71.284775 
  1.362500e+00  71.283588 
  1.363125e+00  71.282404 
  1.363750e+00  71.281224 
  1.364375e+00  71.280047 
  1.365000e+00  71.278872 
  1.365625e+00  71.277701 
  1.366250e+00  71.276533 
  1.366875e+00  71.275368 
  1.367500e+00  71.274207 
  1.368125e+00  71.273048 
  1.368750e+00  71.271892 
  1.369375e+00  71.270740 
  1.370000e+00  71.269590 
  1.370625e+00  71.268444 
  1.371250e+00  71.267300 
  1.371875e+00  71.266160 
  1.372500e+00  71.265023 
  1.373125e+00  71.263888 
  1.373750e+00  71.262757 
  1.374375e+00  71.261629 
  1.375000e+00  71.260503 
  1.375625e+00  71.259381 
  1.376250e+00  71.258262 
  1.376875e+00  71.257145 
  1.377500e+00  71.256032 
  1.378125e+00  71.254921 
  1.378750e+00  71.253814 
  1.379375e+00  71.252709 
  1.380000e+00  71.251607 
  1.380625e+00  71.250509 
  1.381250e+00  71.249413 
  1.381875e+00  71.248320 
  1.382500e+00  71.247230 
  1.383125e+00  71.246143 
  1.383750e+00  71.245059 
  1.384375e+00  71.243977 
  1.385000e+00  71.242899 
  1.385625e+00  71.241823 
  1.386250e+00  71.240750 
  1.386875e+00  71.239680 
  1.387500e+00  71.238613 
  1.388125e+00  71.237549 
  1.388750e+00  71.236488 
  1.389375e+00  71.235429 
  1.390000e+00  71.234373 
  1.390625e+00  71.233320 
  1.391250e+00  71.232270 
  1.391875e+00  71.231223 
  1.392500e+00  71.230178 
  1.393125e+00  71.229136 
  1.393750e+00  71.228097 
  1.394375e+00  71.227061 
  1.395000e+00  71.226027 
  1.395625e+00  71.224996 
  1.396250e+00  71.223968 
  1.396875e+00  71.222943 
  1.397500e+00  71.221920 
  1.398125e+00  71.220900 
  1.398750e+00  71.219883 
  1.399375e+00  71.218869 
  1.400000e+00  71.217857 
  1.400625e+00  71.216848 
  1.401250e+00  71.215841 
  1.401875e+00  71.214837 
  1.402500e+00  71.213836 
  1.403125e+00  71.212838 
  1.403750e+00  71.211842 
  1.404375e+00  71.210849 
  1.405000e+00  71.209858 
  1.405625e+00  71.208870 
  1.406250e+00  71.207885 
  1.406875e+00  71.206902 
  1.407500e+00  71.205922 
  1.408125e+00  71.204945 
  1.408750e+00  71.203970 
  1.409375e+00  71.202998 
  1.410000e+00  71.202028 
  1.410625e+00  71.201061 
  1.411250e+00  71.200096 
  1.411875e+00  71.199134 
  1.412500e+00  71.198175 
  1.413125e+00  71.197218 
  1.413750e+00  71.196264 
  1.414375e+00  71.195312 
  1.415000e+00  71.194363 
  1.415625e+00  71.193416 
  1.416250e+00  71.192472 
  1.416875e+00  71.191530 
  1.417500e+00  71.190591 
  1.418125e+00  71.189654 
  1.418750e+00  71.188720 
  1.419375e+00  71.187788 
  1.420000e+00  71.186859 
  1.420625e+00  71.185932 
  1.421250e+00  71.185007 
  1.421875e+00  71.184085 
  1.422500e+00  71.183166 
  1.423125e+00  71.182249 
  1.423750e+00  71.181334 
  1.424375e+00  71.180422 
  1.425000e+00  71.179512 
  1.425625e+00  71.178605 
  1.426250e+00  71.177700 
  1.426875e+00  71.176798 
  1.427500e+00  71.175898 
  1.428125e+00  71.175000 
  1.428750e+00  71.174104 
  1.429375e+00  71.173211 
  1.430000e+00  71.172321 
  1.430625e+00  71.171433 
  1.431250e+00  71.170547 
  1.431875e+00  71.169663 
  1.432500e+00  71.168782 
  1.433125e+00  71.167903 
  1.433750e+00  71.167027 
  1.434375e+00  71.166153 
  1.435000e+00  71.165281 
  1.435625e+00  71.164411 
  1.436250e+00  71.163544 
  1.436875e+00  71.162679 
  1.437500e+00  71.161816 
  1.438125e+00  71.160956 
  1.438750e+00  71.160098 
  1.439375e+00  71.159242 
  1.440000e+00  71.158389 
  1.440625e+00  71.157537 
  1.441250e+00  71.156688 
  1.441875e+00  71.155842 
  1.442500e+00  71.154997 
  1.443125e+00  71.154155 
  1.443750e+00  71.153315 
  1.444375e+00  71.152477 
  1.445000e+00  71.151642 
  1.445625e+00  71.150808 
  1.446250e+00  71.149977 
  1.446875e+00  71.149148 
  1.447500e+00  71.148322 
  1.448125e+00  71.147497 
  1.448750e+00  71.146675 
  1.449375e+00  71.145855 
  1.450000e+00  71.145037 
  1.450625e+00  71.144221 
  1.451250e+00  71.143407 
  1.451875e+00  71.142596 
  1.452500e+00  71.141786 
  1.453125e+00  71.140979 
  1.453750e+00  71.140174 
  1.454375e+00  71.139371 
  1.455000e+00  71.138570 
  1.455625e+00  71.137772 
  1.456250e+00  71.136975 
  1.456875e+00  71.136181 
  1.457500e+00  71.135389 
  1.458125e+00  71.134598 
  1.458750e+00  71.133810 
  1.459375e+00  71.133024 
  1.460000e+00  71.132240 
  1.460625e+00  71.131459 
  1.461250e+00  71.130679 
  1.461875e+00  71.129901 
  1.462500e+00  71.129125 
  1.463125e+00  71.128352 
  1.463750e+00  71.127580 
  1.464375e+00  71.126811 
  1.465000e+00  71.126043 
  1.465625e+00  71.125278 
  1.466250e+00  71.124515 
  1.466875e+00  71.123753 
  1.467500e+00  71.122994 
  1.468125e+00  71.122237 
  1.468750e+00  71.121481 
  1.469375e+00  71.120728 
  1.470000e+00  71.119977 
  1.470625e+00  71.119228 
  1.471250e+00  71.118480 
  1.471875e+00  71.117735 
  1.472500e+00  71.116992 
  1.473125e+00  71.116250 
  1.473750e+00  71.115511 
  1.474375e+00  71.114773 
  1.475000e+00  71.114038 
  1.475625e+00  71.113304 
  1.476250e+00  71.112573 
  1.476875e+00  71.111843 
  1.477500e+00  71.111115 
  1.478125e+00  71.110390 
  1.478750e+00  71.109666 
  1.479375e+00  71.108944 
  1.480000e+00  71.108224 
  1.480625e+00  71.107506 
  1.481250e+00  71.106789 
  1.481875e+00  71.106075 
  1.482500e+00  71.105363 
  1.483125e+00  71.104652 
  1.483750e+00  71.103944 
  1.484375e+00  71.103237 
  1.485000e+00  71.102532 
  1.485625e+00  71.101829 
  1.486250e+00  71.101128 
  1.486875e+00  71.100428 
  1.487500e+00  71.099731 
  1.488125e+00  71.099035 
  1.488750e+00  71.098342 
  1.489375e+00  71.097650 
  1.490000e+00  71.096960 
  1.490625e+00  71.096271 
  1.491250e+00  71.095585 
  1.491875e+00  71.094900 
  1.492500e+00  71.094218 
  1.493125e+00  71.093537 
  1.493750e+00  71.092858 
  1.494375e+00  71.092180 
  1.495000e+00  71.091505 
  1.495625e+00  71.090831 
  1.496250e+00  71.090159 
  1.496875e+00  71.089489 
  1.497500e+00  71.088820 
  1.498125e+00  71.088154 
  1.498750e+00  71.087489 
  1.499375e+00  71.086825 
  1.500000e+00  71.086164 
  1.500625e+00  71.085505 
  1.501250e+00  71.084847 
  1.501875e+00  71.084191 
  1.502500e+00  71.083536 
  1.503125e+00  71.082883 
  1.503750e+00  71.082233 
  1.504375e+00  71.081583 
  1.505000e+00  71.080936 
  1.505625e+00  71.080290 
  1.506250e+00  71.079646 
  1.506875e+00  71.079004 
  1.507500e+00  71.078363 
  1.508125e+00  71.077724 
  1.508750e+00  71.077087 
  1.509375e+00  71.076451 
  1.510000e+00  71.075817 
  1.510625e+00  71.075185 
  1.511250e+00  71.074555 
  1.511875e+00  71.073926 
  1.512500e+00  71.073299 
  1.513125e+00  71.072673 
  1.513750e+00  71.072049 
  1.514375e+00  71.071427 
  1.515000e+00  71.070807 
  1.515625e+00  71.070188 
  1.516250e+00  71.069570 
  1.516875e+00  71.068955 
  1.517500e+00  71.068341 
  1.518125e+00  71.067728 
  1.518750e+00  71.067118 
  1.519375e+00  71.066509 
  1.520000e+00  71.065901 
  1.520625e+00  71.065295 
  1.521250e+00  71.064691 
  1.521875e+00  71.064088 
  1.522500e+00  71.063487 
  1.523125e+00  71.062887 
  1.523750e+00  71.062290 
  1.524375e+00  71.061693 
  1.525000e+00  71.061098 
  1.525625e+00  71.060505 
  1.526250e+00  71.059914 
  1.526875e+00  71.059324 
  1.527500e+00  71.058735 
  1.528125e+00  71.058148 
  1.528750e+00  71.057563 
  1.529375e+00  71.056979 
  1.530000e+00  71.056397 
  1.530625e+00  71.055816 
  1.531250e+00  71.055237 
  1.531875e+00  71.054659 
  1.532500e+00  71.054083 
  1.533125e+00  71.053508 
  1.533750e+00  71.052935 
  1.534375e+00  71.052364 
  1.535000e+00  71.051794 
  1.535625e+00  71.051225 
  1.536250e+00  71.050658 
  1.536875e+00  71.050093 
  1.537500e+00  71.049528 
  1.538125e+00  71.048966 
  1.538750e+00  71.048405 
  1.539375e+00  71.047845 
  1.540000e+00  71.047287 
  1.540625e+00  71.046731 
  1.541250e+00  71.046175 
  1.541875e+00  71.045622 
  1.542500e+00  71.045070 
  1.543125e+00  71.044519 
  1.543750e+00  71.043970 
  1.544375e+00  71.043422 
  1.545000e+00  71.042875 
  1.545625e+00  71.042330 
  1.546250e+00  71.041787 
  1.546875e+00  71.041245 
  1.547500e+00  71.040704 
  1.548125e+00  71.040165 
  1.548750e+00  71.039627 
  1.549375e+00  71.039091 
  1.550000e+00  71.038556 
  1.550625e+00  71.038023 
  1.551250e+00  71.037491 
  1.551875e+00  71.036960 
  1.552500e+00  71.036431 
  1.553125e+00  71.035903 
  1.553750e+00  71.035376 
  1.554375e+00  71.034851 
  1.555000e+00  71.034328 
  1.555625e+00  71.033805 
  1.556250e+00  71.033284 
  1.556875e+00  71.032765 
  1.557500e+00  71.032247 
  1.558125e+00  71.031730 
  1.558750e+00  71.031214 
  1.559375e+00  71.030700 
  1.560000e+00  71.030188 
  1.560625e+00  71.029676 
  1.561250e+00  71.029166 
  1.561875e+00  71.028658 
  1.562500e+00  71.028150 
  1.563125e+00  71.027645 
  1.563750e+00  71.027140 
  1.564375e+00  71.026637 
  1.565000e+00  71.026135 
  1.565625e+00  71.025634 
  1.566250e+00  71.025135 
  1.566875e+00  71.024637 
  1.567500e+00  71.024140 
  1.568125e+00  71.023645 
  1.568750e+00  71.023151 
  1.569375e+00  71.022658 
  1.570000e+00  71.022167 
  1.570625e+00  71.021677 
  1.571250e+00  71.021188 
  1.571875e+00  71.020700 
  1.572500e+00  71.020214 
  1.573125e+00  71.019729 
  1.573750e+00  71.019245 
  1.574375e+00  71.018763 
  1.575000e+00  71.018282 
  1.575625e+00  71.017802 
  1.576250e+00  71.017324 
  1.576875e+00  71.016846 
  1.577500e+00  71.016370 
  1.578125e+00  71.015895 
  1.578750e+00  71.015422 
  1.579375e+00  71.014950 
  1.580000e+00  71.014479 
  1.580625e+00  71.014009 
  1.581250e+00  71.013540 
  1.581875e+00  71.013073 
  1.582500e+00  71.012607 
  1.583125e+00  71.012142 
  1.583750e+00  71.011679 
  1.584375e+00  71.011216 
  1.585000e+00  71.010755 
  1.585625e+00  71.010295 
  1.586250e+00  71.009836 
  1.586875e+00  71.009379 
  1.587500e+00  71.008923 
  1.588125e+00  71.008468 
  1.588750e+00  71.008014 
  1.589375e+00  71.007561 
  1.590000e+00  71.007110 
  1.590625e+00  71.006659 
  1.591250e+00  71.006210 
  1.591875e+00  71.005762 
  1.592500e+00  71.005316 
  1.593125e+00  71.004870 
  1.593750e+00  71.004426 
  1.594375e+00  71.003982 
  1.595000e+00  71.003540 
  1.595625e+00  71.003100 
  1.596250e+00  71.002660 
  1.596875e+00  71.002221 
  1.597500e+00  71.001784 
  1.598125e+00  71.001348 
  1.598750e+00  71.000913 
  1.599375e+00  71.000479 
  1.600000e+00  71.000046 
  1.600625e+00  70.999615 
  1.601250e+00  70.999184 
  1.601875e+00  70.998755 
  1.602500e+00  70.998327 
  1.603125e+00  70.997900 
  1.603750e+00  70.997474 
  1.604375e+00  70.997049 
  1.605000e+00  70.996625 
  1.605625e+00  70.996203 
  1.606250e+00  70.995781 
  1.606875e+00  70.995361 
  1.607500e+00  70.994942 
  1.608125e+00  70.994524 
  1.608750e+00  70.994107 
  1.609375e+00  70.993691 
  1.610000e+00  70.993276 
  1.610625e+00  70.992862 
  1.611250e+00  70.992450 
  1.611875e+00  70.992038 
  1.612500e+00  70.991628 
  1.613125e+00  70.991218 
  1.613750e+00  70.990810 
  1.614375e+00  70.990403 
  1.615000e+00  70.989997 
  1.615625e+00  70.989592 
  1.616250e+00  70.989188 
  1.616875e+00  70.988785 
  1.617500e+00  70.988383 
  1.618125e+00  70.987982 
  1.618750e+00  70.987583 
  1.619375e+00  70.987184 
  1.620000e+00  70.986786 
  1.620625e+00  70.986390 
  1.621250e+00  70.985994 
  1.621875e+00  70.985600 
  1.622500e+00  70.985206 
  1.623125e+00  70.984814 
  1.623750e+00  70.984423 
  1.624375e+00  70.984032 
  1.625000e+00  70.983643 
  1.625625e+00  70.983255 
  1.626250e+00  70.982868 
  1.626875e+00  70.982482 
  1.627500e+00  70.982096 
  1.628125e+00  70.981712 
  1.628750e+00  70.981329 
  1.629375e+00  70.980947 
  1.630000e+00  70.980566 
  1.630625e+00  70.980186 
  1.631250e+00  70.979807 
  1.631875e+00  70.979429 
  1.632500e+00  70.979052 
  1.633125e+00  70.978675 
  1.633750e+00  70.978300 
  1.634375e+00  70.977926 
  1.635000e+00  70.977553 
  1.635625e+00  70.977181 
  1.636250e+00  70.976810 
  1.636875e+00  70.976440 
  1.637500e+00  70.976070 
  1.638125e+00  70.975702 
  1.638750e+00  70.975335 
  1.639375e+00  70.974969 
  1.640000e+00  70.974603 
  1.640625e+00  70.974239 
  1.641250e+00  70.973876 
  1.641875e+00  70.973513 
  1.642500e+00  70.973152 
  1.643125e+00  70.972791 
  1.643750e+00  70.972432 
  1.644375e+00  70.972073 
  1.645000e+00  70.971715 
  1.645625e+00  70.971359 
  1.646250e+00  70.971003 
  1.646875e+00  70.970648 
  1.647500e+00  70.970294 
  1.648125e+00  70.969941 
  1.648750e+00  70.969589 
  1.649375e+00  70.969238 
  1.650000e+00  70.968888 
  1.650625e+00  70.968539 
  1.651250e+00  70.968191 
  1.651875e+00  70.967843 
  1.652500e+00  70.967497 
  1.653125e+00  70.967151 
  1.653750e+00  70.966806 
  1.654375e+00  70.966463 
  1.655000e+00  70.966120 
  1.655625e+00  70.965778 
  1.656250e+00  70.965437 
  1.656875e+00  70.965097 
  1.657500e+00  70.964758 
  1.658125e+00  70.964419 
  1.658750e+00  70.964082 
  1.659375e+00  70.963745 
  1.660000e+00  70.963410 
  1.660625e+00  70.963075 
  1.661250e+00  70.962741 
  1.661875e+00  70.962408 
  1.662500e+00  70.962076 
  1.663125e+00  70.961745 
  1.663750e+00  70.961414 
  1.664375e+00  70.961085 
  1.665000e+00  70.960756 
  1.665625e+00  70.960429 
  1.666250e+00  70.960102 
  1.666875e+00  70.959776 
  1.667500e+00  70.959451 
  1.668125e+00  70.959126 
  1.668750e+00  70.958803 
  1.669375e+00  70.958480 
  1.670000e+00  70.958158 
  1.670625e+00  70.957838 
  1.671250e+00  70.957518 
  1.671875e+00  70.957198 
  1.672500e+00  70.956880 
  1.673125e+00  70.956563 
  1.673750e+00  70.956246 
  1.674375e+00  70.955930 
  1.675000e+00  70.955615 
  1.675625e+00  70.955301 
  1.676250e+00  70.954988 
  1.676875e+00  70.954675 
  1.677500e+00  70.954363 
  1.678125e+00  70.954052 
  1.678750e+00  70.953742 
  1.679375e+00  70.953433 
  1.680000e+00  70.953125 
  1.680625e+00  70.952817 
  1.681250e+00  70.952511 
  1.681875e+00  70.952205 
  1.682500e+00  70.951899 
  1.683125e+00  70.951595 
  1.683750e+00  70.951292 
  1.684375e+00  70.950989 
  1.685000e+00  70.950687 
  1.685625e+00  70.950386 
  1.686250e+00  70.950085 
  1.686875e+00  70.949786 
  1.687500e+00  70.949487 
  1.688125e+00  70.949189 
  1.688750e+00  70.948892 
  1.689375e+00  70.948596 
  1.690000e+00  70.948300 
  1.690625e+00  70.948005 
  1.691250e+00  70.947711 
  1.691875e+00  70.947418 
  1.692500e+00  70.947125 
  1.693125e+00  70.946834 
  1.693750e+00  70.946543 
  1.694375e+00  70.946252 
  1.695000e+00  70.945963 
  1.695625e+00  70.945674 
  1.696250e+00  70.945386 
  1.696875e+00  70.945099 
  1.697500e+00  70.944813 
  1.698125e+00  70.944527 
  1.698750e+00  70.944242 
  1.699375e+00  70.943958 
  1.700000e+00  70.943675 
  1.700625e+00  70.943392 
  1.701250e+00  70.943110 
  1.701875e+00  70.942829 
  1.702500e+00  70.942549 
  1.703125e+00  70.942269 
  1.703750e+00  70.941990 
  1.704375e+00  70.941712 
  1.705000e+00  70.941435 
  1.705625e+00  70.941158 
  1.706250e+00  70.940882 
  1.706875e+00  70.940607 
  1.707500e+00  70.940332 
  1.708125e+00  70.940059 
  1.708750e+00  70.939786 
  1.709375e+00  70.939513 
  1.710000e+00  70.939242 
  1.710625e+00  70.938971 
  1.711250e+00  70.938701 
  1.711875e+00  70.938431 
  1.712500e+00  70.938162 
  1.713125e+00  70.937894 
  1.713750e+00  70.937627 
  1.714375e+00  70.937360 
  1.715000e+00  70.937094 
  1.715625e+00  70.936829 
  1.716250e+00  70.936565 
  1.716875e+00  70.936301 
  1.717500e+00  70.936038 
  1.718125e+00  70.935775 
  1.718750e+00  70.935514 
  1.719375e+00  70.935253 
  1.720000e+00  70.934992 
  1.720625e+00  70.934733 
  1.721250e+00  70.934474 
  1.721875e+00  70.934215 
  1.722500e+00  70.933958 
  1.723125e+00  70.933701 
  1.723750e+00  70.933444 
  1.724375e+00  70.933189 
  1.725000e+00  70.932934 
  1.725625e+00  70.932680 
  1.726250e+00  70.932426 
  1.726875e+00  70.932173 
  1.727500e+00  70.931921 
  1.728125e+00  70.931670 
  1.728750e+00  70.931419 
  1.729375e+00  70.931168 
  1.730000e+00  70.930919 
  1.730625e+00  70.930670 
  1.731250e+00  70.930422 
  1.731875e+00  70.930174 
  1.732500e+00  70.929927 
  1.733125e+00  70.929681 
  1.733750e+00  70.929435 
  1.734375e+00  70.929190 
  1.735000e+00  70.928946 
  1.735625e+00  70.928702 
  1.736250e+00  70.928459 
  1.736875e+00  70.928217 
  1.737500e+00  70.927975 
  1.738125e+00  70.927734 
  1.738750e+00  70.927493 
  1.739375e+00  70.927254 
  1.740000e+00  70.927014 
  1.740625e+00  70.926776 
  1.741250e+00  70.926538 
  1.741875e+00  70.926301 
  1.742500e+00  70.926064 
  1.743125e+00  70.925828 
  1.743750e+00  70.925592 
  1.744375e+00  70.925357 
  1.745000e+00  70.925123 
  1.745625e+00  70.924890 
  1.746250e+00  70.924657 
  1.746875e+00  70.924424 
  1.747500e+00  70.924193 
  1.748125e+00  70.923961 
  1.748750e+00  70.923731 
  1.749375e+00  70.923501 
  1.750000e+00  70.923272 
  1.750625e+00  70.923043 
  1.751250e+00  70.922815 
  1.751875e+00  70.922588 
  1.752500e+00  70.922361 
  1.753125e+00  70.922134 
  1.753750e+00  70.921909 
  1.754375e+00  70.921684 
  1.755000e+00  70.921459 
  1.755625e+00  70.921235 
  1.756250e+00  70.921012 
  1.756875e+00  70.920789 
  1.757500e+00  70.920567 
  1.758125e+00  70.920345 
  1.758750e+00  70.920125 
  1.759375e+00  70.919904 
  1.760000e+00  70.919684 
  1.760625e+00  70.919465 
  1.761250e+00  70.919247 
  1.761875e+00  70.919028 
  1.762500e+00  70.918811 
  1.763125e+00  70.918594 
  1.763750e+00  70.918378 
  1.764375e+00  70.918162 
  1.765000e+00  70.917947 
  1.765625e+00  70.917732 
  1.766250e+00  70.917518 
  1.766875e+00  70.917305 
  1.767500e+00  70.917092 
  1.768125e+00  70.916879 
  1.768750e+00  70.916668 
  1.769375e+00  70.916456 
  1.770000e+00  70.916246 
  1.770625e+00  70.916036 
  1.771250e+00  70.915826 
  1.771875e+00  70.915617 
  1.772500e+00  70.915409 
  1.773125e+00  70.915201 
  1.773750e+00  70.914993 
  1.774375e+00  70.914786 
  1.775000e+00  70.914580 
  1.775625e+00  70.914374 
  1.776250e+00  70.914169 
  1.776875e+00  70.913965 
  1.777500e+00  70.913761 
  1.778125e+00  70.913557 
  1.778750e+00  70.913354 
  1.779375e+00  70.913152 
  1.780000e+00  70.912950 
  1.780625e+00  70.912748 
  1.781250e+00  70.912547 
  1.781875e+00  70.912347 
  1.782500e+00  70.912147 
  1.783125e+00  70.911948 
  1.783750e+00  70.911749 
  1.784375e+00  70.911551 
  1.785000e+00  70.911353 
  1.785625e+00  70.911156 
  1.786250e+00  70.910959 
  1.786875e+00  70.910763 
  1.787500e+00  70.910568 
  1.788125e+00  70.910372 
  1.788750e+00  70.910178 
  1.789375e+00  70.909984 
  1.790000e+00  70.909790 
  1.790625e+00  70.909597 
  1.791250e+00  70.909405 
  1.791875e+00  70.909213 
  1.792500e+00  70.909021 
  1.793125e+00  70.908830 
  1.793750e+00  70.908640 
  1.794375e+00  70.908450 
  1.795000e+00  70.908260 
  1.795625e+00  70.908071 
  1.796250e+00  70.907883 
  1.796875e+00  70.907695 
  1.797500e+00  70.907507 
  1.798125e+00  70.907320 
  1.798750e+00  70.907133 
  1.799375e+00  70.906947 
  1.800000e+00  70.906762 
  1.800625e+00  70.906577 
  1.801250e+00  70.906392 
  1.801875e+00  70.906208 
  1.802500e+00  70.906025 
  1.803125e+00  70.905842 
  1.803750e+00  70.905659 
  1.804375e+00  70.905477 
  1.805000e+00  70.905295 
  1.805625e+00  70.905114 
  1.806250e+00  70.904933 
  1.806875e+00  70.904753 
  1.807500e+00  70.904573 
  1.808125e+00  70.904394 
  1.808750e+00  70.904215 
  1.809375e+00  70.904037 
  1.810000e+00  70.903859 
  1.810625e+00  70.903682 
  1.811250e+00  70.903505 
  1.811875e+00  70.903329 
  1.812500e+00  70.903153 
  1.813125e+00  70.902977 
  1.813750e+00  70.902802 
  1.814375e+00  70.902627 
  1.815000e+00  70.902453 
  1.815625e+00  70.902280 
  1.816250e+00  70.902107 
  1.816875e+00  70.901934 
  1.817500e+00  70.901762 
  1.818125e+00  70.901590 
  1.818750e+00  70.901418 
  1.819375e+00  70.901247 
  1.820000e+00  70.901077 
  1.820625e+00  70.900907 
  1.821250e+00  70.900737 
  1.821875e+00  70.900568 
  1.822500e+00  70.900400 
  1.823125e+00  70.900231 
  1.823750e+00  70.900064 
  1.824375e+00  70.899896 
  1.825000e+00  70.899729 
  1.825625e+00  70.899563 
  1.826250e+00  70.899397 
  1.826875e+00  70.899231 
  1.827500e+00  70.899066 
  1.828125e+00  70.898902 
  1.828750e+00  70.898737 
  1.829375e+00  70.898574 
  1.830000e+00  70.898410 
  1.830625e+00  70.898247 
  1.831250e+00  70.898085 
  1.831875e+00  70.897923 
  1.832500e+00  70.897761 
  1.833125e+00  70.897600 
  1.833750e+00  70.897439 
  1.834375e+00  70.897279 
  1.835000e+00  70.897119 
  1.835625e+00  70.896959 
  1.836250e+00  70.896800 
  1.836875e+00  70.896641 
  1.837500e+00  70.896483 
  1.838125e+00  70.896325 
  1.838750e+00  70.896168 
  1.839375e+00  70.896011 
  1.840000e+00  70.895854 
  1.840625e+00  70.895698 
  1.841250e+00  70.895542 
  1.841875e+00  70.895387 
  1.842500e+00  70.895232 
  1.843125e+00  70.895077 
  1.843750e+00  70.894923 
  1.844375e+00  70.894769 
  1.845000e+00  70.894616 
  1.845625e+00  70.894463 
  1.846250e+00  70.894311 
  1.846875e+00  70.894159 
  1.847500e+00  70.894007 
  1.848125e+00  70.893856 
  1.848750e+00  70.893705 
  1.849375e+00  70.893554 
  1.850000e+00  70.893404 
  1.850625e+00  70.893254 
  1.851250e+00  70.893105 
  1.851875e+00  70.892956 
  1.852500e+00  70.892808 
  1.853125e+00  70.892660 
  1.853750e+00  70.892512 
  1.854375e+00  70.892364 
  1.855000e+00  70.892217 
  1.855625e+00  70.892071 
  1.856250e+00  70.891925 
  1.856875e+00  70.891779 
  1.857500e+00  70.891634 
  1.858125e+00  70.891489 
  1.858750e+00  70.891344 
  1.859375e+00  70.891200 
  1.860000e+00  70.891056 
  1.860625e+00  70.890912 
  1.861250e+00  70.890769 
  1.861875e+00  70.890626 
  1.862500e+00  70.890484 
  1.863125e+00  70.890342 
  1.863750e+00  70.890201 
  1.864375e+00  70.890059 
  1.865000e+00  70.889918 
  1.865625e+00  70.889778 
  1.866250e+00  70.889638 
  1.866875e+00  70.889498 
  1.867500e+00  70.889359 
  1.868125e+00  70.889220 
  1.868750e+00  70.889081 
  1.869375e+00  70.888943 
  1.870000e+00  70.888805 
  1.870625e+00  70.888667 
  1.871250e+00  70.888530 
  1.871875e+00  70.888393 
  1.872500e+00  70.888257 
  1.873125e+00  70.888121 
  1.873750e+00  70.887985 
  1.874375e+00  70.887850 
  1.875000e+00  70.887715 
  1.875625e+00  70.887580 
  1.876250e+00  70.887446 
  1.876875e+00  70.887312 
  1.877500e+00  70.887178 
  1.878125e+00  70.887045 
  1.878750e+00  70.886912 
  1.879375e+00  70.886780 
  1.880000e+00  70.886648 
  1.880625e+00  70.886516 
  1.881250e+00  70.886384 
  1.881875e+00  70.886253 
  1.882500e+00  70.886122 
  1.883125e+00  70.885992 
  1.883750e+00  70.885862 
  1.884375e+00  70.885732 
  1.885000e+00  70.885603 
  1.885625e+00  70.885474 
  1.886250e+00  70.885345 
  1.886875e+00  70.885217 
  1.887500e+00  70.885089 
  1.888125e+00  70.884961 
  1.888750e+00  70.884834 
  1.889375e+00  70.884707 
  1.890000e+00  70.884580 
  1.890625e+00  70.884454 
  1.891250e+00  70.884328 
  1.891875e+00  70.884202 
  1.892500e+00  70.884077 
  1.893125e+00  70.883952 
  1.893750e+00  70.883827 
  1.894375e+00  70.883703 
  1.895000e+00  70.883579 
  1.895625e+00  70.883455 
  1.896250e+00  70.883332 
  1.896875e+00  70.883208 
  1.897500e+00  70.883086 
  1.898125e+00  70.882963 
  1.898750e+00  70.882841 
  1.899375e+00  70.882720 
  1.900000e+00  70.882598 
  1.900625e+00  70.882477 
  1.901250e+00  70.882356 
  1.901875e+00  70.882236 
  1.902500e+00  70.882116 
  1.903125e+00  70.881996 
  1.903750e+00  70.881876 
  1.904375e+00  70.881757 
  1.905000e+00  70.881638 
  1.905625e+00  70.881520 
  1.906250e+00  70.881402 
  1.906875e+00  70.881284 
  1.907500e+00  70.881166 
  1.908125e+00  70.881049 
  1.908750e+00  70.880932 
  1.909375e+00  70.880815 
  1.910000e+00  70.880699 
  1.910625e+00  70.880583 
  1.911250e+00  70.880467 
  1.911875e+00  70.880351 
  1.912500e+00  70.880236 
  1.913125e+00  70.880121 
  1.913750e+00  70.880007 
  1.914375e+00  70.879893 
  1.915000e+00  70.879779 
  1.915625e+00  70.879665 
  1.916250e+00  70.879552 
  1.916875e+00  70.879439 
  1.917500e+00  70.879326 
  1.918125e+00  70.879214 
  1.918750e+00  70.879102 
  1.919375e+00  70.878990 
  1.920000e+00  70.878878 
  1.920625e+00  70.878767 
  1.921250e+00  70.878656 
  1.921875e+00  70.878545 
  1.922500e+00  70.878435 
  1.923125e+00  70.878325 
  1.923750e+00  70.878215 
  1.924375e+00  70.878106 
  1.925000e+00  70.877996 
  1.925625e+00  70.877888 
  1.926250e+00  70.877779 
  1.926875e+00  70.877671 
  1.927500e+00  70.877563 
  1.928125e+00  70.877455 
  1.928750e+00  70.877347 
  1.929375e+00  70.877240 
  1.930000e+00  70.877133 
  1.930625e+00  70.877027 
  1.931250e+00  70.876920 
  1.931875e+00  70.876814 
  1.932500e+00  70.876709 
  1.933125e+00  70.876603 
  1.933750e+00  70.876498 
  1.934375e+00  70.876393 
  1.935000e+00  70.876288 
  1.935625e+00  70.876184 
  1.936250e+00  70.876080 
  1.936875e+00  70.875976 
  1.937500e+00  70.875872 
  1.938125e+00  70.875769 
  1.938750e+00  70.875666 
  1.939375e+00  70.875563 
  1.940000e+00  70.875461 
  1.940625e+00  70.875359 
  1.941250e+00  70.875257 
  1.941875e+00  70.875155 
  1.942500e+00  70.875054 
  1.943125e+00  70.874953 
  1.943750e+00  70.874852 
  1.944375e+00  70.874751 
  1.945000e+00  70.874651 
  1.945625e+00  70.874551 
  1.946250e+00  70.874451 
  1.946875e+00  70.874352 
  1.947500e+00  70.874253 
  1.948125e+00  70.874154 
  1.948750e+00  70.874055 
  1.949375e+00  70.873956 
  1.950000e+00  70.873858 
  1.950625e+00  70.873760 
  1.951250e+00  70.873663 
  1.951875e+00  70.873565 
  1.952500e+00  70.873468 
  1.953125e+00  70.873371 
  1.953750e+00  70.873275 
  1.954375e+00  70.873178 
  1.955000e+00  70.873082 
  1.955625e+00  70.872986 
  1.956250e+00  70.872890 
  1.956875e+00  70.872795 
  1.957500e+00  70.872700 
  1.958125e+00  70.872605 
  1.958750e+00  70.872511 
  1.959375e+00  70.872416 
  1.960000e+00  70.872322 
  1.960625e+00  70.872228 
  1.961250e+00  70.872135 
  1.961875e+00  70.872041 
  1.962500e+00  70.871948 
  1.963125e+00  70.871855 
  1.963750e+00  70.871763 
  1.964375e+00  70.871670 
  1.965000e+00  70.871578 
  1.965625e+00  70.871486 
  1.966250e+00  70.871395 
  1.966875e+00  70.871303 
  1.967500e+00  70.871212 
  1.968125e+00  70.871121 
  1.968750e+00  70.871030 
  1.969375e+00  70.870940 
  1.970000e+00  70.870850 
  1.970625e+00  70.870760 
  1.971250e+00  70.870670 
  1.971875e+00  70.870581 
  1.972500e+00  70.870491 
  1.973125e+00  70.870402 
  1.973750e+00  70.870314 
  1.974375e+00  70.870225 
  1.975000e+00  70.870137 
  1.975625e+00  70.870049 
  1.976250e+00  70.869961 
  1.976875e+00  70.869873 
  1.977500e+00  70.869786 
  1.978125e+00  70.869699 
  1.978750e+00  70.869612 
  1.979375e+00  70.869525 
  1.980000e+00  70.869439 
  1.980625e+00  70.869353 
  1.981250e+00  70.869267 
  1.981875e+00  70.869181 
  1.982500e+00  70.869095 
  1.983125e+00  70.869010 
  1.983750e+00  70.868925 
  1.984375e+00  70.868840 
  1.985000e+00  70.868756 
  1.985625e+00  70.868671 
  1.986250e+00  70.868587 
  1.986875e+00  70.868503 
  1.987500e+00  70.868419 
  1.988125e+00  70.868336 
  1.988750e+00  70.868252 
  1.989375e+00  70.868169 
  1.990000e+00  70.868087 
  1.990625e+00  70.868004 
  1.991250e+00  70.867922 
  1.991875e+00  70.867839 
  1.992500e+00  70.867757 
  1.993125e+00  70.867676 
  1.993750e+00  70.867594 
  1.994375e+00  70.867513 
  1.995000e+00  70.867432 
  1.995625e+00  70.867351 
  1.996250e+00  70.867270 
  1.996875e+00  70.867190 
  1.997500e+00  70.867109 
  1.998125e+00  70.867029 
  1.998750e+00  70.866950 
  1.999375e+00  70.866870 
  2.000000e+00  70.866791 
