  2.500000e-03  10.56294508 376.05786884 
  3.750000e-03  10.56294508 376.07328707 
  5.000000e-03  10.56294508 376.07297002 
  6.250000e-03  10.56294508 376.06725535 
  7.500000e-03  10.56294508 376.05791440 
  8.750000e-03  10.56294508 376.08028158 
  1.000000e-02  10.56294508 376.08063074 
  1.125000e-02  10.56294508 376.07834867 
  1.250000e-02  10.56294508 376.07744305 
  1.375000e-02  10.56294508 376.07655959 
  1.500000e-02  10.56294508 376.07544555 
  1.625000e-02  10.56294508 376.07456497 
  1.750000e-02  10.56294508 376.07423070 
  1.875000e-02  10.56294508 376.07443259 
  2.000000e-02  10.56294508 376.07508300 
  2.125000e-02  10.56294508 376.07621851 
  2.250000e-02  10.56294508 376.07794024 
  2.375000e-02  10.56294508 376.08005155 
  2.500000e-02  10.56294508 376.06069453 
  2.625000e-02  10.56294508 376.07322584 
  2.750000e-02  10.56294508 376.06471006 
  2.875000e-02  10.56294508 376.07161938 
  3.000000e-02  10.56294508 376.07479757 
  3.125000e-02  10.56294508 376.07449218 
  3.250000e-02  10.56294508 376.07319616 
  3.375000e-02  10.56294508 376.07226411 
  3.500000e-02  10.56294508 376.07184099 
  3.625000e-02  10.56294508 376.07171223 
  3.750000e-02  10.56294508 376.07169778 
  3.875000e-02  10.56294508 376.07170957 
  4.000000e-02  10.56294508 376.07171729 
  4.125000e-02  10.56294508 376.07171534 
  4.250000e-02  10.56294508 376.07170557 
  4.375000e-02  10.56294508 376.07169072 
  4.500000e-02  10.56294508 376.07167280 
  4.625000e-02  10.56294508 376.07165272 
  4.750000e-02  10.56294508 376.07163041 
  4.875000e-02  10.56294508 376.07160516 
  5.000000e-02  10.56294508 376.07157622 
  5.125000e-02  10.56294508 376.07154328 
  5.250000e-02  10.56294508 376.07162678 
  5.375000e-02  10.56294508 376.07159913 
  5.500000e-02  10.56294508 376.07151144 
  5.625000e-02  10.56294508 376.07155228 
  5.750000e-02  10.56294508 376.07147270 
  5.875000e-02  10.56294508 376.07150740 
  6.000000e-02  10.56294508 376.07157234 
  6.125000e-02  10.56294508 376.07144400 
  6.250000e-02  10.56294508 376.07144983 
  6.375000e-02  10.56294508 376.07149630 
  6.500000e-02  10.56294508 376.07155087 
  6.625000e-02  10.56294508 376.07137399 
  6.750000e-02  10.56294508 376.07135305 
  6.875000e-02  10.56294508 376.07138201 
  7.000000e-02  10.56294508 376.07142354 
  7.125000e-02  10.56294508 376.07146584 
  7.250000e-02  10.56294508 376.07150569 
  7.375000e-02  10.56294508 376.07154294 
  7.500000e-02  10.56294508 376.07157824 
  7.625000e-02  10.56294508 376.07135010 
  7.750000e-02  10.56294508 376.07130014 
  7.875000e-02  10.56294508 376.07131022 
  8.000000e-02  10.56294508 376.07133785 
  8.125000e-02  10.56294508 376.07136844 
  8.250000e-02  10.56294508 376.07139767 
  8.375000e-02  10.56294508 376.07142485 
  8.500000e-02  10.56294508 376.07145042 
  8.625000e-02  10.56294508 376.07147495 
  8.750000e-02  10.56294508 376.07149889 
  8.875000e-02  10.56294508 376.07152248 
  9.000000e-02  10.56294508 376.07154581 
  9.125000e-02  10.56294508 376.07156885 
  9.250000e-02  10.56294508 376.07159153 
  9.375000e-02  10.56294508 376.07134215 
  9.500000e-02  10.56294508 376.07127581 
  9.625000e-02  10.56294508 376.07127175 
  9.750000e-02  10.56294508 376.07128648 
  9.875000e-02  10.56294508 376.07130509 
  1.000000e-01  10.56294508 376.07132319 
  1.012500e-01  10.56294508 376.07134003 
  1.025000e-01  10.56294508 376.07135589 
  1.037500e-01  10.56294508 376.07137121 
  1.050000e-01  10.56294508 376.07138627 
  1.062500e-01  10.56294508 376.07140122 
  1.075000e-01  10.56294508 376.07141611 
  1.087500e-01  10.56294508 376.07143092 
  1.100000e-01  10.56294508 376.07144558 
  1.112500e-01  10.56294508 376.07146002 
  1.125000e-01  10.56294508 376.07147417 
  1.137500e-01  10.56294508 376.07148797 
  1.150000e-01  10.56294508 376.07150141 
  1.162500e-01  10.56294508 376.07151445 
  1.175000e-01  10.56294508 376.07152710 
  1.187500e-01  10.56294508 376.07153937 
  1.200000e-01  10.56294508 376.07155127 
  1.212500e-01  10.56294508 376.07156282 
  1.225000e-01  10.56294508 376.07157403 
  1.237500e-01  10.56294508 376.07158494 
  1.250000e-01  10.56294508 376.07159557 
  1.262500e-01  10.56294508 376.07160593 
  1.275000e-01  10.56294508 376.07161606 
  1.287500e-01  10.56294508 376.07136846 
  1.300000e-01  10.56294508 376.07129247 
  1.312500e-01  10.56294508 376.07127596 
  1.325000e-01  10.56294508 376.07127830 
  1.337500e-01  10.56294508 376.07128552 
  1.350000e-01  10.56294508 376.07129341 
  1.362500e-01  10.56294508 376.07130103 
  1.375000e-01  10.56294508 376.07130841 
  1.387500e-01  10.56294508 376.07131573 
  1.400000e-01  10.56294508 376.07132312 
  1.412500e-01  10.56294508 376.07133064 
  1.425000e-01  10.56294508 376.07133833 
  1.437500e-01  10.56294508 376.07134617 
  1.450000e-01  10.56294508 376.07135412 
  1.462500e-01  10.56294508 376.07136212 
  1.475000e-01  10.56294508 376.07137012 
  1.487500e-01  10.56294508 376.07137807 
  1.500000e-01  10.56294508 376.07138594 
  1.512500e-01  10.56294508 376.07139370 
  1.525000e-01  10.56294508 376.07140134 
  1.537500e-01  10.56294508 376.07140886 
  1.550000e-01  10.56294508 376.07141625 
  1.562500e-01  10.56294508 376.07142352 
  1.575000e-01  10.56294508 376.07143065 
  1.587500e-01  10.56294508 376.07143767 
  1.600000e-01  10.56294508 376.07144457 
  1.612500e-01  10.56294508 376.07145137 
  1.625000e-01  10.56294508 376.07145806 
  1.637500e-01  10.56294508 376.07146465 
  1.650000e-01  10.56294508 376.07147115 
  1.662500e-01  10.56294508 376.07147756 
  1.675000e-01  10.56294508 376.07148389 
  1.687500e-01  10.56294508 376.07149012 
  1.700000e-01  10.56294508 376.07149626 
  1.712500e-01  10.56294508 376.07150231 
  1.725000e-01  10.56294508 376.07150826 
  1.737500e-01  10.56294508 376.07151412 
  1.750000e-01  10.56294508 376.07151988 
  1.762500e-01  10.56294508 376.07152554 
  1.775000e-01  10.56294508 376.07153110 
  1.787500e-01  10.56294508 376.07153657 
  1.800000e-01  10.56294508 376.07154193 
  1.812500e-01  10.56294508 376.07154720 
  1.825000e-01  10.56294508 376.07155238 
  1.837500e-01  10.56294508 376.07155745 
  1.850000e-01  10.56294508 376.07156243 
  1.862500e-01  10.56294508 376.07156732 
  1.875000e-01  10.56294508 376.07157211 
  1.887500e-01  10.56294508 376.07157681 
  1.900000e-01  10.56294508 376.07158141 
  1.912500e-01  10.56294508 376.07158593 
  1.925000e-01  10.56294508 376.07159035 
  1.937500e-01  10.56294508 376.07159469 
  1.950000e-01  10.56294508 376.07159893 
  1.962500e-01  10.56294508 376.07160309 
  1.975000e-01  10.56294508 376.07160717 
  1.987500e-01  10.56294508 376.07161116 
  2.000000e-01  10.56294508 376.07161507 
  2.012500e-01  10.56294508 376.07161890 
  2.025000e-01  10.56294508 376.07162266 
  2.037500e-01  10.56294508 376.07162635 
  2.050000e-01  10.56294508 376.07162996 
  2.062500e-01  10.56294508 376.07163350 
  2.075000e-01  10.56294508 376.07163698 
  2.087500e-01  10.56294508 376.07164039 
  2.100000e-01  10.56294508 376.07164375 
  2.112500e-01  10.56294508 376.07164704 
  2.125000e-01  10.56294508 376.07165028 
  2.137500e-01  10.56294508 376.07165347 
  2.150000e-01  10.56294508 376.07140295 
  2.162500e-01  10.56294508 376.07132023 
  2.175000e-01  10.56294508 376.07129589 
  2.187500e-01  10.56294508 376.07129065 
  2.200000e-01  10.56294508 376.07129101 
  2.212500e-01  10.56294508 376.07129276 
  2.225000e-01  10.56294508 376.07129475 
  2.237500e-01  10.56294508 376.07129676 
  2.250000e-01  10.56294508 376.07129881 
  2.262500e-01  10.56294508 376.07130093 
  2.275000e-01  10.56294508 376.07130314 
  2.287500e-01  10.56294508 376.07130547 
  2.300000e-01  10.56294508 376.07130793 
  2.312500e-01  10.56294508 376.07131050 
  2.325000e-01  10.56294508 376.07131315 
  2.337500e-01  10.56294508 376.07131582 
  2.350000e-01  10.56294508 376.07131850 
  2.362500e-01  10.56294508 376.07132115 
  2.375000e-01  10.56294508 376.07132376 
  2.387500e-01  10.56294508 376.07132631 
  2.400000e-01  10.56294508 376.07132880 
  2.412500e-01  10.56294508 376.07133124 
  2.425000e-01  10.56294508 376.07133362 
  2.437500e-01  10.56294508 376.07133596 
  2.450000e-01  10.56294508 376.07133826 
  2.462500e-01  10.56294508 376.07134052 
  2.475000e-01  10.56294508 376.07134274 
  2.487500e-01  10.56294508 376.07134494 
  2.500000e-01  10.56294508 376.07134711 
  2.512500e-01  10.56294508 376.07134926 
  2.525000e-01  10.56294508 376.07135139 
  2.537500e-01  10.56294508 376.07135350 
  2.550000e-01  10.56294508 376.07135559 
  2.562500e-01  10.56294508 376.07135765 
  2.575000e-01  10.56294508 376.07135968 
  2.587500e-01  10.56294508 376.07136169 
  2.600000e-01  10.56294508 376.07136367 
  2.612500e-01  10.56294508 376.07136562 
  2.625000e-01  10.56294508 376.07136754 
  2.637500e-01  10.56294508 376.07136944 
  2.650000e-01  10.56294508 376.07137131 
  2.662500e-01  10.56294508 376.07137316 
  2.675000e-01  10.56294508 376.07137498 
  2.687500e-01  10.56294508 376.07137679 
  2.700000e-01  10.56294508 376.07137857 
  2.712500e-01  10.56294508 376.07138033 
  2.725000e-01  10.56294508 376.07138207 
  2.737500e-01  10.56294508 376.07138380 
  2.750000e-01  10.56294508 376.07138551 
  2.762500e-01  10.56294508 376.07138721 
  2.775000e-01  10.56294508 376.07138888 
  2.787500e-01  10.56294508 376.07139055 
  2.800000e-01  10.56294508 376.07139220 
  2.812500e-01  10.56294508 376.07139384 
  2.825000e-01  10.56294508 376.07139547 
  2.837500e-01  10.56294508 376.07139708 
  2.850000e-01  10.56294508 376.07139869 
  2.862500e-01  10.56294508 376.07140028 
  2.875000e-01  10.56294508 376.07140149 
  2.887500e-01  10.56294508 376.07140256 
  2.900000e-01  10.56294508 376.07140359 
  2.912500e-01  10.56294508 376.07140460 
  2.925000e-01  10.56294508 376.07140559 
  2.937500e-01  10.56294508 376.07140659 
  2.950000e-01  10.56294508 376.07140758 
  2.962500e-01  10.56294508 376.07140856 
  2.975000e-01  10.56294508 376.07140954 
  2.987500e-01  10.56294508 376.07141052 
  3.000000e-01  10.56294508 376.07141149 
  3.012500e-01  10.56294508 376.07141246 
  3.025000e-01  10.56294508 376.07141343 
  3.037500e-01  10.56294508 376.07141439 
  3.050000e-01  10.56294508 376.07141535 
  3.062500e-01  10.56294508 376.07141630 
  3.075000e-01  10.56294508 376.07141725 
  3.087500e-01  10.56294508 376.07141820 
  3.100000e-01  10.56294508 376.07141914 
  3.112500e-01  10.56294508 376.07142008 
  3.125000e-01  10.56294508 376.07142102 
  3.137500e-01  10.56294508 376.07142195 
  3.150000e-01  10.56294508 376.07142288 
  3.162500e-01  10.56294508 376.07142380 
  3.175000e-01  10.56294508 376.07142472 
  3.187500e-01  10.56294508 376.07142563 
  3.200000e-01  10.56294508 376.07142655 
  3.212500e-01  10.56294508 376.07142745 
  3.225000e-01  10.56294508 376.07142836 
  3.237500e-01  10.56294508 376.07142926 
  3.250000e-01  10.56294508 376.07143015 
  3.262500e-01  10.56294508 376.07143105 
  3.275000e-01  10.56294508 376.07143194 
  3.287500e-01  10.56294508 376.07143282 
  3.300000e-01  10.56294508 376.07143370 
  3.312500e-01  10.56294508 376.07143458 
  3.325000e-01  10.56294508 376.07143545 
  3.337500e-01  10.56294508 376.07143632 
  3.350000e-01  10.56294508 376.07143719 
  3.362500e-01  10.56294508 376.07143805 
  3.375000e-01  10.56294508 376.07143891 
  3.387500e-01  10.56294508 376.07143977 
  3.400000e-01  10.56294508 376.07144062 
  3.412500e-01  10.56294508 376.07144147 
  3.425000e-01  10.56294508 376.07144231 
  3.437500e-01  10.56294508 376.07144315 
  3.450000e-01  10.56294508 376.07144399 
  3.462500e-01  10.56294508 376.07144483 
  3.475000e-01  10.56294508 376.07144566 
  3.487500e-01  10.56294508 376.07144649 
  3.500000e-01  10.56294508 376.07144731 
  3.512500e-01  10.56294508 376.07144813 
  3.525000e-01  10.56294508 376.07144895 
  3.537500e-01  10.56294508 376.07144977 
  3.550000e-01  10.56294508 376.07145058 
  3.562500e-01  10.56294508 376.07145139 
  3.575000e-01  10.56294508 376.07145219 
  3.587500e-01  10.56294508 376.07145299 
  3.600000e-01  10.56294508 376.07145379 
  3.612500e-01  10.56294508 376.07145459 
  3.625000e-01  10.56294508 376.07145538 
  3.637500e-01  10.56294508 376.07145617 
  3.650000e-01  10.56294508 376.07145696 
  3.662500e-01  10.56294508 376.07145774 
  3.675000e-01  10.56294508 376.07145852 
  3.687500e-01  10.56294508 376.07145930 
  3.700000e-01  10.56294508 376.07146050 
  3.712500e-01  10.56294508 376.07146186 
  3.725000e-01  10.56294508 376.07146327 
  3.737500e-01  10.56294508 376.07146472 
  3.750000e-01  10.56294508 376.07146619 
  3.762500e-01  10.56294508 376.07146767 
  3.775000e-01  10.56294508 376.07146916 
  3.787500e-01  10.56294508 376.07147067 
  3.800000e-01  10.56294508 376.07147219 
  3.812500e-01  10.56294508 376.07147372 
  3.825000e-01  10.56294508 376.07147526 
  3.837500e-01  10.56294508 376.07147681 
  3.850000e-01  10.56294508 376.07147838 
  3.862500e-01  10.56294508 376.07147995 
  3.875000e-01  10.56294508 376.07148154 
  3.887500e-01  10.56294508 376.07148313 
  3.900000e-01  10.56294508 376.07148472 
  3.912500e-01  10.56294508 376.07148633 
  3.925000e-01  10.56294508 376.07148794 
  3.937500e-01  10.56294508 376.07148955 
  3.950000e-01  10.56294508 376.07149117 
  3.962500e-01  10.56294508 376.07149279 
  3.975000e-01  10.56294508 376.07149441 
  3.987500e-01  10.56294508 376.07149603 
  4.000000e-01  10.56294508 376.07149766 
  4.012500e-01  10.56294508 376.07149928 
  4.025000e-01  10.56294508 376.07150089 
  4.037500e-01  10.56294508 376.07150251 
  4.050000e-01  10.56294508 376.07150412 
  4.062500e-01  10.56294508 376.07150572 
  4.075000e-01  10.56294508 376.07150732 
  4.087500e-01  10.56294508 376.07150891 
  4.100000e-01  10.56294508 376.07151049 
  4.112500e-01  10.56294508 376.07151207 
  4.125000e-01  10.56294508 376.07151364 
  4.137500e-01  10.56294508 376.07151519 
  4.150000e-01  10.56294508 376.07151674 
  4.162500e-01  10.56294508 376.07151828 
  4.175000e-01  10.56294508 376.07151980 
  4.187500e-01  10.56294508 376.07152132 
  4.200000e-01  10.56294508 376.07152282 
  4.212500e-01  10.56294508 376.07152431 
  4.225000e-01  10.56294508 376.07152579 
  4.237500e-01  10.56294508 376.07152726 
  4.250000e-01  10.56294508 376.07152872 
  4.262500e-01  10.56294508 376.07153016 
  4.275000e-01  10.56294508 376.07153159 
  4.287500e-01  10.56294508 376.07153302 
  4.300000e-01  10.56294508 376.07153443 
  4.312500e-01  10.56294508 376.07153583 
  4.325000e-01  10.56294508 376.07153721 
  4.337500e-01  10.56294508 376.07153859 
  4.350000e-01  10.56294508 376.07153996 
  4.362500e-01  10.56294508 376.07154132 
  4.375000e-01  10.56294508 376.07154267 
  4.387500e-01  10.56294508 376.07154402 
  4.400000e-01  10.56294508 376.07154535 
  4.412500e-01  10.56294508 376.07154668 
  4.425000e-01  10.56294508 376.07154800 
  4.437500e-01  10.56294508 376.07154932 
  4.450000e-01  10.56294508 376.07155063 
  4.462500e-01  10.56294508 376.07155194 
  4.475000e-01  10.56294508 376.07155325 
  4.487500e-01  10.56294508 376.07155455 
  4.500000e-01  10.56294508 376.07155585 
  4.512500e-01  10.56294508 376.07155715 
  4.525000e-01  10.56294508 376.07155845 
  4.537500e-01  10.56294508 376.07155975 
  4.550000e-01  10.56294508 376.07156105 
  4.562500e-01  10.56294508 376.07156235 
  4.575000e-01  10.56294508 376.07156366 
  4.587500e-01  10.56294508 376.07156496 
  4.600000e-01  10.56294508 376.07156627 
  4.612500e-01  10.56294508 376.07156759 
  4.625000e-01  10.56294508 376.07156891 
  4.637500e-01  10.56294508 376.07157023 
  4.650000e-01  10.56294508 376.07157156 
  4.662500e-01  10.56294508 376.07157290 
  4.675000e-01  10.56294508 376.07157424 
  4.687500e-01  10.56294508 376.07157559 
  4.700000e-01  10.56294508 376.07157694 
  4.712500e-01  10.56294508 376.07157830 
  4.725000e-01  10.56294508 376.07157968 
  4.737500e-01  10.56294508 376.07158105 
  4.750000e-01  10.56294508 376.07158244 
  4.762500e-01  10.56294508 376.07158383 
  4.775000e-01  10.56294508 376.07158524 
  4.787500e-01  10.56294508 376.07158665 
  4.800000e-01  10.56294508 376.07158807 
  4.812500e-01  10.56294508 376.07158949 
  4.825000e-01  10.56294508 376.07159093 
  4.837500e-01  10.56294508 376.07159237 
  4.850000e-01  10.56294508 376.07159382 
  4.862500e-01  10.56294508 376.07159528 
  4.875000e-01  10.56294508 376.07159674 
  4.887500e-01  10.56294508 376.07159821 
  4.900000e-01  10.56294508 376.07159969 
  4.912500e-01  10.56294508 376.07160118 
  4.925000e-01  10.56294508 376.07160267 
  4.937500e-01  10.56294508 376.07160417 
  4.950000e-01  10.56294508 376.07160567 
  4.962500e-01  10.56294508 376.07160718 
  4.975000e-01  10.56294508 376.07160870 
  4.987500e-01  10.56294508 376.07161022 
  5.000000e-01  10.56294508 376.07161174 
  5.012500e-01  10.56294508 376.07161327 
  5.025000e-01  10.56294508 376.07161481 
  5.037500e-01  10.56294508 376.07161634 
  5.050000e-01  10.56294508 376.07161788 
  5.062500e-01  10.56294508 376.07161942 
  5.075000e-01  10.56294508 376.07162097 
  5.087500e-01  10.56294508 376.07162252 
  5.100000e-01  10.56294508 376.07162407 
  5.112500e-01  10.56294508 376.07162562 
  5.125000e-01  10.56294508 376.07162718 
  5.137500e-01  10.56294508 376.07162873 
  5.150000e-01  10.56294508 376.07163029 
  5.162500e-01  10.56294508 376.07163185 
  5.175000e-01  10.56294508 376.07163341 
  5.187500e-01  10.56294508 376.07163497 
  5.200000e-01  10.56294508 376.07163654 
  5.212500e-01  10.56294508 376.07163810 
  5.225000e-01  10.56294508 376.07163967 
  5.237500e-01  10.56294508 376.07164123 
  5.250000e-01  10.56294508 376.07164280 
  5.262500e-01  10.56294508 376.07164437 
  5.275000e-01  10.56294508 376.07164594 
  5.287500e-01  10.56294508 376.07164751 
  5.300000e-01  10.56294508 376.07164909 
  5.312500e-01  10.56294508 376.07165066 
  5.325000e-01  10.56294508 376.07165224 
  5.337500e-01  10.56294508 376.07165382 
  5.350000e-01  10.56294508 376.07165540 
  5.362500e-01  10.56294508 376.07165698 
  5.375000e-01  10.56294508 376.07165857 
  5.387500e-01  10.56294508 376.07166016 
  5.400000e-01  10.56294508 376.07166176 
  5.412500e-01  10.56294508 376.07166335 
  5.425000e-01  10.56294508 376.07166495 
  5.437500e-01  10.56294508 376.07166656 
  5.450000e-01  10.56294508 376.07166817 
  5.462500e-01  10.56294508 376.07166978 
  5.475000e-01  10.56294508 376.07167141 
  5.487500e-01  10.56294508 376.07167303 
  5.500000e-01  10.56294508 376.07167466 
  5.512500e-01  10.56294508 376.07167630 
  5.525000e-01  10.56294508 376.07167795 
  5.537500e-01  10.56294508 376.07167960 
  5.550000e-01  10.56294508 376.07168126 
  5.562500e-01  10.56294508 376.07168292 
  5.575000e-01  10.56294508 376.07168460 
  5.587500e-01  10.56294508 376.07168628 
  5.600000e-01  10.56294508 376.07168797 
  5.612500e-01  10.56294508 376.07168967 
  5.625000e-01  10.56294508 376.07169138 
  5.637500e-01  10.56294508 376.07169310 
  5.650000e-01  10.56294508 376.07169483 
  5.662500e-01  10.56294508 376.07169656 
  5.675000e-01  10.56294508 376.07169831 
  5.687500e-01  10.56294508 376.07170007 
  5.700000e-01  10.56294508 376.07170183 
  5.712500e-01  10.56294508 376.07170361 
  5.725000e-01  10.56294508 376.07170540 
  5.737500e-01  10.56294508 376.07170720 
  5.750000e-01  10.56294508 376.07170901 
  5.762500e-01  10.56294508 376.07171083 
  5.775000e-01  10.56294508 376.07171265 
  5.787500e-01  10.56294508 376.07171449 
  5.800000e-01  10.56294508 376.07171634 
  5.812500e-01  10.56294508 376.07171820 
  5.825000e-01  10.56294508 376.07172007 
  5.837500e-01  10.56294508 376.07172195 
  5.850000e-01  10.56294508 376.07172384 
  5.862500e-01  10.56294508 376.07172574 
  5.875000e-01  10.56294508 376.07172765 
  5.887500e-01  10.56294508 376.07172957 
  5.900000e-01  10.56294508 376.07173150 
  5.912500e-01  10.56294508 376.07173343 
  5.925000e-01  10.56294508 376.07173537 
  5.937500e-01  10.56294508 376.07173732 
  5.950000e-01  10.56294508 376.07173928 
  5.962500e-01  10.56294508 376.07174124 
  5.975000e-01  10.56294508 376.07174322 
  5.987500e-01  10.56294508 376.07174519 
  6.000000e-01  10.56294508 376.07174717 
  6.012500e-01  10.56294508 376.07174916 
  6.025000e-01  10.56294508 376.07175115 
  6.037500e-01  10.56294508 376.07175315 
  6.050000e-01  10.56294508 376.07175515 
  6.062500e-01  10.56294508 376.07175715 
  6.075000e-01  10.56294508 376.07175916 
  6.087500e-01  10.56294508 376.07176117 
  6.100000e-01  10.56294508 376.07176318 
  6.112500e-01  10.56294508 376.07176519 
  6.125000e-01  10.56294508 376.07176720 
  6.137500e-01  10.56294508 376.07176921 
  6.150000e-01  10.56294508 376.07177122 
  6.162500e-01  10.56294508 376.07177323 
  6.175000e-01  10.56294508 376.07177523 
  6.187500e-01  10.56294508 376.07177724 
  6.200000e-01  10.56294508 376.07177924 
  6.212500e-01  10.56294508 376.07178124 
  6.225000e-01  10.56294508 376.07178324 
  6.237500e-01  10.56294508 376.07178523 
  6.250000e-01  10.56294508 376.07178722 
  6.262500e-01  10.56294508 376.07178921 
  6.275000e-01  10.56294508 376.07179118 
  6.287500e-01  10.56294508 376.07179316 
  6.300000e-01  10.56294508 376.07179512 
  6.312500e-01  10.56294508 376.07179709 
  6.325000e-01  10.56294508 376.07179904 
  6.337500e-01  10.56294508 376.07180099 
  6.350000e-01  10.56294508 376.07180293 
  6.362500e-01  10.56294508 376.07180486 
  6.375000e-01  10.56294508 376.07180679 
  6.387500e-01  10.56294508 376.07180870 
  6.400000e-01  10.56294508 376.07181061 
  6.412500e-01  10.56294508 376.07181251 
  6.425000e-01  10.56294508 376.07154781 
  6.437500e-01  10.56294508 376.07145997 
  6.450000e-01  10.56294508 376.07143377 
  6.462500e-01  10.56294508 376.07142741 
  6.475000e-01  10.56294508 376.07142650 
  6.487500e-01  10.56294508 376.07142632 
  6.500000e-01  10.56294508 376.07142637 
  6.512500e-01  10.56294508 376.07142648 
  6.525000e-01  10.56294508 376.07142660 
  6.537500e-01  10.56294508 376.07142670 
  6.550000e-01  10.56294508 376.07142759 
  6.562500e-01  10.56294508 376.07142897 
  6.575000e-01  10.56294508 376.07143067 
  6.587500e-01  10.56294508 376.07143261 
  6.600000e-01  10.56294508 376.07143467 
  6.612500e-01  10.56294508 376.07143676 
  6.625000e-01  10.56294508 376.07143881 
  6.637500e-01  10.56294508 376.07144078 
  6.650000e-01  10.56294508 376.07144267 
  6.662500e-01  10.56294508 376.07144447 
  6.675000e-01  10.56294508 376.07144620 
  6.687500e-01  10.56294508 376.07144789 
  6.700000e-01  10.56294508 376.07144956 
  6.712500e-01  10.56294508 376.07145121 
  6.725000e-01  10.56294508 376.07145286 
  6.737500e-01  10.56294508 376.07145452 
  6.750000e-01  10.56294508 376.07145619 
  6.762500e-01  10.56294508 376.07145787 
  6.775000e-01  10.56294508 376.07145956 
  6.787500e-01  10.56294508 376.07146126 
  6.800000e-01  10.56294508 376.07146296 
  6.812500e-01  10.56294508 376.07146466 
  6.825000e-01  10.56294508 376.07146636 
  6.837500e-01  10.56294508 376.07146805 
  6.850000e-01  10.56294508 376.07146974 
  6.862500e-01  10.56294508 376.07147142 
  6.875000e-01  10.56294508 376.07147310 
  6.887500e-01  10.56294508 376.07147477 
  6.900000e-01  10.56294508 376.07147644 
  6.912500e-01  10.56294508 376.07147811 
  6.925000e-01  10.56294508 376.07147978 
  6.937500e-01  10.56294508 376.07148145 
  6.950000e-01  10.56294508 376.07148312 
  6.962500e-01  10.56294508 376.07148479 
  6.975000e-01  10.56294508 376.07148647 
  6.987500e-01  10.56294508 376.07148815 
  7.000000e-01  10.56294508 376.07148983 
  7.012500e-01  10.56294508 376.07149151 
  7.025000e-01  10.56294508 376.07149319 
  7.037500e-01  10.56294508 376.07149488 
  7.050000e-01  10.56294508 376.07149656 
  7.062500e-01  10.56294508 376.07149825 
  7.075000e-01  10.56294508 376.07149994 
  7.087500e-01  10.56294508 376.07150163 
  7.100000e-01  10.56294508 376.07150332 
  7.112500e-01  10.56294508 376.07150502 
  7.125000e-01  10.56294508 376.07150672 
  7.137500e-01  10.56294508 376.07150842 
  7.150000e-01  10.56294508 376.07151012 
  7.162500e-01  10.56294508 376.07151182 
  7.175000e-01  10.56294508 376.07151353 
  7.187500e-01  10.56294508 376.07151524 
  7.200000e-01  10.56294508 376.07151695 
  7.212500e-01  10.56294508 376.07151866 
  7.225000e-01  10.56294508 376.07152037 
  7.237500e-01  10.56294508 376.07152208 
  7.250000e-01  10.56294508 376.07152380 
  7.262500e-01  10.56294508 376.07152551 
  7.275000e-01  10.56294508 376.07152722 
  7.287500e-01  10.56294508 376.07152894 
  7.300000e-01  10.56294508 376.07153065 
  7.312500e-01  10.56294508 376.07153236 
  7.325000e-01  10.56294508 376.07153408 
  7.337500e-01  10.56294508 376.07153579 
  7.350000e-01  10.56294508 376.07153749 
  7.362500e-01  10.56294508 376.07153920 
  7.375000e-01  10.56294508 376.07154091 
  7.387500e-01  10.56294508 376.07154261 
  7.400000e-01  10.56294508 376.07154430 
  7.412500e-01  10.56294508 376.07154600 
  7.425000e-01  10.56294508 376.07154769 
  7.437500e-01  10.56294508 376.07154937 
  7.450000e-01  10.56294508 376.07155106 
  7.462500e-01  10.56294508 376.07155273 
  7.475000e-01  10.56294508 376.07155440 
  7.487500e-01  10.56294508 376.07155606 
  7.500000e-01  10.56294508 376.07155772 
  7.512500e-01  10.56294508 376.07155937 
  7.525000e-01  10.56294508 376.07156101 
  7.537500e-01  10.56294508 376.07156265 
  7.550000e-01  10.56294508 376.07156428 
  7.562500e-01  10.56294508 376.07156590 
  7.575000e-01  10.56294508 376.07156751 
  7.587500e-01  10.56294508 376.07156911 
  7.600000e-01  10.56294508 376.07157070 
  7.612500e-01  10.56294508 376.07157228 
  7.625000e-01  10.56294508 376.07157385 
  7.637500e-01  10.56294508 376.07157541 
  7.650000e-01  10.56294508 376.07157696 
  7.662500e-01  10.56294508 376.07157849 
  7.675000e-01  10.56294508 376.07158002 
  7.687500e-01  10.56294508 376.07158153 
  7.700000e-01  10.56294508 376.07158304 
  7.712500e-01  10.56294508 376.07158452 
  7.725000e-01  10.56294508 376.07158600 
  7.737500e-01  10.56294508 376.07158747 
  7.750000e-01  10.56294508 376.07158892 
  7.762500e-01  10.56294508 376.07159036 
  7.775000e-01  10.56294508 376.07159178 
  7.787500e-01  10.56294508 376.07159319 
  7.800000e-01  10.56294508 376.07159459 
  7.812500e-01  10.56294508 376.07159597 
  7.825000e-01  10.56294508 376.07159734 
  7.837500e-01  10.56294508 376.07159870 
  7.850000e-01  10.56294508 376.07160004 
  7.862500e-01  10.56294508 376.07160137 
  7.875000e-01  10.56294508 376.07160268 
  7.887500e-01  10.56294508 376.07160398 
  7.900000e-01  10.56294508 376.07160527 
  7.912500e-01  10.56294508 376.07160654 
  7.925000e-01  10.56294508 376.07160780 
  7.937500e-01  10.56294508 376.07160904 
  7.950000e-01  10.56294508 376.07161027 
  7.962500e-01  10.56294508 376.07161148 
  7.975000e-01  10.56294508 376.07161268 
  7.987500e-01  10.56294508 376.07161387 
  8.000000e-01  10.56294508 376.07161505 
  8.012500e-01  10.56294508 376.07161621 
  8.025000e-01  10.56294508 376.07161735 
  8.037500e-01  10.56294508 376.07161849 
  8.050000e-01  10.56294508 376.07161961 
  8.062500e-01  10.56294508 376.07162072 
  8.075000e-01  10.56294508 376.07162181 
  8.087500e-01  10.56294508 376.07162290 
  8.100000e-01  10.56294508 376.07162326 
  8.112500e-01  10.56294508 376.07162337 
  8.125000e-01  10.56294508 376.07162341 
  8.137500e-01  10.56294508 376.07162342 
  8.150000e-01  10.56294508 376.07162342 
  8.162500e-01  10.56294508 376.07162342 
  8.175000e-01  10.56294508 376.07162341 
  8.187500e-01  10.56294508 376.07162341 
  8.200000e-01  10.56294508 376.07162341 
  8.212500e-01  10.56294508 376.07162340 
  8.225000e-01  10.56294508 376.07162340 
  8.237500e-01  10.56294508 376.07162339 
  8.250000e-01  10.56294508 376.07162339 
  8.262500e-01  10.56294508 376.07162339 
  8.275000e-01  10.56294508 376.07162338 
  8.287500e-01  10.56294508 376.07162338 
  8.300000e-01  10.56294508 376.07162338 
  8.312500e-01  10.56294508 376.07162338 
  8.325000e-01  10.56294508 376.07162337 
  8.337500e-01  10.56294508 376.07162337 
  8.350000e-01  10.56294508 376.07162337 
  8.362500e-01  10.56294508 376.07162337 
  8.375000e-01  10.56294508 376.07162337 
  8.387500e-01  10.56294508 376.07162336 
  8.400000e-01  10.56294508 376.07162336 
  8.412500e-01  10.56294508 376.07162336 
  8.425000e-01  10.56294508 376.07162336 
  8.437500e-01  10.56294508 376.07162336 
  8.450000e-01  10.56294508 376.07162336 
  8.462500e-01  10.56294508 376.07162336 
  8.475000e-01  10.56294508 376.07162336 
  8.487500e-01  10.56294508 376.07162336 
  8.500000e-01  10.56294508 376.07162336 
  8.512500e-01  10.56294508 376.07162336 
  8.525000e-01  10.56294508 376.07162336 
  8.537500e-01  10.56294508 376.07162337 
  8.550000e-01  10.56294508 376.07162337 
  8.562500e-01  10.56294508 376.07162337 
  8.575000e-01  10.56294508 376.07162337 
  8.587500e-01  10.56294508 376.07162338 
  8.600000e-01  10.56294508 376.07162338 
  8.612500e-01  10.56294508 376.07162339 
  8.625000e-01  10.56294508 376.07162339 
  8.637500e-01  10.56294508 376.07162339 
  8.650000e-01  10.56294508 376.07162340 
  8.662500e-01  10.56294508 376.07162341 
  8.675000e-01  10.56294508 376.07162341 
  8.687500e-01  10.56294508 376.07162342 
  8.700000e-01  10.56294508 376.07162343 
  8.712500e-01  10.56294508 376.07162343 
  8.725000e-01  10.56294508 376.07162344 
  8.737500e-01  10.56294508 376.07162345 
  8.750000e-01  10.56294508 376.07162346 
  8.762500e-01  10.56294508 376.07162347 
  8.775000e-01  10.56294508 376.07162348 
  8.787500e-01  10.56294508 376.07162349 
  8.800000e-01  10.56294508 376.07162350 
  8.812500e-01  10.56294508 376.07162351 
  8.825000e-01  10.56294508 376.07162352 
  8.837500e-01  10.56294508 376.07162353 
  8.850000e-01  10.56294508 376.07162354 
  8.862500e-01  10.56294508 376.07162356 
  8.875000e-01  10.56294508 376.07162357 
  8.887500e-01  10.56294508 376.07162358 
  8.900000e-01  10.56294508 376.07162360 
  8.912500e-01  10.56294508 376.07162361 
  8.925000e-01  10.56294508 376.07162363 
  8.937500e-01  10.56294508 376.07162364 
  8.950000e-01  10.56294508 376.07162366 
  8.962500e-01  10.56294508 376.07162368 
  8.975000e-01  10.56294508 376.07162369 
  8.987500e-01  10.56294508 376.07162371 
  9.000000e-01  10.56294508 376.07162373 
  9.012500e-01  10.56294508 376.07162374 
  9.025000e-01  10.56294508 376.07162376 
  9.037500e-01  10.56294508 376.07162378 
  9.050000e-01  10.56294508 376.07162380 
  9.062500e-01  10.56294508 376.07162382 
  9.075000e-01  10.56294508 376.07162384 
  9.087500e-01  10.56294508 376.07162386 
  9.100000e-01  10.56294508 376.07162388 
  9.112500e-01  10.56294508 376.07162390 
  9.125000e-01  10.56294508 376.07162392 
  9.137500e-01  10.56294508 376.07162394 
  9.150000e-01  10.56294508 376.07162396 
  9.162500e-01  10.56294508 376.07162398 
  9.175000e-01  10.56294508 376.07162400 
  9.187500e-01  10.56294508 376.07162403 
  9.200000e-01  10.56294508 376.07162405 
  9.212500e-01  10.56294508 376.07162407 
  9.225000e-01  10.56294508 376.07162409 
  9.237500e-01  10.56294508 376.07162412 
  9.250000e-01  10.56294508 376.07162414 
  9.262500e-01  10.56294508 376.07162416 
  9.275000e-01  10.56294508 376.07162419 
  9.287500e-01  10.56294508 376.07162421 
  9.300000e-01  10.56294508 376.07162423 
  9.312500e-01  10.56294508 376.07162426 
  9.325000e-01  10.56294508 376.07162428 
  9.337500e-01  10.56294508 376.07162431 
  9.350000e-01  10.56294508 376.07162433 
  9.362500e-01  10.56294508 376.07162436 
  9.375000e-01  10.56294508 376.07162438 
  9.387500e-01  10.56294508 376.07162440 
  9.400000e-01  10.56294508 376.07162443 
  9.412500e-01  10.56294508 376.07162445 
  9.425000e-01  10.56294508 376.07162448 
  9.437500e-01  10.56294508 376.07162450 
  9.450000e-01  10.56294508 376.07162453 
  9.462500e-01  10.56294508 376.07162455 
  9.475000e-01  10.56294508 376.07162458 
  9.487500e-01  10.56294508 376.07162460 
  9.500000e-01  10.56294508 376.07162463 
  9.512500e-01  10.56294508 376.07162465 
  9.525000e-01  10.56294508 376.07162468 
  9.537500e-01  10.56294508 376.07162470 
  9.550000e-01  10.56294508 376.07162473 
  9.562500e-01  10.56294508 376.07162475 
  9.575000e-01  10.56294508 376.07162478 
  9.587500e-01  10.56294508 376.07162480 
  9.600000e-01  10.56294508 376.07162483 
  9.612500e-01  10.56294508 376.07162485 
  9.625000e-01  10.56294508 376.07162488 
  9.637500e-01  10.56294508 376.07162490 
  9.650000e-01  10.56294508 376.07162493 
  9.662500e-01  10.56294508 376.07162495 
  9.675000e-01  10.56294508 376.07162497 
  9.687500e-01  10.56294508 376.07162500 
  9.700000e-01  10.56294508 376.07162502 
  9.712500e-01  10.56294508 376.07162505 
  9.725000e-01  10.56294508 376.07162507 
  9.737500e-01  10.56294508 376.07162510 
  9.750000e-01  10.56294508 376.07162512 
  9.762500e-01  10.56294508 376.07162514 
  9.775000e-01  10.56294508 376.07162517 
  9.787500e-01  10.56294508 376.07162519 
  9.800000e-01  10.56294508 376.07162521 
  9.812500e-01  10.56294508 376.07162524 
  9.825000e-01  10.56294508 376.07162526 
  9.837500e-01  10.56294508 376.07162528 
  9.850000e-01  10.56294508 376.07162531 
  9.862500e-01  10.56294508 376.07162533 
  9.875000e-01  10.56294508 376.07162535 
  9.887500e-01  10.56294508 376.07162538 
  9.900000e-01  10.56294508 376.07162540 
  9.912500e-01  10.56294508 376.07162542 
  9.925000e-01  10.56294508 376.07162545 
  9.937500e-01  10.56294508 376.07162547 
  9.950000e-01  10.56294508 376.07162549 
  9.962500e-01  10.56294508 376.07162551 
  9.975000e-01  10.56294508 376.07162554 
  9.987500e-01  10.56294508 376.07162556 
  1.000000e+00  10.56294508 376.07162558 
  1.001250e+00  10.56294508 376.07162560 
  1.002500e+00  10.56294508 376.07162562 
  1.003750e+00  10.56294508 376.07162565 
  1.005000e+00  10.56294508 376.07162567 
  1.006250e+00  10.56294508 376.07162569 
  1.007500e+00  10.56294508 376.07162571 
  1.008750e+00  10.56294508 376.07162573 
  1.010000e+00  10.56294508 376.07162575 
  1.011250e+00  10.56294508 376.07162577 
  1.012500e+00  10.56294508 376.07162580 
  1.013750e+00  10.56294508 376.07162582 
  1.015000e+00  10.56294508 376.07162584 
  1.016250e+00  10.56294508 376.07162586 
  1.017500e+00  10.56294508 376.07162588 
  1.018750e+00  10.56294508 376.07162590 
  1.020000e+00  10.56294508 376.07162592 
  1.021250e+00  10.56294508 376.07162594 
  1.022500e+00  10.56294508 376.07162597 
  1.023750e+00  10.56294508 376.07162599 
  1.025000e+00  10.56294508 376.07162601 
  1.026250e+00  10.56294508 376.07162603 
  1.027500e+00  10.56294508 376.07162605 
  1.028750e+00  10.56294508 376.07162607 
  1.030000e+00  10.56294508 376.07162609 
  1.031250e+00  10.56294508 376.07162611 
  1.032500e+00  10.56294508 376.07162613 
  1.033750e+00  10.56294508 376.07162615 
  1.035000e+00  10.56294508 376.07162617 
  1.036250e+00  10.56294508 376.07162619 
  1.037500e+00  10.56294508 376.07162621 
  1.038750e+00  10.56294508 376.07162623 
  1.040000e+00  10.56294508 376.07162625 
  1.041250e+00  10.56294508 376.07162627 
  1.042500e+00  10.56294508 376.07162630 
  1.043750e+00  10.56294508 376.07162632 
  1.045000e+00  10.56294508 376.07162634 
  1.046250e+00  10.56294508 376.07162636 
  1.047500e+00  10.56294508 376.07162638 
  1.048750e+00  10.56294508 376.07162640 
  1.050000e+00  10.56294508 376.07162642 
  1.051250e+00  10.56294508 376.07162644 
  1.052500e+00  10.56294508 376.07162646 
  1.053750e+00  10.56294508 376.07162648 
  1.055000e+00  10.56294508 376.07162650 
  1.056250e+00  10.56294508 376.07162652 
  1.057500e+00  10.56294508 376.07162654 
  1.058750e+00  10.56294508 376.07162656 
  1.060000e+00  10.56294508 376.07162658 
  1.061250e+00  10.56294508 376.07162660 
  1.062500e+00  10.56294508 376.07162662 
  1.063750e+00  10.56294508 376.07162664 
  1.065000e+00  10.56294508 376.07162666 
  1.066250e+00  10.56294508 376.07162668 
  1.067500e+00  10.56294508 376.07162671 
  1.068750e+00  10.56294508 376.07162673 
  1.070000e+00  10.56294508 376.07162675 
  1.071250e+00  10.56294508 376.07162677 
  1.072500e+00  10.56294508 376.07162679 
  1.073750e+00  10.56294508 376.07162681 
  1.075000e+00  10.56294508 376.07162683 
  1.076250e+00  10.56294508 376.07162685 
  1.077500e+00  10.56294508 376.07162687 
  1.078750e+00  10.56294508 376.07162689 
  1.080000e+00  10.56294508 376.07162691 
  1.081250e+00  10.56294508 376.07162693 
  1.082500e+00  10.56294508 376.07162695 
  1.083750e+00  10.56294508 376.07162697 
  1.085000e+00  10.56294508 376.07162699 
  1.086250e+00  10.56294508 376.07162702 
  1.087500e+00  10.56294508 376.07162704 
  1.088750e+00  10.56294508 376.07162706 
  1.090000e+00  10.56294508 376.07162708 
  1.091250e+00  10.56294508 376.07162710 
  1.092500e+00  10.56294508 376.07162712 
  1.093750e+00  10.56294508 376.07162714 
  1.095000e+00  10.56294508 376.07162716 
  1.096250e+00  10.56294508 376.07162718 
  1.097500e+00  10.56294508 376.07162720 
  1.098750e+00  10.56294508 376.07162722 
  1.100000e+00  10.56294508 376.07162724 
  1.101250e+00  10.56294508 376.07162726 
  1.102500e+00  10.56294508 376.07162729 
  1.103750e+00  10.56294508 376.07162731 
  1.105000e+00  10.56294508 376.07162733 
  1.106250e+00  10.56294508 376.07162735 
  1.107500e+00  10.56294508 376.07162737 
  1.108750e+00  10.56294508 376.07162739 
  1.110000e+00  10.56294508 376.07162741 
  1.111250e+00  10.56294508 376.07162743 
  1.112500e+00  10.56294508 376.07162745 
  1.113750e+00  10.56294508 376.07162747 
  1.115000e+00  10.56294508 376.07162749 
  1.116250e+00  10.56294508 376.07162751 
  1.117500e+00  10.56294508 376.07162753 
  1.118750e+00  10.56294508 376.07162755 
  1.120000e+00  10.56294508 376.07162758 
  1.121250e+00  10.56294508 376.07162760 
  1.122500e+00  10.56294508 376.07162762 
  1.123750e+00  10.56294508 376.07162764 
  1.125000e+00  10.56294508 376.07162766 
  1.126250e+00  10.56294508 376.07162768 
  1.127500e+00  10.56294508 376.07162770 
  1.128750e+00  10.56294508 376.07162772 
  1.130000e+00  10.56294508 376.07162774 
  1.131250e+00  10.56294508 376.07162776 
  1.132500e+00  10.56294508 376.07162778 
  1.133750e+00  10.56294508 376.07162780 
  1.135000e+00  10.56294508 376.07162782 
  1.136250e+00  10.56294508 376.07162784 
  1.137500e+00  10.56294508 376.07162786 
  1.138750e+00  10.56294508 376.07162788 
  1.140000e+00  10.56294508 376.07162790 
  1.141250e+00  10.56294508 376.07162792 
  1.142500e+00  10.56294508 376.07162794 
  1.143750e+00  10.56294508 376.07162796 
  1.145000e+00  10.56294508 376.07162798 
  1.146250e+00  10.56294508 376.07162800 
  1.147500e+00  10.56294508 376.07162802 
  1.148750e+00  10.56294508 376.07162804 
  1.150000e+00  10.56294508 376.07162806 
  1.151250e+00  10.56294508 376.07162808 
  1.152500e+00  10.56294508 376.07162810 
  1.153750e+00  10.56294508 376.07162812 
  1.155000e+00  10.56294508 376.07162814 
  1.156250e+00  10.56294508 376.07162815 
  1.157500e+00  10.56294508 376.07162817 
  1.158750e+00  10.56294508 376.07162819 
  1.160000e+00  10.56294508 376.07162821 
  1.161250e+00  10.56294508 376.07162823 
  1.162500e+00  10.56294508 376.07162825 
  1.163750e+00  10.56294508 376.07162827 
  1.165000e+00  10.56294508 376.07162829 
  1.166250e+00  10.56294508 376.07162831 
  1.167500e+00  10.56294508 376.07162832 
  1.168750e+00  10.56294508 376.07162834 
  1.170000e+00  10.56294508 376.07162836 
  1.171250e+00  10.56294508 376.07162838 
  1.172500e+00  10.56294508 376.07162840 
  1.173750e+00  10.56294508 376.07162842 
  1.175000e+00  10.56294508 376.07162843 
  1.176250e+00  10.56294508 376.07162845 
  1.177500e+00  10.56294508 376.07162847 
  1.178750e+00  10.56294508 376.07162849 
  1.180000e+00  10.56294508 376.07162851 
  1.181250e+00  10.56294508 376.07162852 
  1.182500e+00  10.56294508 376.07162854 
  1.183750e+00  10.56294508 376.07162856 
  1.185000e+00  10.56294508 376.07162858 
  1.186250e+00  10.56294508 376.07162859 
  1.187500e+00  10.56294508 376.07162861 
  1.188750e+00  10.56294508 376.07162863 
  1.190000e+00  10.56294508 376.07162865 
  1.191250e+00  10.56294508 376.07162866 
  1.192500e+00  10.56294508 376.07162868 
  1.193750e+00  10.56294508 376.07162870 
  1.195000e+00  10.56294508 376.07162871 
  1.196250e+00  10.56294508 376.07162873 
  1.197500e+00  10.56294508 376.07162875 
  1.198750e+00  10.56294508 376.07162876 
  1.200000e+00  10.56294508 376.07162878 
  1.201250e+00  10.56294508 376.07162880 
  1.202500e+00  10.56294508 376.07162881 
  1.203750e+00  10.56294508 376.07162883 
  1.205000e+00  10.56294508 376.07162884 
  1.206250e+00  10.56294508 376.07162886 
  1.207500e+00  10.56294508 376.07162888 
  1.208750e+00  10.56294508 376.07162889 
  1.210000e+00  10.56294508 376.07162891 
  1.211250e+00  10.56294508 376.07162892 
  1.212500e+00  10.56294508 376.07162894 
  1.213750e+00  10.56294508 376.07162895 
  1.215000e+00  10.56294508 376.07162897 
  1.216250e+00  10.56294508 376.07162898 
  1.217500e+00  10.56294508 376.07162900 
  1.218750e+00  10.56294508 376.07162901 
  1.220000e+00  10.56294508 376.07162903 
  1.221250e+00  10.56294508 376.07162904 
  1.222500e+00  10.56294508 376.07162906 
  1.223750e+00  10.56294508 376.07162907 
  1.225000e+00  10.56294508 376.07162909 
  1.226250e+00  10.56294508 376.07162910 
  1.227500e+00  10.56294508 376.07162912 
  1.228750e+00  10.56294508 376.07162913 
  1.230000e+00  10.56294508 376.07162915 
  1.231250e+00  10.56294508 376.07162916 
  1.232500e+00  10.56294508 376.07162918 
  1.233750e+00  10.56294508 376.07162919 
  1.235000e+00  10.56294508 376.07162920 
  1.236250e+00  10.56294508 376.07162922 
  1.237500e+00  10.56294508 376.07162923 
  1.238750e+00  10.56294508 376.07162924 
  1.240000e+00  10.56294508 376.07162926 
  1.241250e+00  10.56294508 376.07162927 
  1.242500e+00  10.56294508 376.07162929 
  1.243750e+00  10.56294508 376.07162930 
  1.245000e+00  10.56294508 376.07162931 
  1.246250e+00  10.56294508 376.07162933 
  1.247500e+00  10.56294508 376.07162934 
  1.248750e+00  10.56294508 376.07162935 
  1.250000e+00  10.56294508 376.07162936 
  1.251250e+00  10.56294508 376.07162938 
  1.252500e+00  10.56294508 376.07162939 
  1.253750e+00  10.56294508 376.07162940 
  1.255000e+00  10.56294508 376.07162942 
  1.256250e+00  10.56294508 376.07162943 
  1.257500e+00  10.56294508 376.07162944 
  1.258750e+00  10.56294508 376.07162945 
  1.260000e+00  10.56294508 376.07162947 
  1.261250e+00  10.56294508 376.07162948 
  1.262500e+00  10.56294508 376.07162949 
  1.263750e+00  10.56294508 376.07162950 
  1.265000e+00  10.56294508 376.07162952 
  1.266250e+00  10.56294508 376.07162953 
  1.267500e+00  10.56294508 376.07162954 
  1.268750e+00  10.56294508 376.07162955 
  1.270000e+00  10.56294508 376.07162956 
  1.271250e+00  10.56294508 376.07162958 
  1.272500e+00  10.56294508 376.07162959 
  1.273750e+00  10.56294508 376.07162960 
  1.275000e+00  10.56294508 376.07162961 
  1.276250e+00  10.56294508 376.07162962 
  1.277500e+00  10.56294508 376.07162963 
  1.278750e+00  10.56294508 376.07162965 
  1.280000e+00  10.56294508 376.07162966 
  1.281250e+00  10.56294508 376.07162967 
  1.282500e+00  10.56294508 376.07162968 
  1.283750e+00  10.56294508 376.07162969 
  1.285000e+00  10.56294508 376.07162970 
  1.286250e+00  10.56294508 376.07162971 
  1.287500e+00  10.56294508 376.07162972 
  1.288750e+00  10.56294508 376.07162974 
  1.290000e+00  10.56294508 376.07162975 
  1.291250e+00  10.56294508 376.07162976 
  1.292500e+00  10.56294508 376.07162977 
  1.293750e+00  10.56294508 376.07162978 
  1.295000e+00  10.56294508 376.07162979 
  1.296250e+00  10.56294508 376.07162980 
  1.297500e+00  10.56294508 376.07162981 
  1.298750e+00  10.56294508 376.07162982 
  1.300000e+00  10.56294508 376.07162983 
  1.301250e+00  10.56294508 376.07162984 
  1.302500e+00  10.56294508 376.07162985 
  1.303750e+00  10.56294508 376.07162986 
  1.305000e+00  10.56294508 376.07162987 
  1.306250e+00  10.56294508 376.07162988 
  1.307500e+00  10.56294508 376.07162989 
  1.308750e+00  10.56294508 376.07162990 
  1.310000e+00  10.56294508 376.07162991 
  1.311250e+00  10.56294508 376.07162992 
  1.312500e+00  10.56294508 376.07162993 
  1.313750e+00  10.56294508 376.07162994 
  1.315000e+00  10.56294508 376.07162995 
  1.316250e+00  10.56294508 376.07162996 
  1.317500e+00  10.56294508 376.07162997 
  1.318750e+00  10.56294508 376.07162998 
  1.320000e+00  10.56294508 376.07162999 
  1.321250e+00  10.56294508 376.07163000 
  1.322500e+00  10.56294508 376.07163001 
  1.323750e+00  10.56294508 376.07163002 
  1.325000e+00  10.56294508 376.07163003 
  1.326250e+00  10.56294508 376.07163004 
  1.327500e+00  10.56294508 376.07163005 
  1.328750e+00  10.56294508 376.07163006 
  1.330000e+00  10.56294508 376.07163007 
  1.331250e+00  10.56294508 376.07163008 
  1.332500e+00  10.56294508 376.07163009 
  1.333750e+00  10.56294508 376.07163010 
  1.335000e+00  10.56294508 376.07163011 
  1.336250e+00  10.56294508 376.07163012 
  1.337500e+00  10.56294508 376.07163012 
  1.338750e+00  10.56294508 376.07163013 
  1.340000e+00  10.56294508 376.07163014 
  1.341250e+00  10.56294508 376.07163015 
  1.342500e+00  10.56294508 376.07163016 
  1.343750e+00  10.56294508 376.07163017 
  1.345000e+00  10.56294508 376.07163018 
  1.346250e+00  10.56294508 376.07163019 
  1.347500e+00  10.56294508 376.07163020 
  1.348750e+00  10.56294508 376.07163020 
  1.350000e+00  10.56294508 376.07163021 
  1.351250e+00  10.56294508 376.07163022 
  1.352500e+00  10.56294508 376.07163023 
  1.353750e+00  10.56294508 376.07163024 
  1.355000e+00  10.56294508 376.07163025 
  1.356250e+00  10.56294508 376.07163026 
  1.357500e+00  10.56294508 376.07163026 
  1.358750e+00  10.56294508 376.07163027 
  1.360000e+00  10.56294508 376.07163028 
  1.361250e+00  10.56294508 376.07163029 
  1.362500e+00  10.56294508 376.07163030 
  1.363750e+00  10.56294508 376.07163031 
  1.365000e+00  10.56294508 376.07163032 
  1.366250e+00  10.56294508 376.07163032 
  1.367500e+00  10.56294508 376.07163033 
  1.368750e+00  10.56294508 376.07163034 
  1.370000e+00  10.56294508 376.07163035 
  1.371250e+00  10.56294508 376.07163036 
  1.372500e+00  10.56294508 376.07163036 
  1.373750e+00  10.56294508 376.07163037 
  1.375000e+00  10.56294508 376.07163038 
  1.376250e+00  10.56294508 376.07163039 
  1.377500e+00  10.56294508 376.07163040 
  1.378750e+00  10.56294508 376.07163040 
  1.380000e+00  10.56294508 376.07163041 
  1.381250e+00  10.56294508 376.07163042 
  1.382500e+00  10.56294508 376.07163043 
  1.383750e+00  10.56294508 376.07163043 
  1.385000e+00  10.56294508 376.07163044 
  1.386250e+00  10.56294508 376.07163045 
  1.387500e+00  10.56294508 376.07163046 
  1.388750e+00  10.56294508 376.07163047 
  1.390000e+00  10.56294508 376.07163047 
  1.391250e+00  10.56294508 376.07163048 
  1.392500e+00  10.56294508 376.07163049 
  1.393750e+00  10.56294508 376.07163050 
  1.395000e+00  10.56294508 376.07163050 
  1.396250e+00  10.56294508 376.07163051 
  1.397500e+00  10.56294508 376.07163052 
  1.398750e+00  10.56294508 376.07163053 
  1.400000e+00  10.56294508 376.07163053 
  1.401250e+00  10.56294508 376.07163054 
  1.402500e+00  10.56294508 376.07163055 
  1.403750e+00  10.56294508 376.07163055 
  1.405000e+00  10.56294508 376.07163056 
  1.406250e+00  10.56294508 376.07163057 
  1.407500e+00  10.56294508 376.07163058 
  1.408750e+00  10.56294508 376.07163058 
  1.410000e+00  10.56294508 376.07163059 
  1.411250e+00  10.56294508 376.07163060 
  1.412500e+00  10.56294508 376.07163060 
  1.413750e+00  10.56294508 376.07163061 
  1.415000e+00  10.56294508 376.07163062 
  1.416250e+00  10.56294508 376.07163062 
  1.417500e+00  10.56294508 376.07163063 
  1.418750e+00  10.56294508 376.07163064 
  1.420000e+00  10.56294508 376.07163064 
  1.421250e+00  10.56294508 376.07163065 
  1.422500e+00  10.56294508 376.07163066 
  1.423750e+00  10.56294508 376.07163067 
  1.425000e+00  10.56294508 376.07163067 
  1.426250e+00  10.56294508 376.07163068 
  1.427500e+00  10.56294508 376.07163068 
  1.428750e+00  10.56294508 376.07163069 
  1.430000e+00  10.56294508 376.07163070 
  1.431250e+00  10.56294508 376.07163070 
  1.432500e+00  10.56294508 376.07163071 
  1.433750e+00  10.56294508 376.07163072 
  1.435000e+00  10.56294508 376.07163072 
  1.436250e+00  10.56294508 376.07163073 
  1.437500e+00  10.56294508 376.07163074 
  1.438750e+00  10.56294508 376.07163074 
  1.440000e+00  10.56294508 376.07163075 
  1.441250e+00  10.56294508 376.07163076 
  1.442500e+00  10.56294508 376.07163076 
  1.443750e+00  10.56294508 376.07163077 
  1.445000e+00  10.56294508 376.07163077 
  1.446250e+00  10.56294508 376.07163078 
  1.447500e+00  10.56294508 376.07163079 
  1.448750e+00  10.56294508 376.07163079 
  1.450000e+00  10.56294508 376.07163080 
  1.451250e+00  10.56294508 376.07163080 
  1.452500e+00  10.56294508 376.07163081 
  1.453750e+00  10.56294508 376.07163082 
  1.455000e+00  10.56294508 376.07163082 
  1.456250e+00  10.56294508 376.07163083 
  1.457500e+00  10.56294508 376.07163083 
  1.458750e+00  10.56294508 376.07163084 
  1.460000e+00  10.56294508 376.07163084 
  1.461250e+00  10.56294508 376.07163085 
  1.462500e+00  10.56294508 376.07163086 
  1.463750e+00  10.56294508 376.07163086 
  1.465000e+00  10.56294508 376.07163087 
  1.466250e+00  10.56294508 376.07163087 
  1.467500e+00  10.56294508 376.07163088 
  1.468750e+00  10.56294508 376.07163088 
  1.470000e+00  10.56294508 376.07163089 
  1.471250e+00  10.56294508 376.07163090 
  1.472500e+00  10.56294508 376.07163090 
  1.473750e+00  10.56294508 376.07163091 
  1.475000e+00  10.56294508 376.07163091 
  1.476250e+00  10.56294508 376.07163092 
  1.477500e+00  10.56294508 376.07163092 
  1.478750e+00  10.56294508 376.07163093 
  1.480000e+00  10.56294508 376.07163093 
  1.481250e+00  10.56294508 376.07163094 
  1.482500e+00  10.56294508 376.07163094 
  1.483750e+00  10.56294508 376.07163095 
  1.485000e+00  10.56294508 376.07163095 
  1.486250e+00  10.56294508 376.07163096 
  1.487500e+00  10.56294508 376.07163096 
  1.488750e+00  10.56294508 376.07163097 
  1.490000e+00  10.56294508 376.07163097 
  1.491250e+00  10.56294508 376.07163098 
  1.492500e+00  10.56294508 376.07163098 
  1.493750e+00  10.56294508 376.07163099 
  1.495000e+00  10.56294508 376.07163099 
  1.496250e+00  10.56294508 376.07163100 
  1.497500e+00  10.56294508 376.07163100 
  1.498750e+00  10.56294508 376.07163101 
  1.500000e+00  10.56294508 376.07163101 
  1.501250e+00  10.56294508 376.07163102 
  1.502500e+00  10.56294508 376.07163102 
  1.503750e+00  10.56294508 376.07163103 
  1.505000e+00  10.56294508 376.07163103 
  1.506250e+00  10.56294508 376.07163103 
  1.507500e+00  10.56294508 376.07163104 
  1.508750e+00  10.56294508 376.07163104 
  1.510000e+00  10.56294508 376.07163105 
  1.511250e+00  10.56294508 376.07163105 
  1.512500e+00  10.56294508 376.07163106 
  1.513750e+00  10.56294508 376.07163106 
  1.515000e+00  10.56294508 376.07163107 
  1.516250e+00  10.56294508 376.07163107 
  1.517500e+00  10.56294508 376.07163107 
  1.518750e+00  10.56294508 376.07163108 
  1.520000e+00  10.56294508 376.07163108 
  1.521250e+00  10.56294508 376.07163109 
  1.522500e+00  10.56294508 376.07163109 
  1.523750e+00  10.56294508 376.07163110 
  1.525000e+00  10.56294508 376.07163110 
  1.526250e+00  10.56294508 376.07163110 
  1.527500e+00  10.56294508 376.07163111 
  1.528750e+00  10.56294508 376.07163111 
  1.530000e+00  10.56294508 376.07163112 
  1.531250e+00  10.56294508 376.07163112 
  1.532500e+00  10.56294508 376.07163112 
  1.533750e+00  10.56294508 376.07163113 
  1.535000e+00  10.56294508 376.07163113 
  1.536250e+00  10.56294508 376.07163114 
  1.537500e+00  10.56294508 376.07163114 
  1.538750e+00  10.56294508 376.07163114 
  1.540000e+00  10.56294508 376.07163115 
  1.541250e+00  10.56294508 376.07163115 
  1.542500e+00  10.56294508 376.07163115 
  1.543750e+00  10.56294508 376.07163116 
  1.545000e+00  10.56294508 376.07163116 
  1.546250e+00  10.56294508 376.07163117 
  1.547500e+00  10.56294508 376.07163117 
  1.548750e+00  10.56294508 376.07163117 
  1.550000e+00  10.56294508 376.07163118 
  1.551250e+00  10.56294508 376.07163118 
  1.552500e+00  10.56294508 376.07163118 
  1.553750e+00  10.56294508 376.07163119 
  1.555000e+00  10.56294508 376.07163119 
  1.556250e+00  10.56294508 376.07163119 
  1.557500e+00  10.56294508 376.07163120 
  1.558750e+00  10.56294508 376.07163120 
  1.560000e+00  10.56294508 376.07163120 
  1.561250e+00  10.56294508 376.07163121 
  1.562500e+00  10.56294508 376.07163121 
  1.563750e+00  10.56294508 376.07163121 
  1.565000e+00  10.56294508 376.07163122 
  1.566250e+00  10.56294508 376.07163122 
  1.567500e+00  10.56294508 376.07163122 
  1.568750e+00  10.56294508 376.07163123 
  1.570000e+00  10.56294508 376.07163123 
  1.571250e+00  10.56294508 376.07163123 
  1.572500e+00  10.56294508 376.07163124 
  1.573750e+00  10.56294508 376.07163124 
  1.575000e+00  10.56294508 376.07163124 
  1.576250e+00  10.56294508 376.07163124 
  1.577500e+00  10.56294508 376.07163125 
  1.578750e+00  10.56294508 376.07163125 
  1.580000e+00  10.56294508 376.07163125 
  1.581250e+00  10.56294508 376.07163126 
  1.582500e+00  10.56294508 376.07163126 
  1.583750e+00  10.56294508 376.07163126 
  1.585000e+00  10.56294508 376.07163126 
  1.586250e+00  10.56294508 376.07163127 
  1.587500e+00  10.56294508 376.07163127 
  1.588750e+00  10.56294508 376.07163127 
  1.590000e+00  10.56294508 376.07163128 
  1.591250e+00  10.56294508 376.07163128 
  1.592500e+00  10.56294508 376.07163128 
  1.593750e+00  10.56294508 376.07163128 
  1.595000e+00  10.56294508 376.07163129 
  1.596250e+00  10.56294508 376.07163129 
  1.597500e+00  10.56294508 376.07163129 
  1.598750e+00  10.56294508 376.07163129 
  1.600000e+00  10.56294508 376.07163130 
  1.601250e+00  10.56294508 376.07163130 
  1.602500e+00  10.56294508 376.07163130 
  1.603750e+00  10.56294508 376.07163130 
  1.605000e+00  10.56294508 376.07163131 
  1.606250e+00  10.56294508 376.07163131 
  1.607500e+00  10.56294508 376.07163131 
  1.608750e+00  10.56294508 376.07163131 
  1.610000e+00  10.56294508 376.07163132 
  1.611250e+00  10.56294508 376.07163132 
  1.612500e+00  10.56294508 376.07163132 
  1.613750e+00  10.56294508 376.07163132 
  1.615000e+00  10.56294508 376.07163132 
  1.616250e+00  10.56294508 376.07163133 
  1.617500e+00  10.56294508 376.07163133 
  1.618750e+00  10.56294508 376.07163133 
  1.620000e+00  10.56294508 376.07163133 
  1.621250e+00  10.56294508 376.07163134 
  1.622500e+00  10.56294508 376.07163134 
  1.623750e+00  10.56294508 376.07163134 
  1.625000e+00  10.56294508 376.07163134 
  1.626250e+00  10.56294508 376.07163134 
  1.627500e+00  10.56294508 376.07163135 
  1.628750e+00  10.56294508 376.07163135 
  1.630000e+00  10.56294508 376.07163135 
  1.631250e+00  10.56294508 376.07163135 
  1.632500e+00  10.56294508 376.07163135 
  1.633750e+00  10.56294508 376.07163136 
  1.635000e+00  10.56294508 376.07163136 
  1.636250e+00  10.56294508 376.07163136 
  1.637500e+00  10.56294508 376.07163136 
  1.638750e+00  10.56294508 376.07163136 
  1.640000e+00  10.56294508 376.07163136 
  1.641250e+00  10.56294508 376.07163137 
  1.642500e+00  10.56294508 376.07163137 
  1.643750e+00  10.56294508 376.07163137 
  1.645000e+00  10.56294508 376.07163137 
  1.646250e+00  10.56294508 376.07163137 
  1.647500e+00  10.56294508 376.07163138 
  1.648750e+00  10.56294508 376.07163138 
  1.650000e+00  10.56294508 376.07163138 
  1.651250e+00  10.56294508 376.07163138 
  1.652500e+00  10.56294508 376.07163138 
  1.653750e+00  10.56294508 376.07163138 
  1.655000e+00  10.56294508 376.07163139 
  1.656250e+00  10.56294508 376.07163139 
  1.657500e+00  10.56294508 376.07163139 
  1.658750e+00  10.56294508 376.07163139 
  1.660000e+00  10.56294508 376.07163139 
  1.661250e+00  10.56294508 376.07163139 
  1.662500e+00  10.56294508 376.07163139 
  1.663750e+00  10.56294508 376.07163140 
  1.665000e+00  10.56294508 376.07163140 
  1.666250e+00  10.56294508 376.07163140 
  1.667500e+00  10.56294508 376.07163140 
  1.668750e+00  10.56294508 376.07163140 
  1.670000e+00  10.56294508 376.07163140 
  1.671250e+00  10.56294508 376.07163140 
  1.672500e+00  10.56294508 376.07163141 
  1.673750e+00  10.56294508 376.07163141 
  1.675000e+00  10.56294508 376.07163141 
  1.676250e+00  10.56294508 376.07163141 
  1.677500e+00  10.56294508 376.07163141 
  1.678750e+00  10.56294508 376.07163141 
  1.680000e+00  10.56294508 376.07163141 
  1.681250e+00  10.56294508 376.07163141 
  1.682500e+00  10.56294508 376.07163142 
  1.683750e+00  10.56294508 376.07163142 
  1.685000e+00  10.56294508 376.07163142 
  1.686250e+00  10.56294508 376.07163142 
  1.687500e+00  10.56294508 376.07163142 
  1.688750e+00  10.56294508 376.07163142 
  1.690000e+00  10.56294508 376.07163142 
  1.691250e+00  10.56294508 376.07163142 
  1.692500e+00  10.56294508 376.07163143 
  1.693750e+00  10.56294508 376.07163143 
  1.695000e+00  10.56294508 376.07163143 
  1.696250e+00  10.56294508 376.07163143 
  1.697500e+00  10.56294508 376.07163143 
  1.698750e+00  10.56294508 376.07163143 
  1.700000e+00  10.56294508 376.07163143 
  1.701250e+00  10.56294508 376.07163143 
  1.702500e+00  10.56294508 376.07163143 
  1.703750e+00  10.56294508 376.07163143 
  1.705000e+00  10.56294508 376.07163144 
  1.706250e+00  10.56294508 376.07163144 
  1.707500e+00  10.56294508 376.07163144 
  1.708750e+00  10.56294508 376.07163144 
  1.710000e+00  10.56294508 376.07163144 
  1.711250e+00  10.56294508 376.07163144 
  1.712500e+00  10.56294508 376.07163144 
  1.713750e+00  10.56294508 376.07163144 
  1.715000e+00  10.56294508 376.07163144 
  1.716250e+00  10.56294508 376.07163144 
  1.717500e+00  10.56294508 376.07163144 
  1.718750e+00  10.56294508 376.07163145 
  1.720000e+00  10.56294508 376.07163145 
  1.721250e+00  10.56294508 376.07163145 
  1.722500e+00  10.56294508 376.07163145 
  1.723750e+00  10.56294508 376.07163145 
  1.725000e+00  10.56294508 376.07163145 
  1.726250e+00  10.56294508 376.07163145 
  1.727500e+00  10.56294508 376.07163145 
  1.728750e+00  10.56294508 376.07163145 
  1.730000e+00  10.56294508 376.07163145 
  1.731250e+00  10.56294508 376.07163145 
  1.732500e+00  10.56294508 376.07163145 
  1.733750e+00  10.56294508 376.07163146 
  1.735000e+00  10.56294508 376.07163146 
  1.736250e+00  10.56294508 376.07163146 
  1.737500e+00  10.56294508 376.07163146 
  1.738750e+00  10.56294508 376.07163146 
  1.740000e+00  10.56294508 376.07163146 
  1.741250e+00  10.56294508 376.07163146 
  1.742500e+00  10.56294508 376.07163146 
  1.743750e+00  10.56294508 376.07163146 
  1.745000e+00  10.56294508 376.07163146 
  1.746250e+00  10.56294508 376.07163146 
  1.747500e+00  10.56294508 376.07163146 
  1.748750e+00  10.56294508 376.07163146 
  1.750000e+00  10.56294508 376.07163146 
  1.751250e+00  10.56294508 376.07163146 
  1.752500e+00  10.56294508 376.07163146 
  1.753750e+00  10.56294508 376.07163146 
  1.755000e+00  10.56294508 376.07163147 
  1.756250e+00  10.56294508 376.07163147 
  1.757500e+00  10.56294508 376.07163147 
  1.758750e+00  10.56294508 376.07163147 
  1.760000e+00  10.56294508 376.07163147 
  1.761250e+00  10.56294508 376.07163147 
  1.762500e+00  10.56294508 376.07163147 
  1.763750e+00  10.56294508 376.07163147 
  1.765000e+00  10.56294508 376.07163147 
  1.766250e+00  10.56294508 376.07163147 
  1.767500e+00  10.56294508 376.07163147 
  1.768750e+00  10.56294508 376.07163147 
  1.770000e+00  10.56294508 376.07163147 
  1.771250e+00  10.56294508 376.07163147 
  1.772500e+00  10.56294508 376.07163147 
  1.773750e+00  10.56294508 376.07163147 
  1.775000e+00  10.56294508 376.07163147 
  1.776250e+00  10.56294508 376.07163147 
  1.777500e+00  10.56294508 376.07163147 
  1.778750e+00  10.56294508 376.07163147 
  1.780000e+00  10.56294508 376.07163147 
  1.781250e+00  10.56294508 376.07163147 
  1.782500e+00  10.56294508 376.07163148 
  1.783750e+00  10.56294508 376.07163148 
  1.785000e+00  10.56294508 376.07163148 
  1.786250e+00  10.56294508 376.07163148 
  1.787500e+00  10.56294508 376.07163148 
  1.788750e+00  10.56294508 376.07163148 
  1.790000e+00  10.56294508 376.07163148 
  1.791250e+00  10.56294508 376.07163148 
  1.792500e+00  10.56294508 376.07163148 
  1.793750e+00  10.56294508 376.07163148 
  1.795000e+00  10.56294508 376.07163148 
  1.796250e+00  10.56294508 376.07163148 
  1.797500e+00  10.56294508 376.07163148 
  1.798750e+00  10.56294508 376.07163148 
  1.800000e+00  10.56294508 376.07163148 
  1.801250e+00  10.56294508 376.07163148 
  1.802500e+00  10.56294508 376.07163148 
  1.803750e+00  10.56294508 376.07163148 
  1.805000e+00  10.56294508 376.07163148 
  1.806250e+00  10.56294508 376.07163148 
  1.807500e+00  10.56294508 376.07163148 
  1.808750e+00  10.56294508 376.07163148 
  1.810000e+00  10.56294508 376.07163148 
  1.811250e+00  10.56294508 376.07163148 
  1.812500e+00  10.56294508 376.07163148 
  1.813750e+00  10.56294508 376.07163148 
  1.815000e+00  10.56294508 376.07163148 
  1.816250e+00  10.56294508 376.07163148 
  1.817500e+00  10.56294508 376.07163148 
  1.818750e+00  10.56294508 376.07163148 
  1.820000e+00  10.56294508 376.07163148 
  1.821250e+00  10.56294508 376.07163148 
  1.822500e+00  10.56294508 376.07163148 
  1.823750e+00  10.56294508 376.07163148 
  1.825000e+00  10.56294508 376.07163148 
  1.826250e+00  10.56294508 376.07163148 
  1.827500e+00  10.56294508 376.07163148 
  1.828750e+00  10.56294508 376.07163148 
  1.830000e+00  10.56294508 376.07163148 
  1.831250e+00  10.56294508 376.07163148 
  1.832500e+00  10.56294508 376.07163148 
  1.833750e+00  10.56294508 376.07163148 
  1.835000e+00  10.56294508 376.07163148 
  1.836250e+00  10.56294508 376.07163148 
  1.837500e+00  10.56294508 376.07163148 
  1.838750e+00  10.56294508 376.07163148 
  1.840000e+00  10.56294508 376.07163149 
  1.841250e+00  10.56294508 376.07163149 
  1.842500e+00  10.56294508 376.07163149 
  1.843750e+00  10.56294508 376.07163149 
  1.845000e+00  10.56294508 376.07163149 
  1.846250e+00  10.56294508 376.07163149 
  1.847500e+00  10.56294508 376.07163149 
  1.848750e+00  10.56294508 376.07163149 
  1.850000e+00  10.56294508 376.07163149 
  1.851250e+00  10.56294508 376.07163149 
  1.852500e+00  10.56294508 376.07163149 
  1.853750e+00  10.56294508 376.07163149 
  1.855000e+00  10.56294508 376.07163149 
  1.856250e+00  10.56294508 376.07163149 
  1.857500e+00  10.56294508 376.07163149 
  1.858750e+00  10.56294508 376.07163149 
  1.860000e+00  10.56294508 376.07163149 
  1.861250e+00  10.56294508 376.07163149 
  1.862500e+00  10.56294508 376.07163149 
  1.863750e+00  10.56294508 376.07163149 
  1.865000e+00  10.56294508 376.07163149 
  1.866250e+00  10.56294508 376.07163149 
  1.867500e+00  10.56294508 376.07163149 
  1.868750e+00  10.56294508 376.07163149 
  1.870000e+00  10.56294508 376.07163149 
  1.871250e+00  10.56294508 376.07163149 
  1.872500e+00  10.56294508 376.07163149 
  1.873750e+00  10.56294508 376.07163149 
  1.875000e+00  10.56294508 376.07163149 
  1.876250e+00  10.56294508 376.07163149 
  1.877500e+00  10.56294508 376.07163149 
  1.878750e+00  10.56294508 376.07163149 
  1.880000e+00  10.56294508 376.07163149 
  1.881250e+00  10.56294508 376.07163149 
  1.882500e+00  10.56294508 376.07163149 
  1.883750e+00  10.56294508 376.07163149 
  1.885000e+00  10.56294508 376.07163149 
  1.886250e+00  10.56294508 376.07163149 
  1.887500e+00  10.56294508 376.07163149 
  1.888750e+00  10.56294508 376.07163149 
  1.890000e+00  10.56294508 376.07163149 
  1.891250e+00  10.56294508 376.07163149 
  1.892500e+00  10.56294508 376.07163149 
  1.893750e+00  10.56294508 376.07163149 
  1.895000e+00  10.56294508 376.07163149 
  1.896250e+00  10.56294508 376.07163149 
  1.897500e+00  10.56294508 376.07163149 
  1.898750e+00  10.56294508 376.07163149 
  1.900000e+00  10.56294508 376.07163149 
  1.901250e+00  10.56294508 376.07163149 
  1.902500e+00  10.56294508 376.07163149 
  1.903750e+00  10.56294508 376.07163149 
  1.905000e+00  10.56294508 376.07163149 
  1.906250e+00  10.56294508 376.07163149 
  1.907500e+00  10.56294508 376.07163149 
  1.908750e+00  10.56294508 376.07163149 
  1.910000e+00  10.56294508 376.07163149 
  1.911250e+00  10.56294508 376.07163149 
  1.912500e+00  10.56294508 376.07163148 
  1.913750e+00  10.56294508 376.07163148 
  1.915000e+00  10.56294508 376.07163148 
  1.916250e+00  10.56294508 376.07163148 
  1.917500e+00  10.56294508 376.07163148 
  1.918750e+00  10.56294508 376.07163148 
  1.920000e+00  10.56294508 376.07163148 
  1.921250e+00  10.56294508 376.07163148 
  1.922500e+00  10.56294508 376.07163148 
  1.923750e+00  10.56294508 376.07163148 
  1.925000e+00  10.56294508 376.07163148 
  1.926250e+00  10.56294508 376.07163148 
  1.927500e+00  10.56294508 376.07163148 
  1.928750e+00  10.56294508 376.07163148 
  1.930000e+00  10.56294508 376.07163148 
  1.931250e+00  10.56294508 376.07163148 
  1.932500e+00  10.56294508 376.07163148 
  1.933750e+00  10.56294508 376.07163148 
  1.935000e+00  10.56294508 376.07163148 
  1.936250e+00  10.56294508 376.07163148 
  1.937500e+00  10.56294508 376.07163148 
  1.938750e+00  10.56294508 376.07163148 
  1.940000e+00  10.56294508 376.07163148 
  1.941250e+00  10.56294508 376.07163148 
  1.942500e+00  10.56294508 376.07163148 
  1.943750e+00  10.56294508 376.07163148 
  1.945000e+00  10.56294508 376.07163148 
  1.946250e+00  10.56294508 376.07163148 
  1.947500e+00  10.56294508 376.07163148 
  1.948750e+00  10.56294508 376.07163148 
  1.950000e+00  10.56294508 376.07163148 
  1.951250e+00  10.56294508 376.07163148 
  1.952500e+00  10.56294508 376.07163148 
  1.953750e+00  10.56294508 376.07163148 
  1.955000e+00  10.56294508 376.07163148 
  1.956250e+00  10.56294508 376.07163148 
  1.957500e+00  10.56294508 376.07163148 
  1.958750e+00  10.56294508 376.07163148 
  1.960000e+00  10.56294508 376.07163148 
  1.961250e+00  10.56294508 376.07163148 
  1.962500e+00  10.56294508 376.07163148 
  1.963750e+00  10.56294508 376.07163148 
  1.965000e+00  10.56294508 376.07163148 
  1.966250e+00  10.56294508 376.07163148 
  1.967500e+00  10.56294508 376.07163148 
  1.968750e+00  10.56294508 376.07163148 
  1.970000e+00  10.56294508 376.07163148 
  1.971250e+00  10.56294508 376.07163148 
  1.972500e+00  10.56294508 376.07163148 
  1.973750e+00  10.56294508 376.07163148 
  1.975000e+00  10.56294508 376.07163148 
  1.976250e+00  10.56294508 376.07163148 
  1.977500e+00  10.56294508 376.07163148 
  1.978750e+00  10.56294508 376.07163148 
  1.980000e+00  10.56294508 376.07163148 
  1.981250e+00  10.56294508 376.07163148 
  1.982500e+00  10.56294508 376.07163148 
  1.983750e+00  10.56294508 376.07163148 
  1.985000e+00  10.56294508 376.07163148 
  1.986250e+00  10.56294508 376.07163148 
  1.987500e+00  10.56294508 376.07163148 
  1.988750e+00  10.56294508 376.07163148 
  1.990000e+00  10.56294508 376.07163148 
  1.991250e+00  10.56294508 376.07163148 
  1.992500e+00  10.56294508 376.07163148 
  1.993750e+00  10.56294508 376.07163148 
  1.995000e+00  10.56294508 376.07163148 
  1.996250e+00  10.56294508 376.07163148 
  1.997500e+00  10.56294508 376.07163148 
  1.998750e+00  10.56294508 376.07163148 
  2.000000e+00  10.56294508 376.07163148 
