  1.000000e-02  7.25510889 46.56300315 
  1.500000e-02  7.25510889 48.22364406 
  2.000000e-02  7.25510889 50.38681106 
  2.500000e-02  7.25510889 53.04946792 
  3.000000e-02  7.25510889 55.77736415 
  3.500000e-02  7.25510889 57.77920904 
  4.000000e-02  7.25510889 59.13378480 
  4.500000e-02  7.25510889 60.04763890 
  5.000000e-02  7.25510889 60.60630961 
  5.500000e-02  7.25510889 60.84840763 
  6.000000e-02  7.25510889 60.73474470 
  6.500000e-02  7.25510889 60.38398178 
  7.000000e-02  7.25510889 59.94808629 
  7.500000e-02  7.25510889 59.52914708 
  8.000000e-02  7.25510889 59.15032144 
  8.500000e-02  7.25510889 58.79632061 
  9.000000e-02  7.25510889 58.46157792 
  9.500000e-02  7.25510889 58.16099601 
  1.000000e-01  7.25510889 58.04030179 
  1.050000e-01  7.25510889 58.02304293 
  1.100000e-01  7.25510889 58.08024320 
  1.150000e-01  7.25510889 58.18698085 
  1.200000e-01  7.25510889 58.30664379 
  1.250000e-01  7.25510889 58.41906215 
  1.300000e-01  7.25510889 58.49465258 
  1.350000e-01  7.25510889 58.54182596 
  1.400000e-01  7.25510889 58.57177636 
  1.450000e-01  7.25510889 58.59484126 
  1.500000e-01  7.25510889 58.61620822 
  1.550000e-01  7.25510889 58.66806774 
  1.600000e-01  7.25510889 58.74545632 
  1.650000e-01  7.25510889 58.83514796 
  1.700000e-01  7.25510889 58.92387266 
  1.750000e-01  7.25510889 59.00071662 
  1.800000e-01  7.25510889 59.06195635 
  1.850000e-01  7.25510889 59.10133225 
  1.900000e-01  7.25510889 59.08918183 
  1.950000e-01  7.25510889 59.03718337 
  2.000000e-01  7.25510889 58.96034038 
  2.050000e-01  7.25510889 58.87343709 
  2.100000e-01  7.25510889 58.78854749 
  2.150000e-01  7.25510889 58.71358508 
  2.200000e-01  7.25510889 58.65531838 
  2.250000e-01  7.25510889 58.63394251 
  2.300000e-01  7.25510889 58.63525464 
  2.350000e-01  7.25510889 58.64619059 
  2.400000e-01  7.25510889 58.65610606 
  2.450000e-01  7.25510889 58.65788337 
  2.500000e-01  7.25510889 58.64885356 
  2.550000e-01  7.25510889 58.61614563 
  2.600000e-01  7.25510889 58.56415346 
  2.650000e-01  7.25510889 58.49916223 
  2.700000e-01  7.25510889 58.42802833 
  2.750000e-01  7.25510889 58.35700722 
  2.800000e-01  7.25510889 58.29095678 
  2.850000e-01  7.25510889 58.23286786 
  2.900000e-01  7.25510889 58.18372067 
  2.950000e-01  7.25510889 58.15621656 
  3.000000e-01  7.25510889 58.14351773 
  3.050000e-01  7.25510889 58.13943517 
  3.100000e-01  7.25510889 58.13877398 
  3.150000e-01  7.25510889 58.13780858 
  3.200000e-01  7.25510889 58.13445422 
  3.250000e-01  7.25510889 58.12820134 
  3.300000e-01  7.25510889 58.11293692 
  3.350000e-01  7.25510889 58.09143748 
  3.400000e-01  7.25510889 58.06678280 
  3.450000e-01  7.25510889 58.04172076 
  3.500000e-01  7.25510889 58.01818549 
  3.550000e-01  7.25510889 57.99716611 
  3.600000e-01  7.25510889 57.98626124 
  3.650000e-01  7.25510889 57.98222638 
  3.700000e-01  7.25510889 57.98182015 
  3.750000e-01  7.25510889 57.98223639 
  3.800000e-01  7.25510889 57.98151241 
  3.850000e-01  7.25510889 57.97882793 
  3.900000e-01  7.25510889 57.96952661 
  3.950000e-01  7.25510889 57.95501688 
  4.000000e-01  7.25510889 57.93727832 
  4.050000e-01  7.25510889 57.91831274 
  4.100000e-01  7.25510889 57.89978555 
  4.150000e-01  7.25510889 57.88286017 
  4.200000e-01  7.25510889 57.86805685 
  4.250000e-01  7.25510889 57.85766711 
  4.300000e-01  7.25510889 57.85254169 
  4.350000e-01  7.25510889 57.85046046 
  4.400000e-01  7.25510889 57.84958485 
  4.450000e-01  7.25510889 57.84835888 
  4.500000e-01  7.25510889 57.84517007 
  4.550000e-01  7.25510889 57.83968594 
  4.600000e-01  7.25510889 57.83106836 
  4.650000e-01  7.25510889 57.82024497 
  4.700000e-01  7.25510889 57.80835266 
  4.750000e-01  7.25510889 57.79641636 
  4.800000e-01  7.25510889 57.78525381 
  4.850000e-01  7.25510889 57.77531061 
  4.900000e-01  7.25510889 57.76840496 
  4.950000e-01  7.25510889 57.76550827 
  5.000000e-01  7.25510889 57.76478317 
  5.050000e-01  7.25510889 57.76434361 
  5.100000e-01  7.25510889 57.76328894 
  5.150000e-01  7.25510889 57.76115702 
  5.200000e-01  7.25510889 57.75784533 
  5.250000e-01  7.25510889 57.75351724 
  5.300000e-01  7.25510889 57.74850570 
  5.350000e-01  7.25510889 57.74254092 
  5.400000e-01  7.25510889 57.73614772 
  5.450000e-01  7.25510889 57.73004247 
  5.500000e-01  7.25510889 57.72534204 
  5.550000e-01  7.25510889 57.72211783 
  5.600000e-01  7.25510889 57.72012413 
  5.650000e-01  7.25510889 57.71895637 
  5.700000e-01  7.25510889 57.71817464 
  5.750000e-01  7.25510889 57.71738803 
  5.800000e-01  7.25510889 57.71630590 
  5.850000e-01  7.25510889 57.71476080 
  5.900000e-01  7.25510889 57.71270720 
  5.950000e-01  7.25510889 57.71020115 
  6.000000e-01  7.25510889 57.70736772 
  6.050000e-01  7.25510889 57.70436379 
  6.100000e-01  7.25510889 57.70134361 
  6.150000e-01  7.25510889 57.69843247 
  6.200000e-01  7.25510889 57.69571152 
  6.250000e-01  7.25510889 57.69321400 
  6.300000e-01  7.25510889 57.69093090 
  6.350000e-01  7.25510889 57.68882304 
  6.400000e-01  7.25510889 57.68683572 
  6.450000e-01  7.25510889 57.68491280 
  6.500000e-01  7.25510889 57.68300769 
  6.550000e-01  7.25510889 57.68109006 
  6.600000e-01  7.25510889 57.67914785 
  6.650000e-01  7.25510889 57.67718551 
  6.700000e-01  7.25510889 57.67521947 
  6.750000e-01  7.25510889 57.67327236 
  6.800000e-01  7.25510889 57.67136731 
  6.850000e-01  7.25510889 57.66952338 
  6.900000e-01  7.25510889 57.66775264 
  6.950000e-01  7.25510889 57.66605920 
  7.000000e-01  7.25510889 57.66443986 
  7.050000e-01  7.25510889 57.66288592 
  7.100000e-01  7.25510889 57.66138566 
  7.150000e-01  7.25510889 57.65992683 
  7.200000e-01  7.25510889 57.65849867 
  7.250000e-01  7.25510889 57.65709331 
  7.300000e-01  7.25510889 57.65570626 
  7.350000e-01  7.25510889 57.65433628 
  7.400000e-01  7.25510889 57.65298459 
  7.450000e-01  7.25510889 57.65165388 
  7.500000e-01  7.25510889 57.65034716 
  7.550000e-01  7.25510889 57.64906693 
  7.600000e-01  7.25510889 57.64781446 
  7.650000e-01  7.25510889 57.64658960 
  7.700000e-01  7.25510889 57.64539081 
  7.750000e-01  7.25510889 57.64421548 
  7.800000e-01  7.25510889 57.64306042 
  7.850000e-01  7.25510889 57.64192235 
  7.900000e-01  7.25510889 57.64079837 
  7.950000e-01  7.25510889 57.63968625 
  8.000000e-01  7.25510889 57.63858459 
  8.050000e-01  7.25510889 57.63749285 
  8.100000e-01  7.25510889 57.63641116 
  8.150000e-01  7.25510889 57.63534014 
  8.200000e-01  7.25510889 57.63428062 
  8.250000e-01  7.25510889 57.63323341 
  8.300000e-01  7.25510889 57.63219908 
  8.350000e-01  7.25510889 57.63117788 
  8.400000e-01  7.25510889 57.63016965 
  8.450000e-01  7.25510889 57.62917387 
  8.500000e-01  7.25510889 57.62818970 
  8.550000e-01  7.25510889 57.62721610 
  8.600000e-01  7.25510889 57.62625194 
  8.650000e-01  7.25510889 57.62529606 
  8.700000e-01  7.25510889 57.62434739 
  8.750000e-01  7.25510889 57.62340497 
  8.800000e-01  7.25510889 57.62246796 
  8.850000e-01  7.25510889 57.62153567 
  8.900000e-01  7.25510889 57.62060751 
  8.950000e-01  7.25510889 57.61968298 
  9.000000e-01  7.25510889 57.61876163 
  9.050000e-01  7.25510889 57.61784308 
  9.100000e-01  7.25510889 57.61692694 
  9.150000e-01  7.25510889 57.61601287 
  9.200000e-01  7.25510889 57.61510058 
  9.250000e-01  7.25510889 57.61418981 
  9.300000e-01  7.25510889 57.61328038 
  9.350000e-01  7.25510889 57.61237220 
  9.400000e-01  7.25510889 57.61146528 
  9.450000e-01  7.25510889 57.61055973 
  9.500000e-01  7.25510889 57.60965580 
  9.550000e-01  7.25510889 57.60875384 
  9.600000e-01  7.25510889 57.60785429 
  9.650000e-01  7.25510889 57.60695771 
  9.700000e-01  7.25510889 57.60606474 
  9.750000e-01  7.25510889 57.60517610 
  9.800000e-01  7.25510889 57.60429254 
  9.850000e-01  7.25510889 57.60341487 
  9.900000e-01  7.25510889 57.60254391 
  9.950000e-01  7.25510889 57.60168051 
  1.000000e+00  7.25510889 57.60082551 
  1.005000e+00  7.25510889 57.59997972 
  1.010000e+00  7.25510889 57.59914396 
  1.015000e+00  7.25510889 57.59831897 
  1.020000e+00  7.25510889 57.59750549 
  1.025000e+00  7.25510889 57.59670419 
  1.030000e+00  7.25510889 57.59591567 
  1.035000e+00  7.25510889 57.59514049 
  1.040000e+00  7.25510889 57.59437914 
  1.045000e+00  7.25510889 57.59363205 
  1.050000e+00  7.25510889 57.59289956 
  1.055000e+00  7.25510889 57.59218196 
  1.060000e+00  7.25510889 57.59147948 
  1.065000e+00  7.25510889 57.59079228 
  1.070000e+00  7.25510889 57.59012045 
  1.075000e+00  7.25510889 57.58946403 
  1.080000e+00  7.25510889 57.58882301 
  1.085000e+00  7.25510889 57.58819731 
  1.090000e+00  7.25510889 57.58758680 
  1.095000e+00  7.25510889 57.58699131 
  1.100000e+00  7.25510889 57.58641062 
  1.105000e+00  7.25510889 57.58584446 
  1.110000e+00  7.25510889 57.58529255 
  1.115000e+00  7.25510889 57.58475453 
  1.120000e+00  7.25510889 57.58423003 
  1.125000e+00  7.25510889 57.58371866 
  1.130000e+00  7.25510889 57.58321999 
  1.135000e+00  7.25510889 57.58273358 
  1.140000e+00  7.25510889 57.58225898 
  1.145000e+00  7.25510889 57.58179570 
  1.150000e+00  7.25510889 57.58134329 
  1.155000e+00  7.25510889 57.58090124 
  1.160000e+00  7.25510889 57.58046910 
  1.165000e+00  7.25510889 57.58004637 
  1.170000e+00  7.25510889 57.57963259 
  1.175000e+00  7.25510889 57.57922730 
  1.180000e+00  7.25510889 57.57883004 
  1.185000e+00  7.25510889 57.57844038 
  1.190000e+00  7.25510889 57.57805790 
  1.195000e+00  7.25510889 57.57768217 
  1.200000e+00  7.25510889 57.57731281 
  1.205000e+00  7.25510889 57.57694944 
  1.210000e+00  7.25510889 57.57659170 
  1.215000e+00  7.25510889 57.57623924 
  1.220000e+00  7.25510889 57.57589173 
  1.225000e+00  7.25510889 57.57554887 
  1.230000e+00  7.25510889 57.57521035 
  1.235000e+00  7.25510889 57.57487590 
  1.240000e+00  7.25510889 57.57454524 
  1.245000e+00  7.25510889 57.57421813 
  1.250000e+00  7.25510889 57.57389433 
  1.255000e+00  7.25510889 57.57357361 
  1.260000e+00  7.25510889 57.57325576 
  1.265000e+00  7.25510889 57.57294058 
  1.270000e+00  7.25510889 57.57262787 
  1.275000e+00  7.25510889 57.57231746 
  1.280000e+00  7.25510889 57.57200917 
  1.285000e+00  7.25510889 57.57170285 
  1.290000e+00  7.25510889 57.57139835 
  1.295000e+00  7.25510889 57.57109552 
  1.300000e+00  7.25510889 57.57079424 
  1.305000e+00  7.25510889 57.57049439 
  1.310000e+00  7.25510889 57.57019585 
  1.315000e+00  7.25510889 57.56989853 
  1.320000e+00  7.25510889 57.56960233 
  1.325000e+00  7.25510889 57.56930717 
  1.330000e+00  7.25510889 57.56901298 
  1.335000e+00  7.25510889 57.56871969 
  1.340000e+00  7.25510889 57.56842726 
  1.345000e+00  7.25510889 57.56813563 
  1.350000e+00  7.25510889 57.56784477 
  1.355000e+00  7.25510889 57.56755467 
  1.360000e+00  7.25510889 57.56726529 
  1.365000e+00  7.25510889 57.56697664 
  1.370000e+00  7.25510889 57.56668871 
  1.375000e+00  7.25510889 57.56640152 
  1.380000e+00  7.25510889 57.56611507 
  1.385000e+00  7.25510889 57.56582940 
  1.390000e+00  7.25510889 57.56554453 
  1.395000e+00  7.25510889 57.56526051 
  1.400000e+00  7.25510889 57.56497738 
  1.405000e+00  7.25510889 57.56469520 
  1.410000e+00  7.25510889 57.56441401 
  1.415000e+00  7.25510889 57.56413389 
  1.420000e+00  7.25510889 57.56385491 
  1.425000e+00  7.25510889 57.56357713 
  1.430000e+00  7.25510889 57.56330064 
  1.435000e+00  7.25510889 57.56302552 
  1.440000e+00  7.25510889 57.56275185 
  1.445000e+00  7.25510889 57.56247972 
  1.450000e+00  7.25510889 57.56220923 
  1.455000e+00  7.25510889 57.56194046 
  1.460000e+00  7.25510889 57.56167351 
  1.465000e+00  7.25510889 57.56140847 
  1.470000e+00  7.25510889 57.56114544 
  1.475000e+00  7.25510889 57.56088452 
  1.480000e+00  7.25510889 57.56062579 
  1.485000e+00  7.25510889 57.56036936 
  1.490000e+00  7.25510889 57.56011530 
  1.495000e+00  7.25510889 57.55986372 
  1.500000e+00  7.25510889 57.55961470 
  1.505000e+00  7.25510889 57.55936832 
  1.510000e+00  7.25510889 57.55912466 
  1.515000e+00  7.25510889 57.55888381 
  1.520000e+00  7.25510889 57.55864582 
  1.525000e+00  7.25510889 57.55841078 
  1.530000e+00  7.25510889 57.55817874 
  1.535000e+00  7.25510889 57.55794976 
  1.540000e+00  7.25510889 57.55772391 
  1.545000e+00  7.25510889 57.55750122 
  1.550000e+00  7.25510889 57.55728174 
  1.555000e+00  7.25510889 57.55706551 
  1.560000e+00  7.25510889 57.55685257 
  1.565000e+00  7.25510889 57.55664294 
  1.570000e+00  7.25510889 57.55643664 
  1.575000e+00  7.25510889 57.55623370 
  1.580000e+00  7.25510889 57.55603411 
  1.585000e+00  7.25510889 57.55583790 
  1.590000e+00  7.25510889 57.55564506 
  1.595000e+00  7.25510889 57.55545559 
  1.600000e+00  7.25510889 57.55526948 
  1.605000e+00  7.25510889 57.55508672 
  1.610000e+00  7.25510889 57.55490728 
  1.615000e+00  7.25510889 57.55473116 
  1.620000e+00  7.25510889 57.55455832 
  1.625000e+00  7.25510889 57.55438873 
  1.630000e+00  7.25510889 57.55422236 
  1.635000e+00  7.25510889 57.55405917 
  1.640000e+00  7.25510889 57.55389911 
  1.645000e+00  7.25510889 57.55374216 
  1.650000e+00  7.25510889 57.55358825 
  1.655000e+00  7.25510889 57.55343734 
  1.660000e+00  7.25510889 57.55328938 
  1.665000e+00  7.25510889 57.55314431 
  1.670000e+00  7.25510889 57.55300207 
  1.675000e+00  7.25510889 57.55286260 
  1.680000e+00  7.25510889 57.55272585 
  1.685000e+00  7.25510889 57.55259175 
  1.690000e+00  7.25510889 57.55246024 
  1.695000e+00  7.25510889 57.55233126 
  1.700000e+00  7.25510889 57.55220473 
  1.705000e+00  7.25510889 57.55208059 
  1.710000e+00  7.25510889 57.55195877 
  1.715000e+00  7.25510889 57.55183922 
  1.720000e+00  7.25510889 57.55172185 
  1.725000e+00  7.25510889 57.55160660 
  1.730000e+00  7.25510889 57.55149341 
  1.735000e+00  7.25510889 57.55138221 
  1.740000e+00  7.25510889 57.55127292 
  1.745000e+00  7.25510889 57.55116549 
  1.750000e+00  7.25510889 57.55105985 
  1.755000e+00  7.25510889 57.55095594 
  1.760000e+00  7.25510889 57.55085368 
  1.765000e+00  7.25510889 57.55075302 
  1.770000e+00  7.25510889 57.55065389 
  1.775000e+00  7.25510889 57.55055624 
  1.780000e+00  7.25510889 57.55046000 
  1.785000e+00  7.25510889 57.55036511 
  1.790000e+00  7.25510889 57.55027152 
  1.795000e+00  7.25510889 57.55017918 
  1.800000e+00  7.25510889 57.55008802 
  1.805000e+00  7.25510889 57.54999799 
  1.810000e+00  7.25510889 57.54990905 
  1.815000e+00  7.25510889 57.54982113 
  1.820000e+00  7.25510889 57.54973420 
  1.825000e+00  7.25510889 57.54964820 
  1.830000e+00  7.25510889 57.54956309 
  1.835000e+00  7.25510889 57.54947883 
  1.840000e+00  7.25510889 57.54939536 
  1.845000e+00  7.25510889 57.54931265 
  1.850000e+00  7.25510889 57.54923067 
  1.855000e+00  7.25510889 57.54914936 
  1.860000e+00  7.25510889 57.54906869 
  1.865000e+00  7.25510889 57.54898862 
  1.870000e+00  7.25510889 57.54890913 
  1.875000e+00  7.25510889 57.54883017 
  1.880000e+00  7.25510889 57.54875172 
  1.885000e+00  7.25510889 57.54867374 
  1.890000e+00  7.25510889 57.54859620 
  1.895000e+00  7.25510889 57.54851907 
  1.900000e+00  7.25510889 57.54844233 
  1.905000e+00  7.25510889 57.54836595 
  1.910000e+00  7.25510889 57.54828990 
  1.915000e+00  7.25510889 57.54821416 
  1.920000e+00  7.25510889 57.54813871 
  1.925000e+00  7.25510889 57.54806352 
  1.930000e+00  7.25510889 57.54798857 
  1.935000e+00  7.25510889 57.54791384 
  1.940000e+00  7.25510889 57.54783931 
  1.945000e+00  7.25510889 57.54776496 
  1.950000e+00  7.25510889 57.54769078 
  1.955000e+00  7.25510889 57.54761674 
  1.960000e+00  7.25510889 57.54754284 
  1.965000e+00  7.25510889 57.54746905 
  1.970000e+00  7.25510889 57.54739536 
  1.975000e+00  7.25510889 57.54732175 
  1.980000e+00  7.25510889 57.54724822 
  1.985000e+00  7.25510889 57.54717474 
  1.990000e+00  7.25510889 57.54710132 
  1.995000e+00  7.25510889 57.54702793 
  2.000000e+00  7.25510889 57.54695456 
