  2.500000e-03  149.769536  168.552596
  3.750000e-03  105.762882  138.615072
  5.000000e-03  75.703516  109.942882
  6.250000e-03  54.917003  87.429013
  7.500000e-03  40.585279  68.043007
  8.750000e-03  32.102433  51.517339
  1.000000e-02  27.191082  39.124520
  1.125000e-02  24.030515  31.656153
  1.250000e-02  21.876670  27.176484
  1.375000e-02  20.507600  24.336836
  1.500000e-02  19.622643  22.396601
  1.625000e-02  19.006128  21.014965
  1.750000e-02  18.491827  19.904973
  1.875000e-02  18.105679  19.109955
  2.000000e-02  17.812779  18.525756
  2.125000e-02  17.558007  18.087957
  2.250000e-02  17.300026  17.734483
  2.375000e-02  17.035756  17.425063
  2.500000e-02  16.782531  17.142963
  2.625000e-02  16.556419  16.888023
  2.750000e-02  16.367041  16.662304
  2.875000e-02  16.213303  16.470300
  3.000000e-02  16.088120  16.308931
  3.125000e-02  15.981676  16.172060
  3.250000e-02  15.885042  16.052733
  3.375000e-02  15.792340  15.944932
  3.500000e-02  15.700904  15.844329
  3.625000e-02  15.610213  15.748258
  3.750000e-02  15.520675  15.655305
  3.875000e-02  15.432859  15.564847
  4.000000e-02  15.343712  15.474600
  4.125000e-02  15.259296  15.386996
  4.250000e-02  15.178079  15.302727
  4.375000e-02  15.099559  15.220968
  4.500000e-02  15.023378  15.141488
  4.625000e-02  14.949229  15.064120
  4.750000e-02  14.876894  14.988735
  4.875000e-02  14.806169  14.915204
  5.000000e-02  14.736953  14.843395
  5.125000e-02  14.669203  14.773209
  5.250000e-02  14.602894  14.704574
  5.375000e-02  14.537989  14.637425
  5.500000e-02  14.474431  14.571702
  5.625000e-02  14.412146  14.507341
  5.750000e-02  14.351056  14.444278
  5.875000e-02  14.291089  14.382447
  6.000000e-02  14.232186  14.321785
  6.125000e-02  14.174303  14.262238
  6.250000e-02  14.117405  14.203756
  6.375000e-02  14.061465  14.146298
  6.500000e-02  14.006458  14.089828
  6.625000e-02  13.952368  14.034318
  6.750000e-02  13.899148  13.979721
  6.875000e-02  13.846786  13.926021
  7.000000e-02  13.795266  13.873195
  7.125000e-02  13.744566  13.821218
  7.250000e-02  13.694666  13.770068
  7.375000e-02  13.645544  13.719722
  7.500000e-02  13.597181  13.670162
  7.625000e-02  13.549565  13.621374
  7.750000e-02  13.502676  13.573337
  7.875000e-02  13.456497  13.526034
  8.000000e-02  13.411012  13.479450
  8.125000e-02  13.366205  13.433569
  8.250000e-02  13.322062  13.388377
  8.375000e-02  13.278568  13.343859
  8.500000e-02  13.235703  13.299992
  8.625000e-02  13.193456  13.256769
  8.750000e-02  13.151819  13.214176
  8.875000e-02  13.110779  13.172200
  9.000000e-02  13.070329  13.130829
  9.125000e-02  13.030458  13.090053
  9.250000e-02  12.991157  13.049862
  9.375000e-02  12.952419  13.010247
  9.500000e-02  12.914237  12.971201
  9.625000e-02  12.876604  12.932715
  9.750000e-02  12.839512  12.894783
  9.875000e-02  12.802956  12.857398
  1.000000e-01  12.766928  12.820553
  1.012500e-01  12.731424  12.784243
  1.025000e-01  12.696437  12.748460
  1.037500e-01  12.661960  12.713198
  1.050000e-01  12.627988  12.678451
  1.062500e-01  12.594515  12.644213
  1.075000e-01  12.561534  12.610477
  1.087500e-01  12.529040  12.577238
  1.100000e-01  12.497025  12.544490
  1.112500e-01  12.465485  12.512225
  1.125000e-01  12.434411  12.480437
  1.137500e-01  12.403797  12.449121
  1.150000e-01  12.373636  12.418268
  1.162500e-01  12.343922  12.387872
  1.175000e-01  12.314646  12.357926
  1.187500e-01  12.285802  12.328423
  1.200000e-01  12.257382  12.299355
  1.212500e-01  12.229378  12.270715
  1.225000e-01  12.201782  12.242495
  1.237500e-01  12.174587  12.214688
  1.250000e-01  12.147785  12.187285
  1.262500e-01  12.121368  12.160279
  1.275000e-01  12.095328  12.133662
  1.287500e-01  12.069658  12.107426
  1.300000e-01  12.044348  12.081563
  1.312500e-01  12.019393  12.056066
  1.325000e-01  11.994784  12.030926
  1.337500e-01  11.970514  12.006136
  1.350000e-01  11.946575  11.981689
  1.362500e-01  11.922960  11.957577
  1.375000e-01  11.899663  11.933793
  1.387500e-01  11.876676  11.910329
  1.400000e-01  11.853992  11.887179
  1.412500e-01  11.831606  11.864337
  1.425000e-01  11.809511  11.841794
  1.437500e-01  11.787701  11.819547
  1.450000e-01  11.766170  11.797587
  1.462500e-01  11.744912  11.775909
  1.475000e-01  11.723923  11.754508
  1.487500e-01  11.703196  11.733378
  1.500000e-01  11.682727  11.712514
  1.512500e-01  11.662511  11.691909
  1.525000e-01  11.642543  11.671561
  1.537500e-01  11.622820  11.651463
  1.550000e-01  11.603336  11.631612
  1.562500e-01  11.584087  11.612002
  1.575000e-01  11.565070  11.592630
  1.587500e-01  11.546280  11.573492
  1.600000e-01  11.527715  11.554583
  1.612500e-01  11.509369  11.535901
  1.625000e-01  11.491241  11.517440
  1.637500e-01  11.473325  11.499198
  1.650000e-01  11.455620  11.481171
  1.662500e-01  11.438122  11.463356
  1.675000e-01  11.420827  11.445750
  1.687500e-01  11.403732  11.428348
  1.700000e-01  11.386835  11.411148
  1.712500e-01  11.370132  11.394147
  1.725000e-01  11.353619  11.377342
  1.737500e-01  11.337295  11.360729
  1.750000e-01  11.321155  11.344306
  1.762500e-01  11.305197  11.328068
  1.775000e-01  11.289418  11.312014
  1.787500e-01  11.273814  11.296139
  1.800000e-01  11.258382  11.280442
  1.812500e-01  11.243119  11.264917
  1.825000e-01  11.228022  11.249564
  1.837500e-01  11.213087  11.234377
  1.850000e-01  11.198312  11.219354
  1.862500e-01  11.183693  11.204492
  1.875000e-01  11.169226  11.189787
  1.887500e-01  11.154909  11.175237
  1.900000e-01  11.140737  11.160836
  1.912500e-01  11.126708  11.146583
  1.925000e-01  11.112817  11.132474
  1.937500e-01  11.099063  11.118505
  1.950000e-01  11.085440  11.104672
  1.962500e-01  11.071945  11.090973
  1.975000e-01  11.058575  11.077404
  1.987500e-01  11.045327  11.063961
  2.000000e-01  11.032197  11.050642
  2.012500e-01  11.019181  11.037441
  2.025000e-01  11.006277  11.024356
  2.037500e-01  10.993480  11.011384
  2.050000e-01  10.980787  10.998520
  2.062500e-01  10.968194  10.985763
  2.075000e-01  10.955699  10.973107
  2.087500e-01  10.943298  10.960550
  2.100000e-01  10.930988  10.948088
  2.112500e-01  10.918766  10.935719
  2.125000e-01  10.906628  10.923438
  2.137500e-01  10.894571  10.911244
  2.150000e-01  10.882593  10.899132
  2.162500e-01  10.870690  10.887099
  2.175000e-01  10.858860  10.875144
  2.187500e-01  10.847100  10.863262
  2.200000e-01  10.835407  10.851451
  2.212500e-01  10.823778  10.839709
  2.225000e-01  10.812211  10.828033
  2.237500e-01  10.800704  10.816419
  2.250000e-01  10.789255  10.804867
  2.262500e-01  10.777860  10.793373
  2.275000e-01  10.766519  10.781935
  2.287500e-01  10.755229  10.770552
  2.300000e-01  10.743988  10.759220
  2.312500e-01  10.732794  10.747939
  2.325000e-01  10.721647  10.736707
  2.337500e-01  10.710543  10.725521
  2.350000e-01  10.699483  10.714380
  2.362500e-01  10.688464  10.703284
  2.375000e-01  10.677486  10.692230
  2.387500e-01  10.666547  10.681217
  2.400000e-01  10.655646  10.670244
  2.412500e-01  10.644784  10.659311
  2.425000e-01  10.633957  10.648416
  2.437500e-01  10.623167  10.637558
  2.450000e-01  10.612413  10.626737
  2.462500e-01  10.601694  10.615953
  2.475000e-01  10.591010  10.605204
  2.487500e-01  10.580360  10.594491
  2.500000e-01  10.569745  10.583813
  2.512500e-01  10.559164  10.573170
  2.525000e-01  10.548617  10.562562
  2.537500e-01  10.538105  10.551988
  2.550000e-01  10.527627  10.541450
  2.562500e-01  10.517184  10.530946
  2.575000e-01  10.506776  10.520477
  2.587500e-01  10.496404  10.510044
  2.600000e-01  10.486066  10.499647
  2.612500e-01  10.475765  10.489285
  2.625000e-01  10.465500  10.478960
  2.637500e-01  10.455272  10.468671
  2.650000e-01  10.445081  10.458419
  2.662500e-01  10.434928  10.448205
  2.675000e-01  10.424814  10.438029
  2.687500e-01  10.414737  10.427891
  2.700000e-01  10.404701  10.417793
  2.712500e-01  10.394703  10.407733
  2.725000e-01  10.384746  10.397714
  2.737500e-01  10.374830  10.387735
  2.750000e-01  10.364954  10.377797
  2.762500e-01  10.355120  10.367900
  2.775000e-01  10.345328  10.358044
  2.787500e-01  10.335578  10.348231
  2.800000e-01  10.325871  10.338460
  2.812500e-01  10.316206  10.328731
  2.825000e-01  10.306584  10.319046
  2.837500e-01  10.297006  10.309403
  2.850000e-01  10.287470  10.299805
  2.862500e-01  10.277979  10.290249
  2.875000e-01  10.268531  10.280738
  2.887500e-01  10.259127  10.271270
  2.900000e-01  10.249766  10.261846
  2.912500e-01  10.240449  10.252466
  2.925000e-01  10.231175  10.243130
  2.937500e-01  10.221945  10.233837
  2.950000e-01  10.212758  10.224588
  2.962500e-01  10.203614  10.215383
  2.975000e-01  10.194513  10.206221
  2.987500e-01  10.185455  10.197102
  3.000000e-01  10.176438  10.188025
  3.012500e-01  10.167464  10.178991
  3.025000e-01  10.158531  10.170000
  3.037500e-01  10.149640  10.161050
  3.050000e-01  10.140789  10.152141
  3.062500e-01  10.131978  10.143274
  3.075000e-01  10.123208  10.134447
  3.087500e-01  10.114476  10.125661
  3.100000e-01  10.105784  10.116914
  3.112500e-01  10.097130  10.108206
  3.125000e-01  10.088514  10.099537
  3.137500e-01  10.079936  10.090906
  3.150000e-01  10.071394  10.082312
  3.162500e-01  10.062889  10.073756
  3.175000e-01  10.054420  10.065237
  3.187500e-01  10.045986  10.056754
  3.200000e-01  10.037586  10.048306
  3.212500e-01  10.029221  10.039894
  3.225000e-01  10.020890  10.031515
  3.237500e-01  10.012592  10.023171
  3.250000e-01  10.004327  10.014861
  3.262500e-01  9.996095  10.006584
  3.275000e-01  9.987894  9.998339
  3.287500e-01  9.979724  9.990126
  3.300000e-01  9.971586  9.981945
  3.312500e-01  9.963478  9.973795
  3.325000e-01  9.955400  9.965676
  3.337500e-01  9.947352  9.957587
  3.350000e-01  9.939333  9.949528
  3.362500e-01  9.931343  9.941498
  3.375000e-01  9.923381  9.933498
  3.387500e-01  9.915448  9.925526
  3.400000e-01  9.907543  9.917583
  3.412500e-01  9.899666  9.909668
  3.425000e-01  9.891816  9.901781
  3.437500e-01  9.883994  9.893922
  3.450000e-01  9.876198  9.886090
  3.462500e-01  9.868429  9.878285
  3.475000e-01  9.860687  9.870507
  3.487500e-01  9.852971  9.862756
  3.500000e-01  9.845282  9.855031
  3.512500e-01  9.837619  9.847333
  3.525000e-01  9.829981  9.839661
  3.537500e-01  9.822370  9.832015
  3.550000e-01  9.814785  9.824395
  3.562500e-01  9.807226  9.816802
  3.575000e-01  9.799692  9.809234
  3.587500e-01  9.792185  9.801692
  3.600000e-01  9.784703  9.794176
  3.612500e-01  9.777247  9.786686
  3.625000e-01  9.769817  9.779222
  3.637500e-01  9.762414  9.771785
  3.650000e-01  9.755036  9.764373
  3.662500e-01  9.747684  9.756987
  3.675000e-01  9.740359  9.749627
  3.687500e-01  9.733060  9.742294
  3.700000e-01  9.725788  9.734987
  3.712500e-01  9.718542  9.727707
  3.725000e-01  9.711323  9.720453
  3.737500e-01  9.704131  9.713226
  3.750000e-01  9.696966  9.706026
  3.762500e-01  9.689829  9.698853
  3.775000e-01  9.682719  9.691708
  3.787500e-01  9.675637  9.684590
  3.800000e-01  9.668583  9.677500
  3.812500e-01  9.661556  9.670437
  3.825000e-01  9.654559  9.663403
  3.837500e-01  9.647589  9.656397
  3.850000e-01  9.640649  9.649420
  3.862500e-01  9.633737  9.642471
  3.875000e-01  9.626855  9.635551
  3.887500e-01  9.620002  9.628661
  3.900000e-01  9.613179  9.621799
  3.912500e-01  9.606385  9.614968
  3.925000e-01  9.599622  9.608166
  3.937500e-01  9.592889  9.601394
  3.950000e-01  9.586187  9.594653
  3.962500e-01  9.579515  9.587942
  3.975000e-01  9.572875  9.581262
  3.987500e-01  9.566265  9.574613
  4.000000e-01  9.559687  9.567995
  4.012500e-01  9.553141  9.561408
  4.025000e-01  9.546626  9.554853
  4.037500e-01  9.540144  9.548330
  4.050000e-01  9.533693  9.541839
  4.062500e-01  9.527275  9.535379
  4.075000e-01  9.520890  9.528952
  4.087500e-01  9.514537  9.522558
  4.100000e-01  9.508216  9.516196
  4.112500e-01  9.501929  9.509867
  4.125000e-01  9.495675  9.503570
  4.137500e-01  9.489454  9.497307
  4.150000e-01  9.483266  9.491077
  4.162500e-01  9.477112  9.484880
  4.175000e-01  9.470991  9.478717
  4.187500e-01  9.464903  9.472587
  4.200000e-01  9.458850  9.466491
  4.212500e-01  9.452830  9.460428
  4.225000e-01  9.446844  9.454399
  4.237500e-01  9.440891  9.448403
  4.250000e-01  9.434972  9.442442
  4.262500e-01  9.429087  9.436514
  4.275000e-01  9.423236  9.430620
  4.287500e-01  9.417419  9.424759
  4.300000e-01  9.411635  9.418933
  4.312500e-01  9.405886  9.413140
  4.325000e-01  9.400170  9.407381
  4.337500e-01  9.394487  9.401656
  4.350000e-01  9.388838  9.395965
  4.362500e-01  9.383223  9.390307
  4.375000e-01  9.377641  9.384682
  4.387500e-01  9.372092  9.379091
  4.400000e-01  9.366577  9.373534
  4.412500e-01  9.361095  9.368010
  4.425000e-01  9.355646  9.362519
  4.437500e-01  9.350229  9.357061
  4.450000e-01  9.344846  9.351635
  4.462500e-01  9.339495  9.346243
  4.475000e-01  9.334176  9.340883
  4.487500e-01  9.328890  9.335556
  4.500000e-01  9.323636  9.330261
  4.512500e-01  9.318414  9.324998
  4.525000e-01  9.313223  9.319767
  4.537500e-01  9.308064  9.314568
  4.550000e-01  9.302936  9.309401
  4.562500e-01  9.297840  9.304264
  4.575000e-01  9.292774  9.299159
  4.587500e-01  9.287739  9.294085
  4.600000e-01  9.282734  9.289042
  4.612500e-01  9.277760  9.284029
  4.625000e-01  9.272815  9.279047
  4.637500e-01  9.267901  9.274095
  4.650000e-01  9.263016  9.269172
  4.662500e-01  9.258160  9.264279
  4.675000e-01  9.253333  9.259415
  4.687500e-01  9.248535  9.254581
  4.700000e-01  9.243765  9.249775
  4.712500e-01  9.239024  9.244998
  4.725000e-01  9.234310  9.240249
  4.737500e-01  9.229625  9.235528
  4.750000e-01  9.224966  9.230835
  4.762500e-01  9.220335  9.226169
  4.775000e-01  9.215731  9.221531
  4.787500e-01  9.211153  9.216919
  4.800000e-01  9.206602  9.212334
  4.812500e-01  9.202076  9.207776
  4.825000e-01  9.197577  9.203244
  4.837500e-01  9.193103  9.198737
  4.850000e-01  9.188654  9.194256
  4.862500e-01  9.184230  9.189801
  4.875000e-01  9.179830  9.185370
  4.887500e-01  9.175455  9.180964
  4.900000e-01  9.171105  9.176583
  4.912500e-01  9.166777  9.172226
  4.925000e-01  9.162474  9.167892
  4.937500e-01  9.158194  9.163583
  4.950000e-01  9.153936  9.159296
  4.962500e-01  9.149702  9.155033
  4.975000e-01  9.145490  9.150792
  4.987500e-01  9.141300  9.146574
  5.000000e-01  9.137131  9.142378
  5.012500e-01  9.132985  9.138204
  5.025000e-01  9.128860  9.134052
  5.037500e-01  9.124756  9.129922
  5.050000e-01  9.120672  9.125812
  5.062500e-01  9.116610  9.121723
  5.075000e-01  9.112567  9.117655
  5.087500e-01  9.108545  9.113607
  5.100000e-01  9.104542  9.109580
  5.112500e-01  9.100559  9.105572
  5.125000e-01  9.096595  9.101584
  5.137500e-01  9.092650  9.097615
  5.150000e-01  9.088724  9.093665
  5.162500e-01  9.084816  9.089734
  5.175000e-01  9.080927  9.085821
  5.187500e-01  9.077056  9.081927
  5.200000e-01  9.073202  9.078051
  5.212500e-01  9.069366  9.074193
  5.225000e-01  9.065547  9.070353
  5.237500e-01  9.061746  9.066530
  5.250000e-01  9.057961  9.062724
  5.262500e-01  9.054193  9.058935
  5.275000e-01  9.050441  9.055162
  5.287500e-01  9.046706  9.051406
  5.300000e-01  9.042986  9.047667
  5.312500e-01  9.039283  9.043943
  5.325000e-01  9.035595  9.040236
  5.337500e-01  9.031922  9.036543
  5.350000e-01  9.028264  9.032867
  5.362500e-01  9.024621  9.029205
  5.375000e-01  9.020993  9.025559
  5.387500e-01  9.017380  9.021927
  5.400000e-01  9.013781  9.018310
  5.412500e-01  9.010196  9.014707
  5.425000e-01  9.006625  9.011119
  5.437500e-01  9.003068  9.007544
  5.450000e-01  8.999524  9.003983
  5.462500e-01  8.995994  9.000436
  5.475000e-01  8.992477  8.996903
  5.487500e-01  8.988973  8.993383
  5.500000e-01  8.985482  8.989875
  5.512500e-01  8.982003  8.986381
  5.525000e-01  8.978538  8.982900
  5.537500e-01  8.975084  8.979431
  5.550000e-01  8.971643  8.975974
  5.562500e-01  8.968214  8.972530
  5.575000e-01  8.964797  8.969098
  5.587500e-01  8.961391  8.965678
  5.600000e-01  8.957998  8.962270
  5.612500e-01  8.954615  8.958873
  5.625000e-01  8.951244  8.955488
  5.637500e-01  8.947884  8.952114
  5.650000e-01  8.944535  8.948751
  5.662500e-01  8.941197  8.945400
  5.675000e-01  8.937870  8.942059
  5.687500e-01  8.934553  8.938729
  5.700000e-01  8.931247  8.935410
  5.712500e-01  8.927952  8.932101
  5.725000e-01  8.924666  8.928803
  5.737500e-01  8.921391  8.925515
  5.750000e-01  8.918125  8.922237
  5.762500e-01  8.914870  8.918969
  5.775000e-01  8.911624  8.915711
  5.787500e-01  8.908388  8.912463
  5.800000e-01  8.905161  8.909225
  5.812500e-01  8.901944  8.905996
  5.825000e-01  8.898736  8.902776
  5.837500e-01  8.895537  8.899566
  5.850000e-01  8.892347  8.896365
  5.862500e-01  8.889167  8.893173
  5.875000e-01  8.885995  8.889991
  5.887500e-01  8.882832  8.886817
  5.900000e-01  8.879678  8.883652
  5.912500e-01  8.876533  8.880496
  5.925000e-01  8.873396  8.877348
  5.937500e-01  8.870267  8.874209
  5.950000e-01  8.867147  8.871079
  5.962500e-01  8.864035  8.867956
  5.975000e-01  8.860932  8.864843
  5.987500e-01  8.857836  8.861737
  6.000000e-01  8.854749  8.858640
  6.012500e-01  8.851669  8.855550
  6.025000e-01  8.848597  8.852469
  6.037500e-01  8.845534  8.849395
  6.050000e-01  8.842478  8.846330
  6.062500e-01  8.839429  8.843272
  6.075000e-01  8.836389  8.840222
  6.087500e-01  8.833355  8.837179
  6.100000e-01  8.830330  8.834144
  6.112500e-01  8.827312  8.831117
  6.125000e-01  8.824301  8.828097
  6.137500e-01  8.821297  8.825085
  6.150000e-01  8.818301  8.822079
  6.162500e-01  8.815312  8.819081
  6.175000e-01  8.812330  8.816091
  6.187500e-01  8.809355  8.813107
  6.200000e-01  8.806388  8.810131
  6.212500e-01  8.803427  8.807162
  6.225000e-01  8.800473  8.804199
  6.237500e-01  8.797527  8.801244
  6.250000e-01  8.794587  8.798296
  6.262500e-01  8.791654  8.795354
  6.275000e-01  8.788728  8.792420
  6.287500e-01  8.785808  8.789492
  6.300000e-01  8.782896  8.786571
  6.312500e-01  8.779990  8.783657
  6.325000e-01  8.777090  8.780749
  6.337500e-01  8.774198  8.777848
  6.350000e-01  8.771311  8.774954
  6.362500e-01  8.768432  8.772066
  6.375000e-01  8.765559  8.769185
  6.387500e-01  8.762692  8.766311
  6.400000e-01  8.759832  8.763443
  6.412500e-01  8.756979  8.760581
  6.425000e-01  8.754132  8.757726
  6.437500e-01  8.751291  8.754877
  6.450000e-01  8.748457  8.752035
  6.462500e-01  8.745629  8.749199
  6.475000e-01  8.742807  8.746370
  6.487500e-01  8.739992  8.743547
  6.500000e-01  8.737183  8.740730
  6.512500e-01  8.734380  8.737919
  6.525000e-01  8.731583  8.735115
  6.537500e-01  8.728793  8.732317
  6.550000e-01  8.726009  8.729526
  6.562500e-01  8.723231  8.726740
  6.575000e-01  8.720460  8.723961
  6.587500e-01  8.717694  8.721188
  6.600000e-01  8.714935  8.718421
  6.612500e-01  8.712182  8.715660
  6.625000e-01  8.709435  8.712906
  6.637500e-01  8.706694  8.710158
  6.650000e-01  8.703960  8.707415
  6.662500e-01  8.701231  8.704679
  6.675000e-01  8.698509  8.701949
  6.687500e-01  8.695793  8.699225
  6.700000e-01  8.693082  8.696508
  6.712500e-01  8.690378  8.693796
  6.725000e-01  8.687680  8.691090
  6.737500e-01  8.684988  8.688391
  6.750000e-01  8.682302  8.685697
  6.762500e-01  8.679622  8.683010
  6.775000e-01  8.676948  8.680329
  6.787500e-01  8.674280  8.677653
  6.800000e-01  8.671619  8.674984
  6.812500e-01  8.668963  8.672321
  6.825000e-01  8.666313  8.669663
  6.837500e-01  8.663669  8.667012
  6.850000e-01  8.661032  8.664367
  6.862500e-01  8.658400  8.661728
  6.875000e-01  8.655774  8.659095
  6.887500e-01  8.653154  8.656467
  6.900000e-01  8.650540  8.653846
  6.912500e-01  8.647932  8.651231
  6.925000e-01  8.645330  8.648621
  6.937500e-01  8.642735  8.646018
  6.950000e-01  8.640145  8.643421
  6.962500e-01  8.637560  8.640829
  6.975000e-01  8.634982  8.638244
  6.987500e-01  8.632410  8.635664
  7.000000e-01  8.629844  8.633090
  7.012500e-01  8.627283  8.630522
  7.025000e-01  8.624729  8.627961
  7.037500e-01  8.622180  8.625405
  7.050000e-01  8.619638  8.622855
  7.062500e-01  8.617101  8.620310
  7.075000e-01  8.614570  8.617772
  7.087500e-01  8.612045  8.615240
  7.100000e-01  8.609526  8.612713
  7.112500e-01  8.607012  8.610192
  7.125000e-01  8.604505  8.607678
  7.137500e-01  8.602003  8.605169
  7.150000e-01  8.599507  8.602665
  7.162500e-01  8.597017  8.600168
  7.175000e-01  8.594533  8.597677
  7.187500e-01  8.592054  8.595191
  7.200000e-01  8.589581  8.592711
  7.212500e-01  8.587115  8.590237
  7.225000e-01  8.584653  8.587768
  7.237500e-01  8.582198  8.585306
  7.250000e-01  8.579748  8.582849
  7.262500e-01  8.577304  8.580397
  7.275000e-01  8.574866  8.577952
  7.287500e-01  8.572433  8.575512
  7.300000e-01  8.570006  8.573078
  7.312500e-01  8.567585  8.570650
  7.325000e-01  8.565169  8.568227
  7.337500e-01  8.562759  8.565810
  7.350000e-01  8.560355  8.563399
  7.362500e-01  8.557956  8.560993
  7.375000e-01  8.555563  8.558593
  7.387500e-01  8.553176  8.556198
  7.400000e-01  8.550794  8.553809
  7.412500e-01  8.548417  8.551426
  7.425000e-01  8.546046  8.549048
  7.437500e-01  8.543681  8.546675
  7.450000e-01  8.541321  8.544309
  7.462500e-01  8.538967  8.541947
  7.475000e-01  8.536618  8.539592
  7.487500e-01  8.534274  8.537241
  7.500000e-01  8.531936  8.534896
  7.512500e-01  8.529604  8.532557
  7.525000e-01  8.527276  8.530223
  7.537500e-01  8.524955  8.527894
  7.550000e-01  8.522638  8.525571
  7.562500e-01  8.520327  8.523253
  7.575000e-01  8.518021  8.520941
  7.587500e-01  8.515721  8.518634
  7.600000e-01  8.513426  8.516332
  7.612500e-01  8.511136  8.514035
  7.625000e-01  8.508851  8.511744
  7.637500e-01  8.506572  8.509458
  7.650000e-01  8.504298  8.507177
  7.662500e-01  8.502029  8.504902
  7.675000e-01  8.499766  8.502632
  7.687500e-01  8.497507  8.500367
  7.700000e-01  8.495254  8.498107
  7.712500e-01  8.493006  8.495852
  7.725000e-01  8.490763  8.493603
  7.737500e-01  8.488525  8.491358
  7.750000e-01  8.486292  8.489119
  7.762500e-01  8.484064  8.486885
  7.775000e-01  8.481842  8.484656
  7.787500e-01  8.479624  8.482432
  7.800000e-01  8.477412  8.480213
  7.812500e-01  8.475204  8.478000
  7.825000e-01  8.473002  8.475791
  7.837500e-01  8.470805  8.473587
  7.850000e-01  8.468612  8.471388
  7.862500e-01  8.466425  8.469195
  7.875000e-01  8.464242  8.467006
  7.887500e-01  8.462065  8.464822
  7.900000e-01  8.459892  8.462643
  7.912500e-01  8.457724  8.460469
  7.925000e-01  8.455561  8.458300
  7.937500e-01  8.453404  8.456136
  7.950000e-01  8.451251  8.453977
  7.962500e-01  8.449102  8.451823
  7.975000e-01  8.446959  8.449673
  7.987500e-01  8.444821  8.447529
  8.000000e-01  8.442687  8.445389
  8.012500e-01  8.440559  8.443254
  8.025000e-01  8.438435  8.441124
  8.037500e-01  8.436316  8.438999
  8.050000e-01  8.434202  8.436879
  8.062500e-01  8.432092  8.434764
  8.075000e-01  8.429988  8.432653
  8.087500e-01  8.427888  8.430547
  8.100000e-01  8.425793  8.428446
  8.112500e-01  8.423703  8.426350
  8.125000e-01  8.421617  8.424258
  8.137500e-01  8.419537  8.422172
  8.150000e-01  8.417461  8.420090
  8.162500e-01  8.415390  8.418013
  8.175000e-01  8.413323  8.415940
  8.187500e-01  8.411262  8.413873
  8.200000e-01  8.409205  8.411810
  8.212500e-01  8.407153  8.409752
  8.225000e-01  8.405106  8.407699
  8.237500e-01  8.403063  8.405650
  8.250000e-01  8.401026  8.403607
  8.262500e-01  8.398993  8.401568
  8.275000e-01  8.396965  8.399534
  8.287500e-01  8.394941  8.397504
  8.300000e-01  8.392923  8.395480
  8.312500e-01  8.390909  8.393460
  8.325000e-01  8.388900  8.391445
  8.337500e-01  8.386896  8.389435
  8.350000e-01  8.384896  8.387429
  8.362500e-01  8.382901  8.385428
  8.375000e-01  8.380911  8.383432
  8.387500e-01  8.378926  8.381441
  8.400000e-01  8.376946  8.379455
  8.412500e-01  8.374971  8.377473
  8.425000e-01  8.373000  8.375497
  8.437500e-01  8.371034  8.373525
  8.450000e-01  8.369073  8.371558
  8.462500e-01  8.367117  8.369595
  8.475000e-01  8.365165  8.367638
  8.487500e-01  8.363219  8.365685
  8.500000e-01  8.361277  8.363738
  8.512500e-01  8.359340  8.361795
  8.525000e-01  8.357408  8.359857
  8.537500e-01  8.355481  8.357923
  8.550000e-01  8.353559  8.355995
  8.562500e-01  8.351642  8.354072
  8.575000e-01  8.349730  8.352153
  8.587500e-01  8.347822  8.350240
  8.600000e-01  8.345920  8.348331
  8.612500e-01  8.344022  8.346427
  8.625000e-01  8.342129  8.344528
  8.637500e-01  8.340242  8.342634
  8.650000e-01  8.338359  8.340745
  8.662500e-01  8.336481  8.338861
  8.675000e-01  8.334608  8.336982
  8.687500e-01  8.332740  8.335108
  8.700000e-01  8.330877  8.333239
  8.712500e-01  8.329019  8.331375
  8.725000e-01  8.327166  8.329515
  8.737500e-01  8.325319  8.327661
  8.750000e-01  8.323476  8.325812
  8.762500e-01  8.321638  8.323968
  8.775000e-01  8.319805  8.322129
  8.787500e-01  8.317977  8.320295
  8.800000e-01  8.316155  8.318466
  8.812500e-01  8.314337  8.316642
  8.825000e-01  8.312524  8.314823
  8.837500e-01  8.310717  8.313009
  8.850000e-01  8.308915  8.311200
  8.862500e-01  8.307117  8.309396
  8.875000e-01  8.305325  8.307598
  8.887500e-01  8.303538  8.305804
  8.900000e-01  8.301756  8.304016
  8.912500e-01  8.299979  8.302233
  8.925000e-01  8.298207  8.300454
  8.937500e-01  8.296441  8.298681
  8.950000e-01  8.294679  8.296913
  8.962500e-01  8.292923  8.295150
  8.975000e-01  8.291171  8.293393
  8.987500e-01  8.289425  8.291640
  9.000000e-01  8.287684  8.289893
  9.012500e-01  8.285948  8.288150
  9.025000e-01  8.284218  8.286413
  9.037500e-01  8.282492  8.284681
  9.050000e-01  8.280772  8.282955
  9.062500e-01  8.279057  8.281233
  9.075000e-01  8.277347  8.279516
  9.087500e-01  8.275642  8.277805
  9.100000e-01  8.273942  8.276099
  9.112500e-01  8.272247  8.274398
  9.125000e-01  8.270558  8.272702
  9.137500e-01  8.268874  8.271011
  9.150000e-01  8.267195  8.269326
  9.162500e-01  8.265521  8.267645
  9.175000e-01  8.263852  8.265970
  9.187500e-01  8.262188  8.264300
  9.200000e-01  8.260530  8.262635
  9.212500e-01  8.258877  8.260975
  9.225000e-01  8.257228  8.259320
  9.237500e-01  8.255585  8.257671
  9.250000e-01  8.253947  8.256027
  9.262500e-01  8.252315  8.254387
  9.275000e-01  8.250687  8.252753
  9.287500e-01  8.249064  8.251124
  9.300000e-01  8.247447  8.249500
  9.312500e-01  8.245835  8.247882
  9.325000e-01  8.244228  8.246268
  9.337500e-01  8.242625  8.244660
  9.350000e-01  8.241028  8.243056
  9.362500e-01  8.239437  8.241458
  9.375000e-01  8.237850  8.239865
  9.387500e-01  8.236268  8.238276
  9.400000e-01  8.234691  8.236693
  9.412500e-01  8.233119  8.235115
  9.425000e-01  8.231553  8.233542
  9.437500e-01  8.229991  8.231974
  9.450000e-01  8.228434  8.230411
  9.462500e-01  8.226883  8.228854
  9.475000e-01  8.225336  8.227301
  9.487500e-01  8.223795  8.225753
  9.500000e-01  8.222258  8.224210
  9.512500e-01  8.220726  8.222672
  9.525000e-01  8.219200  8.221139
  9.537500e-01  8.217678  8.219611
  9.550000e-01  8.216161  8.218088
  9.562500e-01  8.214649  8.216570
  9.575000e-01  8.213142  8.215056
  9.587500e-01  8.211640  8.213548
  9.600000e-01  8.210142  8.212045
  9.612500e-01  8.208650  8.210546
  9.625000e-01  8.207162  8.209052
  9.637500e-01  8.205679  8.207563
  9.650000e-01  8.204201  8.206079
  9.662500e-01  8.202728  8.204600
  9.675000e-01  8.201260  8.203126
  9.687500e-01  8.199796  8.201656
  9.700000e-01  8.198337  8.200191
  9.712500e-01  8.196883  8.198731
  9.725000e-01  8.195434  8.197276
  9.737500e-01  8.193989  8.195825
  9.750000e-01  8.192549  8.194379
  9.762500e-01  8.191113  8.192938
  9.775000e-01  8.189683  8.191501
  9.787500e-01  8.188257  8.190069
  9.800000e-01  8.186835  8.188642
  9.812500e-01  8.185418  8.187219
  9.825000e-01  8.184006  8.185801
  9.837500e-01  8.182598  8.184388
  9.850000e-01  8.181195  8.182979
  9.862500e-01  8.179796  8.181574
  9.875000e-01  8.178402  8.180175
  9.887500e-01  8.177012  8.178779
  9.900000e-01  8.175627  8.177388
  9.912500e-01  8.174247  8.176002
  9.925000e-01  8.172870  8.174620
  9.937500e-01  8.171498  8.173243
  9.950000e-01  8.170131  8.171870
  9.962500e-01  8.168768  8.170501
  9.975000e-01  8.167409  8.169137
  9.987500e-01  8.166055  8.167777
  1.000000e+00  8.164705  8.166422
  1.001250e+00  8.163359  8.165071
  1.002500e+00  8.162018  8.163724
  1.003750e+00  8.160681  8.162381
  1.005000e+00  8.159348  8.161043
  1.006250e+00  8.158019  8.159709
  1.007500e+00  8.156695  8.158379
  1.008750e+00  8.155374  8.157054
  1.010000e+00  8.154058  8.155732
  1.011250e+00  8.152746  8.154415
  1.012500e+00  8.151438  8.153102
  1.013750e+00  8.150135  8.151793
  1.015000e+00  8.148835  8.150488
  1.016250e+00  8.147540  8.149188
  1.017500e+00  8.146248  8.147891
  1.018750e+00  8.144961  8.146599
  1.020000e+00  8.143677  8.145310
  1.021250e+00  8.142398  8.144026
  1.022500e+00  8.141123  8.142745
  1.023750e+00  8.139851  8.141469
  1.025000e+00  8.138584  8.140196
  1.026250e+00  8.137320  8.138928
  1.027500e+00  8.136060  8.137663
  1.028750e+00  8.134805  8.136403
  1.030000e+00  8.133553  8.135146
  1.031250e+00  8.132305  8.133893
  1.032500e+00  8.131060  8.132644
  1.033750e+00  8.129820  8.131399
  1.035000e+00  8.128583  8.130157
  1.036250e+00  8.127351  8.128920
  1.037500e+00  8.126121  8.127686
  1.038750e+00  8.124896  8.126456
  1.040000e+00  8.123674  8.125229
  1.041250e+00  8.122456  8.124007
  1.042500e+00  8.121242  8.122788
  1.043750e+00  8.120031  8.121572
  1.045000e+00  8.118824  8.120361
  1.046250e+00  8.117621  8.119153
  1.047500e+00  8.116421  8.117948
  1.048750e+00  8.115225  8.116748
  1.050000e+00  8.114032  8.115551
  1.051250e+00  8.112843  8.114357
  1.052500e+00  8.111658  8.113167
  1.053750e+00  8.110476  8.111980
  1.055000e+00  8.109297  8.110798
  1.056250e+00  8.108122  8.109618
  1.057500e+00  8.106950  8.108442
  1.058750e+00  8.105782  8.107269
  1.060000e+00  8.104617  8.106100
  1.061250e+00  8.103456  8.104935
  1.062500e+00  8.102298  8.103772
  1.063750e+00  8.101143  8.102613
  1.065000e+00  8.099992  8.101458
  1.066250e+00  8.098844  8.100306
  1.067500e+00  8.097699  8.099157
  1.068750e+00  8.096558  8.098011
  1.070000e+00  8.095420  8.096869
  1.071250e+00  8.094285  8.095730
  1.072500e+00  8.093153  8.094594
  1.073750e+00  8.092025  8.093462
  1.075000e+00  8.090899  8.092333
  1.076250e+00  8.089777  8.091206
  1.077500e+00  8.088658  8.090084
  1.078750e+00  8.087543  8.088964
  1.080000e+00  8.086430  8.087847
  1.081250e+00  8.085321  8.086734
  1.082500e+00  8.084214  8.085624
  1.083750e+00  8.083111  8.084516
  1.085000e+00  8.082011  8.083412
  1.086250e+00  8.080913  8.082311
  1.087500e+00  8.079819  8.081213
  1.088750e+00  8.078728  8.080118
  1.090000e+00  8.077640  8.079026
  1.091250e+00  8.076555  8.077938
  1.092500e+00  8.075473  8.076852
  1.093750e+00  8.074393  8.075769
  1.095000e+00  8.073317  8.074689
  1.096250e+00  8.072244  8.073611
  1.097500e+00  8.071173  8.072537
  1.098750e+00  8.070105  8.071466
  1.100000e+00  8.069041  8.070398
  1.101250e+00  8.067979  8.069332
  1.102500e+00  8.066920  8.068269
  1.103750e+00  8.065863  8.067210
  1.105000e+00  8.064810  8.066152
  1.106250e+00  8.063759  8.065098
  1.107500e+00  8.062711  8.064047
  1.108750e+00  8.061666  8.062998
  1.110000e+00  8.060623  8.061952
  1.111250e+00  8.059584  8.060909
  1.112500e+00  8.058547  8.059869
  1.113750e+00  8.057512  8.058831
  1.115000e+00  8.056481  8.057796
  1.116250e+00  8.055452  8.056764
  1.117500e+00  8.054425  8.055734
  1.118750e+00  8.053402  8.054707
  1.120000e+00  8.052381  8.053682
  1.121250e+00  8.051362  8.052661
  1.122500e+00  8.050346  8.051641
  1.123750e+00  8.049333  8.050625
  1.125000e+00  8.048322  8.049611
  1.126250e+00  8.047314  8.048599
  1.127500e+00  8.046308  8.047590
  1.128750e+00  8.045305  8.046584
  1.130000e+00  8.044304  8.045580
  1.131250e+00  8.043306  8.044579
  1.132500e+00  8.042310  8.043580
  1.133750e+00  8.041316  8.042583
  1.135000e+00  8.040326  8.041589
  1.136250e+00  8.039337  8.040598
  1.137500e+00  8.038351  8.039609
  1.138750e+00  8.037367  8.038622
  1.140000e+00  8.036386  8.037638
  1.141250e+00  8.035407  8.036656
  1.142500e+00  8.034431  8.035676
  1.143750e+00  8.033456  8.034699
  1.145000e+00  8.032484  8.033724
  1.146250e+00  8.031515  8.032752
  1.147500e+00  8.030547  8.031782
  1.148750e+00  8.029582  8.030814
  1.150000e+00  8.028620  8.029848
  1.151250e+00  8.027659  8.028885
  1.152500e+00  8.026701  8.027924
  1.153750e+00  8.025745  8.026965
  1.155000e+00  8.024791  8.026008
  1.156250e+00  8.023840  8.025054
  1.157500e+00  8.022890  8.024102
  1.158750e+00  8.021943  8.023152
  1.160000e+00  8.020998  8.022204
  1.161250e+00  8.020055  8.021259
  1.162500e+00  8.019114  8.020315
  1.163750e+00  8.018176  8.019374
  1.165000e+00  8.017239  8.018435
  1.166250e+00  8.016305  8.017498
  1.167500e+00  8.015373  8.016563
  1.168750e+00  8.014442  8.015630
  1.170000e+00  8.013514  8.014699
  1.171250e+00  8.012588  8.013771
  1.172500e+00  8.011664  8.012844
  1.173750e+00  8.010742  8.011919
  1.175000e+00  8.009822  8.010997
  1.176250e+00  8.008904  8.010076
  1.177500e+00  8.007988  8.009158
  1.178750e+00  8.007074  8.008241
  1.180000e+00  8.006162  8.007327
  1.181250e+00  8.005252  8.006414
  1.182500e+00  8.004344  8.005504
  1.183750e+00  8.003438  8.004595
  1.185000e+00  8.002534  8.003689
  1.186250e+00  8.001631  8.002784
  1.187500e+00  8.000731  8.001881
  1.188750e+00  7.999833  8.000980
  1.190000e+00  7.998936  8.000081
  1.191250e+00  7.998041  7.999184
  1.192500e+00  7.997148  7.998289
  1.193750e+00  7.996257  7.997396
  1.195000e+00  7.995368  7.996504
  1.196250e+00  7.994481  7.995615
  1.197500e+00  7.993596  7.994727
  1.198750e+00  7.992712  7.993841
  1.200000e+00  7.991830  7.992957
  1.201250e+00  7.990950  7.992075
  1.202500e+00  7.990072  7.991194
  1.203750e+00  7.989195  7.990315
  1.205000e+00  7.988320  7.989438
  1.206250e+00  7.987448  7.988563
  1.207500e+00  7.986576  7.987690
  1.208750e+00  7.985707  7.986818
  1.210000e+00  7.984839  7.985948
  1.211250e+00  7.983973  7.985080
  1.212500e+00  7.983109  7.984214
  1.213750e+00  7.982246  7.983349
  1.215000e+00  7.981385  7.982486
  1.216250e+00  7.980526  7.981625
  1.217500e+00  7.979669  7.980765
  1.218750e+00  7.978813  7.979907
  1.220000e+00  7.977959  7.979051
  1.221250e+00  7.977106  7.978196
  1.222500e+00  7.976255  7.977343
  1.223750e+00  7.975406  7.976492
  1.225000e+00  7.974559  7.975642
  1.226250e+00  7.973713  7.974795
  1.227500e+00  7.972868  7.973948
  1.228750e+00  7.972026  7.973103
  1.230000e+00  7.971185  7.972260
  1.231250e+00  7.970345  7.971419
  1.232500e+00  7.969507  7.970579
  1.233750e+00  7.968671  7.969741
  1.235000e+00  7.967836  7.968904
  1.236250e+00  7.967003  7.968069
  1.237500e+00  7.966171  7.967235
  1.238750e+00  7.965341  7.966403
  1.240000e+00  7.964513  7.965573
  1.241250e+00  7.963686  7.964744
  1.242500e+00  7.962861  7.963917
  1.243750e+00  7.962037  7.963091
  1.245000e+00  7.961214  7.962267
  1.246250e+00  7.960394  7.961444
  1.247500e+00  7.959574  7.960623
  1.248750e+00  7.958757  7.959803
  1.250000e+00  7.957940  7.958985
  1.251250e+00  7.957126  7.958168
  1.252500e+00  7.956313  7.957353
  1.253750e+00  7.955501  7.956540
  1.255000e+00  7.954691  7.955728
  1.256250e+00  7.953882  7.954917
  1.257500e+00  7.953075  7.954108
  1.258750e+00  7.952269  7.953300
  1.260000e+00  7.951464  7.952494
  1.261250e+00  7.950662  7.951689
  1.262500e+00  7.949860  7.950886
  1.263750e+00  7.949060  7.950084
  1.265000e+00  7.948262  7.949284
  1.266250e+00  7.947465  7.948485
  1.267500e+00  7.946669  7.947688
  1.268750e+00  7.945875  7.946892
  1.270000e+00  7.945083  7.946098
  1.271250e+00  7.944291  7.945305
  1.272500e+00  7.943502  7.944513
  1.273750e+00  7.942713  7.943723
  1.275000e+00  7.941926  7.942934
  1.276250e+00  7.941141  7.942147
  1.277500e+00  7.940357  7.941361
  1.278750e+00  7.939574  7.940577
  1.280000e+00  7.938793  7.939794
  1.281250e+00  7.938014  7.939012
  1.282500e+00  7.937235  7.938232
  1.283750e+00  7.936458  7.937454
  1.285000e+00  7.935683  7.936676
  1.286250e+00  7.934909  7.935901
  1.287500e+00  7.934136  7.935126
  1.288750e+00  7.933365  7.934353
  1.290000e+00  7.932595  7.933582
  1.291250e+00  7.931827  7.932811
  1.292500e+00  7.931060  7.932043
  1.293750e+00  7.930294  7.931275
  1.295000e+00  7.929530  7.930509
  1.296250e+00  7.928767  7.929745
  1.297500e+00  7.928006  7.928982
  1.298750e+00  7.927246  7.928220
  1.300000e+00  7.926488  7.927460
  1.301250e+00  7.925731  7.926701
  1.302500e+00  7.924975  7.925944
  1.303750e+00  7.924221  7.925188
  1.305000e+00  7.923468  7.924433
  1.306250e+00  7.922716  7.923680
  1.307500e+00  7.921966  7.922928
  1.308750e+00  7.921218  7.922178
  1.310000e+00  7.920471  7.921429
  1.311250e+00  7.919725  7.920681
  1.312500e+00  7.918980  7.919935
  1.313750e+00  7.918238  7.919190
  1.315000e+00  7.917496  7.918447
  1.316250e+00  7.916756  7.917705
  1.317500e+00  7.916017  7.916965
  1.318750e+00  7.915280  7.916226
  1.320000e+00  7.914544  7.915488
  1.321250e+00  7.913810  7.914752
  1.322500e+00  7.913077  7.914017
  1.323750e+00  7.912345  7.913284
  1.325000e+00  7.911615  7.912552
  1.326250e+00  7.910886  7.911821
  1.327500e+00  7.910159  7.911092
  1.328750e+00  7.909433  7.910364
  1.330000e+00  7.908709  7.909638
  1.331250e+00  7.907986  7.908913
  1.332500e+00  7.907264  7.908190
  1.333750e+00  7.906544  7.907468
  1.335000e+00  7.905826  7.906748
  1.336250e+00  7.905108  7.906029
  1.337500e+00  7.904393  7.905311
  1.338750e+00  7.903678  7.904595
  1.340000e+00  7.902965  7.903880
  1.341250e+00  7.902254  7.903167
  1.342500e+00  7.901544  7.902455
  1.343750e+00  7.900836  7.901745
  1.345000e+00  7.900129  7.901036
  1.346250e+00  7.899423  7.900329
  1.347500e+00  7.898719  7.899623
  1.348750e+00  7.898017  7.898919
  1.350000e+00  7.897316  7.898216
  1.351250e+00  7.896616  7.897514
  1.352500e+00  7.895918  7.896814
  1.353750e+00  7.895221  7.896116
  1.355000e+00  7.894526  7.895419
  1.356250e+00  7.893833  7.894723
  1.357500e+00  7.893140  7.894029
  1.358750e+00  7.892450  7.893337
  1.360000e+00  7.891761  7.892646
  1.361250e+00  7.891073  7.891956
  1.362500e+00  7.890387  7.891268
  1.363750e+00  7.889702  7.890582
  1.365000e+00  7.889019  7.889897
  1.366250e+00  7.888338  7.889213
  1.367500e+00  7.887658  7.888531
  1.368750e+00  7.886979  7.887851
  1.370000e+00  7.886302  7.887172
  1.371250e+00  7.885627  7.886494
  1.372500e+00  7.884953  7.885819
  1.373750e+00  7.884280  7.885144
  1.375000e+00  7.883609  7.884471
  1.376250e+00  7.882940  7.883800
  1.377500e+00  7.882272  7.883131
  1.378750e+00  7.881606  7.882462
  1.380000e+00  7.880942  7.881796
  1.381250e+00  7.880279  7.881131
  1.382500e+00  7.879617  7.880467
  1.383750e+00  7.878957  7.879805
  1.385000e+00  7.878299  7.879145
  1.386250e+00  7.877642  7.878486
  1.387500e+00  7.876987  7.877829
  1.388750e+00  7.876333  7.877173
  1.390000e+00  7.875681  7.876519
  1.391250e+00  7.875031  7.875867
  1.392500e+00  7.874382  7.875216
  1.393750e+00  7.873734  7.874567
  1.395000e+00  7.873089  7.873919
  1.396250e+00  7.872445  7.873273
  1.397500e+00  7.871802  7.872628
  1.398750e+00  7.871161  7.871985
  1.400000e+00  7.870522  7.871344
  1.401250e+00  7.869884  7.870704
  1.402500e+00  7.869248  7.870066
  1.403750e+00  7.868614  7.869430
  1.405000e+00  7.867981  7.868795
  1.406250e+00  7.867350  7.868162
  1.407500e+00  7.866720  7.867530
  1.408750e+00  7.866092  7.866900
  1.410000e+00  7.865466  7.866272
  1.411250e+00  7.864841  7.865645
  1.412500e+00  7.864218  7.865020
  1.413750e+00  7.863597  7.864396
  1.415000e+00  7.862977  7.863774
  1.416250e+00  7.862359  7.863154
  1.417500e+00  7.861742  7.862535
  1.418750e+00  7.861127  7.861918
  1.420000e+00  7.860514  7.861303
  1.421250e+00  7.859902  7.860689
  1.422500e+00  7.859293  7.860077
  1.423750e+00  7.858684  7.859467
  1.425000e+00  7.858078  7.858858
  1.426250e+00  7.857473  7.858251
  1.427500e+00  7.856869  7.857646
  1.428750e+00  7.856268  7.857042
  1.430000e+00  7.855668  7.856440
  1.431250e+00  7.855069  7.855840
  1.432500e+00  7.854473  7.855241
  1.433750e+00  7.853878  7.854644
  1.435000e+00  7.853284  7.854048
  1.436250e+00  7.852693  7.853454
  1.437500e+00  7.852103  7.852862
  1.438750e+00  7.851514  7.852272
  1.440000e+00  7.850928  7.851683
  1.441250e+00  7.850343  7.851096
  1.442500e+00  7.849759  7.850511
  1.443750e+00  7.849178  7.849927
  1.445000e+00  7.848598  7.849345
  1.446250e+00  7.848020  7.848764
  1.447500e+00  7.847443  7.848185
  1.448750e+00  7.846868  7.847608
  1.450000e+00  7.846295  7.847033
  1.451250e+00  7.845723  7.846459
  1.452500e+00  7.845153  7.845887
  1.453750e+00  7.844585  7.845317
  1.455000e+00  7.844018  7.844748
  1.456250e+00  7.843453  7.844181
  1.457500e+00  7.842890  7.843616
  1.458750e+00  7.842329  7.843052
  1.460000e+00  7.841769  7.842490
  1.461250e+00  7.841210  7.841930
  1.462500e+00  7.840654  7.841371
  1.463750e+00  7.840099  7.840814
  1.465000e+00  7.839546  7.840259
  1.466250e+00  7.838994  7.839705
  1.467500e+00  7.838445  7.839153
  1.468750e+00  7.837896  7.838603
  1.470000e+00  7.837350  7.838054
  1.471250e+00  7.836805  7.837507
  1.472500e+00  7.836262  7.836962
  1.473750e+00  7.835720  7.836418
  1.475000e+00  7.835180  7.835876
  1.476250e+00  7.834642  7.835336
  1.477500e+00  7.834106  7.834797
  1.478750e+00  7.833571  7.834260
  1.480000e+00  7.833038  7.833725
  1.481250e+00  7.832506  7.833191
  1.482500e+00  7.831976  7.832659
  1.483750e+00  7.831448  7.832129
  1.485000e+00  7.830921  7.831600
  1.486250e+00  7.830396  7.831073
  1.487500e+00  7.829873  7.830548
  1.488750e+00  7.829352  7.830024
  1.490000e+00  7.828832  7.829502
  1.491250e+00  7.828313  7.828981
  1.492500e+00  7.827796  7.828463
  1.493750e+00  7.827281  7.827946
  1.495000e+00  7.826768  7.827430
  1.496250e+00  7.826256  7.826916
  1.497500e+00  7.825746  7.826404
  1.498750e+00  7.825237  7.825893
  1.500000e+00  7.824730  7.825384
  1.501250e+00  7.824225  7.824877
  1.502500e+00  7.823721  7.824371
  1.503750e+00  7.823219  7.823867
  1.505000e+00  7.822719  7.823364
  1.506250e+00  7.822220  7.822863
  1.507500e+00  7.821723  7.822364
  1.508750e+00  7.821227  7.821866
  1.510000e+00  7.820733  7.821370
  1.511250e+00  7.820241  7.820876
  1.512500e+00  7.819750  7.820383
  1.513750e+00  7.819260  7.819892
  1.515000e+00  7.818773  7.819402
  1.516250e+00  7.818287  7.818914
  1.517500e+00  7.817802  7.818427
  1.518750e+00  7.817319  7.817942
  1.520000e+00  7.816838  7.817459
  1.521250e+00  7.816358  7.816977
  1.522500e+00  7.815880  7.816497
  1.523750e+00  7.815403  7.816018
  1.525000e+00  7.814928  7.815541
  1.526250e+00  7.814455  7.815066
  1.527500e+00  7.813983  7.814592
  1.528750e+00  7.813512  7.814119
  1.530000e+00  7.813043  7.813648
  1.531250e+00  7.812576  7.813179
  1.532500e+00  7.812110  7.812711
  1.533750e+00  7.811646  7.812245
  1.535000e+00  7.811183  7.811780
  1.536250e+00  7.810722  7.811317
  1.537500e+00  7.810262  7.810855
  1.538750e+00  7.809804  7.810395
  1.540000e+00  7.809347  7.809937
  1.541250e+00  7.808892  7.809479
  1.542500e+00  7.808438  7.809024
  1.543750e+00  7.807986  7.808570
  1.545000e+00  7.807535  7.808117
  1.546250e+00  7.807086  7.807666
  1.547500e+00  7.806638  7.807216
  1.548750e+00  7.806192  7.806768
  1.550000e+00  7.805747  7.806321
  1.551250e+00  7.805304  7.805876
  1.552500e+00  7.804862  7.805432
  1.553750e+00  7.804422  7.804990
  1.555000e+00  7.803983  7.804549
  1.556250e+00  7.803545  7.804110
  1.557500e+00  7.803109  7.803672
  1.558750e+00  7.802675  7.803236
  1.560000e+00  7.802241  7.802801
  1.561250e+00  7.801810  7.802367
  1.562500e+00  7.801379  7.801935
  1.563750e+00  7.800951  7.801504
  1.565000e+00  7.800523  7.801075
  1.566250e+00  7.800097  7.800647
  1.567500e+00  7.799672  7.800221
  1.568750e+00  7.799249  7.799796
  1.570000e+00  7.798827  7.799372
  1.571250e+00  7.798407  7.798950
  1.572500e+00  7.797988  7.798529
  1.573750e+00  7.797570  7.798109
  1.575000e+00  7.797154  7.797691
  1.576250e+00  7.796739  7.797275
  1.577500e+00  7.796325  7.796859
  1.578750e+00  7.795913  7.796445
  1.580000e+00  7.795502  7.796033
  1.581250e+00  7.795093  7.795621
  1.582500e+00  7.794684  7.795212
  1.583750e+00  7.794278  7.794803
  1.585000e+00  7.793872  7.794396
  1.586250e+00  7.793468  7.793990
  1.587500e+00  7.793065  7.793585
  1.588750e+00  7.792664  7.793182
  1.590000e+00  7.792263  7.792780
  1.591250e+00  7.791865  7.792380
  1.592500e+00  7.791467  7.791981
  1.593750e+00  7.791071  7.791583
  1.595000e+00  7.790676  7.791186
  1.596250e+00  7.790282  7.790791
  1.597500e+00  7.789890  7.790396
  1.598750e+00  7.789498  7.790004
  1.600000e+00  7.789109  7.789612
  1.601250e+00  7.788720  7.789222
  1.602500e+00  7.788333  7.788833
  1.603750e+00  7.787947  7.788445
  1.605000e+00  7.787562  7.788059
  1.606250e+00  7.787178  7.787674
  1.607500e+00  7.786796  7.787290
  1.608750e+00  7.786415  7.786907
  1.610000e+00  7.786035  7.786526
  1.611250e+00  7.785656  7.786145
  1.612500e+00  7.785279  7.785766
  1.613750e+00  7.784902  7.785388
  1.615000e+00  7.784527  7.785012
  1.616250e+00  7.784154  7.784637
  1.617500e+00  7.783781  7.784262
  1.618750e+00  7.783410  7.783889
  1.620000e+00  7.783039  7.783518
  1.621250e+00  7.782670  7.783147
  1.622500e+00  7.782302  7.782778
  1.623750e+00  7.781936  7.782410
  1.625000e+00  7.781570  7.782042
  1.626250e+00  7.781206  7.781677
  1.627500e+00  7.780843  7.781312
  1.628750e+00  7.780481  7.780948
  1.630000e+00  7.780120  7.780586
  1.631250e+00  7.779760  7.780225
  1.632500e+00  7.779401  7.779865
  1.633750e+00  7.779044  7.779506
  1.635000e+00  7.778687  7.779148
  1.636250e+00  7.778332  7.778791
  1.637500e+00  7.777978  7.778435
  1.638750e+00  7.777625  7.778081
  1.640000e+00  7.777273  7.777728
  1.641250e+00  7.776922  7.777375
  1.642500e+00  7.776572  7.777024
  1.643750e+00  7.776224  7.776674
  1.645000e+00  7.775876  7.776325
  1.646250e+00  7.775530  7.775977
  1.647500e+00  7.775184  7.775630
  1.648750e+00  7.774840  7.775285
  1.650000e+00  7.774496  7.774940
  1.651250e+00  7.774154  7.774596
  1.652500e+00  7.773813  7.774254
  1.653750e+00  7.773473  7.773912
  1.655000e+00  7.773134  7.773572
  1.656250e+00  7.772796  7.773233
  1.657500e+00  7.772459  7.772894
  1.658750e+00  7.772123  7.772557
  1.660000e+00  7.771788  7.772221
  1.661250e+00  7.771454  7.771885
  1.662500e+00  7.771121  7.771551
  1.663750e+00  7.770789  7.771218
  1.665000e+00  7.770458  7.770886
  1.666250e+00  7.770128  7.770554
  1.667500e+00  7.769799  7.770224
  1.668750e+00  7.769471  7.769895
  1.670000e+00  7.769144  7.769567
  1.671250e+00  7.768818  7.769239
  1.672500e+00  7.768493  7.768913
  1.673750e+00  7.768169  7.768588
  1.675000e+00  7.767846  7.768263
  1.676250e+00  7.767524  7.767940
  1.677500e+00  7.767203  7.767618
  1.678750e+00  7.766882  7.767296
  1.680000e+00  7.766563  7.766976
  1.681250e+00  7.766245  7.766656
  1.682500e+00  7.765927  7.766338
  1.683750e+00  7.765611  7.766020
  1.685000e+00  7.765295  7.765703
  1.686250e+00  7.764981  7.765387
  1.687500e+00  7.764667  7.765072
  1.688750e+00  7.764354  7.764758
  1.690000e+00  7.764042  7.764445
  1.691250e+00  7.763731  7.764133
  1.692500e+00  7.763421  7.763822
  1.693750e+00  7.763112  7.763511
  1.695000e+00  7.762804  7.763202
  1.696250e+00  7.762496  7.762893
  1.697500e+00  7.762190  7.762586
  1.698750e+00  7.761884  7.762279
  1.700000e+00  7.761579  7.761973
  1.701250e+00  7.761275  7.761668
  1.702500e+00  7.760972  7.761364
  1.703750e+00  7.760670  7.761060
  1.705000e+00  7.760368  7.760758
  1.706250e+00  7.760068  7.760456
  1.707500e+00  7.759768  7.760156
  1.708750e+00  7.759469  7.759856
  1.710000e+00  7.759171  7.759557
  1.711250e+00  7.758874  7.759258
  1.712500e+00  7.758578  7.758961
  1.713750e+00  7.758282  7.758664
  1.715000e+00  7.757988  7.758369
  1.716250e+00  7.757694  7.758074
  1.717500e+00  7.757401  7.757779
  1.718750e+00  7.757108  7.757486
  1.720000e+00  7.756817  7.757194
  1.721250e+00  7.756526  7.756902
  1.722500e+00  7.756236  7.756611
  1.723750e+00  7.755947  7.756321
  1.725000e+00  7.755659  7.756032
  1.726250e+00  7.755371  7.755743
  1.727500e+00  7.755085  7.755455
  1.728750e+00  7.754799  7.755168
  1.730000e+00  7.754513  7.754882
  1.731250e+00  7.754229  7.754597
  1.732500e+00  7.753945  7.754312
  1.733750e+00  7.753662  7.754028
  1.735000e+00  7.753380  7.753745
  1.736250e+00  7.753099  7.753462
  1.737500e+00  7.752818  7.753181
  1.738750e+00  7.752538  7.752900
  1.740000e+00  7.752259  7.752620
  1.741250e+00  7.751980  7.752340
  1.742500e+00  7.751703  7.752062
  1.743750e+00  7.751426  7.751784
  1.745000e+00  7.751149  7.751506
  1.746250e+00  7.750874  7.751230
  1.747500e+00  7.750599  7.750954
  1.748750e+00  7.750325  7.750679
  1.750000e+00  7.750051  7.750405
  1.751250e+00  7.749779  7.750131
  1.752500e+00  7.749506  7.749858
  1.753750e+00  7.749235  7.749586
  1.755000e+00  7.748964  7.749314
  1.756250e+00  7.748694  7.749043
  1.757500e+00  7.748425  7.748773
  1.758750e+00  7.748157  7.748504
  1.760000e+00  7.747889  7.748235
  1.761250e+00  7.747621  7.747967
  1.762500e+00  7.747355  7.747699
  1.763750e+00  7.747089  7.747433
  1.765000e+00  7.746824  7.747166
  1.766250e+00  7.746559  7.746901
  1.767500e+00  7.746295  7.746636
  1.768750e+00  7.746032  7.746372
  1.770000e+00  7.745769  7.746109
  1.771250e+00  7.745507  7.745846
  1.772500e+00  7.745246  7.745584
  1.773750e+00  7.744985  7.745322
  1.775000e+00  7.744725  7.745061
  1.776250e+00  7.744466  7.744801
  1.777500e+00  7.744207  7.744541
  1.778750e+00  7.743949  7.744282
  1.780000e+00  7.743691  7.744024
  1.781250e+00  7.743434  7.743766
  1.782500e+00  7.743178  7.743509
  1.783750e+00  7.742922  7.743252
  1.785000e+00  7.742667  7.742997
  1.786250e+00  7.742412  7.742741
  1.787500e+00  7.742159  7.742487
  1.788750e+00  7.741905  7.742233
  1.790000e+00  7.741653  7.741979
  1.791250e+00  7.741400  7.741726
  1.792500e+00  7.741149  7.741474
  1.793750e+00  7.740898  7.741222
  1.795000e+00  7.740648  7.740971
  1.796250e+00  7.740398  7.740721
  1.797500e+00  7.740149  7.740471
  1.798750e+00  7.739900  7.740221
  1.800000e+00  7.739652  7.739973
  1.801250e+00  7.739405  7.739724
  1.802500e+00  7.739158  7.739477
  1.803750e+00  7.738911  7.739230
  1.805000e+00  7.738666  7.738983
  1.806250e+00  7.738420  7.738737
  1.807500e+00  7.738176  7.738492
  1.808750e+00  7.737932  7.738247
  1.810000e+00  7.737688  7.738003
  1.811250e+00  7.737445  7.737759
  1.812500e+00  7.737203  7.737516
  1.813750e+00  7.736961  7.737273
  1.815000e+00  7.736719  7.737031
  1.816250e+00  7.736478  7.736790
  1.817500e+00  7.736238  7.736549
  1.818750e+00  7.735998  7.736308
  1.820000e+00  7.735759  7.736068
  1.821250e+00  7.735520  7.735829
  1.822500e+00  7.735282  7.735590
  1.823750e+00  7.735044  7.735351
  1.825000e+00  7.734807  7.735114
  1.826250e+00  7.734571  7.734876
  1.827500e+00  7.734334  7.734639
  1.828750e+00  7.734099  7.734403
  1.830000e+00  7.733864  7.734167
  1.831250e+00  7.733629  7.733932
  1.832500e+00  7.733395  7.733697
  1.833750e+00  7.733161  7.733463
  1.835000e+00  7.732928  7.733229
  1.836250e+00  7.732695  7.732996
  1.837500e+00  7.732463  7.732763
  1.838750e+00  7.732232  7.732531
  1.840000e+00  7.732000  7.732299
  1.841250e+00  7.731770  7.732068
  1.842500e+00  7.731539  7.731837
  1.843750e+00  7.731310  7.731607
  1.845000e+00  7.731080  7.731377
  1.846250e+00  7.730852  7.731147
  1.847500e+00  7.730623  7.730918
  1.848750e+00  7.730396  7.730690
  1.850000e+00  7.730168  7.730462
  1.851250e+00  7.729941  7.730234
  1.852500e+00  7.729715  7.730007
  1.853750e+00  7.729489  7.729781
  1.855000e+00  7.729263  7.729555
  1.856250e+00  7.729038  7.729329
  1.857500e+00  7.728814  7.729104
  1.858750e+00  7.728589  7.728879
  1.860000e+00  7.728366  7.728655
  1.861250e+00  7.728142  7.728431
  1.862500e+00  7.727919  7.728207
  1.863750e+00  7.727697  7.727984
  1.865000e+00  7.727475  7.727762
  1.866250e+00  7.727254  7.727540
  1.867500e+00  7.727033  7.727318
  1.868750e+00  7.726812  7.727097
  1.870000e+00  7.726592  7.726876
  1.871250e+00  7.726372  7.726656
  1.872500e+00  7.726153  7.726436
  1.873750e+00  7.725934  7.726216
  1.875000e+00  7.725715  7.725997
  1.876250e+00  7.725497  7.725779
  1.877500e+00  7.725279  7.725560
  1.878750e+00  7.725062  7.725343
  1.880000e+00  7.724845  7.725125
  1.881250e+00  7.724629  7.724908
  1.882500e+00  7.724413  7.724692
  1.883750e+00  7.724197  7.724476
  1.885000e+00  7.723982  7.724260
  1.886250e+00  7.723767  7.724045
  1.887500e+00  7.723553  7.723830
  1.888750e+00  7.723339  7.723615
  1.890000e+00  7.723125  7.723401
  1.891250e+00  7.722912  7.723187
  1.892500e+00  7.722699  7.722974
  1.893750e+00  7.722487  7.722761
  1.895000e+00  7.722275  7.722549
  1.896250e+00  7.722063  7.722336
  1.897500e+00  7.721852  7.722125
  1.898750e+00  7.721641  7.721913
  1.900000e+00  7.721431  7.721702
  1.901250e+00  7.721221  7.721492
  1.902500e+00  7.721011  7.721282
  1.903750e+00  7.720802  7.721072
  1.905000e+00  7.720593  7.720862
  1.906250e+00  7.720384  7.720653
  1.907500e+00  7.720176  7.720445
  1.908750e+00  7.719968  7.720236
  1.910000e+00  7.719761  7.720028
  1.911250e+00  7.719554  7.719821
  1.912500e+00  7.719347  7.719614
  1.913750e+00  7.719140  7.719407
  1.915000e+00  7.718935  7.719200
  1.916250e+00  7.718729  7.718994
  1.917500e+00  7.718524  7.718789
  1.918750e+00  7.718319  7.718583
  1.920000e+00  7.718114  7.718378
  1.921250e+00  7.717910  7.718174
  1.922500e+00  7.717706  7.717969
  1.923750e+00  7.717503  7.717766
  1.925000e+00  7.717300  7.717562
  1.926250e+00  7.717097  7.717359
  1.927500e+00  7.716895  7.717156
  1.928750e+00  7.716692  7.716953
  1.930000e+00  7.716491  7.716751
  1.931250e+00  7.716289  7.716549
  1.932500e+00  7.716088  7.716348
  1.933750e+00  7.715888  7.716147
  1.935000e+00  7.715687  7.715946
  1.936250e+00  7.715487  7.715746
  1.937500e+00  7.715288  7.715545
  1.938750e+00  7.715088  7.715346
  1.940000e+00  7.714889  7.715146
  1.941250e+00  7.714691  7.714947
  1.942500e+00  7.714492  7.714748
  1.943750e+00  7.714294  7.714550
  1.945000e+00  7.714097  7.714352
  1.946250e+00  7.713899  7.714154
  1.947500e+00  7.713702  7.713957
  1.948750e+00  7.713506  7.713760
  1.950000e+00  7.713309  7.713563
  1.951250e+00  7.713113  7.713366
  1.952500e+00  7.712917  7.713170
  1.953750e+00  7.712722  7.712974
  1.955000e+00  7.712527  7.712779
  1.956250e+00  7.712332  7.712584
  1.957500e+00  7.712138  7.712389
  1.958750e+00  7.711944  7.712194
  1.960000e+00  7.711750  7.712000
  1.961250e+00  7.711556  7.711806
  1.962500e+00  7.711363  7.711612
  1.963750e+00  7.711170  7.711419
  1.965000e+00  7.710978  7.711226
  1.966250e+00  7.710785  7.711034
  1.967500e+00  7.710593  7.710841
  1.968750e+00  7.710402  7.710649
  1.970000e+00  7.710210  7.710457
  1.971250e+00  7.710019  7.710266
  1.972500e+00  7.709829  7.710075
  1.973750e+00  7.709638  7.709884
  1.975000e+00  7.709448  7.709693
  1.976250e+00  7.709258  7.709503
  1.977500e+00  7.709069  7.709313
  1.978750e+00  7.708879  7.709124
  1.980000e+00  7.708690  7.708934
  1.981250e+00  7.708502  7.708745
  1.982500e+00  7.708313  7.708556
  1.983750e+00  7.708125  7.708368
  1.985000e+00  7.707937  7.708180
  1.986250e+00  7.707750  7.707992
  1.987500e+00  7.707563  7.707804
  1.988750e+00  7.707376  7.707617
  1.990000e+00  7.707189  7.707430
  1.991250e+00  7.707003  7.707243
  1.992500e+00  7.706817  7.707057
  1.993750e+00  7.706631  7.706871
  1.995000e+00  7.706446  7.706685
  1.996250e+00  7.706260  7.706499
  1.997500e+00  7.706075  7.706314
  1.998750e+00  7.705891  7.706129
  2.000000e+00  7.705706  7.705944
