  2.500000e-03  7.25510889 46.38132173 
  3.750000e-03  7.25510889 47.57156573 
  5.000000e-03  7.25510889 49.03929253 
  6.250000e-03  7.25510889 50.66099401 
  7.500000e-03  7.25510889 52.54845983 
  8.750000e-03  7.25510889 54.53901019 
  1.000000e-02  7.25510889 56.48206002 
  1.125000e-02  7.25510889 58.13008207 
  1.250000e-02  7.25510889 59.39394978 
  1.375000e-02  7.25510889 60.28453179 
  1.500000e-02  7.25510889 60.84889969 
  1.625000e-02  7.25510889 61.16708277 
  1.750000e-02  7.25510889 61.21290431 
  1.875000e-02  7.25510889 61.09780590 
  2.000000e-02  7.25510889 60.89208339 
  2.125000e-02  7.25510889 60.65657283 
  2.250000e-02  7.25510889 60.42446234 
  2.375000e-02  7.25510889 60.21517611 
  2.500000e-02  7.25510889 60.03892277 
  2.625000e-02  7.25510889 59.89196079 
  2.750000e-02  7.25510889 59.78396435 
  2.875000e-02  7.25510889 59.70799308 
  3.000000e-02  7.25510889 59.65599834 
  3.125000e-02  7.25510889 59.62054896 
  3.250000e-02  7.25510889 59.59597773 
  3.375000e-02  7.25510889 59.57865060 
  3.500000e-02  7.25510889 59.56669357 
  3.625000e-02  7.25510889 59.55942762 
  3.750000e-02  7.25510889 59.55674026 
  3.875000e-02  7.25510889 59.55851638 
  4.000000e-02  7.25510889 59.58038232 
  4.125000e-02  7.25510889 59.59946555 
  4.250000e-02  7.25510889 59.61588366 
  4.375000e-02  7.25510889 59.62885550 
  4.500000e-02  7.25510889 59.63841833 
  4.625000e-02  7.25510889 59.64450945 
  4.750000e-02  7.25510889 59.64623741 
  4.875000e-02  7.25510889 59.64441459 
  5.000000e-02  7.25510889 59.63992199 
  5.125000e-02  7.25510889 59.63356622 
  5.250000e-02  7.25510889 59.62603013 
  5.375000e-02  7.25510889 59.61786061 
  5.500000e-02  7.25510889 59.60948295 
  5.625000e-02  7.25510889 59.60122351 
  5.750000e-02  7.25510889 59.59332803 
  5.875000e-02  7.25510889 59.58597131 
  6.000000e-02  7.25510889 59.57925998 
  6.125000e-02  7.25510889 59.57323312 
  6.250000e-02  7.25510889 59.56786546 
  6.375000e-02  7.25510889 59.56307597 
  6.500000e-02  7.25510889 59.55874260 
  6.625000e-02  7.25510889 59.55456061 
  6.750000e-02  7.25510889 59.55108693 
  6.875000e-02  7.25510889 59.54799830 
  7.000000e-02  7.25510889 59.54496796 
  7.125000e-02  7.25510889 59.54171968 
  7.250000e-02  7.25510889 59.53805875 
  7.375000e-02  7.25510889 59.53388102 
  7.500000e-02  7.25510889 59.52916551 
  7.625000e-02  7.25510889 59.52366852 
  7.750000e-02  7.25510889 59.51757568 
  7.875000e-02  7.25510889 59.51109700 
  8.000000e-02  7.25510889 59.50442998 
  8.125000e-02  7.25510889 59.49773584 
  8.250000e-02  7.25510889 59.49112831 
  8.375000e-02  7.25510889 59.48467256 
  8.500000e-02  7.25510889 59.47873317 
  8.625000e-02  7.25510889 59.47319203 
  8.750000e-02  7.25510889 59.46789347 
  8.875000e-02  7.25510889 59.46268215 
  9.000000e-02  7.25510889 59.45742832 
  9.125000e-02  7.25510889 59.45204013 
  9.250000e-02  7.25510889 59.44646592 
  9.375000e-02  7.25510889 59.44068952 
  9.500000e-02  7.25510889 59.43472173 
  9.625000e-02  7.25510889 59.42859037 
  9.750000e-02  7.25510889 59.42233094 
  9.875000e-02  7.25510889 59.41597903 
  1.000000e-01  7.25510889 59.40956527 
  1.012500e-01  7.25510889 59.40311267 
  1.025000e-01  7.25510889 59.39663615 
  1.037500e-01  7.25510889 59.39014352 
  1.050000e-01  7.25510889 59.38363724 
  1.062500e-01  7.25510889 59.37711635 
  1.075000e-01  7.25510889 59.37057826 
  1.087500e-01  7.25510889 59.36401996 
  1.100000e-01  7.25510889 59.35743891 
  1.112500e-01  7.25510889 59.35083331 
  1.125000e-01  7.25510889 59.34420218 
  1.137500e-01  7.25510889 59.33754512 
  1.150000e-01  7.25510889 59.33086210 
  1.162500e-01  7.25510889 59.32415318 
  1.175000e-01  7.25510889 59.31741831 
  1.187500e-01  7.25510889 59.31065726 
  1.200000e-01  7.25510889 59.30386957 
  1.212500e-01  7.25510889 59.29705456 
  1.225000e-01  7.25510889 59.29021149 
  1.237500e-01  7.25510889 59.28333954 
  1.250000e-01  7.25510889 59.27643797 
  1.262500e-01  7.25510889 59.26950615 
  1.275000e-01  7.25510889 59.26254361 
  1.287500e-01  7.25510889 59.25555002 
  1.300000e-01  7.25510889 59.24852515 
  1.312500e-01  7.25510889 59.24146890 
  1.325000e-01  7.25510889 59.23438118 
  1.337500e-01  7.25510889 59.22726193 
  1.350000e-01  7.25510889 59.22011103 
  1.362500e-01  7.25510889 59.21292833 
  1.375000e-01  7.25510889 59.20571363 
  1.387500e-01  7.25510889 59.19846664 
  1.400000e-01  7.25510889 59.19118706 
  1.412500e-01  7.25510889 59.18387456 
  1.425000e-01  7.25510889 59.17652879 
  1.437500e-01  7.25510889 59.16914942 
  1.450000e-01  7.25510889 59.16173617 
  1.462500e-01  7.25510889 59.15428879 
  1.475000e-01  7.25510889 59.14680707 
  1.487500e-01  7.25510889 59.13929087 
  1.500000e-01  7.25510889 59.13174012 
  1.512500e-01  7.25510889 59.12415477 
  1.525000e-01  7.25510889 59.11653486 
  1.537500e-01  7.25510889 59.10888044 
  1.550000e-01  7.25510889 59.10119164 
  1.562500e-01  7.25510889 59.09346861 
  1.575000e-01  7.25510889 59.08571154 
  1.587500e-01  7.25510889 59.07792067 
  1.600000e-01  7.25510889 59.07009626 
  1.612500e-01  7.25510889 59.06223861 
  1.625000e-01  7.25510889 59.05434804 
  1.637500e-01  7.25510889 59.04642494 
  1.650000e-01  7.25510889 59.03846968 
  1.662500e-01  7.25510889 59.03048269 
  1.675000e-01  7.25510889 59.02246443 
  1.687500e-01  7.25510889 59.01441536 
  1.700000e-01  7.25510889 59.00633599 
  1.712500e-01  7.25510889 58.99822684 
  1.725000e-01  7.25510889 58.99008844 
  1.737500e-01  7.25510889 58.98192134 
  1.750000e-01  7.25510889 58.97372612 
  1.762500e-01  7.25510889 58.96550335 
  1.775000e-01  7.25510889 58.95725362 
  1.787500e-01  7.25510889 58.94897752 
  1.800000e-01  7.25510889 58.94067567 
  1.812500e-01  7.25510889 58.93234868 
  1.825000e-01  7.25510889 58.92399714 
  1.837500e-01  7.25510889 58.91562170 
  1.850000e-01  7.25510889 58.90722295 
  1.862500e-01  7.25510889 58.89880154 
  1.875000e-01  7.25510889 58.89035809 
  1.887500e-01  7.25510889 58.88189323 
  1.900000e-01  7.25510889 58.87340761 
  1.912500e-01  7.25510889 58.86490185 
  1.925000e-01  7.25510889 58.85637662 
  1.937500e-01  7.25510889 58.84783257 
  1.950000e-01  7.25510889 58.83927035 
  1.962500e-01  7.25510889 58.83069066 
  1.975000e-01  7.25510889 58.82209416 
  1.987500e-01  7.25510889 58.81348156 
  2.000000e-01  7.25510889 58.80485357 
  2.012500e-01  7.25510889 58.79621092 
  2.025000e-01  7.25510889 58.78755436 
  2.037500e-01  7.25510889 58.77888465 
  2.050000e-01  7.25510889 58.77020259 
  2.062500e-01  7.25510889 58.76150899 
  2.075000e-01  7.25510889 58.75280469 
  2.087500e-01  7.25510889 58.74409057 
  2.100000e-01  7.25510889 58.73536753 
  2.112500e-01  7.25510889 58.72663651 
  2.125000e-01  7.25510889 58.71789846 
  2.137500e-01  7.25510889 58.70915441 
  2.150000e-01  7.25510889 58.70040541 
  2.162500e-01  7.25510889 58.69165253 
  2.175000e-01  7.25510889 58.68289691 
  2.187500e-01  7.25510889 58.67413972 
  2.200000e-01  7.25510889 58.66538218 
  2.212500e-01  7.25510889 58.65662556 
  2.225000e-01  7.25510889 58.64787117 
  2.237500e-01  7.25510889 58.63912036 
  2.250000e-01  7.25510889 58.63037454 
  2.262500e-01  7.25510889 58.62163516 
  2.275000e-01  7.25510889 58.61290373 
  2.287500e-01  7.25510889 58.60418179 
  2.300000e-01  7.25510889 58.59547093 
  2.312500e-01  7.25510889 58.58677279 
  2.325000e-01  7.25510889 58.57808904 
  2.337500e-01  7.25510889 58.56942141 
  2.350000e-01  7.25510889 58.56077165 
  2.362500e-01  7.25510889 58.55214157 
  2.375000e-01  7.25510889 58.54353298 
  2.387500e-01  7.25510889 58.53494775 
  2.400000e-01  7.25510889 58.52638777 
  2.412500e-01  7.25510889 58.51785495 
  2.425000e-01  7.25510889 58.50935121 
  2.437500e-01  7.25510889 58.50087851 
  2.450000e-01  7.25510889 58.49243880 
  2.462500e-01  7.25510889 58.48403404 
  2.475000e-01  7.25510889 58.47566621 
  2.487500e-01  7.25510889 58.46733727 
  2.500000e-01  7.25510889 58.45904916 
  2.512500e-01  7.25510889 58.45080384 
  2.525000e-01  7.25510889 58.44260323 
  2.537500e-01  7.25510889 58.43444923 
  2.550000e-01  7.25510889 58.42634370 
  2.562500e-01  7.25510889 58.41828849 
  2.575000e-01  7.25510889 58.41028539 
  2.587500e-01  7.25510889 58.40233617 
  2.600000e-01  7.25510889 58.39444251 
  2.612500e-01  7.25510889 58.38660607 
  2.625000e-01  7.25510889 58.37882844 
  2.637500e-01  7.25510889 58.37111114 
  2.650000e-01  7.25510889 58.36345565 
  2.662500e-01  7.25510889 58.35586334 
  2.675000e-01  7.25510889 58.34833552 
  2.687500e-01  7.25510889 58.34087345 
  2.700000e-01  7.25510889 58.33347826 
  2.712500e-01  7.25510889 58.32615103 
  2.725000e-01  7.25510889 58.31889275 
  2.737500e-01  7.25510889 58.31170432 
  2.750000e-01  7.25510889 58.30458654 
  2.762500e-01  7.25510889 58.29754015 
  2.775000e-01  7.25510889 58.29056577 
  2.787500e-01  7.25510889 58.28366396 
  2.800000e-01  7.25510889 58.27683515 
  2.812500e-01  7.25510889 58.27007972 
  2.825000e-01  7.25510889 58.26339794 
  2.837500e-01  7.25510889 58.25679002 
  2.850000e-01  7.25510889 58.25025604 
  2.862500e-01  7.25510889 58.24379605 
  2.875000e-01  7.25510889 58.23740999 
  2.887500e-01  7.25510889 58.23109772 
  2.900000e-01  7.25510889 58.22485904 
  2.912500e-01  7.25510889 58.21869367 
  2.925000e-01  7.25510889 58.21260127 
  2.937500e-01  7.25510889 58.20658143 
  2.950000e-01  7.25510889 58.20063367 
  2.962500e-01  7.25510889 58.19475746 
  2.975000e-01  7.25510889 58.18895223 
  2.987500e-01  7.25510889 58.18321733 
  3.000000e-01  7.25510889 58.17755210 
  3.012500e-01  7.25510889 58.17195579 
  3.025000e-01  7.25510889 58.16642766 
  3.037500e-01  7.25510889 58.16096691 
  3.050000e-01  7.25510889 58.15557270 
  3.062500e-01  7.25510889 58.15024417 
  3.075000e-01  7.25510889 58.14498044 
  3.087500e-01  7.25510889 58.13978062 
  3.100000e-01  7.25510889 58.13464376 
  3.112500e-01  7.25510889 58.12956894 
  3.125000e-01  7.25510889 58.12455520 
  3.137500e-01  7.25510889 58.11960158 
  3.150000e-01  7.25510889 58.11470711 
  3.162500e-01  7.25510889 58.10987082 
  3.175000e-01  7.25510889 58.10509173 
  3.187500e-01  7.25510889 58.10036888 
  3.200000e-01  7.25510889 58.09570129 
  3.212500e-01  7.25510889 58.09108799 
  3.225000e-01  7.25510889 58.08652802 
  3.237500e-01  7.25510889 58.08202043 
  3.250000e-01  7.25510889 58.07756427 
  3.262500e-01  7.25510889 58.07315862 
  3.275000e-01  7.25510889 58.06880256 
  3.287500e-01  7.25510889 58.06449517 
  3.300000e-01  7.25510889 58.06023557 
  3.312500e-01  7.25510889 58.05602288 
  3.325000e-01  7.25510889 58.05185625 
  3.337500e-01  7.25510889 58.04773483 
  3.350000e-01  7.25510889 58.04365780 
  3.362500e-01  7.25510889 58.03962436 
  3.375000e-01  7.25510889 58.03563372 
  3.387500e-01  7.25510889 58.03168512 
  3.400000e-01  7.25510889 58.02777782 
  3.412500e-01  7.25510889 58.02391108 
  3.425000e-01  7.25510889 58.02008420 
  3.437500e-01  7.25510889 58.01629651 
  3.450000e-01  7.25510889 58.01254733 
  3.462500e-01  7.25510889 58.00883603 
  3.475000e-01  7.25510889 58.00516200 
  3.487500e-01  7.25510889 58.00152462 
  3.500000e-01  7.25510889 57.99792331 
  3.512500e-01  7.25510889 57.99435753 
  3.525000e-01  7.25510889 57.99082673 
  3.537500e-01  7.25510889 57.98733040 
  3.550000e-01  7.25510889 57.98386802 
  3.562500e-01  7.25510889 57.98043914 
  3.575000e-01  7.25510889 57.97704328 
  3.587500e-01  7.25510889 57.97368001 
  3.600000e-01  7.25510889 57.97034890 
  3.612500e-01  7.25510889 57.96704954 
  3.625000e-01  7.25510889 57.96378156 
  3.637500e-01  7.25510889 57.96054458 
  3.650000e-01  7.25510889 57.95733824 
  3.662500e-01  7.25510889 57.95416220 
  3.675000e-01  7.25510889 57.95101615 
  3.687500e-01  7.25510889 57.94789978 
  3.700000e-01  7.25510889 57.94481279 
  3.712500e-01  7.25510889 57.94175491 
  3.725000e-01  7.25510889 57.93872587 
  3.737500e-01  7.25510889 57.93572540 
  3.750000e-01  7.25510889 57.93275329 
  3.762500e-01  7.25510889 57.92980929 
  3.775000e-01  7.25510889 57.92689318 
  3.787500e-01  7.25510889 57.92400476 
  3.800000e-01  7.25510889 57.92114383 
  3.812500e-01  7.25510889 57.91831020 
  3.825000e-01  7.25510889 57.91550370 
  3.837500e-01  7.25510889 57.91272414 
  3.850000e-01  7.25510889 57.90997137 
  3.862500e-01  7.25510889 57.90724522 
  3.875000e-01  7.25510889 57.90454555 
  3.887500e-01  7.25510889 57.90187221 
  3.900000e-01  7.25510889 57.89922506 
  3.912500e-01  7.25510889 57.89660396 
  3.925000e-01  7.25510889 57.89400880 
  3.937500e-01  7.25510889 57.89143943 
  3.950000e-01  7.25510889 57.88889574 
  3.962500e-01  7.25510889 57.88637760 
  3.975000e-01  7.25510889 57.88388490 
  3.987500e-01  7.25510889 57.88141753 
  4.000000e-01  7.25510889 57.87897536 
  4.012500e-01  7.25510889 57.87655829 
  4.025000e-01  7.25510889 57.87416619 
  4.037500e-01  7.25510889 57.87179897 
  4.050000e-01  7.25510889 57.86945650 
  4.062500e-01  7.25510889 57.86713868 
  4.075000e-01  7.25510889 57.86484539 
  4.087500e-01  7.25510889 57.86257652 
  4.100000e-01  7.25510889 57.86033195 
  4.112500e-01  7.25510889 57.85811157 
  4.125000e-01  7.25510889 57.85591525 
  4.137500e-01  7.25510889 57.85374288 
  4.150000e-01  7.25510889 57.85159434 
  4.162500e-01  7.25510889 57.84946949 
  4.175000e-01  7.25510889 57.84736821 
  4.187500e-01  7.25510889 57.84529037 
  4.200000e-01  7.25510889 57.84323584 
  4.212500e-01  7.25510889 57.84120448 
  4.225000e-01  7.25510889 57.83919615 
  4.237500e-01  7.25510889 57.83721071 
  4.250000e-01  7.25510889 57.83524801 
  4.262500e-01  7.25510889 57.83330790 
  4.275000e-01  7.25510889 57.83139024 
  4.287500e-01  7.25510889 57.82949486 
  4.300000e-01  7.25510889 57.82762161 
  4.312500e-01  7.25510889 57.82577033 
  4.325000e-01  7.25510889 57.82394084 
  4.337500e-01  7.25510889 57.82213299 
  4.350000e-01  7.25510889 57.82034659 
  4.362500e-01  7.25510889 57.81858148 
  4.375000e-01  7.25510889 57.81683748 
  4.387500e-01  7.25510889 57.81511440 
  4.400000e-01  7.25510889 57.81341206 
  4.412500e-01  7.25510889 57.81173027 
  4.425000e-01  7.25510889 57.81006885 
  4.437500e-01  7.25510889 57.80842760 
  4.450000e-01  7.25510889 57.80680633 
  4.462500e-01  7.25510889 57.80520484 
  4.475000e-01  7.25510889 57.80362293 
  4.487500e-01  7.25510889 57.80206040 
  4.500000e-01  7.25510889 57.80051705 
  4.512500e-01  7.25510889 57.79899266 
  4.525000e-01  7.25510889 57.79748705 
  4.537500e-01  7.25510889 57.79599998 
  4.550000e-01  7.25510889 57.79453126 
  4.562500e-01  7.25510889 57.79308068 
  4.575000e-01  7.25510889 57.79164802 
  4.587500e-01  7.25510889 57.79023306 
  4.600000e-01  7.25510889 57.78883560 
  4.612500e-01  7.25510889 57.78745542 
  4.625000e-01  7.25510889 57.78609230 
  4.637500e-01  7.25510889 57.78474602 
  4.650000e-01  7.25510889 57.78341638 
  4.662500e-01  7.25510889 57.78210315 
  4.675000e-01  7.25510889 57.78080611 
  4.687500e-01  7.25510889 57.77952505 
  4.700000e-01  7.25510889 57.77825976 
  4.712500e-01  7.25510889 57.77701001 
  4.725000e-01  7.25510889 57.77577559 
  4.737500e-01  7.25510889 57.77455629 
  4.750000e-01  7.25510889 57.77335188 
  4.762500e-01  7.25510889 57.77216216 
  4.775000e-01  7.25510889 57.77098692 
  4.787500e-01  7.25510889 57.76982593 
  4.800000e-01  7.25510889 57.76867899 
  4.812500e-01  7.25510889 57.76754589 
  4.825000e-01  7.25510889 57.76642642 
  4.837500e-01  7.25510889 57.76532038 
  4.850000e-01  7.25510889 57.76422754 
  4.862500e-01  7.25510889 57.76314772 
  4.875000e-01  7.25510889 57.76208071 
  4.887500e-01  7.25510889 57.76102630 
  4.900000e-01  7.25510889 57.75998429 
  4.912500e-01  7.25510889 57.75895449 
  4.925000e-01  7.25510889 57.75793670 
  4.937500e-01  7.25510889 57.75693073 
  4.950000e-01  7.25510889 57.75593637 
  4.962500e-01  7.25510889 57.75495345 
  4.975000e-01  7.25510889 57.75398176 
  4.987500e-01  7.25510889 57.75302113 
  5.000000e-01  7.25510889 57.75207137 
  5.012500e-01  7.25510889 57.75113229 
  5.025000e-01  7.25510889 57.75020371 
  5.037500e-01  7.25510889 57.74928546 
  5.050000e-01  7.25510889 57.74837735 
  5.062500e-01  7.25510889 57.74747922 
  5.075000e-01  7.25510889 57.74659088 
  5.087500e-01  7.25510889 57.74571217 
  5.100000e-01  7.25510889 57.74484291 
  5.112500e-01  7.25510889 57.74398295 
  5.125000e-01  7.25510889 57.74313212 
  5.137500e-01  7.25510889 57.74229025 
  5.150000e-01  7.25510889 57.74145719 
  5.162500e-01  7.25510889 57.74063278 
  5.175000e-01  7.25510889 57.73981686 
  5.187500e-01  7.25510889 57.73900927 
  5.200000e-01  7.25510889 57.73820987 
  5.212500e-01  7.25510889 57.73741851 
  5.225000e-01  7.25510889 57.73663505 
  5.237500e-01  7.25510889 57.73585932 
  5.250000e-01  7.25510889 57.73509120 
  5.262500e-01  7.25510889 57.73433055 
  5.275000e-01  7.25510889 57.73357722 
  5.287500e-01  7.25510889 57.73283107 
  5.300000e-01  7.25510889 57.73209198 
  5.312500e-01  7.25510889 57.73135981 
  5.325000e-01  7.25510889 57.73063443 
  5.337500e-01  7.25510889 57.72991572 
  5.350000e-01  7.25510889 57.72920354 
  5.362500e-01  7.25510889 57.72849778 
  5.375000e-01  7.25510889 57.72779830 
  5.387500e-01  7.25510889 57.72710500 
  5.400000e-01  7.25510889 57.72641775 
  5.412500e-01  7.25510889 57.72573643 
  5.425000e-01  7.25510889 57.72506094 
  5.437500e-01  7.25510889 57.72439116 
  5.450000e-01  7.25510889 57.72372698 
  5.462500e-01  7.25510889 57.72306829 
  5.475000e-01  7.25510889 57.72241498 
  5.487500e-01  7.25510889 57.72176696 
  5.500000e-01  7.25510889 57.72112411 
  5.512500e-01  7.25510889 57.72048633 
  5.525000e-01  7.25510889 57.71985353 
  5.537500e-01  7.25510889 57.71922560 
  5.550000e-01  7.25510889 57.71860246 
  5.562500e-01  7.25510889 57.71798401 
  5.575000e-01  7.25510889 57.71737014 
  5.587500e-01  7.25510889 57.71676078 
  5.600000e-01  7.25510889 57.71615584 
  5.612500e-01  7.25510889 57.71555522 
  5.625000e-01  7.25510889 57.71495884 
  5.637500e-01  7.25510889 57.71436661 
  5.650000e-01  7.25510889 57.71377846 
  5.662500e-01  7.25510889 57.71319429 
  5.675000e-01  7.25510889 57.71261404 
  5.687500e-01  7.25510889 57.71203761 
  5.700000e-01  7.25510889 57.71146495 
  5.712500e-01  7.25510889 57.71089596 
  5.725000e-01  7.25510889 57.71033057 
  5.737500e-01  7.25510889 57.70976872 
  5.750000e-01  7.25510889 57.70921033 
  5.762500e-01  7.25510889 57.70865533 
  5.775000e-01  7.25510889 57.70810365 
  5.787500e-01  7.25510889 57.70755523 
  5.800000e-01  7.25510889 57.70701000 
  5.812500e-01  7.25510889 57.70646789 
  5.825000e-01  7.25510889 57.70592885 
  5.837500e-01  7.25510889 57.70539280 
  5.850000e-01  7.25510889 57.70485970 
  5.862500e-01  7.25510889 57.70432947 
  5.875000e-01  7.25510889 57.70380207 
  5.887500e-01  7.25510889 57.70327744 
  5.900000e-01  7.25510889 57.70275551 
  5.912500e-01  7.25510889 57.70223624 
  5.925000e-01  7.25510889 57.70171958 
  5.937500e-01  7.25510889 57.70120546 
  5.950000e-01  7.25510889 57.70069384 
  5.962500e-01  7.25510889 57.70018468 
  5.975000e-01  7.25510889 57.69967791 
  5.987500e-01  7.25510889 57.69917350 
  6.000000e-01  7.25510889 57.69867140 
  6.012500e-01  7.25510889 57.69817156 
  6.025000e-01  7.25510889 57.69767394 
  6.037500e-01  7.25510889 57.69717849 
  6.050000e-01  7.25510889 57.69668517 
  6.062500e-01  7.25510889 57.69619395 
  6.075000e-01  7.25510889 57.69570478 
  6.087500e-01  7.25510889 57.69521762 
  6.100000e-01  7.25510889 57.69473244 
  6.112500e-01  7.25510889 57.69424920 
  6.125000e-01  7.25510889 57.69376785 
  6.137500e-01  7.25510889 57.69328838 
  6.150000e-01  7.25510889 57.69281073 
  6.162500e-01  7.25510889 57.69233489 
  6.175000e-01  7.25510889 57.69186081 
  6.187500e-01  7.25510889 57.69138847 
  6.200000e-01  7.25510889 57.69091783 
  6.212500e-01  7.25510889 57.69044887 
  6.225000e-01  7.25510889 57.68998156 
  6.237500e-01  7.25510889 57.68951586 
  6.250000e-01  7.25510889 57.68905176 
  6.262500e-01  7.25510889 57.68858921 
  6.275000e-01  7.25510889 57.68812821 
  6.287500e-01  7.25510889 57.68766873 
  6.300000e-01  7.25510889 57.68721074 
  6.312500e-01  7.25510889 57.68675421 
  6.325000e-01  7.25510889 57.68629913 
  6.337500e-01  7.25510889 57.68584547 
  6.350000e-01  7.25510889 57.68539322 
  6.362500e-01  7.25510889 57.68494235 
  6.375000e-01  7.25510889 57.68449284 
  6.387500e-01  7.25510889 57.68404468 
  6.400000e-01  7.25510889 57.68359785 
  6.412500e-01  7.25510889 57.68315232 
  6.425000e-01  7.25510889 57.68270809 
  6.437500e-01  7.25510889 57.68226514 
  6.450000e-01  7.25510889 57.68182344 
  6.462500e-01  7.25510889 57.68138300 
  6.475000e-01  7.25510889 57.68094378 
  6.487500e-01  7.25510889 57.68050579 
  6.500000e-01  7.25510889 57.68006900 
  6.512500e-01  7.25510889 57.67963340 
  6.525000e-01  7.25510889 57.67919899 
  6.537500e-01  7.25510889 57.67876574 
  6.550000e-01  7.25510889 57.67833365 
  6.562500e-01  7.25510889 57.67790271 
  6.575000e-01  7.25510889 57.67747291 
  6.587500e-01  7.25510889 57.67704424 
  6.600000e-01  7.25510889 57.67661669 
  6.612500e-01  7.25510889 57.67619025 
  6.625000e-01  7.25510889 57.67576492 
  6.637500e-01  7.25510889 57.67534068 
  6.650000e-01  7.25510889 57.67491753 
  6.662500e-01  7.25510889 57.67449546 
  6.675000e-01  7.25510889 57.67407447 
  6.687500e-01  7.25510889 57.67365455 
  6.700000e-01  7.25510889 57.67323569 
  6.712500e-01  7.25510889 57.67281789 
  6.725000e-01  7.25510889 57.67240114 
  6.737500e-01  7.25510889 57.67198545 
  6.750000e-01  7.25510889 57.67157079 
  6.762500e-01  7.25510889 57.67115718 
  6.775000e-01  7.25510889 57.67074461 
  6.787500e-01  7.25510889 57.67033306 
  6.800000e-01  7.25510889 57.66992255 
  6.812500e-01  7.25510889 57.66951306 
  6.825000e-01  7.25510889 57.66910460 
  6.837500e-01  7.25510889 57.66869716 
  6.850000e-01  7.25510889 57.66829074 
  6.862500e-01  7.25510889 57.66788533 
  6.875000e-01  7.25510889 57.66748094 
  6.887500e-01  7.25510889 57.66707756 
  6.900000e-01  7.25510889 57.66667519 
  6.912500e-01  7.25510889 57.66627383 
  6.925000e-01  7.25510889 57.66587348 
  6.937500e-01  7.25510889 57.66547413 
  6.950000e-01  7.25510889 57.66507579 
  6.962500e-01  7.25510889 57.66467846 
  6.975000e-01  7.25510889 57.66428213 
  6.987500e-01  7.25510889 57.66388680 
  7.000000e-01  7.25510889 57.66349247 
  7.012500e-01  7.25510889 57.66309914 
  7.025000e-01  7.25510889 57.66270681 
  7.037500e-01  7.25510889 57.66231548 
  7.050000e-01  7.25510889 57.66192515 
  7.062500e-01  7.25510889 57.66153582 
  7.075000e-01  7.25510889 57.66114749 
  7.087500e-01  7.25510889 57.66076015 
  7.100000e-01  7.25510889 57.66037381 
  7.112500e-01  7.25510889 57.65998846 
  7.125000e-01  7.25510889 57.65960411 
  7.137500e-01  7.25510889 57.65922075 
  7.150000e-01  7.25510889 57.65883839 
  7.162500e-01  7.25510889 57.65845702 
  7.175000e-01  7.25510889 57.65807664 
  7.187500e-01  7.25510889 57.65769725 
  7.200000e-01  7.25510889 57.65731885 
  7.212500e-01  7.25510889 57.65694145 
  7.225000e-01  7.25510889 57.65656503 
  7.237500e-01  7.25510889 57.65618960 
  7.250000e-01  7.25510889 57.65581516 
  7.262500e-01  7.25510889 57.65544170 
  7.275000e-01  7.25510889 57.65506923 
  7.287500e-01  7.25510889 57.65469774 
  7.300000e-01  7.25510889 57.65432723 
  7.312500e-01  7.25510889 57.65395771 
  7.325000e-01  7.25510889 57.65358916 
  7.337500e-01  7.25510889 57.65322159 
  7.350000e-01  7.25510889 57.65285500 
  7.362500e-01  7.25510889 57.65248938 
  7.375000e-01  7.25510889 57.65212474 
  7.387500e-01  7.25510889 57.65176106 
  7.400000e-01  7.25510889 57.65139836 
  7.412500e-01  7.25510889 57.65103662 
  7.425000e-01  7.25510889 57.65067585 
  7.437500e-01  7.25510889 57.65031604 
  7.450000e-01  7.25510889 57.64995719 
  7.462500e-01  7.25510889 57.64959930 
  7.475000e-01  7.25510889 57.64924236 
  7.487500e-01  7.25510889 57.64888638 
  7.500000e-01  7.25510889 57.64853135 
  7.512500e-01  7.25510889 57.64817727 
  7.525000e-01  7.25510889 57.64782414 
  7.537500e-01  7.25510889 57.64747194 
  7.550000e-01  7.25510889 57.64712069 
  7.562500e-01  7.25510889 57.64677038 
  7.575000e-01  7.25510889 57.64642100 
  7.587500e-01  7.25510889 57.64607255 
  7.600000e-01  7.25510889 57.64572503 
  7.612500e-01  7.25510889 57.64537844 
  7.625000e-01  7.25510889 57.64503277 
  7.637500e-01  7.25510889 57.64468802 
  7.650000e-01  7.25510889 57.64434418 
  7.662500e-01  7.25510889 57.64400126 
  7.675000e-01  7.25510889 57.64365925 
  7.687500e-01  7.25510889 57.64331815 
  7.700000e-01  7.25510889 57.64297795 
  7.712500e-01  7.25510889 57.64263865 
  7.725000e-01  7.25510889 57.64230025 
  7.737500e-01  7.25510889 57.64196275 
  7.750000e-01  7.25510889 57.64162614 
  7.762500e-01  7.25510889 57.64129042 
  7.775000e-01  7.25510889 57.64095558 
  7.787500e-01  7.25510889 57.64062162 
  7.800000e-01  7.25510889 57.64028855 
  7.812500e-01  7.25510889 57.63995635 
  7.825000e-01  7.25510889 57.63962503 
  7.837500e-01  7.25510889 57.63929458 
  7.850000e-01  7.25510889 57.63896499 
  7.862500e-01  7.25510889 57.63863627 
  7.875000e-01  7.25510889 57.63830842 
  7.887500e-01  7.25510889 57.63798143 
  7.900000e-01  7.25510889 57.63765529 
  7.912500e-01  7.25510889 57.63733001 
  7.925000e-01  7.25510889 57.63700558 
  7.937500e-01  7.25510889 57.63668201 
  7.950000e-01  7.25510889 57.63635928 
  7.962500e-01  7.25510889 57.63603741 
  7.975000e-01  7.25510889 57.63571637 
  7.987500e-01  7.25510889 57.63539618 
  8.000000e-01  7.25510889 57.63507684 
  8.012500e-01  7.25510889 57.63475833 
  8.025000e-01  7.25510889 57.63444067 
  8.037500e-01  7.25510889 57.63412384 
  8.050000e-01  7.25510889 57.63380785 
  8.062500e-01  7.25510889 57.63349269 
  8.075000e-01  7.25510889 57.63317837 
  8.087500e-01  7.25510889 57.63286488 
  8.100000e-01  7.25510889 57.63255223 
  8.112500e-01  7.25510889 57.63224041 
  8.125000e-01  7.25510889 57.63192942 
  8.137500e-01  7.25510889 57.63161927 
  8.150000e-01  7.25510889 57.63130995 
  8.162500e-01  7.25510889 57.63100146 
  8.175000e-01  7.25510889 57.63069381 
  8.187500e-01  7.25510889 57.63038699 
  8.200000e-01  7.25510889 57.63008100 
  8.212500e-01  7.25510889 57.62977585 
  8.225000e-01  7.25510889 57.62947154 
  8.237500e-01  7.25510889 57.62916806 
  8.250000e-01  7.25510889 57.62886542 
  8.262500e-01  7.25510889 57.62856363 
  8.275000e-01  7.25510889 57.62826267 
  8.287500e-01  7.25510889 57.62796256 
  8.300000e-01  7.25510889 57.62766329 
  8.312500e-01  7.25510889 57.62736487 
  8.325000e-01  7.25510889 57.62706729 
  8.337500e-01  7.25510889 57.62677057 
  8.350000e-01  7.25510889 57.62647471 
  8.362500e-01  7.25510889 57.62617970 
  8.375000e-01  7.25510889 57.62588555 
  8.387500e-01  7.25510889 57.62559226 
  8.400000e-01  7.25510889 57.62529983 
  8.412500e-01  7.25510889 57.62500828 
  8.425000e-01  7.25510889 57.62471759 
  8.437500e-01  7.25510889 57.62442778 
  8.450000e-01  7.25510889 57.62413885 
  8.462500e-01  7.25510889 57.62385080 
  8.475000e-01  7.25510889 57.62356363 
  8.487500e-01  7.25510889 57.62327735 
  8.500000e-01  7.25510889 57.62299197 
  8.512500e-01  7.25510889 57.62270748 
  8.525000e-01  7.25510889 57.62242389 
  8.537500e-01  7.25510889 57.62214121 
  8.550000e-01  7.25510889 57.62185944 
  8.562500e-01  7.25510889 57.62157858 
  8.575000e-01  7.25510889 57.62129863 
  8.587500e-01  7.25510889 57.62101961 
  8.600000e-01  7.25510889 57.62074151 
  8.612500e-01  7.25510889 57.62046435 
  8.625000e-01  7.25510889 57.62018812 
  8.637500e-01  7.25510889 57.61991282 
  8.650000e-01  7.25510889 57.61963848 
  8.662500e-01  7.25510889 57.61936508 
  8.675000e-01  7.25510889 57.61909263 
  8.687500e-01  7.25510889 57.61882114 
  8.700000e-01  7.25510889 57.61855061 
  8.712500e-01  7.25510889 57.61828105 
  8.725000e-01  7.25510889 57.61801246 
  8.737500e-01  7.25510889 57.61774485 
  8.750000e-01  7.25510889 57.61747821 
  8.762500e-01  7.25510889 57.61721256 
  8.775000e-01  7.25510889 57.61694790 
  8.787500e-01  7.25510889 57.61668424 
  8.800000e-01  7.25510889 57.61642157 
  8.812500e-01  7.25510889 57.61615990 
  8.825000e-01  7.25510889 57.61589924 
  8.837500e-01  7.25510889 57.61563959 
  8.850000e-01  7.25510889 57.61538096 
  8.862500e-01  7.25510889 57.61512334 
  8.875000e-01  7.25510889 57.61486675 
  8.887500e-01  7.25510889 57.61461118 
  8.900000e-01  7.25510889 57.61435665 
  8.912500e-01  7.25510889 57.61410314 
  8.925000e-01  7.25510889 57.61385068 
  8.937500e-01  7.25510889 57.61359926 
  8.950000e-01  7.25510889 57.61334888 
  8.962500e-01  7.25510889 57.61309955 
  8.975000e-01  7.25510889 57.61285128 
  8.987500e-01  7.25510889 57.61260405 
  9.000000e-01  7.25510889 57.61235789 
  9.012500e-01  7.25510889 57.61211278 
  9.025000e-01  7.25510889 57.61186874 
  9.037500e-01  7.25510889 57.61162577 
  9.050000e-01  7.25510889 57.61138386 
  9.062500e-01  7.25510889 57.61114302 
  9.075000e-01  7.25510889 57.61090326 
  9.087500e-01  7.25510889 57.61066457 
  9.100000e-01  7.25510889 57.61042696 
  9.112500e-01  7.25510889 57.61019043 
  9.125000e-01  7.25510889 57.60995498 
  9.137500e-01  7.25510889 57.60972061 
  9.150000e-01  7.25510889 57.60948732 
  9.162500e-01  7.25510889 57.60925512 
  9.175000e-01  7.25510889 57.60902400 
  9.187500e-01  7.25510889 57.60879397 
  9.200000e-01  7.25510889 57.60856502 
  9.212500e-01  7.25510889 57.60833717 
  9.225000e-01  7.25510889 57.60811040 
  9.237500e-01  7.25510889 57.60788472 
  9.250000e-01  7.25510889 57.60766013 
  9.262500e-01  7.25510889 57.60743663 
  9.275000e-01  7.25510889 57.60721422 
  9.287500e-01  7.25510889 57.60699290 
  9.300000e-01  7.25510889 57.60677266 
  9.312500e-01  7.25510889 57.60655352 
  9.325000e-01  7.25510889 57.60633546 
  9.337500e-01  7.25510889 57.60611848 
  9.350000e-01  7.25510889 57.60590259 
  9.362500e-01  7.25510889 57.60568779 
  9.375000e-01  7.25510889 57.60547406 
  9.387500e-01  7.25510889 57.60526142 
  9.400000e-01  7.25510889 57.60504986 
  9.412500e-01  7.25510889 57.60483937 
  9.425000e-01  7.25510889 57.60462996 
  9.437500e-01  7.25510889 57.60442163 
  9.450000e-01  7.25510889 57.60421436 
  9.462500e-01  7.25510889 57.60400817 
  9.475000e-01  7.25510889 57.60380304 
  9.487500e-01  7.25510889 57.60359898 
  9.500000e-01  7.25510889 57.60339598 
  9.512500e-01  7.25510889 57.60319404 
  9.525000e-01  7.25510889 57.60299315 
  9.537500e-01  7.25510889 57.60279332 
  9.550000e-01  7.25510889 57.60259454 
  9.562500e-01  7.25510889 57.60239680 
  9.575000e-01  7.25510889 57.60220011 
  9.587500e-01  7.25510889 57.60200446 
  9.600000e-01  7.25510889 57.60180985 
  9.612500e-01  7.25510889 57.60161627 
  9.625000e-01  7.25510889 57.60142371 
  9.637500e-01  7.25510889 57.60123219 
  9.650000e-01  7.25510889 57.60104168 
  9.662500e-01  7.25510889 57.60085219 
  9.675000e-01  7.25510889 57.60066372 
  9.687500e-01  7.25510889 57.60047625 
  9.700000e-01  7.25510889 57.60028979 
  9.712500e-01  7.25510889 57.60010432 
  9.725000e-01  7.25510889 57.59991986 
  9.737500e-01  7.25510889 57.59973638 
  9.750000e-01  7.25510889 57.59955389 
  9.762500e-01  7.25510889 57.59937239 
  9.775000e-01  7.25510889 57.59919185 
  9.787500e-01  7.25510889 57.59901230 
  9.800000e-01  7.25510889 57.59883370 
  9.812500e-01  7.25510889 57.59865607 
  9.825000e-01  7.25510889 57.59847940 
  9.837500e-01  7.25510889 57.59830368 
  9.850000e-01  7.25510889 57.59812891 
  9.862500e-01  7.25510889 57.59795508 
  9.875000e-01  7.25510889 57.59778218 
  9.887500e-01  7.25510889 57.59761021 
  9.900000e-01  7.25510889 57.59743917 
  9.912500e-01  7.25510889 57.59726906 
  9.925000e-01  7.25510889 57.59709985 
  9.937500e-01  7.25510889 57.59693156 
  9.950000e-01  7.25510889 57.59676417 
  9.962500e-01  7.25510889 57.59659767 
  9.975000e-01  7.25510889 57.59643207 
  9.987500e-01  7.25510889 57.59626736 
  1.000000e+00  7.25510889 57.59610353 
  1.001250e+00  7.25510889 57.59594057 
  1.002500e+00  7.25510889 57.59577849 
  1.003750e+00  7.25510889 57.59561726 
  1.005000e+00  7.25510889 57.59545690 
  1.006250e+00  7.25510889 57.59529739 
  1.007500e+00  7.25510889 57.59513873 
  1.008750e+00  7.25510889 57.59498091 
  1.010000e+00  7.25510889 57.59482392 
  1.011250e+00  7.25510889 57.59466776 
  1.012500e+00  7.25510889 57.59451243 
  1.013750e+00  7.25510889 57.59435792 
  1.015000e+00  7.25510889 57.59420421 
  1.016250e+00  7.25510889 57.59405132 
  1.017500e+00  7.25510889 57.59389922 
  1.018750e+00  7.25510889 57.59374792 
  1.020000e+00  7.25510889 57.59359741 
  1.021250e+00  7.25510889 57.59344767 
  1.022500e+00  7.25510889 57.59329872 
  1.023750e+00  7.25510889 57.59315054 
  1.025000e+00  7.25510889 57.59300312 
  1.026250e+00  7.25510889 57.59285646 
  1.027500e+00  7.25510889 57.59271056 
  1.028750e+00  7.25510889 57.59256540 
  1.030000e+00  7.25510889 57.59242099 
  1.031250e+00  7.25510889 57.59227731 
  1.032500e+00  7.25510889 57.59213436 
  1.033750e+00  7.25510889 57.59199214 
  1.035000e+00  7.25510889 57.59185063 
  1.036250e+00  7.25510889 57.59170984 
  1.037500e+00  7.25510889 57.59156975 
  1.038750e+00  7.25510889 57.59143036 
  1.040000e+00  7.25510889 57.59129167 
  1.041250e+00  7.25510889 57.59115367 
  1.042500e+00  7.25510889 57.59101636 
  1.043750e+00  7.25510889 57.59087972 
  1.045000e+00  7.25510889 57.59074375 
  1.046250e+00  7.25510889 57.59060845 
  1.047500e+00  7.25510889 57.59047381 
  1.048750e+00  7.25510889 57.59033983 
  1.050000e+00  7.25510889 57.59020650 
  1.051250e+00  7.25510889 57.59007381 
  1.052500e+00  7.25510889 57.58994176 
  1.053750e+00  7.25510889 57.58981034 
  1.055000e+00  7.25510889 57.58967955 
  1.056250e+00  7.25510889 57.58954939 
  1.057500e+00  7.25510889 57.58941984 
  1.058750e+00  7.25510889 57.58929090 
  1.060000e+00  7.25510889 57.58916256 
  1.061250e+00  7.25510889 57.58903483 
  1.062500e+00  7.25510889 57.58890769 
  1.063750e+00  7.25510889 57.58878114 
  1.065000e+00  7.25510889 57.58865517 
  1.066250e+00  7.25510889 57.58852978 
  1.067500e+00  7.25510889 57.58840497 
  1.068750e+00  7.25510889 57.58828072 
  1.070000e+00  7.25510889 57.58815703 
  1.071250e+00  7.25510889 57.58803391 
  1.072500e+00  7.25510889 57.58791133 
  1.073750e+00  7.25510889 57.58778930 
  1.075000e+00  7.25510889 57.58766781 
  1.076250e+00  7.25510889 57.58754686 
  1.077500e+00  7.25510889 57.58742644 
  1.078750e+00  7.25510889 57.58730655 
  1.080000e+00  7.25510889 57.58718717 
  1.081250e+00  7.25510889 57.58706832 
  1.082500e+00  7.25510889 57.58694997 
  1.083750e+00  7.25510889 57.58683213 
  1.085000e+00  7.25510889 57.58671479 
  1.086250e+00  7.25510889 57.58659794 
  1.087500e+00  7.25510889 57.58648159 
  1.088750e+00  7.25510889 57.58636572 
  1.090000e+00  7.25510889 57.58625033 
  1.091250e+00  7.25510889 57.58613542 
  1.092500e+00  7.25510889 57.58602098 
  1.093750e+00  7.25510889 57.58590701 
  1.095000e+00  7.25510889 57.58579350 
  1.096250e+00  7.25510889 57.58568044 
  1.097500e+00  7.25510889 57.58556783 
  1.098750e+00  7.25510889 57.58545568 
  1.100000e+00  7.25510889 57.58534396 
  1.101250e+00  7.25510889 57.58523268 
  1.102500e+00  7.25510889 57.58512184 
  1.103750e+00  7.25510889 57.58501142 
  1.105000e+00  7.25510889 57.58490143 
  1.106250e+00  7.25510889 57.58479186 
  1.107500e+00  7.25510889 57.58468270 
  1.108750e+00  7.25510889 57.58457395 
  1.110000e+00  7.25510889 57.58446560 
  1.111250e+00  7.25510889 57.58435766 
  1.112500e+00  7.25510889 57.58425011 
  1.113750e+00  7.25510889 57.58414296 
  1.115000e+00  7.25510889 57.58403619 
  1.116250e+00  7.25510889 57.58392980 
  1.117500e+00  7.25510889 57.58382379 
  1.118750e+00  7.25510889 57.58371816 
  1.120000e+00  7.25510889 57.58361290 
  1.121250e+00  7.25510889 57.58350800 
  1.122500e+00  7.25510889 57.58340346 
  1.123750e+00  7.25510889 57.58329928 
  1.125000e+00  7.25510889 57.58319545 
  1.126250e+00  7.25510889 57.58309197 
  1.127500e+00  7.25510889 57.58298884 
  1.128750e+00  7.25510889 57.58288604 
  1.130000e+00  7.25510889 57.58278358 
  1.131250e+00  7.25510889 57.58268145 
  1.132500e+00  7.25510889 57.58257965 
  1.133750e+00  7.25510889 57.58247817 
  1.135000e+00  7.25510889 57.58237701 
  1.136250e+00  7.25510889 57.58227616 
  1.137500e+00  7.25510889 57.58217562 
  1.138750e+00  7.25510889 57.58207540 
  1.140000e+00  7.25510889 57.58197547 
  1.141250e+00  7.25510889 57.58187585 
  1.142500e+00  7.25510889 57.58177651 
  1.143750e+00  7.25510889 57.58167747 
  1.145000e+00  7.25510889 57.58157872 
  1.146250e+00  7.25510889 57.58148025 
  1.147500e+00  7.25510889 57.58138206 
  1.148750e+00  7.25510889 57.58128414 
  1.150000e+00  7.25510889 57.58118650 
  1.151250e+00  7.25510889 57.58108912 
  1.152500e+00  7.25510889 57.58099201 
  1.153750e+00  7.25510889 57.58089516 
  1.155000e+00  7.25510889 57.58079856 
  1.156250e+00  7.25510889 57.58070222 
  1.157500e+00  7.25510889 57.58060613 
  1.158750e+00  7.25510889 57.58051028 
  1.160000e+00  7.25510889 57.58041467 
  1.161250e+00  7.25510889 57.58031930 
  1.162500e+00  7.25510889 57.58022417 
  1.163750e+00  7.25510889 57.58012927 
  1.165000e+00  7.25510889 57.58003459 
  1.166250e+00  7.25510889 57.57994014 
  1.167500e+00  7.25510889 57.57984591 
  1.168750e+00  7.25510889 57.57975190 
  1.170000e+00  7.25510889 57.57965810 
  1.171250e+00  7.25510889 57.57956451 
  1.172500e+00  7.25510889 57.57947112 
  1.173750e+00  7.25510889 57.57937794 
  1.175000e+00  7.25510889 57.57928496 
  1.176250e+00  7.25510889 57.57919218 
  1.177500e+00  7.25510889 57.57909959 
  1.178750e+00  7.25510889 57.57900719 
  1.180000e+00  7.25510889 57.57891498 
  1.181250e+00  7.25510889 57.57882295 
  1.182500e+00  7.25510889 57.57873110 
  1.183750e+00  7.25510889 57.57863943 
  1.185000e+00  7.25510889 57.57854794 
  1.186250e+00  7.25510889 57.57845661 
  1.187500e+00  7.25510889 57.57836545 
  1.188750e+00  7.25510889 57.57827446 
  1.190000e+00  7.25510889 57.57818363 
  1.191250e+00  7.25510889 57.57809296 
  1.192500e+00  7.25510889 57.57800244 
  1.193750e+00  7.25510889 57.57791208 
  1.195000e+00  7.25510889 57.57782187 
  1.196250e+00  7.25510889 57.57773180 
  1.197500e+00  7.25510889 57.57764188 
  1.198750e+00  7.25510889 57.57755210 
  1.200000e+00  7.25510889 57.57746246 
  1.201250e+00  7.25510889 57.57737295 
  1.202500e+00  7.25510889 57.57728358 
  1.203750e+00  7.25510889 57.57719434 
  1.205000e+00  7.25510889 57.57710523 
  1.206250e+00  7.25510889 57.57701624 
  1.207500e+00  7.25510889 57.57692737 
  1.208750e+00  7.25510889 57.57683863 
  1.210000e+00  7.25510889 57.57675000 
  1.211250e+00  7.25510889 57.57666148 
  1.212500e+00  7.25510889 57.57657308 
  1.213750e+00  7.25510889 57.57648479 
  1.215000e+00  7.25510889 57.57639661 
  1.216250e+00  7.25510889 57.57630853 
  1.217500e+00  7.25510889 57.57622055 
  1.218750e+00  7.25510889 57.57613268 
  1.220000e+00  7.25510889 57.57604490 
  1.221250e+00  7.25510889 57.57595722 
  1.222500e+00  7.25510889 57.57586963 
  1.223750e+00  7.25510889 57.57578213 
  1.225000e+00  7.25510889 57.57569473 
  1.226250e+00  7.25510889 57.57560741 
  1.227500e+00  7.25510889 57.57552017 
  1.228750e+00  7.25510889 57.57543302 
  1.230000e+00  7.25510889 57.57534595 
  1.231250e+00  7.25510889 57.57525896 
  1.232500e+00  7.25510889 57.57517205 
  1.233750e+00  7.25510889 57.57508521 
  1.235000e+00  7.25510889 57.57499844 
  1.236250e+00  7.25510889 57.57491175 
  1.237500e+00  7.25510889 57.57482512 
  1.238750e+00  7.25510889 57.57473857 
  1.240000e+00  7.25510889 57.57465208 
  1.241250e+00  7.25510889 57.57456565 
  1.242500e+00  7.25510889 57.57447929 
  1.243750e+00  7.25510889 57.57439299 
  1.245000e+00  7.25510889 57.57430675 
  1.246250e+00  7.25510889 57.57422057 
  1.247500e+00  7.25510889 57.57413444 
  1.248750e+00  7.25510889 57.57404837 
  1.250000e+00  7.25510889 57.57396235 
  1.251250e+00  7.25510889 57.57387639 
  1.252500e+00  7.25510889 57.57379048 
  1.253750e+00  7.25510889 57.57370462 
  1.255000e+00  7.25510889 57.57361881 
  1.256250e+00  7.25510889 57.57353304 
  1.257500e+00  7.25510889 57.57344732 
  1.258750e+00  7.25510889 57.57336165 
  1.260000e+00  7.25510889 57.57327602 
  1.261250e+00  7.25510889 57.57319044 
  1.262500e+00  7.25510889 57.57310490 
  1.263750e+00  7.25510889 57.57301940 
  1.265000e+00  7.25510889 57.57293394 
  1.266250e+00  7.25510889 57.57284852 
  1.267500e+00  7.25510889 57.57276314 
  1.268750e+00  7.25510889 57.57267779 
  1.270000e+00  7.25510889 57.57259249 
  1.271250e+00  7.25510889 57.57250722 
  1.272500e+00  7.25510889 57.57242199 
  1.273750e+00  7.25510889 57.57233679 
  1.275000e+00  7.25510889 57.57225163 
  1.276250e+00  7.25510889 57.57216651 
  1.277500e+00  7.25510889 57.57208141 
  1.278750e+00  7.25510889 57.57199636 
  1.280000e+00  7.25510889 57.57191133 
  1.281250e+00  7.25510889 57.57182634 
  1.282500e+00  7.25510889 57.57174138 
  1.283750e+00  7.25510889 57.57165646 
  1.285000e+00  7.25510889 57.57157157 
  1.286250e+00  7.25510889 57.57148671 
  1.287500e+00  7.25510889 57.57140188 
  1.288750e+00  7.25510889 57.57131708 
  1.290000e+00  7.25510889 57.57123232 
  1.291250e+00  7.25510889 57.57114759 
  1.292500e+00  7.25510889 57.57106289 
  1.293750e+00  7.25510889 57.57097822 
  1.295000e+00  7.25510889 57.57089359 
  1.296250e+00  7.25510889 57.57080899 
  1.297500e+00  7.25510889 57.57072442 
  1.298750e+00  7.25510889 57.57063989 
  1.300000e+00  7.25510889 57.57055539 
  1.301250e+00  7.25510889 57.57047092 
  1.302500e+00  7.25510889 57.57038649 
  1.303750e+00  7.25510889 57.57030209 
  1.305000e+00  7.25510889 57.57021773 
  1.306250e+00  7.25510889 57.57013341 
  1.307500e+00  7.25510889 57.57004912 
  1.308750e+00  7.25510889 57.56996487 
  1.310000e+00  7.25510889 57.56988066 
  1.311250e+00  7.25510889 57.56979649 
  1.312500e+00  7.25510889 57.56971235 
  1.313750e+00  7.25510889 57.56962826 
  1.315000e+00  7.25510889 57.56954421 
  1.316250e+00  7.25510889 57.56946020 
  1.317500e+00  7.25510889 57.56937623 
  1.318750e+00  7.25510889 57.56929231 
  1.320000e+00  7.25510889 57.56920843 
  1.321250e+00  7.25510889 57.56912460 
  1.322500e+00  7.25510889 57.56904081 
  1.323750e+00  7.25510889 57.56895708 
  1.325000e+00  7.25510889 57.56887339 
  1.326250e+00  7.25510889 57.56878975 
  1.327500e+00  7.25510889 57.56870617 
  1.328750e+00  7.25510889 57.56862264 
  1.330000e+00  7.25510889 57.56853916 
  1.331250e+00  7.25510889 57.56845573 
  1.332500e+00  7.25510889 57.56837237 
  1.333750e+00  7.25510889 57.56828906 
  1.335000e+00  7.25510889 57.56820581 
  1.336250e+00  7.25510889 57.56812263 
  1.337500e+00  7.25510889 57.56803950 
  1.338750e+00  7.25510889 57.56795644 
  1.340000e+00  7.25510889 57.56787345 
  1.341250e+00  7.25510889 57.56779052 
  1.342500e+00  7.25510889 57.56770766 
  1.343750e+00  7.25510889 57.56762487 
  1.345000e+00  7.25510889 57.56754216 
  1.346250e+00  7.25510889 57.56745952 
  1.347500e+00  7.25510889 57.56737695 
  1.348750e+00  7.25510889 57.56729446 
  1.350000e+00  7.25510889 57.56721205 
  1.351250e+00  7.25510889 57.56712972 
  1.352500e+00  7.25510889 57.56704747 
  1.353750e+00  7.25510889 57.56696530 
  1.355000e+00  7.25510889 57.56688322 
  1.356250e+00  7.25510889 57.56680123 
  1.357500e+00  7.25510889 57.56671933 
  1.358750e+00  7.25510889 57.56663752 
  1.360000e+00  7.25510889 57.56655580 
  1.361250e+00  7.25510889 57.56647418 
  1.362500e+00  7.25510889 57.56639266 
  1.363750e+00  7.25510889 57.56631123 
  1.365000e+00  7.25510889 57.56622991 
  1.366250e+00  7.25510889 57.56614869 
  1.367500e+00  7.25510889 57.56606757 
  1.368750e+00  7.25510889 57.56598656 
  1.370000e+00  7.25510889 57.56590566 
  1.371250e+00  7.25510889 57.56582487 
  1.372500e+00  7.25510889 57.56574420 
  1.373750e+00  7.25510889 57.56566363 
  1.375000e+00  7.25510889 57.56558319 
  1.376250e+00  7.25510889 57.56550287 
  1.377500e+00  7.25510889 57.56542266 
  1.378750e+00  7.25510889 57.56534258 
  1.380000e+00  7.25510889 57.56526263 
  1.381250e+00  7.25510889 57.56518280 
  1.382500e+00  7.25510889 57.56510310 
  1.383750e+00  7.25510889 57.56502353 
  1.385000e+00  7.25510889 57.56494410 
  1.386250e+00  7.25510889 57.56486480 
  1.387500e+00  7.25510889 57.56478564 
  1.388750e+00  7.25510889 57.56470662 
  1.390000e+00  7.25510889 57.56462774 
  1.391250e+00  7.25510889 57.56454901 
  1.392500e+00  7.25510889 57.56447042 
  1.393750e+00  7.25510889 57.56439198 
  1.395000e+00  7.25510889 57.56431369 
  1.396250e+00  7.25510889 57.56423555 
  1.397500e+00  7.25510889 57.56415756 
  1.398750e+00  7.25510889 57.56407973 
  1.400000e+00  7.25510889 57.56400206 
  1.401250e+00  7.25510889 57.56392455 
  1.402500e+00  7.25510889 57.56384720 
  1.403750e+00  7.25510889 57.56377002 
  1.405000e+00  7.25510889 57.56369300 
  1.406250e+00  7.25510889 57.56361615 
  1.407500e+00  7.25510889 57.56353947 
  1.408750e+00  7.25510889 57.56346296 
  1.410000e+00  7.25510889 57.56338663 
  1.411250e+00  7.25510889 57.56331047 
  1.412500e+00  7.25510889 57.56323449 
  1.413750e+00  7.25510889 57.56315868 
  1.415000e+00  7.25510889 57.56308306 
  1.416250e+00  7.25510889 57.56300763 
  1.417500e+00  7.25510889 57.56293238 
  1.418750e+00  7.25510889 57.56285731 
  1.420000e+00  7.25510889 57.56278244 
  1.421250e+00  7.25510889 57.56270775 
  1.422500e+00  7.25510889 57.56263326 
  1.423750e+00  7.25510889 57.56255896 
  1.425000e+00  7.25510889 57.56248486 
  1.426250e+00  7.25510889 57.56241095 
  1.427500e+00  7.25510889 57.56233724 
  1.428750e+00  7.25510889 57.56226374 
  1.430000e+00  7.25510889 57.56219044 
  1.431250e+00  7.25510889 57.56211734 
  1.432500e+00  7.25510889 57.56204444 
  1.433750e+00  7.25510889 57.56197176 
  1.435000e+00  7.25510889 57.56189928 
  1.436250e+00  7.25510889 57.56182701 
  1.437500e+00  7.25510889 57.56175496 
  1.438750e+00  7.25510889 57.56168312 
  1.440000e+00  7.25510889 57.56161149 
  1.441250e+00  7.25510889 57.56154008 
  1.442500e+00  7.25510889 57.56146889 
  1.443750e+00  7.25510889 57.56139791 
  1.445000e+00  7.25510889 57.56132716 
  1.446250e+00  7.25510889 57.56125663 
  1.447500e+00  7.25510889 57.56118632 
  1.448750e+00  7.25510889 57.56111623 
  1.450000e+00  7.25510889 57.56104637 
  1.451250e+00  7.25510889 57.56097674 
  1.452500e+00  7.25510889 57.56090734 
  1.453750e+00  7.25510889 57.56083816 
  1.455000e+00  7.25510889 57.56076921 
  1.456250e+00  7.25510889 57.56070050 
  1.457500e+00  7.25510889 57.56063202 
  1.458750e+00  7.25510889 57.56056377 
  1.460000e+00  7.25510889 57.56049576 
  1.461250e+00  7.25510889 57.56042798 
  1.462500e+00  7.25510889 57.56036044 
  1.463750e+00  7.25510889 57.56029313 
  1.465000e+00  7.25510889 57.56022607 
  1.466250e+00  7.25510889 57.56015924 
  1.467500e+00  7.25510889 57.56009265 
  1.468750e+00  7.25510889 57.56002631 
  1.470000e+00  7.25510889 57.55996020 
  1.471250e+00  7.25510889 57.55989434 
  1.472500e+00  7.25510889 57.55982872 
  1.473750e+00  7.25510889 57.55976335 
  1.475000e+00  7.25510889 57.55969822 
  1.476250e+00  7.25510889 57.55963333 
  1.477500e+00  7.25510889 57.55956870 
  1.478750e+00  7.25510889 57.55950430 
  1.480000e+00  7.25510889 57.55944016 
  1.481250e+00  7.25510889 57.55937626 
  1.482500e+00  7.25510889 57.55931261 
  1.483750e+00  7.25510889 57.55924921 
  1.485000e+00  7.25510889 57.55918606 
  1.486250e+00  7.25510889 57.55912316 
  1.487500e+00  7.25510889 57.55906051 
  1.488750e+00  7.25510889 57.55899811 
  1.490000e+00  7.25510889 57.55893596 
  1.491250e+00  7.25510889 57.55887406 
  1.492500e+00  7.25510889 57.55881241 
  1.493750e+00  7.25510889 57.55875101 
  1.495000e+00  7.25510889 57.55868987 
  1.496250e+00  7.25510889 57.55862898 
  1.497500e+00  7.25510889 57.55856834 
  1.498750e+00  7.25510889 57.55850795 
  1.500000e+00  7.25510889 57.55844781 
  1.501250e+00  7.25510889 57.55838793 
  1.502500e+00  7.25510889 57.55832830 
  1.503750e+00  7.25510889 57.55826893 
  1.505000e+00  7.25510889 57.55820980 
  1.506250e+00  7.25510889 57.55815093 
  1.507500e+00  7.25510889 57.55809232 
  1.508750e+00  7.25510889 57.55803395 
  1.510000e+00  7.25510889 57.55797584 
  1.511250e+00  7.25510889 57.55791799 
  1.512500e+00  7.25510889 57.55786038 
  1.513750e+00  7.25510889 57.55780303 
  1.515000e+00  7.25510889 57.55774593 
  1.516250e+00  7.25510889 57.55768908 
  1.517500e+00  7.25510889 57.55763249 
  1.518750e+00  7.25510889 57.55757614 
  1.520000e+00  7.25510889 57.55752005 
  1.521250e+00  7.25510889 57.55746421 
  1.522500e+00  7.25510889 57.55740862 
  1.523750e+00  7.25510889 57.55735329 
  1.525000e+00  7.25510889 57.55729820 
  1.526250e+00  7.25510889 57.55724336 
  1.527500e+00  7.25510889 57.55718878 
  1.528750e+00  7.25510889 57.55713444 
  1.530000e+00  7.25510889 57.55708035 
  1.531250e+00  7.25510889 57.55702651 
  1.532500e+00  7.25510889 57.55697292 
  1.533750e+00  7.25510889 57.55691958 
  1.535000e+00  7.25510889 57.55686649 
  1.536250e+00  7.25510889 57.55681364 
  1.537500e+00  7.25510889 57.55676104 
  1.538750e+00  7.25510889 57.55670868 
  1.540000e+00  7.25510889 57.55665657 
  1.541250e+00  7.25510889 57.55660471 
  1.542500e+00  7.25510889 57.55655309 
  1.543750e+00  7.25510889 57.55650171 
  1.545000e+00  7.25510889 57.55645057 
  1.546250e+00  7.25510889 57.55639968 
  1.547500e+00  7.25510889 57.55634903 
  1.548750e+00  7.25510889 57.55629862 
  1.550000e+00  7.25510889 57.55624846 
  1.551250e+00  7.25510889 57.55619853 
  1.552500e+00  7.25510889 57.55614884 
  1.553750e+00  7.25510889 57.55609939 
  1.555000e+00  7.25510889 57.55605018 
  1.556250e+00  7.25510889 57.55600120 
  1.557500e+00  7.25510889 57.55595246 
  1.558750e+00  7.25510889 57.55590396 
  1.560000e+00  7.25510889 57.55585569 
  1.561250e+00  7.25510889 57.55580765 
  1.562500e+00  7.25510889 57.55575985 
  1.563750e+00  7.25510889 57.55571228 
  1.565000e+00  7.25510889 57.55566494 
  1.566250e+00  7.25510889 57.55561783 
  1.567500e+00  7.25510889 57.55557096 
  1.568750e+00  7.25510889 57.55552431 
  1.570000e+00  7.25510889 57.55547789 
  1.571250e+00  7.25510889 57.55543169 
  1.572500e+00  7.25510889 57.55538573 
  1.573750e+00  7.25510889 57.55533998 
  1.575000e+00  7.25510889 57.55529447 
  1.576250e+00  7.25510889 57.55524917 
  1.577500e+00  7.25510889 57.55520410 
  1.578750e+00  7.25510889 57.55515925 
  1.580000e+00  7.25510889 57.55511462 
  1.581250e+00  7.25510889 57.55507022 
  1.582500e+00  7.25510889 57.55502603 
  1.583750e+00  7.25510889 57.55498206 
  1.585000e+00  7.25510889 57.55493830 
  1.586250e+00  7.25510889 57.55489476 
  1.587500e+00  7.25510889 57.55485144 
  1.588750e+00  7.25510889 57.55480833 
  1.590000e+00  7.25510889 57.55476543 
  1.591250e+00  7.25510889 57.55472275 
  1.592500e+00  7.25510889 57.55468027 
  1.593750e+00  7.25510889 57.55463801 
  1.595000e+00  7.25510889 57.55459596 
  1.596250e+00  7.25510889 57.55455411 
  1.597500e+00  7.25510889 57.55451247 
  1.598750e+00  7.25510889 57.55447104 
  1.600000e+00  7.25510889 57.55442981 
  1.601250e+00  7.25510889 57.55438878 
  1.602500e+00  7.25510889 57.55434796 
  1.603750e+00  7.25510889 57.55430734 
  1.605000e+00  7.25510889 57.55426692 
  1.606250e+00  7.25510889 57.55422669 
  1.607500e+00  7.25510889 57.55418667 
  1.608750e+00  7.25510889 57.55414685 
  1.610000e+00  7.25510889 57.55410722 
  1.611250e+00  7.25510889 57.55406778 
  1.612500e+00  7.25510889 57.55402854 
  1.613750e+00  7.25510889 57.55398950 
  1.615000e+00  7.25510889 57.55395064 
  1.616250e+00  7.25510889 57.55391198 
  1.617500e+00  7.25510889 57.55387350 
  1.618750e+00  7.25510889 57.55383522 
  1.620000e+00  7.25510889 57.55379712 
  1.621250e+00  7.25510889 57.55375921 
  1.622500e+00  7.25510889 57.55372148 
  1.623750e+00  7.25510889 57.55368394 
  1.625000e+00  7.25510889 57.55364658 
  1.626250e+00  7.25510889 57.55360940 
  1.627500e+00  7.25510889 57.55357241 
  1.628750e+00  7.25510889 57.55353559 
  1.630000e+00  7.25510889 57.55349895 
  1.631250e+00  7.25510889 57.55346249 
  1.632500e+00  7.25510889 57.55342621 
  1.633750e+00  7.25510889 57.55339010 
  1.635000e+00  7.25510889 57.55335416 
  1.636250e+00  7.25510889 57.55331840 
  1.637500e+00  7.25510889 57.55328281 
  1.638750e+00  7.25510889 57.55324740 
  1.640000e+00  7.25510889 57.55321215 
  1.641250e+00  7.25510889 57.55317707 
  1.642500e+00  7.25510889 57.55314215 
  1.643750e+00  7.25510889 57.55310741 
  1.645000e+00  7.25510889 57.55307283 
  1.646250e+00  7.25510889 57.55303841 
  1.647500e+00  7.25510889 57.55300416 
  1.648750e+00  7.25510889 57.55297006 
  1.650000e+00  7.25510889 57.55293613 
  1.651250e+00  7.25510889 57.55290236 
  1.652500e+00  7.25510889 57.55286875 
  1.653750e+00  7.25510889 57.55283529 
  1.655000e+00  7.25510889 57.55280199 
  1.656250e+00  7.25510889 57.55276885 
  1.657500e+00  7.25510889 57.55273586 
  1.658750e+00  7.25510889 57.55270303 
  1.660000e+00  7.25510889 57.55267034 
  1.661250e+00  7.25510889 57.55263781 
  1.662500e+00  7.25510889 57.55260542 
  1.663750e+00  7.25510889 57.55257319 
  1.665000e+00  7.25510889 57.55254110 
  1.666250e+00  7.25510889 57.55250916 
  1.667500e+00  7.25510889 57.55247737 
  1.668750e+00  7.25510889 57.55244572 
  1.670000e+00  7.25510889 57.55241421 
  1.671250e+00  7.25510889 57.55238284 
  1.672500e+00  7.25510889 57.55235162 
  1.673750e+00  7.25510889 57.55232053 
  1.675000e+00  7.25510889 57.55228959 
  1.676250e+00  7.25510889 57.55225878 
  1.677500e+00  7.25510889 57.55222811 
  1.678750e+00  7.25510889 57.55219757 
  1.680000e+00  7.25510889 57.55216717 
  1.681250e+00  7.25510889 57.55213691 
  1.682500e+00  7.25510889 57.55210677 
  1.683750e+00  7.25510889 57.55207677 
  1.685000e+00  7.25510889 57.55204690 
  1.686250e+00  7.25510889 57.55201716 
  1.687500e+00  7.25510889 57.55198754 
  1.688750e+00  7.25510889 57.55195806 
  1.690000e+00  7.25510889 57.55192870 
  1.691250e+00  7.25510889 57.55189946 
  1.692500e+00  7.25510889 57.55187035 
  1.693750e+00  7.25510889 57.55184136 
  1.695000e+00  7.25510889 57.55181250 
  1.696250e+00  7.25510889 57.55178375 
  1.697500e+00  7.25510889 57.55175513 
  1.698750e+00  7.25510889 57.55172662 
  1.700000e+00  7.25510889 57.55169824 
  1.701250e+00  7.25510889 57.55166997 
  1.702500e+00  7.25510889 57.55164181 
  1.703750e+00  7.25510889 57.55161378 
  1.705000e+00  7.25510889 57.55158585 
  1.706250e+00  7.25510889 57.55155804 
  1.707500e+00  7.25510889 57.55153034 
  1.708750e+00  7.25510889 57.55150275 
  1.710000e+00  7.25510889 57.55147528 
  1.711250e+00  7.25510889 57.55144791 
  1.712500e+00  7.25510889 57.55142065 
  1.713750e+00  7.25510889 57.55139350 
  1.715000e+00  7.25510889 57.55136645 
  1.716250e+00  7.25510889 57.55133951 
  1.717500e+00  7.25510889 57.55131267 
  1.718750e+00  7.25510889 57.55128594 
  1.720000e+00  7.25510889 57.55125931 
  1.721250e+00  7.25510889 57.55123278 
  1.722500e+00  7.25510889 57.55120635 
  1.723750e+00  7.25510889 57.55118002 
  1.725000e+00  7.25510889 57.55115379 
  1.726250e+00  7.25510889 57.55112766 
  1.727500e+00  7.25510889 57.55110163 
  1.728750e+00  7.25510889 57.55107569 
  1.730000e+00  7.25510889 57.55104985 
  1.731250e+00  7.25510889 57.55102410 
  1.732500e+00  7.25510889 57.55099844 
  1.733750e+00  7.25510889 57.55097288 
  1.735000e+00  7.25510889 57.55094740 
  1.736250e+00  7.25510889 57.55092202 
  1.737500e+00  7.25510889 57.55089673 
  1.738750e+00  7.25510889 57.55087153 
  1.740000e+00  7.25510889 57.55084641 
  1.741250e+00  7.25510889 57.55082138 
  1.742500e+00  7.25510889 57.55079644 
  1.743750e+00  7.25510889 57.55077159 
  1.745000e+00  7.25510889 57.55074681 
  1.746250e+00  7.25510889 57.55072213 
  1.747500e+00  7.25510889 57.55069752 
  1.748750e+00  7.25510889 57.55067300 
  1.750000e+00  7.25510889 57.55064856 
  1.751250e+00  7.25510889 57.55062419 
  1.752500e+00  7.25510889 57.55059991 
  1.753750e+00  7.25510889 57.55057571 
  1.755000e+00  7.25510889 57.55055158 
  1.756250e+00  7.25510889 57.55052753 
  1.757500e+00  7.25510889 57.55050356 
  1.758750e+00  7.25510889 57.55047966 
  1.760000e+00  7.25510889 57.55045583 
  1.761250e+00  7.25510889 57.55043208 
  1.762500e+00  7.25510889 57.55040841 
  1.763750e+00  7.25510889 57.55038480 
  1.765000e+00  7.25510889 57.55036127 
  1.766250e+00  7.25510889 57.55033781 
  1.767500e+00  7.25510889 57.55031441 
  1.768750e+00  7.25510889 57.55029109 
  1.770000e+00  7.25510889 57.55026783 
  1.771250e+00  7.25510889 57.55024464 
  1.772500e+00  7.25510889 57.55022152 
  1.773750e+00  7.25510889 57.55019846 
  1.775000e+00  7.25510889 57.55017547 
  1.776250e+00  7.25510889 57.55015254 
  1.777500e+00  7.25510889 57.55012968 
  1.778750e+00  7.25510889 57.55010688 
  1.780000e+00  7.25510889 57.55008414 
  1.781250e+00  7.25510889 57.55006147 
  1.782500e+00  7.25510889 57.55003885 
  1.783750e+00  7.25510889 57.55001629 
  1.785000e+00  7.25510889 57.54999379 
  1.786250e+00  7.25510889 57.54997136 
  1.787500e+00  7.25510889 57.54994897 
  1.788750e+00  7.25510889 57.54992665 
  1.790000e+00  7.25510889 57.54990438 
  1.791250e+00  7.25510889 57.54988217 
  1.792500e+00  7.25510889 57.54986001 
  1.793750e+00  7.25510889 57.54983791 
  1.795000e+00  7.25510889 57.54981586 
  1.796250e+00  7.25510889 57.54979387 
  1.797500e+00  7.25510889 57.54977192 
  1.798750e+00  7.25510889 57.54975003 
  1.800000e+00  7.25510889 57.54972819 
  1.801250e+00  7.25510889 57.54970640 
  1.802500e+00  7.25510889 57.54968465 
  1.803750e+00  7.25510889 57.54966296 
  1.805000e+00  7.25510889 57.54964132 
  1.806250e+00  7.25510889 57.54961972 
  1.807500e+00  7.25510889 57.54959817 
  1.808750e+00  7.25510889 57.54957666 
  1.810000e+00  7.25510889 57.54955521 
  1.811250e+00  7.25510889 57.54953379 
  1.812500e+00  7.25510889 57.54951242 
  1.813750e+00  7.25510889 57.54949110 
  1.815000e+00  7.25510889 57.54946981 
  1.816250e+00  7.25510889 57.54944857 
  1.817500e+00  7.25510889 57.54942738 
  1.818750e+00  7.25510889 57.54940622 
  1.820000e+00  7.25510889 57.54938510 
  1.821250e+00  7.25510889 57.54936403 
  1.822500e+00  7.25510889 57.54934299 
  1.823750e+00  7.25510889 57.54932199 
  1.825000e+00  7.25510889 57.54930103 
  1.826250e+00  7.25510889 57.54928011 
  1.827500e+00  7.25510889 57.54925923 
  1.828750e+00  7.25510889 57.54923838 
  1.830000e+00  7.25510889 57.54921757 
  1.831250e+00  7.25510889 57.54919679 
  1.832500e+00  7.25510889 57.54917605 
  1.833750e+00  7.25510889 57.54915534 
  1.835000e+00  7.25510889 57.54913467 
  1.836250e+00  7.25510889 57.54911403 
  1.837500e+00  7.25510889 57.54909342 
  1.838750e+00  7.25510889 57.54907284 
  1.840000e+00  7.25510889 57.54905230 
  1.841250e+00  7.25510889 57.54903178 
  1.842500e+00  7.25510889 57.54901130 
  1.843750e+00  7.25510889 57.54899085 
  1.845000e+00  7.25510889 57.54897042 
  1.846250e+00  7.25510889 57.54895003 
  1.847500e+00  7.25510889 57.54892966 
  1.848750e+00  7.25510889 57.54890932 
  1.850000e+00  7.25510889 57.54888901 
  1.851250e+00  7.25510889 57.54886873 
  1.852500e+00  7.25510889 57.54884847 
  1.853750e+00  7.25510889 57.54882823 
  1.855000e+00  7.25510889 57.54880803 
  1.856250e+00  7.25510889 57.54878784 
  1.857500e+00  7.25510889 57.54876768 
  1.858750e+00  7.25510889 57.54874755 
  1.860000e+00  7.25510889 57.54872744 
  1.861250e+00  7.25510889 57.54870735 
  1.862500e+00  7.25510889 57.54868728 
  1.863750e+00  7.25510889 57.54866724 
  1.865000e+00  7.25510889 57.54864721 
  1.866250e+00  7.25510889 57.54862721 
  1.867500e+00  7.25510889 57.54860723 
  1.868750e+00  7.25510889 57.54858727 
  1.870000e+00  7.25510889 57.54856733 
  1.871250e+00  7.25510889 57.54854740 
  1.872500e+00  7.25510889 57.54852750 
  1.873750e+00  7.25510889 57.54850761 
  1.875000e+00  7.25510889 57.54848775 
  1.876250e+00  7.25510889 57.54846790 
  1.877500e+00  7.25510889 57.54844806 
  1.878750e+00  7.25510889 57.54842824 
  1.880000e+00  7.25510889 57.54840844 
  1.881250e+00  7.25510889 57.54838866 
  1.882500e+00  7.25510889 57.54836889 
  1.883750e+00  7.25510889 57.54834913 
  1.885000e+00  7.25510889 57.54832939 
  1.886250e+00  7.25510889 57.54830966 
  1.887500e+00  7.25510889 57.54828995 
  1.888750e+00  7.25510889 57.54827025 
  1.890000e+00  7.25510889 57.54825056 
  1.891250e+00  7.25510889 57.54823088 
  1.892500e+00  7.25510889 57.54821122 
  1.893750e+00  7.25510889 57.54819157 
  1.895000e+00  7.25510889 57.54817193 
  1.896250e+00  7.25510889 57.54815230 
  1.897500e+00  7.25510889 57.54813268 
  1.898750e+00  7.25510889 57.54811307 
  1.900000e+00  7.25510889 57.54809347 
  1.901250e+00  7.25510889 57.54807388 
  1.902500e+00  7.25510889 57.54805430 
  1.903750e+00  7.25510889 57.54803472 
  1.905000e+00  7.25510889 57.54801516 
  1.906250e+00  7.25510889 57.54799560 
  1.907500e+00  7.25510889 57.54797605 
  1.908750e+00  7.25510889 57.54795651 
  1.910000e+00  7.25510889 57.54793698 
  1.911250e+00  7.25510889 57.54791745 
  1.912500e+00  7.25510889 57.54789793 
  1.913750e+00  7.25510889 57.54787841 
  1.915000e+00  7.25510889 57.54785890 
  1.916250e+00  7.25510889 57.54783939 
  1.917500e+00  7.25510889 57.54781989 
  1.918750e+00  7.25510889 57.54780039 
  1.920000e+00  7.25510889 57.54778090 
  1.921250e+00  7.25510889 57.54776141 
  1.922500e+00  7.25510889 57.54774193 
  1.923750e+00  7.25510889 57.54772244 
  1.925000e+00  7.25510889 57.54770296 
  1.926250e+00  7.25510889 57.54768349 
  1.927500e+00  7.25510889 57.54766401 
  1.928750e+00  7.25510889 57.54764454 
  1.930000e+00  7.25510889 57.54762507 
  1.931250e+00  7.25510889 57.54760560 
  1.932500e+00  7.25510889 57.54758613 
  1.933750e+00  7.25510889 57.54756666 
  1.935000e+00  7.25510889 57.54754720 
  1.936250e+00  7.25510889 57.54752773 
  1.937500e+00  7.25510889 57.54750826 
  1.938750e+00  7.25510889 57.54748880 
  1.940000e+00  7.25510889 57.54746933 
  1.941250e+00  7.25510889 57.54744986 
  1.942500e+00  7.25510889 57.54743039 
  1.943750e+00  7.25510889 57.54741092 
  1.945000e+00  7.25510889 57.54739144 
  1.946250e+00  7.25510889 57.54737197 
  1.947500e+00  7.25510889 57.54735249 
  1.948750e+00  7.25510889 57.54733301 
  1.950000e+00  7.25510889 57.54731353 
  1.951250e+00  7.25510889 57.54729405 
  1.952500e+00  7.25510889 57.54727456 
  1.953750e+00  7.25510889 57.54725507 
  1.955000e+00  7.25510889 57.54723557 
  1.956250e+00  7.25510889 57.54721607 
  1.957500e+00  7.25510889 57.54719657 
  1.958750e+00  7.25510889 57.54717706 
  1.960000e+00  7.25510889 57.54715755 
  1.961250e+00  7.25510889 57.54713803 
  1.962500e+00  7.25510889 57.54711851 
  1.963750e+00  7.25510889 57.54709898 
  1.965000e+00  7.25510889 57.54707945 
  1.966250e+00  7.25510889 57.54705991 
  1.967500e+00  7.25510889 57.54704036 
  1.968750e+00  7.25510889 57.54702081 
  1.970000e+00  7.25510889 57.54700125 
  1.971250e+00  7.25510889 57.54698169 
  1.972500e+00  7.25510889 57.54696212 
  1.973750e+00  7.25510889 57.54694254 
  1.975000e+00  7.25510889 57.54692296 
  1.976250e+00  7.25510889 57.54690336 
  1.977500e+00  7.25510889 57.54688376 
  1.978750e+00  7.25510889 57.54686416 
  1.980000e+00  7.25510889 57.54684454 
  1.981250e+00  7.25510889 57.54682492 
  1.982500e+00  7.25510889 57.54680528 
  1.983750e+00  7.25510889 57.54678564 
  1.985000e+00  7.25510889 57.54676600 
  1.986250e+00  7.25510889 57.54674634 
  1.987500e+00  7.25510889 57.54672667 
  1.988750e+00  7.25510889 57.54670699 
  1.990000e+00  7.25510889 57.54668731 
  1.991250e+00  7.25510889 57.54666761 
  1.992500e+00  7.25510889 57.54664791 
  1.993750e+00  7.25510889 57.54662820 
  1.995000e+00  7.25510889 57.54660847 
  1.996250e+00  7.25510889 57.54658874 
  1.997500e+00  7.25510889 57.54656899 
  1.998750e+00  7.25510889 57.54654924 
  2.000000e+00  7.25510889 57.54652947 
