  1.000000e-02  145.058923  168.141462
  1.500000e-02  95.265778  139.914493
  2.000000e-02  59.465031  113.607207
  2.500000e-02  37.394540  94.058586
  3.000000e-02  28.372239  71.990695
  3.500000e-02  27.638162  50.774400
  4.000000e-02  26.771566  40.287879
  4.500000e-02  24.860367  34.839587
  5.000000e-02  23.310440  31.322726
  5.500000e-02  22.458373  28.773266
  6.000000e-02  21.827257  26.742146
  6.500000e-02  21.210783  25.106161
  7.000000e-02  20.473679  23.702189
  7.500000e-02  19.460714  22.483315
  8.000000e-02  18.208599  21.408790
  8.500000e-02  16.963750  20.413867
  9.000000e-02  15.981317  19.458653
  9.500000e-02  15.350357  18.577073
  1.000000e-01  14.939607  17.717626
  1.050000e-01  14.697176  17.085157
  1.100000e-01  14.510842  16.572148
  1.150000e-01  14.292157  16.146758
  1.200000e-01  14.018632  15.773636
  1.250000e-01  13.701579  15.425476
  1.300000e-01  13.375515  15.090863
  1.350000e-01  13.071187  14.768254
  1.400000e-01  12.806119  14.458355
  1.450000e-01  12.584351  14.164609
  1.500000e-01  12.402289  13.890586
  1.550000e-01  12.245516  13.627831
  1.600000e-01  12.110368  13.389882
  1.650000e-01  11.991475  13.172431
  1.700000e-01  11.883806  12.972664
  1.750000e-01  11.782411  12.788040
  1.800000e-01  11.683803  12.616786
  1.850000e-01  11.587709  12.455989
  1.900000e-01  11.492986  12.303715
  1.950000e-01  11.403281  12.162047
  2.000000e-01  11.322213  12.029949
  2.050000e-01  11.250827  11.907138
  2.100000e-01  11.187072  11.793298
  2.150000e-01  11.127290  11.687837
  2.200000e-01  11.067591  11.588432
  2.250000e-01  11.004244  11.493052
  2.300000e-01  10.940558  11.404876
  2.350000e-01  10.879731  11.322114
  2.400000e-01  10.823585  11.244060
  2.450000e-01  10.772342  11.170247
  2.500000e-01  10.725265  11.100319
  2.550000e-01  10.680939  11.033409
  2.600000e-01  10.638727  10.969995
  2.650000e-01  10.598637  10.909772
  2.700000e-01  10.560826  10.852671
  2.750000e-01  10.525221  10.798662
  2.800000e-01  10.491435  10.747671
  2.850000e-01  10.458892  10.699541
  2.900000e-01  10.427028  10.654030
  2.950000e-01  10.394506  10.609736
  3.000000e-01  10.361689  10.567874
  3.050000e-01  10.328828  10.527813
  3.100000e-01  10.296068  10.489218
  3.150000e-01  10.263472  10.451822
  3.200000e-01  10.231086  10.415408
  3.250000e-01  10.198977  10.379802
  3.300000e-01  10.167193  10.344723
  3.350000e-01  10.135821  10.310320
  3.400000e-01  10.104909  10.276449
  3.450000e-01  10.074393  10.243048
  3.500000e-01  10.044137  10.210076
  3.550000e-01  10.013996  10.177496
  3.600000e-01  9.983568  10.144972
  3.650000e-01  9.953030  10.112859
  3.700000e-01  9.922542  10.081070
  3.750000e-01  9.892214  10.049567
  3.800000e-01  9.862095  10.018324
  3.850000e-01  9.832207  9.987325
  3.900000e-01  9.802586  9.956498
  3.950000e-01  9.773274  9.925963
  4.000000e-01  9.744366  9.895706
  4.050000e-01  9.715944  9.865757
  4.100000e-01  9.688048  9.836161
  4.150000e-01  9.660687  9.806956
  4.200000e-01  9.633858  9.778177
  4.250000e-01  9.607480  9.749760
  4.300000e-01  9.581543  9.721779
  4.350000e-01  9.556140  9.694283
  4.400000e-01  9.531304  9.667267
  4.450000e-01  9.507028  9.640721
  4.500000e-01  9.483280  9.614626
  4.550000e-01  9.460003  9.588981
  4.600000e-01  9.437166  9.563778
  4.650000e-01  9.414731  9.539012
  4.700000e-01  9.392674  9.514666
  4.750000e-01  9.370965  9.490734
  4.800000e-01  9.349571  9.467205
  4.850000e-01  9.328465  9.444071
  4.900000e-01  9.307584  9.421273
  4.950000e-01  9.286911  9.398828
  5.000000e-01  9.266513  9.376753
  5.050000e-01  9.246428  9.355034
  5.100000e-01  9.226664  9.333661
  5.150000e-01  9.207223  9.312621
  5.200000e-01  9.188113  9.291910
  5.250000e-01  9.169342  9.271527
  5.300000e-01  9.150920  9.251474
  5.350000e-01  9.132859  9.231768
  5.400000e-01  9.115156  9.212405
  5.450000e-01  9.097799  9.193379
  5.500000e-01  9.080758  9.174677
  5.550000e-01  9.064019  9.156308
  5.600000e-01  9.047571  9.138267
  5.650000e-01  9.031402  9.120547
  5.700000e-01  9.015500  9.103135
  5.750000e-01  8.999851  9.086019
  5.800000e-01  8.984443  9.069187
  5.850000e-01  8.969260  9.052628
  5.900000e-01  8.954294  9.036331
  5.950000e-01  8.939535  9.020287
  6.000000e-01  8.924977  9.004488
  6.050000e-01  8.910614  8.988928
  6.100000e-01  8.896444  8.973599
  6.150000e-01  8.882461  8.958495
  6.200000e-01  8.868665  8.943610
  6.250000e-01  8.855053  8.928939
  6.300000e-01  8.841624  8.914477
  6.350000e-01  8.828375  8.900219
  6.400000e-01  8.815306  8.886160
  6.450000e-01  8.802415  8.872296
  6.500000e-01  8.789700  8.858624
  6.550000e-01  8.777157  8.845141
  6.600000e-01  8.764785  8.831842
  6.650000e-01  8.752580  8.818725
  6.700000e-01  8.740539  8.805787
  6.750000e-01  8.728659  8.793025
  6.800000e-01  8.716938  8.780437
  6.850000e-01  8.705374  8.768020
  6.900000e-01  8.693963  8.755770
  6.950000e-01  8.682706  8.743687
  7.000000e-01  8.671598  8.731767
  7.050000e-01  8.660640  8.720008
  7.100000e-01  8.649830  8.708408
  7.150000e-01  8.639167  8.696966
  7.200000e-01  8.628648  8.685679
  7.250000e-01  8.618274  8.674545
  7.300000e-01  8.608042  8.663562
  7.350000e-01  8.597950  8.652729
  7.400000e-01  8.587997  8.642044
  7.450000e-01  8.578180  8.631504
  7.500000e-01  8.568496  8.621108
  7.550000e-01  8.558943  8.610853
  7.600000e-01  8.549518  8.600737
  7.650000e-01  8.540218  8.590756
  7.700000e-01  8.531039  8.580910
  7.750000e-01  8.521978  8.571195
  7.800000e-01  8.513033  8.561607
  7.850000e-01  8.504198  8.552145
  7.900000e-01  8.495471  8.542805
  7.950000e-01  8.486849  8.533585
  8.000000e-01  8.478328  8.524480
  8.050000e-01  8.469903  8.515488
  8.100000e-01  8.461573  8.506605
  8.150000e-01  8.453333  8.497829
  8.200000e-01  8.445180  8.489155
  8.250000e-01  8.437111  8.480581
  8.300000e-01  8.429122  8.472104
  8.350000e-01  8.421210  8.463720
  8.400000e-01  8.413371  8.455425
  8.450000e-01  8.405604  8.447218
  8.500000e-01  8.397903  8.439093
  8.550000e-01  8.390267  8.431049
  8.600000e-01  8.382693  8.423082
  8.650000e-01  8.375178  8.415188
  8.700000e-01  8.367719  8.407366
  8.750000e-01  8.360314  8.399612
  8.800000e-01  8.352960  8.391924
  8.850000e-01  8.345657  8.384299
  8.900000e-01  8.338401  8.376734
  8.950000e-01  8.331191  8.369227
  9.000000e-01  8.324026  8.361776
  9.050000e-01  8.316905  8.354379
  9.100000e-01  8.309827  8.347035
  9.150000e-01  8.302791  8.339741
  9.200000e-01  8.295796  8.332496
  9.250000e-01  8.288844  8.325300
  9.300000e-01  8.281933  8.318150
  9.350000e-01  8.275064  8.311047
  9.400000e-01  8.268237  8.303990
  9.450000e-01  8.261452  8.296977
  9.500000e-01  8.254712  8.290010
  9.550000e-01  8.248016  8.283088
  9.600000e-01  8.241366  8.276211
  9.650000e-01  8.234762  8.269380
  9.700000e-01  8.228206  8.262595
  9.750000e-01  8.221700  8.255856
  9.800000e-01  8.215245  8.249165
  9.850000e-01  8.208842  8.242522
  9.900000e-01  8.202492  8.235929
  9.950000e-01  8.196198  8.229385
  1.000000e+00  8.189961  8.222893
  1.005000e+00  8.183781  8.216453
  1.010000e+00  8.177661  8.210068
  1.015000e+00  8.171602  8.203736
  1.020000e+00  8.165604  8.197462
  1.025000e+00  8.159670  8.191244
  1.030000e+00  8.153800  8.185084
  1.035000e+00  8.147995  8.178985
  1.040000e+00  8.142256  8.172945
  1.045000e+00  8.136583  8.166967
  1.050000e+00  8.130978  8.161052
  1.055000e+00  8.125440  8.155200
  1.060000e+00  8.119970  8.149412
  1.065000e+00  8.114568  8.143689
  1.070000e+00  8.109235  8.138031
  1.075000e+00  8.103970  8.132439
  1.080000e+00  8.098773  8.126913
  1.085000e+00  8.093644  8.121453
  1.090000e+00  8.088583  8.116060
  1.095000e+00  8.083589  8.110733
  1.100000e+00  8.078661  8.105473
  1.105000e+00  8.073800  8.100279
  1.110000e+00  8.069004  8.095152
  1.115000e+00  8.064273  8.090090
  1.120000e+00  8.059606  8.085094
  1.125000e+00  8.055002  8.080164
  1.130000e+00  8.050460  8.075298
  1.135000e+00  8.045980  8.070496
  1.140000e+00  8.041560  8.065757
  1.145000e+00  8.037200  8.061081
  1.150000e+00  8.032898  8.056467
  1.155000e+00  8.028653  8.051914
  1.160000e+00  8.024465  8.047422
  1.165000e+00  8.020332  8.042989
  1.170000e+00  8.016253  8.038615
  1.175000e+00  8.012227  8.034298
  1.180000e+00  8.008253  8.030038
  1.185000e+00  8.004330  8.025834
  1.190000e+00  8.000457  8.021684
  1.195000e+00  7.996632  8.017588
  1.200000e+00  7.992855  8.013545
  1.205000e+00  7.989125  8.009553
  1.210000e+00  7.985440  8.005612
  1.215000e+00  7.981799  8.001721
  1.220000e+00  7.978202  7.997878
  1.225000e+00  7.974648  7.994083
  1.230000e+00  7.971134  7.990334
  1.235000e+00  7.967661  7.986630
  1.240000e+00  7.964228  7.982971
  1.245000e+00  7.960832  7.979356
  1.250000e+00  7.957475  7.975783
  1.255000e+00  7.954154  7.972252
  1.260000e+00  7.950869  7.968761
  1.265000e+00  7.947619  7.965309
  1.270000e+00  7.944402  7.961897
  1.275000e+00  7.941220  7.958522
  1.280000e+00  7.938069  7.955185
  1.285000e+00  7.934951  7.951883
  1.290000e+00  7.931863  7.948617
  1.295000e+00  7.928806  7.945385
  1.300000e+00  7.925779  7.942186
  1.305000e+00  7.922780  7.939021
  1.310000e+00  7.919810  7.935888
  1.315000e+00  7.916868  7.932786
  1.320000e+00  7.913953  7.929715
  1.325000e+00  7.911065  7.926674
  1.330000e+00  7.908202  7.923662
  1.335000e+00  7.905366  7.920680
  1.340000e+00  7.902555  7.917725
  1.345000e+00  7.899768  7.914798
  1.350000e+00  7.897006  7.911899
  1.355000e+00  7.894268  7.909025
  1.360000e+00  7.891554  7.906178
  1.365000e+00  7.888863  7.903357
  1.370000e+00  7.886194  7.900561
  1.375000e+00  7.883549  7.897790
  1.380000e+00  7.880926  7.895043
  1.385000e+00  7.878326  7.892320
  1.390000e+00  7.875747  7.889621
  1.395000e+00  7.873190  7.886945
  1.400000e+00  7.870655  7.884292
  1.405000e+00  7.868142  7.881663
  1.410000e+00  7.865650  7.879055
  1.415000e+00  7.863179  7.876471
  1.420000e+00  7.860729  7.873908
  1.425000e+00  7.858301  7.871368
  1.430000e+00  7.855894  7.868849
  1.435000e+00  7.853507  7.866353
  1.440000e+00  7.851142  7.863877
  1.445000e+00  7.848798  7.861424
  1.450000e+00  7.846475  7.858992
  1.455000e+00  7.844174  7.856581
  1.460000e+00  7.841893  7.854192
  1.465000e+00  7.839633  7.851824
  1.470000e+00  7.837395  7.849477
  1.475000e+00  7.835178  7.847152
  1.480000e+00  7.832982  7.844848
  1.485000e+00  7.830808  7.842565
  1.490000e+00  7.828655  7.840303
  1.495000e+00  7.826523  7.838063
  1.500000e+00  7.824413  7.835844
  1.505000e+00  7.822324  7.833647
  1.510000e+00  7.820258  7.831471
  1.515000e+00  7.818213  7.829317
  1.520000e+00  7.816189  7.827184
  1.525000e+00  7.814187  7.825073
  1.530000e+00  7.812208  7.822983
  1.535000e+00  7.810249  7.820915
  1.540000e+00  7.808313  7.818868
  1.545000e+00  7.806399  7.816843
  1.550000e+00  7.804506  7.814840
  1.555000e+00  7.802635  7.812859
  1.560000e+00  7.800786  7.810899
  1.565000e+00  7.798959  7.808961
  1.570000e+00  7.797153  7.807045
  1.575000e+00  7.795369  7.805150
  1.580000e+00  7.793607  7.803277
  1.585000e+00  7.791866  7.801426
  1.590000e+00  7.790146  7.799596
  1.595000e+00  7.788448  7.797787
  1.600000e+00  7.786771  7.796001
  1.605000e+00  7.785114  7.794235
  1.610000e+00  7.783479  7.792491
  1.615000e+00  7.781864  7.790768
  1.620000e+00  7.780270  7.789066
  1.625000e+00  7.778697  7.787385
  1.630000e+00  7.777143  7.785725
  1.635000e+00  7.775610  7.784085
  1.640000e+00  7.774096  7.782466
  1.645000e+00  7.772602  7.780867
  1.650000e+00  7.771127  7.779289
  1.655000e+00  7.769672  7.777731
  1.660000e+00  7.768235  7.776192
  1.665000e+00  7.766817  7.774673
  1.670000e+00  7.765418  7.773174
  1.675000e+00  7.764037  7.771694
  1.680000e+00  7.762673  7.770232
  1.685000e+00  7.761328  7.768790
  1.690000e+00  7.760000  7.767366
  1.695000e+00  7.758689  7.765961
  1.700000e+00  7.757395  7.764573
  1.705000e+00  7.756118  7.763204
  1.710000e+00  7.754857  7.761852
  1.715000e+00  7.753612  7.760518
  1.720000e+00  7.752383  7.759200
  1.725000e+00  7.751170  7.757900
  1.730000e+00  7.749972  7.756616
  1.735000e+00  7.748789  7.755349
  1.740000e+00  7.747621  7.754098
  1.745000e+00  7.746468  7.752862
  1.750000e+00  7.745328  7.751642
  1.755000e+00  7.744203  7.750438
  1.760000e+00  7.743092  7.749248
  1.765000e+00  7.741994  7.748073
  1.770000e+00  7.740909  7.746913
  1.775000e+00  7.739837  7.745767
  1.780000e+00  7.738778  7.744636
  1.785000e+00  7.737731  7.743517
  1.790000e+00  7.736697  7.742413
  1.795000e+00  7.735674  7.741322
  1.800000e+00  7.734664  7.740243
  1.805000e+00  7.733664  7.739178
  1.810000e+00  7.732676  7.738125
  1.815000e+00  7.731700  7.737084
  1.820000e+00  7.730734  7.736056
  1.825000e+00  7.729778  7.735039
  1.830000e+00  7.728833  7.734034
  1.835000e+00  7.727898  7.733040
  1.840000e+00  7.726974  7.732057
  1.845000e+00  7.726059  7.731086
  1.850000e+00  7.725153  7.730125
  1.855000e+00  7.724257  7.729174
  1.860000e+00  7.723370  7.728234
  1.865000e+00  7.722492  7.727304
  1.870000e+00  7.721623  7.726383
  1.875000e+00  7.720763  7.725473
  1.880000e+00  7.719911  7.724572
  1.885000e+00  7.719068  7.723680
  1.890000e+00  7.718232  7.722797
  1.895000e+00  7.717405  7.721923
  1.900000e+00  7.716585  7.721058
  1.905000e+00  7.715774  7.720202
  1.910000e+00  7.714969  7.719354
  1.915000e+00  7.714172  7.718514
  1.920000e+00  7.713383  7.717682
  1.925000e+00  7.712600  7.716858
  1.930000e+00  7.711825  7.716042
  1.935000e+00  7.711056  7.715234
  1.940000e+00  7.710294  7.714433
  1.945000e+00  7.709539  7.713640
  1.950000e+00  7.708790  7.712853
  1.955000e+00  7.708047  7.712074
  1.960000e+00  7.707311  7.711302
  1.965000e+00  7.706581  7.710536
  1.970000e+00  7.705857  7.709777
  1.975000e+00  7.705138  7.709025
  1.980000e+00  7.704426  7.708279
  1.985000e+00  7.703719  7.707540
  1.990000e+00  7.703019  7.706806
  1.995000e+00  7.702323  7.706079
  2.000000e+00  7.701633  7.705358
