  5.000000e-03  146.825850  168.177841
  7.500000e-03  99.266338  138.877830
  1.000000e-02  65.301978  110.254302
  1.250000e-02  43.725989  89.449505
  1.500000e-02  31.533299  68.960549
  1.750000e-02  27.388775  50.385474
  2.000000e-02  25.583716  38.870394
  2.250000e-02  23.872685  32.720681
  2.500000e-02  22.495040  28.983451
  2.750000e-02  21.591814  26.450290
  3.000000e-02  20.782143  24.422605
  3.250000e-02  20.007224  22.864923
  3.500000e-02  19.355219  21.594467
  3.750000e-02  18.779315  20.547017
  4.000000e-02  18.134976  19.669347
  4.250000e-02  17.385548  18.891679
  4.500000e-02  16.634733  18.165569
  4.750000e-02  16.018892  17.495308
  5.000000e-02  15.600992  16.905176
  5.250000e-02  15.325442  16.391637
  5.500000e-02  15.159245  16.017237
  5.750000e-02  15.027883  15.725994
  6.000000e-02  14.884987  15.486454
  6.250000e-02  14.711611  15.270832
  6.500000e-02  14.512701  15.064242
  6.750000e-02  14.305461  14.861040
  7.000000e-02  14.106585  14.662542
  7.250000e-02  13.926107  14.470810
  7.500000e-02  13.766536  14.288817
  7.750000e-02  13.625671  14.118354
  8.000000e-02  13.499213  13.959635
  8.250000e-02  13.383544  13.812384
  8.500000e-02  13.276258  13.675722
  8.750000e-02  13.175904  13.548628
  9.000000e-02  13.081516  13.430111
  9.250000e-02  12.992293  13.319243
  9.500000e-02  12.907266  13.214659
  9.750000e-02  12.825771  13.116268
  1.000000e-01  12.747509  13.023071
  1.025000e-01  12.672226  12.934428
  1.050000e-01  12.599579  12.849813
  1.075000e-01  12.529175  12.768760
  1.100000e-01  12.460243  12.690665
  1.125000e-01  12.393213  12.615282
  1.150000e-01  12.327584  12.542093
  1.175000e-01  12.263722  12.471469
  1.200000e-01  12.201893  12.403131
  1.225000e-01  12.142237  12.336976
  1.250000e-01  12.084751  12.272944
  1.275000e-01  12.029320  12.210983
  1.300000e-01  11.975782  12.150995
  1.325000e-01  11.923962  12.092974
  1.350000e-01  11.873758  12.036833
  1.375000e-01  11.825101  11.982512
  1.400000e-01  11.777934  11.929950
  1.425000e-01  11.732198  11.879085
  1.450000e-01  11.687835  11.829850
  1.475000e-01  11.644786  11.782173
  1.500000e-01  11.602991  11.735979
  1.525000e-01  11.562396  11.691195
  1.550000e-01  11.522945  11.647751
  1.575000e-01  11.484584  11.605580
  1.600000e-01  11.447261  11.564620
  1.625000e-01  11.410928  11.524813
  1.650000e-01  11.375541  11.486108
  1.675000e-01  11.341063  11.448455
  1.700000e-01  11.307458  11.411810
  1.725000e-01  11.274697  11.376133
  1.750000e-01  11.242752  11.341384
  1.775000e-01  11.211596  11.307529
  1.800000e-01  11.181201  11.274533
  1.825000e-01  11.151539  11.242364
  1.850000e-01  11.122582  11.210991
  1.875000e-01  11.094298  11.180382
  1.900000e-01  11.066657  11.150505
  1.925000e-01  11.039623  11.121327
  1.950000e-01  11.013166  11.092815
  1.975000e-01  10.987251  11.064938
  2.000000e-01  10.961847  11.037664
  2.025000e-01  10.936925  11.010960
  2.050000e-01  10.912454  10.984797
  2.075000e-01  10.888406  10.959143
  2.100000e-01  10.864755  10.933969
  2.125000e-01  10.841476  10.909248
  2.150000e-01  10.818543  10.884950
  2.175000e-01  10.795934  10.861052
  2.200000e-01  10.773626  10.837527
  2.225000e-01  10.751600  10.814352
  2.250000e-01  10.729835  10.791505
  2.275000e-01  10.708315  10.768966
  2.300000e-01  10.687021  10.746715
  2.325000e-01  10.665939  10.724731
  2.350000e-01  10.645055  10.703000
  2.375000e-01  10.624358  10.681506
  2.400000e-01  10.603836  10.660236
  2.425000e-01  10.583480  10.639177
  2.450000e-01  10.563284  10.618316
  2.475000e-01  10.543241  10.597644
  2.500000e-01  10.523345  10.577151
  2.525000e-01  10.503594  10.556831
  2.550000e-01  10.483984  10.536676
  2.575000e-01  10.464514  10.516682
  2.600000e-01  10.445184  10.496844
  2.625000e-01  10.425992  10.477160
  2.650000e-01  10.406939  10.457627
  2.675000e-01  10.388025  10.438243
  2.700000e-01  10.369243  10.418998
  2.725000e-01  10.350597  10.399900
  2.750000e-01  10.332091  10.380950
  2.775000e-01  10.313725  10.362147
  2.800000e-01  10.295499  10.343490
  2.825000e-01  10.277413  10.324976
  2.850000e-01  10.259465  10.306605
  2.875000e-01  10.241655  10.288376
  2.900000e-01  10.223981  10.270287
  2.925000e-01  10.206443  10.252339
  2.950000e-01  10.189038  10.234530
  2.975000e-01  10.171765  10.216859
  3.000000e-01  10.154622  10.199326
  3.025000e-01  10.137606  10.181929
  3.050000e-01  10.120714  10.164665
  3.075000e-01  10.103943  10.147531
  3.100000e-01  10.087290  10.130525
  3.125000e-01  10.070752  10.113644
  3.150000e-01  10.054326  10.096883
  3.175000e-01  10.038010  10.080241
  3.200000e-01  10.021799  10.063714
  3.225000e-01  10.005691  10.047298
  3.250000e-01  9.989684  10.030992
  3.275000e-01  9.973776  10.014792
  3.300000e-01  9.957965  9.998696
  3.325000e-01  9.942247  9.982702
  3.350000e-01  9.926623  9.966807
  3.375000e-01  9.911091  9.951010
  3.400000e-01  9.895648  9.935309
  3.425000e-01  9.880295  9.919702
  3.450000e-01  9.865031  9.904188
  3.475000e-01  9.849855  9.888766
  3.500000e-01  9.834768  9.873435
  3.525000e-01  9.819769  9.858195
  3.550000e-01  9.804859  9.843045
  3.575000e-01  9.790038  9.827985
  3.600000e-01  9.775307  9.813016
  3.625000e-01  9.760668  9.798137
  3.650000e-01  9.746121  9.783350
  3.675000e-01  9.731667  9.768654
  3.700000e-01  9.717309  9.754052
  3.725000e-01  9.703048  9.739545
  3.750000e-01  9.688886  9.725133
  3.775000e-01  9.674824  9.710818
  3.800000e-01  9.660865  9.696602
  3.825000e-01  9.647010  9.682487
  3.850000e-01  9.633262  9.668475
  3.875000e-01  9.619623  9.654566
  3.900000e-01  9.606094  9.640764
  3.925000e-01  9.592678  9.627070
  3.950000e-01  9.579377  9.613486
  3.975000e-01  9.566192  9.600015
  4.000000e-01  9.553126  9.586657
  4.025000e-01  9.540180  9.573415
  4.050000e-01  9.527356  9.560291
  4.075000e-01  9.514655  9.547286
  4.100000e-01  9.502080  9.534402
  4.125000e-01  9.489630  9.521641
  4.150000e-01  9.477307  9.509003
  4.175000e-01  9.465113  9.496491
  4.200000e-01  9.453047  9.484105
  4.225000e-01  9.441111  9.471846
  4.250000e-01  9.429305  9.459716
  4.275000e-01  9.417629  9.447714
  4.300000e-01  9.406083  9.435842
  4.325000e-01  9.394668  9.424099
  4.350000e-01  9.383383  9.412486
  4.375000e-01  9.372228  9.401003
  4.400000e-01  9.361201  9.389649
  4.425000e-01  9.350303  9.378425
  4.450000e-01  9.339532  9.367329
  4.475000e-01  9.328888  9.356362
  4.500000e-01  9.318369  9.345522
  4.525000e-01  9.307974  9.334809
  4.550000e-01  9.297702  9.324221
  4.575000e-01  9.287550  9.313758
  4.600000e-01  9.277518  9.303417
  4.625000e-01  9.267604  9.293197
  4.650000e-01  9.257806  9.283098
  4.675000e-01  9.248123  9.273117
  4.700000e-01  9.238551  9.263253
  4.725000e-01  9.229089  9.253503
  4.750000e-01  9.219736  9.243866
  4.775000e-01  9.210489  9.234341
  4.800000e-01  9.201346  9.224924
  4.825000e-01  9.192305  9.215615
  4.850000e-01  9.183364  9.206411
  4.875000e-01  9.174520  9.197309
  4.900000e-01  9.165772  9.188309
  4.925000e-01  9.157117  9.179407
  4.950000e-01  9.148553  9.170601
  4.975000e-01  9.140078  9.161891
  5.000000e-01  9.131691  9.153272
  5.025000e-01  9.123388  9.144744
  5.050000e-01  9.115168  9.136304
  5.075000e-01  9.107029  9.127950
  5.100000e-01  9.098968  9.119680
  5.125000e-01  9.090984  9.111492
  5.150000e-01  9.083075  9.103384
  5.175000e-01  9.075239  9.095353
  5.200000e-01  9.067474  9.087399
  5.225000e-01  9.059778  9.079519
  5.250000e-01  9.052150  9.071711
  5.275000e-01  9.044587  9.063973
  5.300000e-01  9.037089  9.056304
  5.325000e-01  9.029652  9.048702
  5.350000e-01  9.022277  9.041165
  5.375000e-01  9.014960  9.033691
  5.400000e-01  9.007701  9.026279
  5.425000e-01  9.000499  9.018927
  5.450000e-01  8.993351  9.011634
  5.475000e-01  8.986256  9.004398
  5.500000e-01  8.979213  8.997217
  5.525000e-01  8.972221  8.990091
  5.550000e-01  8.965278  8.983018
  5.575000e-01  8.958384  8.975996
  5.600000e-01  8.951536  8.969024
  5.625000e-01  8.944735  8.962102
  5.650000e-01  8.937978  8.955227
  5.675000e-01  8.931265  8.948399
  5.700000e-01  8.924595  8.941616
  5.725000e-01  8.917966  8.934878
  5.750000e-01  8.911378  8.928183
  5.775000e-01  8.904830  8.921531
  5.800000e-01  8.898321  8.914920
  5.825000e-01  8.891850  8.908350
  5.850000e-01  8.885417  8.901819
  5.875000e-01  8.879020  8.895327
  5.900000e-01  8.872660  8.888873
  5.925000e-01  8.866334  8.882456
  5.950000e-01  8.860043  8.876076
  5.975000e-01  8.853786  8.869731
  6.000000e-01  8.847563  8.863421
  6.025000e-01  8.841372  8.857146
  6.050000e-01  8.835214  8.850905
  6.075000e-01  8.829087  8.844697
  6.100000e-01  8.822992  8.838521
  6.125000e-01  8.816927  8.832378
  6.150000e-01  8.810893  8.826266
  6.175000e-01  8.804889  8.820185
  6.200000e-01  8.798914  8.814136
  6.225000e-01  8.792969  8.808116
  6.250000e-01  8.787053  8.802127
  6.275000e-01  8.781166  8.796167
  6.300000e-01  8.775307  8.790236
  6.325000e-01  8.769476  8.784334
  6.350000e-01  8.763673  8.778461
  6.375000e-01  8.757898  8.772616
  6.400000e-01  8.752150  8.766799
  6.425000e-01  8.746429  8.761010
  6.450000e-01  8.740736  8.755249
  6.475000e-01  8.735069  8.749515
  6.500000e-01  8.729430  8.743808
  6.525000e-01  8.723817  8.738129
  6.550000e-01  8.718230  8.732476
  6.575000e-01  8.712670  8.726850
  6.600000e-01  8.707137  8.721251
  6.625000e-01  8.701629  8.715678
  6.650000e-01  8.696148  8.710132
  6.675000e-01  8.690693  8.704612
  6.700000e-01  8.685264  8.699118
  6.725000e-01  8.679861  8.693650
  6.750000e-01  8.674484  8.688208
  6.775000e-01  8.669132  8.682793
  6.800000e-01  8.663807  8.677403
  6.825000e-01  8.658507  8.672039
  6.850000e-01  8.653232  8.666701
  6.875000e-01  8.647984  8.661388
  6.900000e-01  8.642761  8.656101
  6.925000e-01  8.637563  8.650840
  6.950000e-01  8.632391  8.645604
  6.975000e-01  8.627244  8.640394
  7.000000e-01  8.622122  8.635209
  7.025000e-01  8.617026  8.630050
  7.050000e-01  8.611955  8.624916
  7.075000e-01  8.606909  8.619807
  7.100000e-01  8.601888  8.614723
  7.125000e-01  8.596892  8.609664
  7.150000e-01  8.591920  8.604630
  7.175000e-01  8.586973  8.599621
  7.200000e-01  8.582051  8.594637
  7.225000e-01  8.577153  8.589678
  7.250000e-01  8.572280  8.584743
  7.275000e-01  8.567431  8.579832
  7.300000e-01  8.562606  8.574946
  7.325000e-01  8.557805  8.570084
  7.350000e-01  8.553027  8.565247
  7.375000e-01  8.548274  8.560433
  7.400000e-01  8.543543  8.555643
  7.425000e-01  8.538836  8.550877
  7.450000e-01  8.534152  8.546134
  7.475000e-01  8.529492  8.541414
  7.500000e-01  8.524853  8.536718
  7.525000e-01  8.520238  8.532044
  7.550000e-01  8.515645  8.527394
  7.575000e-01  8.511074  8.522766
  7.600000e-01  8.506525  8.518161
  7.625000e-01  8.501998  8.513578
  7.650000e-01  8.497493  8.509017
  7.675000e-01  8.493009  8.504478
  7.700000e-01  8.488546  8.499960
  7.725000e-01  8.484105  8.495464
  7.750000e-01  8.479684  8.490990
  7.775000e-01  8.475284  8.486537
  7.800000e-01  8.470904  8.482104
  7.825000e-01  8.466545  8.477693
  7.850000e-01  8.462206  8.473302
  7.875000e-01  8.457887  8.468931
  7.900000e-01  8.453587  8.464581
  7.925000e-01  8.449308  8.460250
  7.950000e-01  8.445047  8.455940
  7.975000e-01  8.440806  8.451649
  8.000000e-01  8.436584  8.447378
  8.025000e-01  8.432381  8.443126
  8.050000e-01  8.428197  8.438894
  8.075000e-01  8.424032  8.434680
  8.100000e-01  8.419886  8.430486
  8.125000e-01  8.415758  8.426310
  8.150000e-01  8.411648  8.422154
  8.175000e-01  8.407557  8.418015
  8.200000e-01  8.403484  8.413896
  8.225000e-01  8.399429  8.409795
  8.250000e-01  8.395393  8.405712
  8.275000e-01  8.391374  8.401647
  8.300000e-01  8.387374  8.397601
  8.325000e-01  8.383391  8.393573
  8.350000e-01  8.379427  8.389563
  8.375000e-01  8.375481  8.385571
  8.400000e-01  8.371552  8.381597
  8.425000e-01  8.367642  8.377641
  8.450000e-01  8.363749  8.373704
  8.475000e-01  8.359875  8.369784
  8.500000e-01  8.356019  8.365882
  8.525000e-01  8.352181  8.361999
  8.550000e-01  8.348361  8.358133
  8.575000e-01  8.344559  8.354286
  8.600000e-01  8.340775  8.350456
  8.625000e-01  8.337010  8.346645
  8.650000e-01  8.333263  8.342853
  8.675000e-01  8.329534  8.339078
  8.700000e-01  8.325824  8.335322
  8.725000e-01  8.322132  8.331584
  8.750000e-01  8.318460  8.327865
  8.775000e-01  8.314805  8.324164
  8.800000e-01  8.311170  8.320482
  8.825000e-01  8.307554  8.316819
  8.850000e-01  8.303956  8.313174
  8.875000e-01  8.300378  8.309548
  8.900000e-01  8.296818  8.305941
  8.925000e-01  8.293278  8.302354
  8.950000e-01  8.289757  8.298785
  8.975000e-01  8.286255  8.295235
  9.000000e-01  8.282773  8.291705
  9.025000e-01  8.279311  8.288194
  9.050000e-01  8.275867  8.284702
  9.075000e-01  8.272444  8.281230
  9.100000e-01  8.269040  8.277777
  9.125000e-01  8.265655  8.274344
  9.150000e-01  8.262291  8.270930
  9.175000e-01  8.258946  8.267536
  9.200000e-01  8.255621  8.264161
  9.225000e-01  8.252315  8.260807
  9.250000e-01  8.249030  8.257472
  9.275000e-01  8.245764  8.254157
  9.300000e-01  8.242519  8.250861
  9.325000e-01  8.239293  8.247585
  9.350000e-01  8.236086  8.244330
  9.375000e-01  8.232900  8.241094
  9.400000e-01  8.229733  8.237877
  9.425000e-01  8.226586  8.234681
  9.450000e-01  8.223459  8.231504
  9.475000e-01  8.220352  8.228347
  9.500000e-01  8.217264  8.225210
  9.525000e-01  8.214196  8.222093
  9.550000e-01  8.211147  8.218995
  9.575000e-01  8.208118  8.215916
  9.600000e-01  8.205108  8.212857
  9.625000e-01  8.202117  8.209818
  9.650000e-01  8.199146  8.206798
  9.675000e-01  8.196194  8.203797
  9.700000e-01  8.193261  8.200816
  9.725000e-01  8.190346  8.197854
  9.750000e-01  8.187451  8.194910
  9.775000e-01  8.184574  8.191986
  9.800000e-01  8.181716  8.189081
  9.825000e-01  8.178877  8.186194
  9.850000e-01  8.176056  8.183326
  9.875000e-01  8.173253  8.180477
  9.900000e-01  8.170468  8.177646
  9.925000e-01  8.167702  8.174834
  9.950000e-01  8.164953  8.172039
  9.975000e-01  8.162222  8.169263
  1.000000e+00  8.159509  8.166504
  1.002500e+00  8.156813  8.163764
  1.005000e+00  8.154135  8.161041
  1.007500e+00  8.151473  8.158336
  1.010000e+00  8.148829  8.155648
  1.012500e+00  8.146202  8.152978
  1.015000e+00  8.143592  8.150324
  1.017500e+00  8.140998  8.147688
  1.020000e+00  8.138421  8.145068
  1.022500e+00  8.135860  8.142465
  1.025000e+00  8.133316  8.139879
  1.027500e+00  8.130787  8.137309
  1.030000e+00  8.128274  8.134756
  1.032500e+00  8.125778  8.132219
  1.035000e+00  8.123296  8.129697
  1.037500e+00  8.120831  8.127192
  1.040000e+00  8.118380  8.124702
  1.042500e+00  8.115945  8.122227
  1.045000e+00  8.113525  8.119768
  1.047500e+00  8.111119  8.117325
  1.050000e+00  8.108728  8.114896
  1.052500e+00  8.106352  8.112482
  1.055000e+00  8.103990  8.110084
  1.057500e+00  8.101643  8.107699
  1.060000e+00  8.099310  8.105330
  1.062500e+00  8.096990  8.102974
  1.065000e+00  8.094685  8.100633
  1.067500e+00  8.092393  8.098306
  1.070000e+00  8.090115  8.095993
  1.072500e+00  8.087850  8.093693
  1.075000e+00  8.085598  8.091407
  1.077500e+00  8.083359  8.089135
  1.080000e+00  8.081134  8.086876
  1.082500e+00  8.078921  8.084630
  1.085000e+00  8.076721  8.082397
  1.087500e+00  8.074533  8.080177
  1.090000e+00  8.072358  8.077970
  1.092500e+00  8.070195  8.075775
  1.095000e+00  8.068044  8.073593
  1.097500e+00  8.065905  8.071423
  1.100000e+00  8.063778  8.069265
  1.102500e+00  8.061663  8.067120
  1.105000e+00  8.059559  8.064986
  1.107500e+00  8.057467  8.062864
  1.110000e+00  8.055386  8.060754
  1.112500e+00  8.053316  8.058655
  1.115000e+00  8.051257  8.056568
  1.117500e+00  8.049209  8.054492
  1.120000e+00  8.047172  8.052427
  1.122500e+00  8.045146  8.050373
  1.125000e+00  8.043130  8.048330
  1.127500e+00  8.041125  8.046298
  1.130000e+00  8.039130  8.044276
  1.132500e+00  8.037145  8.042265
  1.135000e+00  8.035170  8.040264
  1.137500e+00  8.033205  8.038273
  1.140000e+00  8.031250  8.036293
  1.142500e+00  8.029304  8.034323
  1.145000e+00  8.027369  8.032362
  1.147500e+00  8.025442  8.030411
  1.150000e+00  8.023525  8.028470
  1.152500e+00  8.021618  8.026538
  1.155000e+00  8.019719  8.024616
  1.157500e+00  8.017829  8.022703
  1.160000e+00  8.015949  8.020800
  1.162500e+00  8.014077  8.018905
  1.165000e+00  8.012214  8.017020
  1.167500e+00  8.010360  8.015143
  1.170000e+00  8.008514  8.013275
  1.172500e+00  8.006676  8.011416
  1.175000e+00  8.004847  8.009565
  1.177500e+00  8.003026  8.007723
  1.180000e+00  8.001213  8.005889
  1.182500e+00  7.999408  8.004063
  1.185000e+00  7.997611  8.002246
  1.187500e+00  7.995822  8.000437
  1.190000e+00  7.994040  7.998635
  1.192500e+00  7.992266  7.996842
  1.195000e+00  7.990500  7.995056
  1.197500e+00  7.988741  7.993278
  1.200000e+00  7.986990  7.991508
  1.202500e+00  7.985246  7.989745
  1.205000e+00  7.983509  7.987989
  1.207500e+00  7.981780  7.986241
  1.210000e+00  7.980057  7.984501
  1.212500e+00  7.978342  7.982767
  1.215000e+00  7.976633  7.981041
  1.217500e+00  7.974931  7.979321
  1.220000e+00  7.973236  7.977609
  1.222500e+00  7.971548  7.975904
  1.225000e+00  7.969867  7.974205
  1.227500e+00  7.968192  7.972513
  1.230000e+00  7.966523  7.970828
  1.232500e+00  7.964861  7.969149
  1.235000e+00  7.963206  7.967477
  1.237500e+00  7.961557  7.965812
  1.240000e+00  7.959914  7.964153
  1.242500e+00  7.958277  7.962500
  1.245000e+00  7.956647  7.960854
  1.247500e+00  7.955022  7.959214
  1.250000e+00  7.953404  7.957580
  1.252500e+00  7.951792  7.955953
  1.255000e+00  7.950186  7.954331
  1.257500e+00  7.948586  7.952716
  1.260000e+00  7.946992  7.951107
  1.262500e+00  7.945404  7.949504
  1.265000e+00  7.943821  7.947906
  1.267500e+00  7.942245  7.946315
  1.270000e+00  7.940674  7.944730
  1.272500e+00  7.939109  7.943150
  1.275000e+00  7.937550  7.941576
  1.277500e+00  7.935997  7.940008
  1.280000e+00  7.934449  7.938446
  1.282500e+00  7.932907  7.936890
  1.285000e+00  7.931371  7.935339
  1.287500e+00  7.929841  7.933794
  1.290000e+00  7.928316  7.932255
  1.292500e+00  7.926796  7.930722
  1.295000e+00  7.925283  7.929194
  1.297500e+00  7.923775  7.927672
  1.300000e+00  7.922272  7.926155
  1.302500e+00  7.920775  7.924644
  1.305000e+00  7.919284  7.923139
  1.307500e+00  7.917799  7.921639
  1.310000e+00  7.916319  7.920145
  1.312500e+00  7.914844  7.918657
  1.315000e+00  7.913376  7.917174
  1.317500e+00  7.911913  7.915697
  1.320000e+00  7.910455  7.914225
  1.322500e+00  7.909003  7.912759
  1.325000e+00  7.907557  7.911299
  1.327500e+00  7.906117  7.909844
  1.330000e+00  7.904682  7.908395
  1.332500e+00  7.903253  7.906952
  1.335000e+00  7.901829  7.905514
  1.337500e+00  7.900412  7.904082
  1.340000e+00  7.899000  7.902656
  1.342500e+00  7.897594  7.901235
  1.345000e+00  7.896193  7.899820
  1.347500e+00  7.894799  7.898411
  1.350000e+00  7.893410  7.897008
  1.352500e+00  7.892027  7.895610
  1.355000e+00  7.890650  7.894219
  1.357500e+00  7.889279  7.892833
  1.360000e+00  7.887914  7.891453
  1.362500e+00  7.886554  7.890079
  1.365000e+00  7.885201  7.888710
  1.367500e+00  7.883854  7.887348
  1.370000e+00  7.882512  7.885992
  1.372500e+00  7.881177  7.884641
  1.375000e+00  7.879848  7.883297
  1.377500e+00  7.878525  7.881958
  1.380000e+00  7.877208  7.880626
  1.382500e+00  7.875897  7.879300
  1.385000e+00  7.874592  7.877980
  1.387500e+00  7.873294  7.876666
  1.390000e+00  7.872001  7.875358
  1.392500e+00  7.870715  7.874056
  1.395000e+00  7.869436  7.872761
  1.397500e+00  7.868162  7.871472
  1.400000e+00  7.866895  7.870189
  1.402500e+00  7.865634  7.868912
  1.405000e+00  7.864380  7.867642
  1.407500e+00  7.863132  7.866378
  1.410000e+00  7.861890  7.865120
  1.412500e+00  7.860655  7.863868
  1.415000e+00  7.859427  7.862623
  1.417500e+00  7.858204  7.861385
  1.420000e+00  7.856989  7.860153
  1.422500e+00  7.855779  7.858927
  1.425000e+00  7.854577  7.857708
  1.427500e+00  7.853380  7.856495
  1.430000e+00  7.852191  7.855289
  1.432500e+00  7.851008  7.854089
  1.435000e+00  7.849831  7.852896
  1.437500e+00  7.848661  7.851710
  1.440000e+00  7.847498  7.850530
  1.442500e+00  7.846341  7.849356
  1.445000e+00  7.845191  7.848189
  1.447500e+00  7.844047  7.847029
  1.450000e+00  7.842910  7.845875
  1.452500e+00  7.841780  7.844728
  1.455000e+00  7.840656  7.843588
  1.457500e+00  7.839539  7.842454
  1.460000e+00  7.838429  7.841327
  1.462500e+00  7.837325  7.840206
  1.465000e+00  7.836228  7.839092
  1.467500e+00  7.835137  7.837985
  1.470000e+00  7.834054  7.836884
  1.472500e+00  7.832976  7.835790
  1.475000e+00  7.831905  7.834702
  1.477500e+00  7.830841  7.833621
  1.480000e+00  7.829784  7.832547
  1.482500e+00  7.828733  7.831479
  1.485000e+00  7.827688  7.830418
  1.487500e+00  7.826650  7.829363
  1.490000e+00  7.825619  7.828315
  1.492500e+00  7.824594  7.827273
  1.495000e+00  7.823576  7.826238
  1.497500e+00  7.822564  7.825210
  1.500000e+00  7.821558  7.824188
  1.502500e+00  7.820559  7.823172
  1.505000e+00  7.819567  7.822163
  1.507500e+00  7.818580  7.821160
  1.510000e+00  7.817600  7.820164
  1.512500e+00  7.816627  7.819174
  1.515000e+00  7.815660  7.818191
  1.517500e+00  7.814699  7.817214
  1.520000e+00  7.813744  7.816243
  1.522500e+00  7.812796  7.815278
  1.525000e+00  7.811853  7.814320
  1.527500e+00  7.810917  7.813368
  1.530000e+00  7.809988  7.812422
  1.532500e+00  7.809064  7.811483
  1.535000e+00  7.808146  7.810549
  1.537500e+00  7.807234  7.809622
  1.540000e+00  7.806329  7.808700
  1.542500e+00  7.805429  7.807785
  1.545000e+00  7.804535  7.806876
  1.547500e+00  7.803647  7.805973
  1.550000e+00  7.802765  7.805076
  1.552500e+00  7.801889  7.804184
  1.555000e+00  7.801019  7.803299
  1.557500e+00  7.800154  7.802420
  1.560000e+00  7.799296  7.801546
  1.562500e+00  7.798442  7.800678
  1.565000e+00  7.797595  7.799816
  1.567500e+00  7.796753  7.798959
  1.570000e+00  7.795917  7.798108
  1.572500e+00  7.795086  7.797263
  1.575000e+00  7.794260  7.796423
  1.577500e+00  7.793440  7.795589
  1.580000e+00  7.792626  7.794761
  1.582500e+00  7.791817  7.793937
  1.585000e+00  7.791013  7.793120
  1.587500e+00  7.790214  7.792307
  1.590000e+00  7.789421  7.791500
  1.592500e+00  7.788633  7.790699
  1.595000e+00  7.787850  7.789902
  1.597500e+00  7.787072  7.789111
  1.600000e+00  7.786299  7.788325
  1.602500e+00  7.785532  7.787544
  1.605000e+00  7.784769  7.786768
  1.607500e+00  7.784011  7.785997
  1.610000e+00  7.783258  7.785232
  1.612500e+00  7.782510  7.784471
  1.615000e+00  7.781767  7.783715
  1.617500e+00  7.781028  7.782964
  1.620000e+00  7.780294  7.782218
  1.622500e+00  7.779565  7.781476
  1.625000e+00  7.778841  7.780740
  1.627500e+00  7.778121  7.780008
  1.630000e+00  7.777405  7.779280
  1.632500e+00  7.776695  7.778558
  1.635000e+00  7.775988  7.777839
  1.637500e+00  7.775286  7.777126
  1.640000e+00  7.774589  7.776417
  1.642500e+00  7.773896  7.775712
  1.645000e+00  7.773207  7.775012
  1.647500e+00  7.772522  7.774316
  1.650000e+00  7.771842  7.773625
  1.652500e+00  7.771166  7.772937
  1.655000e+00  7.770493  7.772254
  1.657500e+00  7.769826  7.771576
  1.660000e+00  7.769162  7.770901
  1.662500e+00  7.768502  7.770231
  1.665000e+00  7.767846  7.769564
  1.667500e+00  7.767194  7.768902
  1.670000e+00  7.766546  7.768243
  1.672500e+00  7.765901  7.767589
  1.675000e+00  7.765261  7.766939
  1.677500e+00  7.764624  7.766292
  1.680000e+00  7.763992  7.765649
  1.682500e+00  7.763362  7.765010
  1.685000e+00  7.762737  7.764375
  1.687500e+00  7.762115  7.763744
  1.690000e+00  7.761497  7.763116
  1.692500e+00  7.760882  7.762492
  1.695000e+00  7.760271  7.761871
  1.697500e+00  7.759663  7.761254
  1.700000e+00  7.759059  7.760641
  1.702500e+00  7.758458  7.760031
  1.705000e+00  7.757860  7.759425
  1.707500e+00  7.757266  7.758822
  1.710000e+00  7.756675  7.758222
  1.712500e+00  7.756088  7.757626
  1.715000e+00  7.755503  7.757033
  1.717500e+00  7.754922  7.756443
  1.720000e+00  7.754344  7.755857
  1.722500e+00  7.753770  7.755274
  1.725000e+00  7.753198  7.754694
  1.727500e+00  7.752629  7.754117
  1.730000e+00  7.752063  7.753543
  1.732500e+00  7.751501  7.752973
  1.735000e+00  7.750941  7.752405
  1.737500e+00  7.750385  7.751841
  1.740000e+00  7.749831  7.751279
  1.742500e+00  7.749280  7.750721
  1.745000e+00  7.748732  7.750165
  1.747500e+00  7.748186  7.749612
  1.750000e+00  7.747644  7.749062
  1.752500e+00  7.747104  7.748515
  1.755000e+00  7.746567  7.747971
  1.757500e+00  7.746033  7.747430
  1.760000e+00  7.745501  7.746891
  1.762500e+00  7.744972  7.746355
  1.765000e+00  7.744446  7.745822
  1.767500e+00  7.743922  7.745291
  1.770000e+00  7.743401  7.744763
  1.772500e+00  7.742883  7.744238
  1.775000e+00  7.742366  7.743715
  1.777500e+00  7.741853  7.743195
  1.780000e+00  7.741342  7.742677
  1.782500e+00  7.740833  7.742162
  1.785000e+00  7.740326  7.741649
  1.787500e+00  7.739822  7.741139
  1.790000e+00  7.739321  7.740631
  1.792500e+00  7.738821  7.740126
  1.795000e+00  7.738324  7.739622
  1.797500e+00  7.737830  7.739122
  1.800000e+00  7.737337  7.738623
  1.802500e+00  7.736847  7.738127
  1.805000e+00  7.736359  7.737633
  1.807500e+00  7.735873  7.737142
  1.810000e+00  7.735390  7.736652
  1.812500e+00  7.734908  7.736165
  1.815000e+00  7.734429  7.735680
  1.817500e+00  7.733951  7.735197
  1.820000e+00  7.733476  7.734716
  1.822500e+00  7.733003  7.734238
  1.825000e+00  7.732532  7.733761
  1.827500e+00  7.732063  7.733287
  1.830000e+00  7.731596  7.732814
  1.832500e+00  7.731130  7.732344
  1.835000e+00  7.730667  7.731876
  1.837500e+00  7.730206  7.731409
  1.840000e+00  7.729747  7.730945
  1.842500e+00  7.729289  7.730482
  1.845000e+00  7.728834  7.730022
  1.847500e+00  7.728380  7.729563
  1.850000e+00  7.727928  7.729106
  1.852500e+00  7.727478  7.728651
  1.855000e+00  7.727030  7.728198
  1.857500e+00  7.726583  7.727747
  1.860000e+00  7.726139  7.727298
  1.862500e+00  7.725696  7.726850
  1.865000e+00  7.725255  7.726405
  1.867500e+00  7.724815  7.725961
  1.870000e+00  7.724377  7.725518
  1.872500e+00  7.723941  7.725078
  1.875000e+00  7.723507  7.724639
  1.877500e+00  7.723074  7.724202
  1.880000e+00  7.722643  7.723766
  1.882500e+00  7.722214  7.723333
  1.885000e+00  7.721786  7.722901
  1.887500e+00  7.721360  7.722470
  1.890000e+00  7.720935  7.722041
  1.892500e+00  7.720512  7.721614
  1.895000e+00  7.720090  7.721188
  1.897500e+00  7.719670  7.720764
  1.900000e+00  7.719252  7.720342
  1.902500e+00  7.718835  7.719921
  1.905000e+00  7.718419  7.719501
  1.907500e+00  7.718005  7.719083
  1.910000e+00  7.717593  7.718667
  1.912500e+00  7.717182  7.718252
  1.915000e+00  7.716772  7.717838
  1.917500e+00  7.716364  7.717426
  1.920000e+00  7.715957  7.717016
  1.922500e+00  7.715552  7.716607
  1.925000e+00  7.715148  7.716199
  1.927500e+00  7.714745  7.715793
  1.930000e+00  7.714344  7.715388
  1.932500e+00  7.713944  7.714985
  1.935000e+00  7.713546  7.714583
  1.937500e+00  7.713149  7.714182
  1.940000e+00  7.712753  7.713783
  1.942500e+00  7.712358  7.713385
  1.945000e+00  7.711965  7.712988
  1.947500e+00  7.711573  7.712593
  1.950000e+00  7.711183  7.712199
  1.952500e+00  7.710794  7.711806
  1.955000e+00  7.710405  7.711415
  1.957500e+00  7.710019  7.711025
  1.960000e+00  7.709633  7.710636
  1.962500e+00  7.709249  7.710248
  1.965000e+00  7.708866  7.709862
  1.967500e+00  7.708484  7.709477
  1.970000e+00  7.708104  7.709093
  1.972500e+00  7.707724  7.708711
  1.975000e+00  7.707346  7.708329
  1.977500e+00  7.706969  7.707949
  1.980000e+00  7.706593  7.707570
  1.982500e+00  7.706219  7.707193
  1.985000e+00  7.705845  7.706816
  1.987500e+00  7.705473  7.706441
  1.990000e+00  7.705102  7.706067
  1.992500e+00  7.704732  7.705694
  1.995000e+00  7.704363  7.705322
  1.997500e+00  7.703995  7.704951
  2.000000e+00  7.703629  7.704582
