  5.000000e-03  7.25510889 46.48985379 
  7.500000e-03  7.25510889 47.95343126 
  1.000000e-02  7.25510889 49.77931995 
  1.250000e-02  7.25510889 51.95550683 
  1.500000e-02  7.25510889 54.46815316 
  1.750000e-02  7.25510889 56.89555332 
  2.000000e-02  7.25510889 58.83940007 
  2.250000e-02  7.25510889 60.26216894 
  2.500000e-02  7.25510889 61.19666171 
  2.750000e-02  7.25510889 61.70403503 
  3.000000e-02  7.25510889 61.75888349 
  3.250000e-02  7.25510889 61.50214822 
  3.500000e-02  7.25510889 61.07539046 
  3.750000e-02  7.25510889 60.60672621 
  4.000000e-02  7.25510889 60.17233829 
  4.250000e-02  7.25510889 59.79776713 
  4.500000e-02  7.25510889 59.47849070 
  4.750000e-02  7.25510889 59.20994147 
  5.000000e-02  7.25510889 58.98899074 
  5.250000e-02  7.25510889 58.89437394 
  5.500000e-02  7.25510889 58.86227373 
  5.750000e-02  7.25510889 58.88261226 
  6.000000e-02  7.25510889 58.93491472 
  6.250000e-02  7.25510889 59.00056016 
  6.500000e-02  7.25510889 59.06559684 
  6.750000e-02  7.25510889 59.11346693 
  7.000000e-02  7.25510889 59.15098125 
  7.250000e-02  7.25510889 59.18436853 
  7.500000e-02  7.25510889 59.21544807 
  7.750000e-02  7.25510889 59.24444998 
  8.000000e-02  7.25510889 59.27600067 
  8.250000e-02  7.25510889 59.31005275 
  8.500000e-02  7.25510889 59.34436059 
  8.750000e-02  7.25510889 59.37574931 
  9.000000e-02  7.25510889 59.40126639 
  9.250000e-02  7.25510889 59.41914587 
  9.500000e-02  7.25510889 59.41673567 
  9.750000e-02  7.25510889 59.39941452 
  1.000000e-01  7.25510889 59.37256140 
  1.025000e-01  7.25510889 59.34128749 
  1.050000e-01  7.25510889 59.30990099 
  1.075000e-01  7.25510889 59.28153555 
  1.100000e-01  7.25510889 59.25486995 
  1.125000e-01  7.25510889 59.23555781 
  1.150000e-01  7.25510889 59.22911305 
  1.175000e-01  7.25510889 59.23054266 
  1.200000e-01  7.25510889 59.23571442 
  1.225000e-01  7.25510889 59.24126745 
  1.250000e-01  7.25510889 59.24479348 
  1.275000e-01  7.25510889 59.24503727 
  1.300000e-01  7.25510889 59.23767324 
  1.325000e-01  7.25510889 59.22406453 
  1.350000e-01  7.25510889 59.20578504 
  1.375000e-01  7.25510889 59.18449105 
  1.400000e-01  7.25510889 59.16171148 
  1.425000e-01  7.25510889 59.13869437 
  1.450000e-01  7.25510889 59.11633080 
  1.475000e-01  7.25510889 59.09514314 
  1.500000e-01  7.25510889 59.07532515 
  1.525000e-01  7.25510889 59.05681944 
  1.550000e-01  7.25510889 59.03941281 
  1.575000e-01  7.25510889 59.02282785 
  1.600000e-01  7.25510889 59.00679217 
  1.625000e-01  7.25510889 58.99107685 
  1.650000e-01  7.25510889 58.97550804 
  1.675000e-01  7.25510889 58.95996197 
  1.700000e-01  7.25510889 58.94435339 
  1.725000e-01  7.25510889 58.92862344 
  1.750000e-01  7.25510889 58.91273032 
  1.775000e-01  7.25510889 58.89664355 
  1.800000e-01  7.25510889 58.88034163 
  1.825000e-01  7.25510889 58.86381226 
  1.850000e-01  7.25510889 58.84705348 
  1.875000e-01  7.25510889 58.83000272 
  1.900000e-01  7.25510889 58.81270645 
  1.925000e-01  7.25510889 58.79522402 
  1.950000e-01  7.25510889 58.77761732 
  1.975000e-01  7.25510889 58.75994304 
  2.000000e-01  7.25510889 58.74224816 
  2.025000e-01  7.25510889 58.72456743 
  2.050000e-01  7.25510889 58.70692277 
  2.075000e-01  7.25510889 58.68932438 
  2.100000e-01  7.25510889 58.67177309 
  2.125000e-01  7.25510889 58.65426387 
  2.150000e-01  7.25510889 58.63678954 
  2.175000e-01  7.25510889 58.61934426 
  2.200000e-01  7.25510889 58.60192645 
  2.225000e-01  7.25510889 58.58454046 
  2.250000e-01  7.25510889 58.56719725 
  2.275000e-01  7.25510889 58.54991383 
  2.300000e-01  7.25510889 58.53271246 
  2.325000e-01  7.25510889 58.51572412 
  2.350000e-01  7.25510889 58.49894938 
  2.375000e-01  7.25510889 58.48238080 
  2.400000e-01  7.25510889 58.46601207 
  2.425000e-01  7.25510889 58.44984226 
  2.450000e-01  7.25510889 58.43387628 
  2.475000e-01  7.25510889 58.41812357 
  2.500000e-01  7.25510889 58.40259609 
  2.525000e-01  7.25510889 58.38730646 
  2.550000e-01  7.25510889 58.37226638 
  2.575000e-01  7.25510889 58.35748547 
  2.600000e-01  7.25510889 58.34297092 
  2.625000e-01  7.25510889 58.32872720 
  2.650000e-01  7.25510889 58.31475650 
  2.675000e-01  7.25510889 58.30105933 
  2.700000e-01  7.25510889 58.28820811 
  2.725000e-01  7.25510889 58.27602929 
  2.750000e-01  7.25510889 58.26429346 
  2.775000e-01  7.25510889 58.25278619 
  2.800000e-01  7.25510889 58.24134802 
  2.825000e-01  7.25510889 58.22988801 
  2.850000e-01  7.25510889 58.21838024 
  2.875000e-01  7.25510889 58.20685079 
  2.900000e-01  7.25510889 58.19536014 
  2.925000e-01  7.25510889 58.18398485 
  2.950000e-01  7.25510889 58.17280114 
  2.975000e-01  7.25510889 58.16187245 
  3.000000e-01  7.25510889 58.15124202 
  3.025000e-01  7.25510889 58.14093046 
  3.050000e-01  7.25510889 58.13093756 
  3.075000e-01  7.25510889 58.12124698 
  3.100000e-01  7.25510889 58.11183230 
  3.125000e-01  7.25510889 58.10266304 
  3.150000e-01  7.25510889 58.09370969 
  3.175000e-01  7.25510889 58.08494709 
  3.200000e-01  7.25510889 58.07635626 
  3.225000e-01  7.25510889 58.06792452 
  3.250000e-01  7.25510889 58.05964478 
  3.275000e-01  7.25510889 58.05151392 
  3.300000e-01  7.25510889 58.04353126 
  3.325000e-01  7.25510889 58.03569694 
  3.350000e-01  7.25510889 58.02801081 
  3.375000e-01  7.25510889 58.02047173 
  3.400000e-01  7.25510889 58.01307727 
  3.425000e-01  7.25510889 58.00582387 
  3.450000e-01  7.25510889 57.99870711 
  3.475000e-01  7.25510889 57.99172219 
  3.500000e-01  7.25510889 57.98486434 
  3.525000e-01  7.25510889 57.97812921 
  3.550000e-01  7.25510889 57.97151304 
  3.575000e-01  7.25510889 57.96501278 
  3.600000e-01  7.25510889 57.95862605 
  3.625000e-01  7.25510889 57.95235100 
  3.650000e-01  7.25510889 57.94618619 
  3.675000e-01  7.25510889 57.94013037 
  3.700000e-01  7.25510889 57.93418235 
  3.725000e-01  7.25510889 57.92834096 
  3.750000e-01  7.25510889 57.92260495 
  3.775000e-01  7.25510889 57.91697302 
  3.800000e-01  7.25510889 57.91144384 
  3.825000e-01  7.25510889 57.90601614 
  3.850000e-01  7.25510889 57.90068872 
  3.875000e-01  7.25510889 57.89546054 
  3.900000e-01  7.25510889 57.89033070 
  3.925000e-01  7.25510889 57.88529847 
  3.950000e-01  7.25510889 57.88036326 
  3.975000e-01  7.25510889 57.87552459 
  4.000000e-01  7.25510889 57.87078203 
  4.025000e-01  7.25510889 57.86613518 
  4.050000e-01  7.25510889 57.86158362 
  4.075000e-01  7.25510889 57.85712683 
  4.100000e-01  7.25510889 57.85276425 
  4.125000e-01  7.25510889 57.84849519 
  4.150000e-01  7.25510889 57.84431888 
  4.175000e-01  7.25510889 57.84023443 
  4.200000e-01  7.25510889 57.83624088 
  4.225000e-01  7.25510889 57.83233721 
  4.250000e-01  7.25510889 57.82852229 
  4.275000e-01  7.25510889 57.82479499 
  4.300000e-01  7.25510889 57.82115411 
  4.325000e-01  7.25510889 57.81759839 
  4.350000e-01  7.25510889 57.81412656 
  4.375000e-01  7.25510889 57.81073729 
  4.400000e-01  7.25510889 57.80742921 
  4.425000e-01  7.25510889 57.80420089 
  4.450000e-01  7.25510889 57.80105088 
  4.475000e-01  7.25510889 57.79797767 
  4.500000e-01  7.25510889 57.79497969 
  4.525000e-01  7.25510889 57.79205535 
  4.550000e-01  7.25510889 57.78920301 
  4.575000e-01  7.25510889 57.78642101 
  4.600000e-01  7.25510889 57.78370767 
  4.625000e-01  7.25510889 57.78106126 
  4.650000e-01  7.25510889 57.77848008 
  4.675000e-01  7.25510889 57.77596239 
  4.700000e-01  7.25510889 57.77350648 
  4.725000e-01  7.25510889 57.77111061 
  4.750000e-01  7.25510889 57.76877308 
  4.775000e-01  7.25510889 57.76649218 
  4.800000e-01  7.25510889 57.76426624 
  4.825000e-01  7.25510889 57.76209357 
  4.850000e-01  7.25510889 57.75997254 
  4.875000e-01  7.25510889 57.75790152 
  4.900000e-01  7.25510889 57.75587891 
  4.925000e-01  7.25510889 57.75390312 
  4.950000e-01  7.25510889 57.75197262 
  4.975000e-01  7.25510889 57.75008589 
  5.000000e-01  7.25510889 57.74824144 
  5.025000e-01  7.25510889 57.74643782 
  5.050000e-01  7.25510889 57.74467361 
  5.075000e-01  7.25510889 57.74294741 
  5.100000e-01  7.25510889 57.74125789 
  5.125000e-01  7.25510889 57.73960373 
  5.150000e-01  7.25510889 57.73798365 
  5.175000e-01  7.25510889 57.73639640 
  5.200000e-01  7.25510889 57.73484079 
  5.225000e-01  7.25510889 57.73331564 
  5.250000e-01  7.25510889 57.73181982 
  5.275000e-01  7.25510889 57.73035223 
  5.300000e-01  7.25510889 57.72891182 
  5.325000e-01  7.25510889 57.72749755 
  5.350000e-01  7.25510889 57.72610844 
  5.375000e-01  7.25510889 57.72474351 
  5.400000e-01  7.25510889 57.72340185 
  5.425000e-01  7.25510889 57.72208255 
  5.450000e-01  7.25510889 57.72078475 
  5.475000e-01  7.25510889 57.71950761 
  5.500000e-01  7.25510889 57.71825033 
  5.525000e-01  7.25510889 57.71701213 
  5.550000e-01  7.25510889 57.71579226 
  5.575000e-01  7.25510889 57.71459000 
  5.600000e-01  7.25510889 57.71340465 
  5.625000e-01  7.25510889 57.71223555 
  5.650000e-01  7.25510889 57.71108204 
  5.675000e-01  7.25510889 57.70994350 
  5.700000e-01  7.25510889 57.70881935 
  5.725000e-01  7.25510889 57.70770901 
  5.750000e-01  7.25510889 57.70661192 
  5.775000e-01  7.25510889 57.70552756 
  5.800000e-01  7.25510889 57.70445543 
  5.825000e-01  7.25510889 57.70339504 
  5.850000e-01  7.25510889 57.70234592 
  5.875000e-01  7.25510889 57.70130763 
  5.900000e-01  7.25510889 57.70027974 
  5.925000e-01  7.25510889 57.69926185 
  5.950000e-01  7.25510889 57.69825357 
  5.975000e-01  7.25510889 57.69725452 
  6.000000e-01  7.25510889 57.69626436 
  6.025000e-01  7.25510889 57.69528276 
  6.050000e-01  7.25510889 57.69430938 
  6.075000e-01  7.25510889 57.69334393 
  6.100000e-01  7.25510889 57.69238612 
  6.125000e-01  7.25510889 57.69143568 
  6.150000e-01  7.25510889 57.69049236 
  6.175000e-01  7.25510889 57.68955591 
  6.200000e-01  7.25510889 57.68862610 
  6.225000e-01  7.25510889 57.68770272 
  6.250000e-01  7.25510889 57.68678557 
  6.275000e-01  7.25510889 57.68587447 
  6.300000e-01  7.25510889 57.68496923 
  6.325000e-01  7.25510889 57.68406970 
  6.350000e-01  7.25510889 57.68317572 
  6.375000e-01  7.25510889 57.68228715 
  6.400000e-01  7.25510889 57.68140387 
  6.425000e-01  7.25510889 57.68052576 
  6.450000e-01  7.25510889 57.67965270 
  6.475000e-01  7.25510889 57.67878460 
  6.500000e-01  7.25510889 57.67792137 
  6.525000e-01  7.25510889 57.67706293 
  6.550000e-01  7.25510889 57.67620920 
  6.575000e-01  7.25510889 57.67536013 
  6.600000e-01  7.25510889 57.67451564 
  6.625000e-01  7.25510889 57.67367570 
  6.650000e-01  7.25510889 57.67284025 
  6.675000e-01  7.25510889 57.67200927 
  6.700000e-01  7.25510889 57.67118271 
  6.725000e-01  7.25510889 57.67036055 
  6.750000e-01  7.25510889 57.66954276 
  6.775000e-01  7.25510889 57.66872934 
  6.800000e-01  7.25510889 57.66792025 
  6.825000e-01  7.25510889 57.66711549 
  6.850000e-01  7.25510889 57.66631506 
  6.875000e-01  7.25510889 57.66551894 
  6.900000e-01  7.25510889 57.66472713 
  6.925000e-01  7.25510889 57.66393963 
  6.950000e-01  7.25510889 57.66315643 
  6.975000e-01  7.25510889 57.66237755 
  7.000000e-01  7.25510889 57.66160297 
  7.025000e-01  7.25510889 57.66083270 
  7.050000e-01  7.25510889 57.66006673 
  7.075000e-01  7.25510889 57.65930508 
  7.100000e-01  7.25510889 57.65854773 
  7.125000e-01  7.25510889 57.65779470 
  7.150000e-01  7.25510889 57.65704597 
  7.175000e-01  7.25510889 57.65630154 
  7.200000e-01  7.25510889 57.65556141 
  7.225000e-01  7.25510889 57.65482557 
  7.250000e-01  7.25510889 57.65409402 
  7.275000e-01  7.25510889 57.65336674 
  7.300000e-01  7.25510889 57.65264372 
  7.325000e-01  7.25510889 57.65192495 
  7.350000e-01  7.25510889 57.65121041 
  7.375000e-01  7.25510889 57.65050008 
  7.400000e-01  7.25510889 57.64979395 
  7.425000e-01  7.25510889 57.64909198 
  7.450000e-01  7.25510889 57.64839416 
  7.475000e-01  7.25510889 57.64770046 
  7.500000e-01  7.25510889 57.64701085 
  7.525000e-01  7.25510889 57.64632530 
  7.550000e-01  7.25510889 57.64564377 
  7.575000e-01  7.25510889 57.64496624 
  7.600000e-01  7.25510889 57.64429266 
  7.625000e-01  7.25510889 57.64362300 
  7.650000e-01  7.25510889 57.64295722 
  7.675000e-01  7.25510889 57.64229528 
  7.700000e-01  7.25510889 57.64163713 
  7.725000e-01  7.25510889 57.64098275 
  7.750000e-01  7.25510889 57.64033208 
  7.775000e-01  7.25510889 57.63968508 
  7.800000e-01  7.25510889 57.63904172 
  7.825000e-01  7.25510889 57.63840195 
  7.850000e-01  7.25510889 57.63776572 
  7.875000e-01  7.25510889 57.63713300 
  7.900000e-01  7.25510889 57.63650375 
  7.925000e-01  7.25510889 57.63587793 
  7.950000e-01  7.25510889 57.63525549 
  7.975000e-01  7.25510889 57.63463641 
  8.000000e-01  7.25510889 57.63402064 
  8.025000e-01  7.25510889 57.63340815 
  8.050000e-01  7.25510889 57.63279892 
  8.075000e-01  7.25510889 57.63219291 
  8.100000e-01  7.25510889 57.63159010 
  8.125000e-01  7.25510889 57.63099046 
  8.150000e-01  7.25510889 57.63039397 
  8.175000e-01  7.25510889 57.62980061 
  8.200000e-01  7.25510889 57.62921036 
  8.225000e-01  7.25510889 57.62862321 
  8.250000e-01  7.25510889 57.62803916 
  8.275000e-01  7.25510889 57.62745819 
  8.300000e-01  7.25510889 57.62688029 
  8.325000e-01  7.25510889 57.62630548 
  8.350000e-01  7.25510889 57.62573374 
  8.375000e-01  7.25510889 57.62516509 
  8.400000e-01  7.25510889 57.62459953 
  8.425000e-01  7.25510889 57.62403708 
  8.450000e-01  7.25510889 57.62347774 
  8.475000e-01  7.25510889 57.62292153 
  8.500000e-01  7.25510889 57.62236848 
  8.525000e-01  7.25510889 57.62181860 
  8.550000e-01  7.25510889 57.62127192 
  8.575000e-01  7.25510889 57.62072847 
  8.600000e-01  7.25510889 57.62018827 
  8.625000e-01  7.25510889 57.61965136 
  8.650000e-01  7.25510889 57.61911777 
  8.675000e-01  7.25510889 57.61858752 
  8.700000e-01  7.25510889 57.61806067 
  8.725000e-01  7.25510889 57.61753723 
  8.750000e-01  7.25510889 57.61701726 
  8.775000e-01  7.25510889 57.61650079 
  8.800000e-01  7.25510889 57.61598786 
  8.825000e-01  7.25510889 57.61547851 
  8.850000e-01  7.25510889 57.61497278 
  8.875000e-01  7.25510889 57.61447070 
  8.900000e-01  7.25510889 57.61397232 
  8.925000e-01  7.25510889 57.61347767 
  8.950000e-01  7.25510889 57.61298680 
  8.975000e-01  7.25510889 57.61249974 
  9.000000e-01  7.25510889 57.61201652 
  9.025000e-01  7.25510889 57.61153718 
  9.050000e-01  7.25510889 57.61106176 
  9.075000e-01  7.25510889 57.61059028 
  9.100000e-01  7.25510889 57.61012277 
  9.125000e-01  7.25510889 57.60965927 
  9.150000e-01  7.25510889 57.60919980 
  9.175000e-01  7.25510889 57.60874438 
  9.200000e-01  7.25510889 57.60829304 
  9.225000e-01  7.25510889 57.60784579 
  9.250000e-01  7.25510889 57.60740265 
  9.275000e-01  7.25510889 57.60696363 
  9.300000e-01  7.25510889 57.60652876 
  9.325000e-01  7.25510889 57.60609803 
  9.350000e-01  7.25510889 57.60567146 
  9.375000e-01  7.25510889 57.60524905 
  9.400000e-01  7.25510889 57.60483080 
  9.425000e-01  7.25510889 57.60441672 
  9.450000e-01  7.25510889 57.60400679 
  9.475000e-01  7.25510889 57.60360102 
  9.500000e-01  7.25510889 57.60319940 
  9.525000e-01  7.25510889 57.60280191 
  9.550000e-01  7.25510889 57.60240855 
  9.575000e-01  7.25510889 57.60201930 
  9.600000e-01  7.25510889 57.60163414 
  9.625000e-01  7.25510889 57.60125305 
  9.650000e-01  7.25510889 57.60087601 
  9.675000e-01  7.25510889 57.60050301 
  9.700000e-01  7.25510889 57.60013401 
  9.725000e-01  7.25510889 57.59976898 
  9.750000e-01  7.25510889 57.59940790 
  9.775000e-01  7.25510889 57.59905075 
  9.800000e-01  7.25510889 57.59869747 
  9.825000e-01  7.25510889 57.59834805 
  9.850000e-01  7.25510889 57.59800245 
  9.875000e-01  7.25510889 57.59766062 
  9.900000e-01  7.25510889 57.59732254 
  9.925000e-01  7.25510889 57.59698817 
  9.950000e-01  7.25510889 57.59665745 
  9.975000e-01  7.25510889 57.59633036 
  1.000000e+00  7.25510889 57.59600686 
  1.002500e+00  7.25510889 57.59568689 
  1.005000e+00  7.25510889 57.59537042 
  1.007500e+00  7.25510889 57.59505740 
  1.010000e+00  7.25510889 57.59474778 
  1.012500e+00  7.25510889 57.59444153 
  1.015000e+00  7.25510889 57.59413860 
  1.017500e+00  7.25510889 57.59383893 
  1.020000e+00  7.25510889 57.59354249 
  1.022500e+00  7.25510889 57.59324923 
  1.025000e+00  7.25510889 57.59295909 
  1.027500e+00  7.25510889 57.59267204 
  1.030000e+00  7.25510889 57.59238803 
  1.032500e+00  7.25510889 57.59210700 
  1.035000e+00  7.25510889 57.59182892 
  1.037500e+00  7.25510889 57.59155372 
  1.040000e+00  7.25510889 57.59128138 
  1.042500e+00  7.25510889 57.59101183 
  1.045000e+00  7.25510889 57.59074504 
  1.047500e+00  7.25510889 57.59048095 
  1.050000e+00  7.25510889 57.59021952 
  1.052500e+00  7.25510889 57.58996070 
  1.055000e+00  7.25510889 57.58970444 
  1.057500e+00  7.25510889 57.58945071 
  1.060000e+00  7.25510889 57.58919945 
  1.062500e+00  7.25510889 57.58895061 
  1.065000e+00  7.25510889 57.58870416 
  1.067500e+00  7.25510889 57.58846004 
  1.070000e+00  7.25510889 57.58821822 
  1.072500e+00  7.25510889 57.58797865 
  1.075000e+00  7.25510889 57.58774128 
  1.077500e+00  7.25510889 57.58750607 
  1.080000e+00  7.25510889 57.58727298 
  1.082500e+00  7.25510889 57.58704196 
  1.085000e+00  7.25510889 57.58681298 
  1.087500e+00  7.25510889 57.58658599 
  1.090000e+00  7.25510889 57.58636094 
  1.092500e+00  7.25510889 57.58613780 
  1.095000e+00  7.25510889 57.58591653 
  1.097500e+00  7.25510889 57.58569709 
  1.100000e+00  7.25510889 57.58547943 
  1.102500e+00  7.25510889 57.58526351 
  1.105000e+00  7.25510889 57.58504931 
  1.107500e+00  7.25510889 57.58483677 
  1.110000e+00  7.25510889 57.58462587 
  1.112500e+00  7.25510889 57.58441655 
  1.115000e+00  7.25510889 57.58420879 
  1.117500e+00  7.25510889 57.58400255 
  1.120000e+00  7.25510889 57.58379778 
  1.122500e+00  7.25510889 57.58359447 
  1.125000e+00  7.25510889 57.58339256 
  1.127500e+00  7.25510889 57.58319202 
  1.130000e+00  7.25510889 57.58299282 
  1.132500e+00  7.25510889 57.58279493 
  1.135000e+00  7.25510889 57.58259830 
  1.137500e+00  7.25510889 57.58240291 
  1.140000e+00  7.25510889 57.58220872 
  1.142500e+00  7.25510889 57.58201570 
  1.145000e+00  7.25510889 57.58182382 
  1.147500e+00  7.25510889 57.58163304 
  1.150000e+00  7.25510889 57.58144333 
  1.152500e+00  7.25510889 57.58125467 
  1.155000e+00  7.25510889 57.58106702 
  1.157500e+00  7.25510889 57.58088034 
  1.160000e+00  7.25510889 57.58069462 
  1.162500e+00  7.25510889 57.58050981 
  1.165000e+00  7.25510889 57.58032590 
  1.167500e+00  7.25510889 57.58014285 
  1.170000e+00  7.25510889 57.57996064 
  1.172500e+00  7.25510889 57.57977923 
  1.175000e+00  7.25510889 57.57959861 
  1.177500e+00  7.25510889 57.57941873 
  1.180000e+00  7.25510889 57.57923958 
  1.182500e+00  7.25510889 57.57906114 
  1.185000e+00  7.25510889 57.57888336 
  1.187500e+00  7.25510889 57.57870624 
  1.190000e+00  7.25510889 57.57852974 
  1.192500e+00  7.25510889 57.57835384 
  1.195000e+00  7.25510889 57.57817852 
  1.197500e+00  7.25510889 57.57800376 
  1.200000e+00  7.25510889 57.57782953 
  1.202500e+00  7.25510889 57.57765580 
  1.205000e+00  7.25510889 57.57748257 
  1.207500e+00  7.25510889 57.57730980 
  1.210000e+00  7.25510889 57.57713748 
  1.212500e+00  7.25510889 57.57696559 
  1.215000e+00  7.25510889 57.57679411 
  1.217500e+00  7.25510889 57.57662301 
  1.220000e+00  7.25510889 57.57645228 
  1.222500e+00  7.25510889 57.57628191 
  1.225000e+00  7.25510889 57.57611187 
  1.227500e+00  7.25510889 57.57594216 
  1.230000e+00  7.25510889 57.57577274 
  1.232500e+00  7.25510889 57.57560361 
  1.235000e+00  7.25510889 57.57543476 
  1.237500e+00  7.25510889 57.57526616 
  1.240000e+00  7.25510889 57.57509781 
  1.242500e+00  7.25510889 57.57492970 
  1.245000e+00  7.25510889 57.57476180 
  1.247500e+00  7.25510889 57.57459411 
  1.250000e+00  7.25510889 57.57442662 
  1.252500e+00  7.25510889 57.57425931 
  1.255000e+00  7.25510889 57.57409219 
  1.257500e+00  7.25510889 57.57392523 
  1.260000e+00  7.25510889 57.57375843 
  1.262500e+00  7.25510889 57.57359179 
  1.265000e+00  7.25510889 57.57342529 
  1.267500e+00  7.25510889 57.57325893 
  1.270000e+00  7.25510889 57.57309271 
  1.272500e+00  7.25510889 57.57292661 
  1.275000e+00  7.25510889 57.57276064 
  1.277500e+00  7.25510889 57.57259479 
  1.280000e+00  7.25510889 57.57242906 
  1.282500e+00  7.25510889 57.57226345 
  1.285000e+00  7.25510889 57.57209795 
  1.287500e+00  7.25510889 57.57193257 
  1.290000e+00  7.25510889 57.57176730 
  1.292500e+00  7.25510889 57.57160215 
  1.295000e+00  7.25510889 57.57143712 
  1.297500e+00  7.25510889 57.57127220 
  1.300000e+00  7.25510889 57.57110741 
  1.302500e+00  7.25510889 57.57094274 
  1.305000e+00  7.25510889 57.57077820 
  1.307500e+00  7.25510889 57.57061380 
  1.310000e+00  7.25510889 57.57044953 
  1.312500e+00  7.25510889 57.57028541 
  1.315000e+00  7.25510889 57.57012145 
  1.317500e+00  7.25510889 57.56995764 
  1.320000e+00  7.25510889 57.56979400 
  1.322500e+00  7.25510889 57.56963054 
  1.325000e+00  7.25510889 57.56946726 
  1.327500e+00  7.25510889 57.56930418 
  1.330000e+00  7.25510889 57.56914131 
  1.332500e+00  7.25510889 57.56897865 
  1.335000e+00  7.25510889 57.56881622 
  1.337500e+00  7.25510889 57.56865402 
  1.340000e+00  7.25510889 57.56849208 
  1.342500e+00  7.25510889 57.56833040 
  1.345000e+00  7.25510889 57.56816900 
  1.347500e+00  7.25510889 57.56800789 
  1.350000e+00  7.25510889 57.56784709 
  1.352500e+00  7.25510889 57.56768660 
  1.355000e+00  7.25510889 57.56752645 
  1.357500e+00  7.25510889 57.56736664 
  1.360000e+00  7.25510889 57.56720720 
  1.362500e+00  7.25510889 57.56704814 
  1.365000e+00  7.25510889 57.56688947 
  1.367500e+00  7.25510889 57.56673122 
  1.370000e+00  7.25510889 57.56657339 
  1.372500e+00  7.25510889 57.56641600 
  1.375000e+00  7.25510889 57.56625908 
  1.377500e+00  7.25510889 57.56610263 
  1.380000e+00  7.25510889 57.56594667 
  1.382500e+00  7.25510889 57.56579122 
  1.385000e+00  7.25510889 57.56563630 
  1.387500e+00  7.25510889 57.56548192 
  1.390000e+00  7.25510889 57.56532810 
  1.392500e+00  7.25510889 57.56517486 
  1.395000e+00  7.25510889 57.56502221 
  1.397500e+00  7.25510889 57.56487017 
  1.400000e+00  7.25510889 57.56471875 
  1.402500e+00  7.25510889 57.56456798 
  1.405000e+00  7.25510889 57.56441787 
  1.407500e+00  7.25510889 57.56426843 
  1.410000e+00  7.25510889 57.56411967 
  1.412500e+00  7.25510889 57.56397163 
  1.415000e+00  7.25510889 57.56382431 
  1.417500e+00  7.25510889 57.56367772 
  1.420000e+00  7.25510889 57.56353188 
  1.422500e+00  7.25510889 57.56338681 
  1.425000e+00  7.25510889 57.56324251 
  1.427500e+00  7.25510889 57.56309901 
  1.430000e+00  7.25510889 57.56295632 
  1.432500e+00  7.25510889 57.56281444 
  1.435000e+00  7.25510889 57.56267340 
  1.437500e+00  7.25510889 57.56253320 
  1.440000e+00  7.25510889 57.56239385 
  1.442500e+00  7.25510889 57.56225538 
  1.445000e+00  7.25510889 57.56211778 
  1.447500e+00  7.25510889 57.56198107 
  1.450000e+00  7.25510889 57.56184526 
  1.452500e+00  7.25510889 57.56171036 
  1.455000e+00  7.25510889 57.56157638 
  1.457500e+00  7.25510889 57.56144332 
  1.460000e+00  7.25510889 57.56131120 
  1.462500e+00  7.25510889 57.56118003 
  1.465000e+00  7.25510889 57.56104980 
  1.467500e+00  7.25510889 57.56092054 
  1.470000e+00  7.25510889 57.56079223 
  1.472500e+00  7.25510889 57.56066490 
  1.475000e+00  7.25510889 57.56053855 
  1.477500e+00  7.25510889 57.56041317 
  1.480000e+00  7.25510889 57.56028879 
  1.482500e+00  7.25510889 57.56016539 
  1.485000e+00  7.25510889 57.56004298 
  1.487500e+00  7.25510889 57.55992158 
  1.490000e+00  7.25510889 57.55980117 
  1.492500e+00  7.25510889 57.55968176 
  1.495000e+00  7.25510889 57.55956336 
  1.497500e+00  7.25510889 57.55944597 
  1.500000e+00  7.25510889 57.55932958 
  1.502500e+00  7.25510889 57.55921420 
  1.505000e+00  7.25510889 57.55909982 
  1.507500e+00  7.25510889 57.55898646 
  1.510000e+00  7.25510889 57.55887410 
  1.512500e+00  7.25510889 57.55876274 
  1.515000e+00  7.25510889 57.55865239 
  1.517500e+00  7.25510889 57.55854305 
  1.520000e+00  7.25510889 57.55843470 
  1.522500e+00  7.25510889 57.55832735 
  1.525000e+00  7.25510889 57.55822100 
  1.527500e+00  7.25510889 57.55811564 
  1.530000e+00  7.25510889 57.55801127 
  1.532500e+00  7.25510889 57.55790789 
  1.535000e+00  7.25510889 57.55780548 
  1.537500e+00  7.25510889 57.55770405 
  1.540000e+00  7.25510889 57.55760360 
  1.542500e+00  7.25510889 57.55750411 
  1.545000e+00  7.25510889 57.55740558 
  1.547500e+00  7.25510889 57.55730801 
  1.550000e+00  7.25510889 57.55721139 
  1.552500e+00  7.25510889 57.55711571 
  1.555000e+00  7.25510889 57.55702097 
  1.557500e+00  7.25510889 57.55692717 
  1.560000e+00  7.25510889 57.55683429 
  1.562500e+00  7.25510889 57.55674233 
  1.565000e+00  7.25510889 57.55665128 
  1.567500e+00  7.25510889 57.55656113 
  1.570000e+00  7.25510889 57.55647188 
  1.572500e+00  7.25510889 57.55638352 
  1.575000e+00  7.25510889 57.55629605 
  1.577500e+00  7.25510889 57.55620945 
  1.580000e+00  7.25510889 57.55612371 
  1.582500e+00  7.25510889 57.55603883 
  1.585000e+00  7.25510889 57.55595480 
  1.587500e+00  7.25510889 57.55587161 
  1.590000e+00  7.25510889 57.55578926 
  1.592500e+00  7.25510889 57.55570773 
  1.595000e+00  7.25510889 57.55562702 
  1.597500e+00  7.25510889 57.55554711 
  1.600000e+00  7.25510889 57.55546800 
  1.602500e+00  7.25510889 57.55538968 
  1.605000e+00  7.25510889 57.55531215 
  1.607500e+00  7.25510889 57.55523538 
  1.610000e+00  7.25510889 57.55515938 
  1.612500e+00  7.25510889 57.55508413 
  1.615000e+00  7.25510889 57.55500962 
  1.617500e+00  7.25510889 57.55493585 
  1.620000e+00  7.25510889 57.55486281 
  1.622500e+00  7.25510889 57.55479049 
  1.625000e+00  7.25510889 57.55471887 
  1.627500e+00  7.25510889 57.55464795 
  1.630000e+00  7.25510889 57.55457772 
  1.632500e+00  7.25510889 57.55450817 
  1.635000e+00  7.25510889 57.55443929 
  1.637500e+00  7.25510889 57.55437108 
  1.640000e+00  7.25510889 57.55430351 
  1.642500e+00  7.25510889 57.55423659 
  1.645000e+00  7.25510889 57.55417031 
  1.647500e+00  7.25510889 57.55410465 
  1.650000e+00  7.25510889 57.55403960 
  1.652500e+00  7.25510889 57.55397516 
  1.655000e+00  7.25510889 57.55391133 
  1.657500e+00  7.25510889 57.55384807 
  1.660000e+00  7.25510889 57.55378540 
  1.662500e+00  7.25510889 57.55372330 
  1.665000e+00  7.25510889 57.55366177 
  1.667500e+00  7.25510889 57.55360078 
  1.670000e+00  7.25510889 57.55354034 
  1.672500e+00  7.25510889 57.55348044 
  1.675000e+00  7.25510889 57.55342106 
  1.677500e+00  7.25510889 57.55336220 
  1.680000e+00  7.25510889 57.55330385 
  1.682500e+00  7.25510889 57.55324600 
  1.685000e+00  7.25510889 57.55318865 
  1.687500e+00  7.25510889 57.55313177 
  1.690000e+00  7.25510889 57.55307538 
  1.692500e+00  7.25510889 57.55301945 
  1.695000e+00  7.25510889 57.55296398 
  1.697500e+00  7.25510889 57.55290896 
  1.700000e+00  7.25510889 57.55285438 
  1.702500e+00  7.25510889 57.55280024 
  1.705000e+00  7.25510889 57.55274652 
  1.707500e+00  7.25510889 57.55269323 
  1.710000e+00  7.25510889 57.55264034 
  1.712500e+00  7.25510889 57.55258786 
  1.715000e+00  7.25510889 57.55253577 
  1.717500e+00  7.25510889 57.55248408 
  1.720000e+00  7.25510889 57.55243276 
  1.722500e+00  7.25510889 57.55238181 
  1.725000e+00  7.25510889 57.55233123 
  1.727500e+00  7.25510889 57.55228101 
  1.730000e+00  7.25510889 57.55223114 
  1.732500e+00  7.25510889 57.55218161 
  1.735000e+00  7.25510889 57.55213242 
  1.737500e+00  7.25510889 57.55208356 
  1.740000e+00  7.25510889 57.55203502 
  1.742500e+00  7.25510889 57.55198679 
  1.745000e+00  7.25510889 57.55193888 
  1.747500e+00  7.25510889 57.55189127 
  1.750000e+00  7.25510889 57.55184395 
  1.752500e+00  7.25510889 57.55179692 
  1.755000e+00  7.25510889 57.55175017 
  1.757500e+00  7.25510889 57.55170370 
  1.760000e+00  7.25510889 57.55165750 
  1.762500e+00  7.25510889 57.55161156 
  1.765000e+00  7.25510889 57.55156588 
  1.767500e+00  7.25510889 57.55152045 
  1.770000e+00  7.25510889 57.55147526 
  1.772500e+00  7.25510889 57.55143032 
  1.775000e+00  7.25510889 57.55138560 
  1.777500e+00  7.25510889 57.55134111 
  1.780000e+00  7.25510889 57.55129685 
  1.782500e+00  7.25510889 57.55125280 
  1.785000e+00  7.25510889 57.55120896 
  1.787500e+00  7.25510889 57.55116532 
  1.790000e+00  7.25510889 57.55112188 
  1.792500e+00  7.25510889 57.55107864 
  1.795000e+00  7.25510889 57.55103558 
  1.797500e+00  7.25510889 57.55099270 
  1.800000e+00  7.25510889 57.55095001 
  1.802500e+00  7.25510889 57.55090749 
  1.805000e+00  7.25510889 57.55086513 
  1.807500e+00  7.25510889 57.55082294 
  1.810000e+00  7.25510889 57.55078090 
  1.812500e+00  7.25510889 57.55073902 
  1.815000e+00  7.25510889 57.55069728 
  1.817500e+00  7.25510889 57.55065569 
  1.820000e+00  7.25510889 57.55061423 
  1.822500e+00  7.25510889 57.55057291 
  1.825000e+00  7.25510889 57.55053173 
  1.827500e+00  7.25510889 57.55049066 
  1.830000e+00  7.25510889 57.55044972 
  1.832500e+00  7.25510889 57.55040889 
  1.835000e+00  7.25510889 57.55036817 
  1.837500e+00  7.25510889 57.55032757 
  1.840000e+00  7.25510889 57.55028706 
  1.842500e+00  7.25510889 57.55024666 
  1.845000e+00  7.25510889 57.55020635 
  1.847500e+00  7.25510889 57.55016614 
  1.850000e+00  7.25510889 57.55012601 
  1.852500e+00  7.25510889 57.55008597 
  1.855000e+00  7.25510889 57.55004600 
  1.857500e+00  7.25510889 57.55000612 
  1.860000e+00  7.25510889 57.54996631 
  1.862500e+00  7.25510889 57.54992656 
  1.865000e+00  7.25510889 57.54988689 
  1.867500e+00  7.25510889 57.54984727 
  1.870000e+00  7.25510889 57.54980772 
  1.872500e+00  7.25510889 57.54976822 
  1.875000e+00  7.25510889 57.54972878 
  1.877500e+00  7.25510889 57.54968938 
  1.880000e+00  7.25510889 57.54965004 
  1.882500e+00  7.25510889 57.54961073 
  1.885000e+00  7.25510889 57.54957147 
  1.887500e+00  7.25510889 57.54953224 
  1.890000e+00  7.25510889 57.54949305 
  1.892500e+00  7.25510889 57.54945389 
  1.895000e+00  7.25510889 57.54941476 
  1.897500e+00  7.25510889 57.54937565 
  1.900000e+00  7.25510889 57.54933657 
  1.902500e+00  7.25510889 57.54929751 
  1.905000e+00  7.25510889 57.54925847 
  1.907500e+00  7.25510889 57.54921944 
  1.910000e+00  7.25510889 57.54918043 
  1.912500e+00  7.25510889 57.54914143 
  1.915000e+00  7.25510889 57.54910244 
  1.917500e+00  7.25510889 57.54906345 
  1.920000e+00  7.25510889 57.54902446 
  1.922500e+00  7.25510889 57.54898548 
  1.925000e+00  7.25510889 57.54894650 
  1.927500e+00  7.25510889 57.54890751 
  1.930000e+00  7.25510889 57.54886852 
  1.932500e+00  7.25510889 57.54882952 
  1.935000e+00  7.25510889 57.54879052 
  1.937500e+00  7.25510889 57.54875150 
  1.940000e+00  7.25510889 57.54871247 
  1.942500e+00  7.25510889 57.54867343 
  1.945000e+00  7.25510889 57.54863437 
  1.947500e+00  7.25510889 57.54859529 
  1.950000e+00  7.25510889 57.54855619 
  1.952500e+00  7.25510889 57.54851707 
  1.955000e+00  7.25510889 57.54847792 
  1.957500e+00  7.25510889 57.54843875 
  1.960000e+00  7.25510889 57.54839956 
  1.962500e+00  7.25510889 57.54836034 
  1.965000e+00  7.25510889 57.54832109 
  1.967500e+00  7.25510889 57.54828180 
  1.970000e+00  7.25510889 57.54824249 
  1.972500e+00  7.25510889 57.54820314 
  1.975000e+00  7.25510889 57.54816376 
  1.977500e+00  7.25510889 57.54812434 
  1.980000e+00  7.25510889 57.54808489 
  1.982500e+00  7.25510889 57.54804539 
  1.985000e+00  7.25510889 57.54800586 
  1.987500e+00  7.25510889 57.54796629 
  1.990000e+00  7.25510889 57.54792667 
  1.992500e+00  7.25510889 57.54788701 
  1.995000e+00  7.25510889 57.54784731 
  1.997500e+00  7.25510889 57.54780757 
  2.000000e+00  7.25510889 57.54776778 
