  1.000000e-02  257.826968  321.616429
  1.500000e-02  141.523569  252.522847
  2.000000e-02  76.289781  201.553426
  2.500000e-02  46.619668  157.485329
  3.000000e-02  36.436679  103.837465
  3.500000e-02  27.841614  62.632879
  4.000000e-02  18.976644  42.288168
  4.500000e-02  14.589420  31.878805
  5.000000e-02  12.735074  25.208534
  5.500000e-02  11.741116  20.739032
  6.000000e-02  11.544781  17.898092
  6.500000e-02  11.805316  16.062803
  7.000000e-02  11.742508  14.767078
  7.500000e-02  10.963354  13.602009
  8.000000e-02  9.811675  12.598730
  8.500000e-02  8.830107  11.710947
  9.000000e-02  8.287166  10.935445
  9.500000e-02  8.130180  10.300275
  1.000000e-01  8.174273  9.817811
  1.050000e-01  8.255908  9.461933
  1.100000e-01  8.293168  9.201771
  1.150000e-01  8.234077  8.968041
  1.200000e-01  8.123468  8.785044
  1.250000e-01  7.977168  8.619962
  1.300000e-01  7.806770  8.461736
  1.350000e-01  7.626811  8.304885
  1.400000e-01  7.454078  8.148590
  1.450000e-01  7.302112  7.995303
  1.500000e-01  7.178007  7.848936
  1.550000e-01  7.082565  7.712674
  1.600000e-01  7.010531  7.587848
  1.650000e-01  6.949671  7.472422
  1.700000e-01  6.888964  7.367564
  1.750000e-01  6.819586  7.269337
  1.800000e-01  6.738336  7.174432
  1.850000e-01  6.648309  7.080686
  1.900000e-01  6.554635  6.984564
  1.950000e-01  6.465275  6.890635
  2.000000e-01  6.385856  6.799355
  2.050000e-01  6.318423  6.712082
  2.100000e-01  6.262033  6.630037
  2.150000e-01  6.214253  6.553984
  2.200000e-01  6.172533  6.484222
  2.250000e-01  6.135054  6.420703
  2.300000e-01  6.100982  6.363177
  2.350000e-01  6.070092  6.310736
  2.400000e-01  6.043280  6.264005
  2.450000e-01  6.020984  6.222332
  2.500000e-01  6.002516  6.184761
  2.550000e-01  5.987156  6.151512
  2.600000e-01  5.974189  6.121975
  2.650000e-01  5.962931  6.095635
  2.700000e-01  5.952695  6.072017
  2.750000e-01  5.942828  6.050680
  2.800000e-01  5.932836  6.031218
  2.850000e-01  5.922464  6.013273
  2.900000e-01  5.911435  5.996268
  2.950000e-01  5.900054  5.980351
  3.000000e-01  5.888591  5.965257
  3.050000e-01  5.877146  5.950822
  3.100000e-01  5.865653  5.936908
  3.150000e-01  5.853995  5.923394
  3.200000e-01  5.841993  5.909986
  3.250000e-01  5.829748  5.896850
  3.300000e-01  5.817479  5.883888
  3.350000e-01  5.805410  5.871084
  3.400000e-01  5.793703  5.858457
  3.450000e-01  5.782442  5.846041
  3.500000e-01  5.771653  5.833875
  3.550000e-01  5.761308  5.821966
  3.600000e-01  5.751376  5.810367
  3.650000e-01  5.741856  5.799104
  3.700000e-01  5.732727  5.788187
  3.750000e-01  5.723954  5.777621
  3.800000e-01  5.715487  5.767403
  3.850000e-01  5.707274  5.757517
  3.900000e-01  5.699248  5.747904
  3.950000e-01  5.691365  5.738582
  4.000000e-01  5.683621  5.729540
  4.050000e-01  5.676007  5.720746
  4.100000e-01  5.668506  5.712172
  4.150000e-01  5.661094  5.703795
  4.200000e-01  5.653748  5.695582
  4.250000e-01  5.646457  5.687522
  4.300000e-01  5.639221  5.679599
  4.350000e-01  5.632046  5.671800
  4.400000e-01  5.624937  5.664116
  4.450000e-01  5.617900  5.656538
  4.500000e-01  5.610939  5.649062
  4.550000e-01  5.604062  5.641685
  4.600000e-01  5.597279  5.634405
  4.650000e-01  5.590600  5.627223
  4.700000e-01  5.584036  5.620141
  4.750000e-01  5.577592  5.613161
  4.800000e-01  5.571274  5.606286
  4.850000e-01  5.565082  5.599519
  4.900000e-01  5.559017  5.592863
  4.950000e-01  5.553075  5.586321
  5.000000e-01  5.547251  5.579893
  5.050000e-01  5.541541  5.573580
  5.100000e-01  5.535939  5.567381
  5.150000e-01  5.530436  5.561294
  5.200000e-01  5.525026  5.555316
  5.250000e-01  5.519702  5.549444
  5.300000e-01  5.514458  5.543675
  5.350000e-01  5.509289  5.538004
  5.400000e-01  5.504188  5.532426
  5.450000e-01  5.499152  5.526937
  5.500000e-01  5.494177  5.521532
  5.550000e-01  5.489258  5.516208
  5.600000e-01  5.484393  5.510960
  5.650000e-01  5.479579  5.505783
  5.700000e-01  5.474815  5.500675
  5.750000e-01  5.470098  5.495632
  5.800000e-01  5.465427  5.490651
  5.850000e-01  5.460801  5.485729
  5.900000e-01  5.456217  5.480863
  5.950000e-01  5.451676  5.476051
  6.000000e-01  5.447175  5.471291
  6.050000e-01  5.442713  5.466580
  6.100000e-01  5.438289  5.461917
  6.150000e-01  5.433901  5.457300
  6.200000e-01  5.429548  5.452726
  6.250000e-01  5.425228  5.448194
  6.300000e-01  5.420940  5.443702
  6.350000e-01  5.416682  5.439249
  6.400000e-01  5.412453  5.434832
  6.450000e-01  5.408249  5.430450
  6.500000e-01  5.404071  5.426101
  6.550000e-01  5.399915  5.421784
  6.600000e-01  5.395780  5.417495
  6.650000e-01  5.391664  5.413235
  6.700000e-01  5.387565  5.409000
  6.750000e-01  5.383480  5.404788
  6.800000e-01  5.379409  5.400599
  6.850000e-01  5.375350  5.396431
  6.900000e-01  5.371301  5.392281
  6.950000e-01  5.367262  5.388148
  7.000000e-01  5.363229  5.384031
  7.050000e-01  5.359204  5.379928
  7.100000e-01  5.355185  5.375838
  7.150000e-01  5.351171  5.371759
  7.200000e-01  5.347162  5.367691
  7.250000e-01  5.343157  5.363633
  7.300000e-01  5.339156  5.359584
  7.350000e-01  5.335159  5.355542
  7.400000e-01  5.331166  5.351508
  7.450000e-01  5.327177  5.347480
  7.500000e-01  5.323191  5.343459
  7.550000e-01  5.319209  5.339443
  7.600000e-01  5.315232  5.335434
  7.650000e-01  5.311259  5.331430
  7.700000e-01  5.307290  5.327431
  7.750000e-01  5.303327  5.323438
  7.800000e-01  5.299370  5.319450
  7.850000e-01  5.295418  5.315468
  7.900000e-01  5.291474  5.311492
  7.950000e-01  5.287536  5.307522
  8.000000e-01  5.283607  5.303558
  8.050000e-01  5.279687  5.299602
  8.100000e-01  5.275776  5.295653
  8.150000e-01  5.271875  5.291712
  8.200000e-01  5.267986  5.287779
  8.250000e-01  5.264109  5.283855
  8.300000e-01  5.260245  5.279942
  8.350000e-01  5.256395  5.276038
  8.400000e-01  5.252560  5.272147
  8.450000e-01  5.248742  5.268267
  8.500000e-01  5.244940  5.264400
  8.550000e-01  5.241157  5.260548
  8.600000e-01  5.237392  5.256710
  8.650000e-01  5.233648  5.252888
  8.700000e-01  5.229925  5.249082
  8.750000e-01  5.226225  5.245294
  8.800000e-01  5.222548  5.241525
  8.850000e-01  5.218894  5.237775
  8.900000e-01  5.215266  5.234045
  8.950000e-01  5.211664  5.230337
  9.000000e-01  5.208089  5.226652
  9.050000e-01  5.204542  5.222989
  9.100000e-01  5.201022  5.219351
  9.150000e-01  5.197533  5.215737
  9.200000e-01  5.194073  5.212149
  9.250000e-01  5.190643  5.208588
  9.300000e-01  5.187244  5.205054
  9.350000e-01  5.183877  5.201548
  9.400000e-01  5.180543  5.198071
  9.450000e-01  5.177240  5.194623
  9.500000e-01  5.173971  5.191205
  9.550000e-01  5.170734  5.187817
  9.600000e-01  5.167531  5.184460
  9.650000e-01  5.164362  5.181135
  9.700000e-01  5.161226  5.177841
  9.750000e-01  5.158125  5.174580
  9.800000e-01  5.155057  5.171351
  9.850000e-01  5.152024  5.168154
  9.900000e-01  5.149024  5.164991
  9.950000e-01  5.146059  5.161860
  1.000000e+00  5.143127  5.158763
  1.005000e+00  5.140230  5.155699
  1.010000e+00  5.137365  5.152668
  1.015000e+00  5.134535  5.149671
  1.020000e+00  5.131737  5.146707
  1.025000e+00  5.128972  5.143776
  1.030000e+00  5.126240  5.140878
  1.035000e+00  5.123540  5.138013
  1.040000e+00  5.120872  5.135181
  1.045000e+00  5.118236  5.132381
  1.050000e+00  5.115631  5.129614
  1.055000e+00  5.113056  5.126878
  1.060000e+00  5.110512  5.124175
  1.065000e+00  5.107997  5.121502
  1.070000e+00  5.105512  5.118861
  1.075000e+00  5.103056  5.116250
  1.080000e+00  5.100628  5.113670
  1.085000e+00  5.098228  5.111119
  1.090000e+00  5.095855  5.108598
  1.095000e+00  5.093509  5.106106
  1.100000e+00  5.091189  5.103642
  1.105000e+00  5.088895  5.101206
  1.110000e+00  5.086626  5.098798
  1.115000e+00  5.084381  5.096417
  1.120000e+00  5.082161  5.094062
  1.125000e+00  5.079963  5.091733
  1.130000e+00  5.077789  5.089430
  1.135000e+00  5.075637  5.087152
  1.140000e+00  5.073507  5.084898
  1.145000e+00  5.071397  5.082667
  1.150000e+00  5.069309  5.080461
  1.155000e+00  5.067240  5.078276
  1.160000e+00  5.065191  5.076115
  1.165000e+00  5.063160  5.073974
  1.170000e+00  5.061148  5.071855
  1.175000e+00  5.059154  5.069756
  1.180000e+00  5.057177  5.067678
  1.185000e+00  5.055216  5.065618
  1.190000e+00  5.053272  5.063578
  1.195000e+00  5.051344  5.061556
  1.200000e+00  5.049430  5.059552
  1.205000e+00  5.047531  5.057565
  1.210000e+00  5.045647  5.055595
  1.215000e+00  5.043776  5.053641
  1.220000e+00  5.041918  5.051703
  1.225000e+00  5.040073  5.049780
  1.230000e+00  5.038240  5.047872
  1.235000e+00  5.036419  5.045978
  1.240000e+00  5.034609  5.044098
  1.245000e+00  5.032810  5.042231
  1.250000e+00  5.031022  5.040377
  1.255000e+00  5.029244  5.038536
  1.260000e+00  5.027475  5.036706
  1.265000e+00  5.025716  5.034888
  1.270000e+00  5.023966  5.033081
  1.275000e+00  5.022224  5.031285
  1.280000e+00  5.020491  5.029499
  1.285000e+00  5.018766  5.027723
  1.290000e+00  5.017048  5.025956
  1.295000e+00  5.015337  5.024199
  1.300000e+00  5.013634  5.022450
  1.305000e+00  5.011937  5.020710
  1.310000e+00  5.010246  5.018978
  1.315000e+00  5.008562  5.017253
  1.320000e+00  5.006883  5.015536
  1.325000e+00  5.005210  5.013827
  1.330000e+00  5.003542  5.012124
  1.335000e+00  5.001880  5.010428
  1.340000e+00  5.000223  5.008738
  1.345000e+00  4.998570  5.007054
  1.350000e+00  4.996922  5.005376
  1.355000e+00  4.995278  5.003703
  1.360000e+00  4.993639  5.002036
  1.365000e+00  4.992004  5.000374
  1.370000e+00  4.990373  4.998718
  1.375000e+00  4.988746  4.997066
  1.380000e+00  4.987122  4.995418
  1.385000e+00  4.985502  4.993775
  1.390000e+00  4.983886  4.992137
  1.395000e+00  4.982274  4.990502
  1.400000e+00  4.980665  4.988872
  1.405000e+00  4.979059  4.987246
  1.410000e+00  4.977457  4.985624
  1.415000e+00  4.975858  4.984005
  1.420000e+00  4.974262  4.982390
  1.425000e+00  4.972670  4.980779
  1.430000e+00  4.971082  4.979172
  1.435000e+00  4.969496  4.977568
  1.440000e+00  4.967915  4.975968
  1.445000e+00  4.966336  4.974371
  1.450000e+00  4.964761  4.972778
  1.455000e+00  4.963190  4.971189
  1.460000e+00  4.961623  4.969603
  1.465000e+00  4.960059  4.968021
  1.470000e+00  4.958499  4.966442
  1.475000e+00  4.956943  4.964867
  1.480000e+00  4.955391  4.963296
  1.485000e+00  4.953843  4.961729
  1.490000e+00  4.952300  4.960165
  1.495000e+00  4.950761  4.958606
  1.500000e+00  4.949226  4.957051
  1.505000e+00  4.947696  4.955500
  1.510000e+00  4.946171  4.953953
  1.515000e+00  4.944651  4.952411
  1.520000e+00  4.943137  4.950873
  1.525000e+00  4.941627  4.949340
  1.530000e+00  4.940123  4.947812
  1.535000e+00  4.938624  4.946288
  1.540000e+00  4.937131  4.944770
  1.545000e+00  4.935644  4.943257
  1.550000e+00  4.934164  4.941749
  1.555000e+00  4.932689  4.940247
  1.560000e+00  4.931221  4.938750
  1.565000e+00  4.929760  4.937260
  1.570000e+00  4.928305  4.935775
  1.575000e+00  4.926857  4.934297
  1.580000e+00  4.925417  4.932824
  1.585000e+00  4.923984  4.931359
  1.590000e+00  4.922558  4.929900
  1.595000e+00  4.921140  4.928448
  1.600000e+00  4.919729  4.927002
  1.605000e+00  4.918327  4.925564
  1.610000e+00  4.916932  4.924133
  1.615000e+00  4.915546  4.922710
  1.620000e+00  4.914168  4.921294
  1.625000e+00  4.912799  4.919886
  1.630000e+00  4.911438  4.918486
  1.635000e+00  4.910086  4.917094
  1.640000e+00  4.908743  4.915710
  1.645000e+00  4.907408  4.914334
  1.650000e+00  4.906083  4.912967
  1.655000e+00  4.904767  4.911608
  1.660000e+00  4.903461  4.910258
  1.665000e+00  4.902163  4.908917
  1.670000e+00  4.900876  4.907585
  1.675000e+00  4.899597  4.906262
  1.680000e+00  4.898329  4.904948
  1.685000e+00  4.897070  4.903643
  1.690000e+00  4.895821  4.902347
  1.695000e+00  4.894581  4.901061
  1.700000e+00  4.893352  4.899784
  1.705000e+00  4.892132  4.898517
  1.710000e+00  4.890923  4.897260
  1.715000e+00  4.889723  4.896012
  1.720000e+00  4.888533  4.894773
  1.725000e+00  4.887353  4.893545
  1.730000e+00  4.886183  4.892326
  1.735000e+00  4.885024  4.891117
  1.740000e+00  4.883874  4.889918
  1.745000e+00  4.882734  4.888729
  1.750000e+00  4.881604  4.887550
  1.755000e+00  4.880484  4.886381
  1.760000e+00  4.879374  4.885221
  1.765000e+00  4.878274  4.884072
  1.770000e+00  4.877184  4.882932
  1.775000e+00  4.876104  4.881802
  1.780000e+00  4.875033  4.880682
  1.785000e+00  4.873972  4.879572
  1.790000e+00  4.872921  4.878472
  1.795000e+00  4.871879  4.877381
  1.800000e+00  4.870848  4.876301
  1.805000e+00  4.869825  4.875230
  1.810000e+00  4.868812  4.874168
  1.815000e+00  4.867809  4.873116
  1.820000e+00  4.866814  4.872074
  1.825000e+00  4.865829  4.871042
  1.830000e+00  4.864853  4.870018
  1.835000e+00  4.863887  4.869004
  1.840000e+00  4.862929  4.868000
  1.845000e+00  4.861980  4.867005
  1.850000e+00  4.861040  4.866019
  1.855000e+00  4.860109  4.865042
  1.860000e+00  4.859186  4.864074
  1.865000e+00  4.858272  4.863115
  1.870000e+00  4.857366  4.862164
  1.875000e+00  4.856469  4.861223
  1.880000e+00  4.855580  4.860290
  1.885000e+00  4.854699  4.859366
  1.890000e+00  4.853826  4.858451
  1.895000e+00  4.852961  4.857544
  1.900000e+00  4.852105  4.856645
  1.905000e+00  4.851255  4.855754
  1.910000e+00  4.850414  4.854872
  1.915000e+00  4.849580  4.853997
  1.920000e+00  4.848754  4.853131
  1.925000e+00  4.847935  4.852272
  1.930000e+00  4.847123  4.851422
  1.935000e+00  4.846319  4.850579
  1.940000e+00  4.845521  4.849743
  1.945000e+00  4.844731  4.848915
  1.950000e+00  4.843947  4.848094
  1.955000e+00  4.843170  4.847281
  1.960000e+00  4.842400  4.846474
  1.965000e+00  4.841636  4.845675
  1.970000e+00  4.840879  4.844883
  1.975000e+00  4.840129  4.844098
  1.980000e+00  4.839384  4.843319
  1.985000e+00  4.838646  4.842547
  1.990000e+00  4.837913  4.841782
  1.995000e+00  4.837187  4.841023
  2.000000e+00  4.836467  4.840270
  2.005000e+00  4.835752  4.839524
  2.010000e+00  4.835043  4.838784
  2.015000e+00  4.834340  4.838050
  2.020000e+00  4.833642  4.837321
  2.025000e+00  4.832950  4.836599
  2.030000e+00  4.832262  4.835883
  2.035000e+00  4.831580  4.835172
  2.040000e+00  4.830904  4.834467
  2.045000e+00  4.830232  4.833768
  2.050000e+00  4.829565  4.833073
  2.055000e+00  4.828903  4.832385
  2.060000e+00  4.828246  4.831701
  2.065000e+00  4.827594  4.831022
  2.070000e+00  4.826946  4.830349
  2.075000e+00  4.826303  4.829681
  2.080000e+00  4.825664  4.829017
  2.085000e+00  4.825029  4.828358
  2.090000e+00  4.824399  4.827704
  2.095000e+00  4.823773  4.827055
  2.100000e+00  4.823151  4.826410
  2.105000e+00  4.822533  4.825769
  2.110000e+00  4.821919  4.825133
  2.115000e+00  4.821309  4.824501
  2.120000e+00  4.820703  4.823874
  2.125000e+00  4.820100  4.823250
  2.130000e+00  4.819501  4.822631
  2.135000e+00  4.818906  4.822015
  2.140000e+00  4.818314  4.821404
  2.145000e+00  4.817726  4.820796
  2.150000e+00  4.817141  4.820192
  2.155000e+00  4.816559  4.819592
  2.160000e+00  4.815981  4.818995
  2.165000e+00  4.815406  4.818402
  2.170000e+00  4.814833  4.817812
  2.175000e+00  4.814264  4.817226
  2.180000e+00  4.813698  4.816643
  2.185000e+00  4.813135  4.816063
  2.190000e+00  4.812574  4.815486
  2.195000e+00  4.812017  4.814913
  2.200000e+00  4.811462  4.814343
  2.205000e+00  4.810910  4.813775
  2.210000e+00  4.810360  4.813211
  2.215000e+00  4.809813  4.812649
  2.220000e+00  4.809268  4.812090
  2.225000e+00  4.808726  4.811534
  2.230000e+00  4.808186  4.810980
  2.235000e+00  4.807648  4.810430
  2.240000e+00  4.807113  4.809881
  2.245000e+00  4.806580  4.809335
  2.250000e+00  4.806049  4.808792
  2.255000e+00  4.805520  4.808251
  2.260000e+00  4.804993  4.807712
  2.265000e+00  4.804469  4.807176
  2.270000e+00  4.803946  4.806642
  2.275000e+00  4.803425  4.806110
  2.280000e+00  4.802905  4.805580
  2.285000e+00  4.802388  4.805052
  2.290000e+00  4.801873  4.804526
  2.295000e+00  4.801359  4.804002
  2.300000e+00  4.800846  4.803480
  2.305000e+00  4.800336  4.802960
  2.310000e+00  4.799827  4.802442
  2.315000e+00  4.799319  4.801925
  2.320000e+00  4.798813  4.801410
  2.325000e+00  4.798308  4.800897
  2.330000e+00  4.797805  4.800385
  2.335000e+00  4.797303  4.799875
  2.340000e+00  4.796803  4.799367
  2.345000e+00  4.796303  4.798860
  2.350000e+00  4.795805  4.798354
  2.355000e+00  4.795308  4.797850
  2.360000e+00  4.794813  4.797348
  2.365000e+00  4.794318  4.796846
  2.370000e+00  4.793824  4.796346
  2.375000e+00  4.793332  4.795847
  2.380000e+00  4.792841  4.795350
  2.385000e+00  4.792350  4.794853
  2.390000e+00  4.791861  4.794358
  2.395000e+00  4.791372  4.793864
  2.400000e+00  4.790885  4.793370
  2.405000e+00  4.790398  4.792878
  2.410000e+00  4.789912  4.792387
  2.415000e+00  4.789427  4.791897
  2.420000e+00  4.788942  4.791408
  2.425000e+00  4.788459  4.790920
  2.430000e+00  4.787976  4.790432
  2.435000e+00  4.787494  4.789946
  2.440000e+00  4.787012  4.789460
  2.445000e+00  4.786531  4.788975
  2.450000e+00  4.786051  4.788491
  2.455000e+00  4.785571  4.788007
  2.460000e+00  4.785092  4.787524
  2.465000e+00  4.784614  4.787042
  2.470000e+00  4.784136  4.786561
  2.475000e+00  4.783658  4.786080
  2.480000e+00  4.783181  4.785600
  2.485000e+00  4.782705  4.785120
  2.490000e+00  4.782229  4.784641
  2.495000e+00  4.781753  4.784163
  2.500000e+00  4.781278  4.783685
  2.505000e+00  4.780803  4.783208
  2.510000e+00  4.780329  4.782731
  2.515000e+00  4.779855  4.782254
  2.520000e+00  4.779382  4.781778
  2.525000e+00  4.778908  4.781303
  2.530000e+00  4.778436  4.780828
  2.535000e+00  4.777963  4.780353
  2.540000e+00  4.777491  4.779879
  2.545000e+00  4.777019  4.779405
  2.550000e+00  4.776548  4.778932
  2.555000e+00  4.776077  4.778459
  2.560000e+00  4.775606  4.777986
  2.565000e+00  4.775135  4.777513
  2.570000e+00  4.774665  4.777041
  2.575000e+00  4.774195  4.776570
  2.580000e+00  4.773726  4.776098
  2.585000e+00  4.773256  4.775627
  2.590000e+00  4.772787  4.775157
  2.595000e+00  4.772319  4.774686
  2.600000e+00  4.771850  4.774216
  2.605000e+00  4.771382  4.773746
  2.610000e+00  4.770914  4.773277
  2.615000e+00  4.770447  4.772808
  2.620000e+00  4.769980  4.772339
  2.625000e+00  4.769513  4.771871
  2.630000e+00  4.769047  4.771403
  2.635000e+00  4.768581  4.770935
  2.640000e+00  4.768115  4.770467
  2.645000e+00  4.767649  4.770000
  2.650000e+00  4.767184  4.769533
  2.655000e+00  4.766720  4.769067
  2.660000e+00  4.766255  4.768601
  2.665000e+00  4.765792  4.768135
  2.670000e+00  4.765328  4.767670
  2.675000e+00  4.764865  4.767205
  2.680000e+00  4.764403  4.766740
  2.685000e+00  4.763941  4.766276
  2.690000e+00  4.763479  4.765812
  2.695000e+00  4.763018  4.765349
  2.700000e+00  4.762558  4.764886
  2.705000e+00  4.762098  4.764424
  2.710000e+00  4.761638  4.763962
  2.715000e+00  4.761179  4.763501
  2.720000e+00  4.760721  4.763040
  2.725000e+00  4.760264  4.762580
  2.730000e+00  4.759807  4.762120
  2.735000e+00  4.759351  4.761661
  2.740000e+00  4.758895  4.761202
  2.745000e+00  4.758440  4.760744
  2.750000e+00  4.757986  4.760287
  2.755000e+00  4.757533  4.759831
  2.760000e+00  4.757081  4.759375
  2.765000e+00  4.756629  4.758919
  2.770000e+00  4.756179  4.758465
  2.775000e+00  4.755729  4.758011
  2.780000e+00  4.755280  4.757559
  2.785000e+00  4.754832  4.757106
  2.790000e+00  4.754385  4.756655
  2.795000e+00  4.753939  4.756205
  2.800000e+00  4.753494  4.755756
  2.805000e+00  4.753050  4.755307
  2.810000e+00  4.752608  4.754860
  2.815000e+00  4.752166  4.754413
  2.820000e+00  4.751726  4.753968
  2.825000e+00  4.751287  4.753523
  2.830000e+00  4.750849  4.753080
  2.835000e+00  4.750412  4.752638
  2.840000e+00  4.749977  4.752197
  2.845000e+00  4.749543  4.751757
  2.850000e+00  4.749110  4.751318
  2.855000e+00  4.748679  4.750881
  2.860000e+00  4.748249  4.750444
  2.865000e+00  4.747821  4.750010
  2.870000e+00  4.747394  4.749576
  2.875000e+00  4.746969  4.749144
  2.880000e+00  4.746545  4.748713
  2.885000e+00  4.746123  4.748284
  2.890000e+00  4.745703  4.747856
  2.895000e+00  4.745284  4.747430
  2.900000e+00  4.744867  4.747005
  2.905000e+00  4.744452  4.746582
  2.910000e+00  4.744038  4.746160
  2.915000e+00  4.743626  4.745740
  2.920000e+00  4.743217  4.745322
  2.925000e+00  4.742808  4.744905
  2.930000e+00  4.742402  4.744491
  2.935000e+00  4.741998  4.744078
  2.940000e+00  4.741596  4.743666
  2.945000e+00  4.741195  4.743257
  2.950000e+00  4.740797  4.742849
  2.955000e+00  4.740401  4.742444
  2.960000e+00  4.740007  4.742040
  2.965000e+00  4.739615  4.741638
  2.970000e+00  4.739225  4.741238
  2.975000e+00  4.738837  4.740840
  2.980000e+00  4.738451  4.740444
  2.985000e+00  4.738068  4.740051
  2.990000e+00  4.737687  4.739659
  2.995000e+00  4.737308  4.739269
  3.000000e+00  4.736931  4.738882
  3.005000e+00  4.736557  4.738497
  3.010000e+00  4.736185  4.738114
  3.015000e+00  4.735815  4.737733
  3.020000e+00  4.735447  4.737354
  3.025000e+00  4.735082  4.736978
  3.030000e+00  4.734720  4.736604
  3.035000e+00  4.734360  4.736232
  3.040000e+00  4.734002  4.735863
  3.045000e+00  4.733647  4.735496
  3.050000e+00  4.733294  4.735131
  3.055000e+00  4.732944  4.734769
  3.060000e+00  4.732596  4.734409
  3.065000e+00  4.732251  4.734052
  3.070000e+00  4.731908  4.733697
  3.075000e+00  4.731568  4.733344
  3.080000e+00  4.731230  4.732994
  3.085000e+00  4.730895  4.732646
  3.090000e+00  4.730562  4.732301
  3.095000e+00  4.730232  4.731959
  3.100000e+00  4.729905  4.731619
  3.105000e+00  4.729580  4.731281
  3.110000e+00  4.729258  4.730946
  3.115000e+00  4.728939  4.730614
  3.120000e+00  4.728622  4.730284
  3.125000e+00  4.728308  4.729957
  3.130000e+00  4.727996  4.729632
  3.135000e+00  4.727687  4.729310
  3.140000e+00  4.727381  4.728991
  3.145000e+00  4.727077  4.728674
  3.150000e+00  4.726776  4.728360
  3.155000e+00  4.726477  4.728048
  3.160000e+00  4.726181  4.727739
  3.165000e+00  4.725888  4.727433
  3.170000e+00  4.725598  4.727129
  3.175000e+00  4.725310  4.726828
  3.180000e+00  4.725025  4.726530
  3.185000e+00  4.724742  4.726234
  3.190000e+00  4.724462  4.725941
  3.195000e+00  4.724185  4.725650
  3.200000e+00  4.723910  4.725362
  3.205000e+00  4.723638  4.725077
  3.210000e+00  4.723368  4.724794
  3.215000e+00  4.723101  4.724514
  3.220000e+00  4.722837  4.724237
  3.225000e+00  4.722575  4.723962
  3.230000e+00  4.722316  4.723690
  3.235000e+00  4.722059  4.723420
  3.240000e+00  4.721805  4.723153
  3.245000e+00  4.721554  4.722888
  3.250000e+00  4.721305  4.722626
  3.255000e+00  4.721058  4.722367
  3.260000e+00  4.720814  4.722110
  3.265000e+00  4.720573  4.721856
  3.270000e+00  4.720334  4.721604
  3.275000e+00  4.720097  4.721355
  3.280000e+00  4.719863  4.721108
  3.285000e+00  4.719632  4.720864
  3.290000e+00  4.719402  4.720622
  3.295000e+00  4.719176  4.720383
  3.300000e+00  4.718951  4.720147
  3.305000e+00  4.718729  4.719912
  3.310000e+00  4.718510  4.719680
  3.315000e+00  4.718293  4.719451
  3.320000e+00  4.718078  4.719224
  3.325000e+00  4.717865  4.718999
  3.330000e+00  4.717655  4.718777
  3.335000e+00  4.717447  4.718557
  3.340000e+00  4.717242  4.718340
  3.345000e+00  4.717038  4.718125
  3.350000e+00  4.716837  4.717912
  3.355000e+00  4.716638  4.717701
  3.360000e+00  4.716442  4.717493
  3.365000e+00  4.716247  4.717287
  3.370000e+00  4.716055  4.717084
  3.375000e+00  4.715865  4.716882
  3.380000e+00  4.715677  4.716683
  3.385000e+00  4.715491  4.716486
  3.390000e+00  4.715307  4.716291
  3.395000e+00  4.715126  4.716099
  3.400000e+00  4.714946  4.715908
  3.405000e+00  4.714768  4.715720
  3.410000e+00  4.714593  4.715534
  3.415000e+00  4.714420  4.715350
  3.420000e+00  4.714248  4.715168
  3.425000e+00  4.714079  4.714988
  3.430000e+00  4.713911  4.714810
  3.435000e+00  4.713746  4.714634
  3.440000e+00  4.713582  4.714460
  3.445000e+00  4.713420  4.714288
  3.450000e+00  4.713260  4.714119
  3.455000e+00  4.713102  4.713951
  3.460000e+00  4.712946  4.713785
  3.465000e+00  4.712792  4.713621
  3.470000e+00  4.712639  4.713459
  3.475000e+00  4.712489  4.713299
  3.480000e+00  4.712340  4.713140
  3.485000e+00  4.712193  4.712984
  3.490000e+00  4.712047  4.712829
  3.495000e+00  4.711904  4.712676
  3.500000e+00  4.711762  4.712525
  3.505000e+00  4.711621  4.712376
  3.510000e+00  4.711483  4.712228
  3.515000e+00  4.711346  4.712083
  3.520000e+00  4.711210  4.711939
  3.525000e+00  4.711077  4.711796
  3.530000e+00  4.710944  4.711656
  3.535000e+00  4.710814  4.711517
  3.540000e+00  4.710685  4.711379
  3.545000e+00  4.710557  4.711244
  3.550000e+00  4.710432  4.711110
  3.555000e+00  4.710307  4.710977
  3.560000e+00  4.710184  4.710846
  3.565000e+00  4.710063  4.710717
  3.570000e+00  4.709943  4.710589
  3.575000e+00  4.709824  4.710463
  3.580000e+00  4.709707  4.710338
  3.585000e+00  4.709591  4.710215
  3.590000e+00  4.709477  4.710093
  3.595000e+00  4.709364  4.709973
  3.600000e+00  4.709253  4.709854
  3.605000e+00  4.709142  4.709736
  3.610000e+00  4.709034  4.709620
  3.615000e+00  4.708926  4.709506
  3.620000e+00  4.708820  4.709393
  3.625000e+00  4.708715  4.709281
  3.630000e+00  4.708611  4.709170
  3.635000e+00  4.708508  4.709061
  3.640000e+00  4.708407  4.708953
  3.645000e+00  4.708307  4.708846
  3.650000e+00  4.708208  4.708741
  3.655000e+00  4.708111  4.708637
  3.660000e+00  4.708014  4.708534
  3.665000e+00  4.707919  4.708433
  3.670000e+00  4.707825  4.708332
  3.675000e+00  4.707732  4.708233
  3.680000e+00  4.707640  4.708135
  3.685000e+00  4.707549  4.708039
  3.690000e+00  4.707459  4.707943
  3.695000e+00  4.707371  4.707849
  3.700000e+00  4.707283  4.707755
  3.705000e+00  4.707197  4.707663
  3.710000e+00  4.707111  4.707572
  3.715000e+00  4.707027  4.707482
  3.720000e+00  4.706943  4.707393
  3.725000e+00  4.706861  4.707305
  3.730000e+00  4.706780  4.707219
  3.735000e+00  4.706699  4.707133
  3.740000e+00  4.706620  4.707048
  3.745000e+00  4.706541  4.706965
  3.750000e+00  4.706464  4.706882
  3.755000e+00  4.706387  4.706800
  3.760000e+00  4.706311  4.706720
  3.765000e+00  4.706236  4.706640
  3.770000e+00  4.706162  4.706561
  3.775000e+00  4.706089  4.706483
  3.780000e+00  4.706017  4.706406
  3.785000e+00  4.705946  4.706330
  3.790000e+00  4.705875  4.706255
  3.795000e+00  4.705806  4.706181
  3.800000e+00  4.705737  4.706108
  3.805000e+00  4.705669  4.706035
  3.810000e+00  4.705602  4.705964
  3.815000e+00  4.705535  4.705893
  3.820000e+00  4.705470  4.705823
  3.825000e+00  4.705405  4.705754
  3.830000e+00  4.705341  4.705686
  3.835000e+00  4.705278  4.705619
  3.840000e+00  4.705215  4.705552
  3.845000e+00  4.705153  4.705486
  3.850000e+00  4.705092  4.705421
  3.855000e+00  4.705032  4.705357
  3.860000e+00  4.704972  4.705293
  3.865000e+00  4.704913  4.705231
  3.870000e+00  4.704855  4.705169
  3.875000e+00  4.704797  4.705107
  3.880000e+00  4.704740  4.705047
  3.885000e+00  4.704684  4.704987
  3.890000e+00  4.704628  4.704928
  3.895000e+00  4.704573  4.704869
  3.900000e+00  4.704519  4.704812
  3.905000e+00  4.704465  4.704755
  3.910000e+00  4.704412  4.704698
  3.915000e+00  4.704360  4.704642
  3.920000e+00  4.704308  4.704587
  3.925000e+00  4.704257  4.704533
  3.930000e+00  4.704206  4.704479
  3.935000e+00  4.704156  4.704426
  3.940000e+00  4.704107  4.704373
  3.945000e+00  4.704058  4.704321
  3.950000e+00  4.704009  4.704270
  3.955000e+00  4.703962  4.704219
  3.960000e+00  4.703914  4.704169
  3.965000e+00  4.703868  4.704119
  3.970000e+00  4.703822  4.704070
  3.975000e+00  4.703776  4.704021
  3.980000e+00  4.703731  4.703973
  3.985000e+00  4.703686  4.703926
  3.990000e+00  4.703642  4.703879
  3.995000e+00  4.703598  4.703833
  4.000000e+00  4.703555  4.703787
  4.005000e+00  4.703513  4.703742
  4.010000e+00  4.703471  4.703697
  4.015000e+00  4.703429  4.703653
  4.020000e+00  4.703388  4.703609
  4.025000e+00  4.703347  4.703566
  4.030000e+00  4.703307  4.703523
  4.035000e+00  4.703267  4.703481
  4.040000e+00  4.703228  4.703439
  4.045000e+00  4.703189  4.703398
  4.050000e+00  4.703150  4.703357
  4.055000e+00  4.703112  4.703317
  4.060000e+00  4.703074  4.703277
  4.065000e+00  4.703037  4.703237
  4.070000e+00  4.703000  4.703198
  4.075000e+00  4.702964  4.703160
  4.080000e+00  4.702928  4.703121
  4.085000e+00  4.702893  4.703084
  4.090000e+00  4.702857  4.703046
  4.095000e+00  4.702823  4.703009
  4.100000e+00  4.702788  4.702973
  4.105000e+00  4.702754  4.702937
  4.110000e+00  4.702720  4.702901
  4.115000e+00  4.702687  4.702866
  4.120000e+00  4.702654  4.702831
  4.125000e+00  4.702622  4.702796
  4.130000e+00  4.702589  4.702762
  4.135000e+00  4.702557  4.702728
  4.140000e+00  4.702526  4.702695
  4.145000e+00  4.702495  4.702662
  4.150000e+00  4.702464  4.702629
  4.155000e+00  4.702433  4.702597
  4.160000e+00  4.702403  4.702565
  4.165000e+00  4.702373  4.702533
  4.170000e+00  4.702344  4.702502
  4.175000e+00  4.702315  4.702471
  4.180000e+00  4.702286  4.702441
  4.185000e+00  4.702257  4.702410
  4.190000e+00  4.702229  4.702380
  4.195000e+00  4.702201  4.702351
  4.200000e+00  4.702173  4.702322
  4.205000e+00  4.702146  4.702293
  4.210000e+00  4.702119  4.702264
  4.215000e+00  4.702092  4.702236
  4.220000e+00  4.702065  4.702207
  4.225000e+00  4.702039  4.702180
  4.230000e+00  4.702013  4.702152
  4.235000e+00  4.701988  4.702125
  4.240000e+00  4.701962  4.702098
  4.245000e+00  4.701937  4.702072
  4.250000e+00  4.701912  4.702045
  4.255000e+00  4.701887  4.702019
  4.260000e+00  4.701863  4.701993
  4.265000e+00  4.701839  4.701968
  4.270000e+00  4.701815  4.701943
  4.275000e+00  4.701792  4.701918
  4.280000e+00  4.701768  4.701893
  4.285000e+00  4.701745  4.701869
  4.290000e+00  4.701722  4.701845
  4.295000e+00  4.701699  4.701821
  4.300000e+00  4.701677  4.701797
  4.305000e+00  4.701655  4.701774
  4.310000e+00  4.701633  4.701750
  4.315000e+00  4.701611  4.701727
  4.320000e+00  4.701590  4.701705
  4.325000e+00  4.701568  4.701682
  4.330000e+00  4.701547  4.701660
  4.335000e+00  4.701527  4.701638
  4.340000e+00  4.701506  4.701616
  4.345000e+00  4.701485  4.701595
  4.350000e+00  4.701465  4.701573
  4.355000e+00  4.701445  4.701552
  4.360000e+00  4.701425  4.701531
  4.365000e+00  4.701406  4.701511
  4.370000e+00  4.701386  4.701490
  4.375000e+00  4.701367  4.701470
  4.380000e+00  4.701348  4.701450
  4.385000e+00  4.701329  4.701430
  4.390000e+00  4.701311  4.701410
  4.395000e+00  4.701292  4.701391
  4.400000e+00  4.701274  4.701372
  4.405000e+00  4.701256  4.701352
  4.410000e+00  4.701238  4.701334
  4.415000e+00  4.701220  4.701315
  4.420000e+00  4.701203  4.701296
  4.425000e+00  4.701185  4.701278
  4.430000e+00  4.701168  4.701260
  4.435000e+00  4.701151  4.701242
  4.440000e+00  4.701134  4.701224
  4.445000e+00  4.701118  4.701207
  4.450000e+00  4.701101  4.701189
  4.455000e+00  4.701085  4.701172
  4.460000e+00  4.701068  4.701155
  4.465000e+00  4.701052  4.701138
  4.470000e+00  4.701036  4.701121
  4.475000e+00  4.701021  4.701105
  4.480000e+00  4.701005  4.701088
  4.485000e+00  4.700990  4.701072
  4.490000e+00  4.700974  4.701056
  4.495000e+00  4.700959  4.701040
  4.500000e+00  4.700944  4.701024
  4.505000e+00  4.700929  4.701009
  4.510000e+00  4.700915  4.700993
  4.515000e+00  4.700900  4.700978
  4.520000e+00  4.700886  4.700963
  4.525000e+00  4.700871  4.700948
  4.530000e+00  4.700857  4.700933
  4.535000e+00  4.700843  4.700918
  4.540000e+00  4.700829  4.700903
  4.545000e+00  4.700816  4.700889
  4.550000e+00  4.700802  4.700875
  4.555000e+00  4.700789  4.700860
  4.560000e+00  4.700775  4.700846
  4.565000e+00  4.700762  4.700832
  4.570000e+00  4.700749  4.700819
  4.575000e+00  4.700736  4.700805
  4.580000e+00  4.700723  4.700791
  4.585000e+00  4.700710  4.700778
  4.590000e+00  4.700698  4.700765
  4.595000e+00  4.700685  4.700752
  4.600000e+00  4.700673  4.700739
  4.605000e+00  4.700661  4.700726
  4.610000e+00  4.700648  4.700713
  4.615000e+00  4.700636  4.700700
  4.620000e+00  4.700624  4.700688
  4.625000e+00  4.700613  4.700675
  4.630000e+00  4.700601  4.700663
  4.635000e+00  4.700589  4.700651
  4.640000e+00  4.700578  4.700639
  4.645000e+00  4.700566  4.700627
  4.650000e+00  4.700555  4.700615
  4.655000e+00  4.700544  4.700603
  4.660000e+00  4.700533  4.700592
  4.665000e+00  4.700522  4.700580
  4.670000e+00  4.700511  4.700569
  4.675000e+00  4.700500  4.700557
  4.680000e+00  4.700490  4.700546
  4.685000e+00  4.700479  4.700535
  4.690000e+00  4.700469  4.700524
  4.695000e+00  4.700458  4.700513
  4.700000e+00  4.700448  4.700503
  4.705000e+00  4.700438  4.700492
  4.710000e+00  4.700428  4.700481
  4.715000e+00  4.700418  4.700471
  4.720000e+00  4.700408  4.700460
  4.725000e+00  4.700398  4.700450
  4.730000e+00  4.700388  4.700440
  4.735000e+00  4.700378  4.700430
  4.740000e+00  4.700369  4.700420
  4.745000e+00  4.700359  4.700410
  4.750000e+00  4.700350  4.700400
  4.755000e+00  4.700341  4.700390
  4.760000e+00  4.700331  4.700380
  4.765000e+00  4.700322  4.700371
  4.770000e+00  4.700313  4.700361
  4.775000e+00  4.700304  4.700352
  4.780000e+00  4.700295  4.700343
  4.785000e+00  4.700286  4.700333
  4.790000e+00  4.700278  4.700324
  4.795000e+00  4.700269  4.700315
  4.800000e+00  4.700260  4.700306
  4.805000e+00  4.700252  4.700297
  4.810000e+00  4.700243  4.700288
  4.815000e+00  4.700235  4.700279
  4.820000e+00  4.700227  4.700271
  4.825000e+00  4.700219  4.700262
  4.830000e+00  4.700210  4.700254
  4.835000e+00  4.700202  4.700245
  4.840000e+00  4.700194  4.700237
  4.845000e+00  4.700186  4.700228
  4.850000e+00  4.700178  4.700220
  4.855000e+00  4.700171  4.700212
  4.860000e+00  4.700163  4.700204
  4.865000e+00  4.700155  4.700196
  4.870000e+00  4.700148  4.700188
  4.875000e+00  4.700140  4.700180
  4.880000e+00  4.700133  4.700172
  4.885000e+00  4.700125  4.700164
  4.890000e+00  4.700118  4.700157
  4.895000e+00  4.700111  4.700149
  4.900000e+00  4.700103  4.700142
  4.905000e+00  4.700096  4.700134
  4.910000e+00  4.700089  4.700127
  4.915000e+00  4.700082  4.700119
  4.920000e+00  4.700075  4.700112
  4.925000e+00  4.700068  4.700105
  4.930000e+00  4.700061  4.700098
  4.935000e+00  4.700054  4.700090
  4.940000e+00  4.700048  4.700083
  4.945000e+00  4.700041  4.700076
  4.950000e+00  4.700034  4.700069
  4.955000e+00  4.700028  4.700063
  4.960000e+00  4.700021  4.700056
  4.965000e+00  4.700015  4.700049
  4.970000e+00  4.700008  4.700042
  4.975000e+00  4.700002  4.700036
  4.980000e+00  4.699996  4.700029
  4.985000e+00  4.699989  4.700023
  4.990000e+00  4.699983  4.700016
  4.995000e+00  4.699977  4.700010
  5.000000e+00  4.699971  4.700003
  5.005000e+00  4.699965  4.699997
  5.010000e+00  4.699959  4.699991
  5.015000e+00  4.699953  4.699984
  5.020000e+00  4.699947  4.699978
  5.025000e+00  4.699941  4.699972
  5.030000e+00  4.699935  4.699966
  5.035000e+00  4.699930  4.699960
  5.040000e+00  4.699924  4.699954
  5.045000e+00  4.699918  4.699948
  5.050000e+00  4.699913  4.699942
  5.055000e+00  4.699907  4.699937
  5.060000e+00  4.699902  4.699931
  5.065000e+00  4.699896  4.699925
  5.070000e+00  4.699891  4.699919
  5.075000e+00  4.699885  4.699914
  5.080000e+00  4.699880  4.699908
  5.085000e+00  4.699875  4.699903
  5.090000e+00  4.699869  4.699897
  5.095000e+00  4.699864  4.699892
  5.100000e+00  4.699859  4.699886
  5.105000e+00  4.699854  4.699881
  5.110000e+00  4.699849  4.699876
  5.115000e+00  4.699844  4.699870
  5.120000e+00  4.699839  4.699865
  5.125000e+00  4.699834  4.699860
  5.130000e+00  4.699829  4.699855
  5.135000e+00  4.699824  4.699850
  5.140000e+00  4.699819  4.699845
  5.145000e+00  4.699814  4.699840
  5.150000e+00  4.699809  4.699835
  5.155000e+00  4.699805  4.699830
  5.160000e+00  4.699800  4.699825
  5.165000e+00  4.699795  4.699820
  5.170000e+00  4.699791  4.699815
  5.175000e+00  4.699786  4.699810
  5.180000e+00  4.699781  4.699806
  5.185000e+00  4.699777  4.699801
  5.190000e+00  4.699772  4.699796
  5.195000e+00  4.699768  4.699792
  5.200000e+00  4.699764  4.699787
  5.205000e+00  4.699759  4.699782
  5.210000e+00  4.699755  4.699778
  5.215000e+00  4.699751  4.699773
  5.220000e+00  4.699746  4.699769
  5.225000e+00  4.699742  4.699764
  5.230000e+00  4.699738  4.699760
  5.235000e+00  4.699734  4.699756
  5.240000e+00  4.699730  4.699751
  5.245000e+00  4.699725  4.699747
  5.250000e+00  4.699721  4.699743
  5.255000e+00  4.699717  4.699739
  5.260000e+00  4.699713  4.699734
  5.265000e+00  4.699709  4.699730
  5.270000e+00  4.699705  4.699726
  5.275000e+00  4.699701  4.699722
  5.280000e+00  4.699698  4.699718
  5.285000e+00  4.699694  4.699714
  5.290000e+00  4.699690  4.699710
  5.295000e+00  4.699686  4.699706
  5.300000e+00  4.699682  4.699702
  5.305000e+00  4.699678  4.699698
  5.310000e+00  4.699675  4.699694
  5.315000e+00  4.699671  4.699691
  5.320000e+00  4.699667  4.699687
  5.325000e+00  4.699664  4.699683
  5.330000e+00  4.699660  4.699679
  5.335000e+00  4.699657  4.699675
  5.340000e+00  4.699653  4.699672
  5.345000e+00  4.699649  4.699668
  5.350000e+00  4.699646  4.699664
  5.355000e+00  4.699643  4.699661
  5.360000e+00  4.699639  4.699657
  5.365000e+00  4.699636  4.699654
  5.370000e+00  4.699632  4.699650
  5.375000e+00  4.699629  4.699647
  5.380000e+00  4.699626  4.699643
  5.385000e+00  4.699622  4.699640
  5.390000e+00  4.699619  4.699636
  5.395000e+00  4.699616  4.699633
  5.400000e+00  4.699612  4.699629
  5.405000e+00  4.699609  4.699626
  5.410000e+00  4.699606  4.699623
  5.415000e+00  4.699603  4.699620
  5.420000e+00  4.699600  4.699616
  5.425000e+00  4.699597  4.699613
  5.430000e+00  4.699593  4.699610
  5.435000e+00  4.699590  4.699607
  5.440000e+00  4.699587  4.699603
  5.445000e+00  4.699584  4.699600
  5.450000e+00  4.699581  4.699597
  5.455000e+00  4.699578  4.699594
  5.460000e+00  4.699575  4.699591
  5.465000e+00  4.699572  4.699588
  5.470000e+00  4.699569  4.699585
  5.475000e+00  4.699567  4.699582
  5.480000e+00  4.699564  4.699579
  5.485000e+00  4.699561  4.699576
  5.490000e+00  4.699558  4.699573
  5.495000e+00  4.699555  4.699570
  5.500000e+00  4.699552  4.699567
  5.505000e+00  4.699550  4.699564
  5.510000e+00  4.699547  4.699561
  5.515000e+00  4.699544  4.699558
  5.520000e+00  4.699541  4.699556
  5.525000e+00  4.699539  4.699553
  5.530000e+00  4.699536  4.699550
  5.535000e+00  4.699533  4.699547
  5.540000e+00  4.699531  4.699545
  5.545000e+00  4.699528  4.699542
  5.550000e+00  4.699525  4.699539
  5.555000e+00  4.699523  4.699536
  5.560000e+00  4.699520  4.699534
  5.565000e+00  4.699518  4.699531
  5.570000e+00  4.699515  4.699529
  5.575000e+00  4.699513  4.699526
  5.580000e+00  4.699510  4.699523
  5.585000e+00  4.699508  4.699521
  5.590000e+00  4.699505  4.699518
  5.595000e+00  4.699503  4.699516
  5.600000e+00  4.699500  4.699513
  5.605000e+00  4.699498  4.699511
  5.610000e+00  4.699496  4.699508
  5.615000e+00  4.699493  4.699506
  5.620000e+00  4.699491  4.699503
  5.625000e+00  4.699489  4.699501
  5.630000e+00  4.699486  4.699498
  5.635000e+00  4.699484  4.699496
  5.640000e+00  4.699482  4.699494
  5.645000e+00  4.699479  4.699491
  5.650000e+00  4.699477  4.699489
  5.655000e+00  4.699475  4.699487
  5.660000e+00  4.699473  4.699484
  5.665000e+00  4.699470  4.699482
  5.670000e+00  4.699468  4.699480
  5.675000e+00  4.699466  4.699478
  5.680000e+00  4.699464  4.699475
  5.685000e+00  4.699462  4.699473
  5.690000e+00  4.699460  4.699471
  5.695000e+00  4.699458  4.699469
  5.700000e+00  4.699455  4.699466
  5.705000e+00  4.699453  4.699464
  5.710000e+00  4.699451  4.699462
  5.715000e+00  4.699449  4.699460
  5.720000e+00  4.699447  4.699458
  5.725000e+00  4.699445  4.699456
  5.730000e+00  4.699443  4.699454
  5.735000e+00  4.699441  4.699452
  5.740000e+00  4.699439  4.699450
  5.745000e+00  4.699437  4.699448
  5.750000e+00  4.699435  4.699446
  5.755000e+00  4.699433  4.699443
  5.760000e+00  4.699431  4.699441
  5.765000e+00  4.699429  4.699440
  5.770000e+00  4.699428  4.699438
  5.775000e+00  4.699426  4.699436
  5.780000e+00  4.699424  4.699434
  5.785000e+00  4.699422  4.699432
  5.790000e+00  4.699420  4.699430
  5.795000e+00  4.699418  4.699428
  5.800000e+00  4.699416  4.699426
  5.805000e+00  4.699415  4.699424
  5.810000e+00  4.699413  4.699422
  5.815000e+00  4.699411  4.699420
  5.820000e+00  4.699409  4.699419
  5.825000e+00  4.699407  4.699417
  5.830000e+00  4.699406  4.699415
  5.835000e+00  4.699404  4.699413
  5.840000e+00  4.699402  4.699411
  5.845000e+00  4.699400  4.699409
  5.850000e+00  4.699399  4.699408
  5.855000e+00  4.699397  4.699406
  5.860000e+00  4.699395  4.699404
  5.865000e+00  4.699394  4.699402
  5.870000e+00  4.699392  4.699401
  5.875000e+00  4.699390  4.699399
  5.880000e+00  4.699389  4.699397
  5.885000e+00  4.699387  4.699396
  5.890000e+00  4.699385  4.699394
  5.895000e+00  4.699384  4.699392
  5.900000e+00  4.699382  4.699391
  5.905000e+00  4.699381  4.699389
  5.910000e+00  4.699379  4.699387
  5.915000e+00  4.699378  4.699386
  5.920000e+00  4.699376  4.699384
  5.925000e+00  4.699374  4.699383
  5.930000e+00  4.699373  4.699381
  5.935000e+00  4.699371  4.699379
  5.940000e+00  4.699370  4.699378
  5.945000e+00  4.699368  4.699376
  5.950000e+00  4.699367  4.699375
  5.955000e+00  4.699365  4.699373
  5.960000e+00  4.699364  4.699372
  5.965000e+00  4.699362  4.699370
  5.970000e+00  4.699361  4.699369
  5.975000e+00  4.699360  4.699367
  5.980000e+00  4.699358  4.699366
  5.985000e+00  4.699357  4.699364
  5.990000e+00  4.699355  4.699363
  5.995000e+00  4.699354  4.699361
  6.000000e+00  4.699353  4.699360
  6.005000e+00  4.699351  4.699358
  6.010000e+00  4.699350  4.699357
  6.015000e+00  4.699348  4.699356
  6.020000e+00  4.699347  4.699354
  6.025000e+00  4.699346  4.699353
  6.030000e+00  4.699344  4.699351
  6.035000e+00  4.699343  4.699350
  6.040000e+00  4.699342  4.699349
  6.045000e+00  4.699340  4.699347
  6.050000e+00  4.699339  4.699346
  6.055000e+00  4.699338  4.699345
  6.060000e+00  4.699336  4.699343
  6.065000e+00  4.699335  4.699342
  6.070000e+00  4.699334  4.699341
  6.075000e+00  4.699333  4.699339
  6.080000e+00  4.699331  4.699338
  6.085000e+00  4.699330  4.699337
  6.090000e+00  4.699329  4.699335
  6.095000e+00  4.699328  4.699334
  6.100000e+00  4.699326  4.699333
  6.105000e+00  4.699325  4.699332
  6.110000e+00  4.699324  4.699330
  6.115000e+00  4.699323  4.699329
  6.120000e+00  4.699322  4.699328
  6.125000e+00  4.699320  4.699327
  6.130000e+00  4.699319  4.699325
  6.135000e+00  4.699318  4.699324
  6.140000e+00  4.699317  4.699323
  6.145000e+00  4.699316  4.699322
  6.150000e+00  4.699315  4.699321
  6.155000e+00  4.699313  4.699319
  6.160000e+00  4.699312  4.699318
  6.165000e+00  4.699311  4.699317
  6.170000e+00  4.699310  4.699316
  6.175000e+00  4.699309  4.699315
  6.180000e+00  4.699308  4.699314
  6.185000e+00  4.699307  4.699313
  6.190000e+00  4.699306  4.699311
  6.195000e+00  4.699305  4.699310
  6.200000e+00  4.699304  4.699309
  6.205000e+00  4.699302  4.699308
  6.210000e+00  4.699301  4.699307
  6.215000e+00  4.699300  4.699306
  6.220000e+00  4.699299  4.699305
  6.225000e+00  4.699298  4.699304
  6.230000e+00  4.699297  4.699303
  6.235000e+00  4.699296  4.699302
  6.240000e+00  4.699295  4.699301
  6.245000e+00  4.699294  4.699299
  6.250000e+00  4.699293  4.699298
  6.255000e+00  4.699292  4.699297
  6.260000e+00  4.699291  4.699296
  6.265000e+00  4.699290  4.699295
  6.270000e+00  4.699289  4.699294
  6.275000e+00  4.699288  4.699293
  6.280000e+00  4.699287  4.699292
  6.285000e+00  4.699286  4.699291
  6.290000e+00  4.699285  4.699290
  6.295000e+00  4.699284  4.699289
  6.300000e+00  4.699283  4.699288
  6.305000e+00  4.699282  4.699287
  6.310000e+00  4.699281  4.699286
  6.315000e+00  4.699281  4.699285
  6.320000e+00  4.699280  4.699284
  6.325000e+00  4.699279  4.699284
  6.330000e+00  4.699278  4.699283
  6.335000e+00  4.699277  4.699282
  6.340000e+00  4.699276  4.699281
  6.345000e+00  4.699275  4.699280
  6.350000e+00  4.699274  4.699279
  6.355000e+00  4.699273  4.699278
  6.360000e+00  4.699272  4.699277
  6.365000e+00  4.699272  4.699276
  6.370000e+00  4.699271  4.699275
  6.375000e+00  4.699270  4.699274
  6.380000e+00  4.699269  4.699273
  6.385000e+00  4.699268  4.699273
  6.390000e+00  4.699267  4.699272
  6.395000e+00  4.699266  4.699271
  6.400000e+00  4.699266  4.699270
  6.405000e+00  4.699265  4.699269
  6.410000e+00  4.699264  4.699268
  6.415000e+00  4.699263  4.699267
  6.420000e+00  4.699262  4.699267
  6.425000e+00  4.699261  4.699266
  6.430000e+00  4.699261  4.699265
  6.435000e+00  4.699260  4.699264
  6.440000e+00  4.699259  4.699263
  6.445000e+00  4.699258  4.699262
  6.450000e+00  4.699257  4.699262
  6.455000e+00  4.699257  4.699261
  6.460000e+00  4.699256  4.699260
  6.465000e+00  4.699255  4.699259
  6.470000e+00  4.699254  4.699258
  6.475000e+00  4.699254  4.699258
  6.480000e+00  4.699253  4.699257
  6.485000e+00  4.699252  4.699256
  6.490000e+00  4.699251  4.699255
  6.495000e+00  4.699251  4.699255
  6.500000e+00  4.699250  4.699254
  6.505000e+00  4.699249  4.699253
  6.510000e+00  4.699248  4.699252
  6.515000e+00  4.699248  4.699251
  6.520000e+00  4.699247  4.699251
  6.525000e+00  4.699246  4.699250
  6.530000e+00  4.699246  4.699249
  6.535000e+00  4.699245  4.699249
  6.540000e+00  4.699244  4.699248
  6.545000e+00  4.699243  4.699247
  6.550000e+00  4.699243  4.699246
  6.555000e+00  4.699242  4.699246
  6.560000e+00  4.699241  4.699245
  6.565000e+00  4.699241  4.699244
  6.570000e+00  4.699240  4.699244
  6.575000e+00  4.699239  4.699243
  6.580000e+00  4.699239  4.699242
  6.585000e+00  4.699238  4.699241
  6.590000e+00  4.699237  4.699241
  6.595000e+00  4.699237  4.699240
  6.600000e+00  4.699236  4.699239
  6.605000e+00  4.699235  4.699239
  6.610000e+00  4.699235  4.699238
  6.615000e+00  4.699234  4.699237
  6.620000e+00  4.699233  4.699237
  6.625000e+00  4.699233  4.699236
  6.630000e+00  4.699232  4.699235
  6.635000e+00  4.699231  4.699235
  6.640000e+00  4.699231  4.699234
  6.645000e+00  4.699230  4.699234
  6.650000e+00  4.699230  4.699233
  6.655000e+00  4.699229  4.699232
  6.660000e+00  4.699228  4.699232
  6.665000e+00  4.699228  4.699231
  6.670000e+00  4.699227  4.699230
  6.675000e+00  4.699227  4.699230
  6.680000e+00  4.699226  4.699229
  6.685000e+00  4.699225  4.699229
  6.690000e+00  4.699225  4.699228
  6.695000e+00  4.699224  4.699227
  6.700000e+00  4.699224  4.699227
  6.705000e+00  4.699223  4.699226
  6.710000e+00  4.699223  4.699226
  6.715000e+00  4.699222  4.699225
  6.720000e+00  4.699221  4.699224
  6.725000e+00  4.699221  4.699224
  6.730000e+00  4.699220  4.699223
  6.735000e+00  4.699220  4.699223
  6.740000e+00  4.699219  4.699222
  6.745000e+00  4.699219  4.699221
  6.750000e+00  4.699218  4.699221
  6.755000e+00  4.699217  4.699220
  6.760000e+00  4.699217  4.699220
  6.765000e+00  4.699216  4.699219
  6.770000e+00  4.699216  4.699219
  6.775000e+00  4.699215  4.699218
  6.780000e+00  4.699215  4.699218
  6.785000e+00  4.699214  4.699217
  6.790000e+00  4.699214  4.699216
  6.795000e+00  4.699213  4.699216
  6.800000e+00  4.699213  4.699215
  6.805000e+00  4.699212  4.699215
  6.810000e+00  4.699212  4.699214
  6.815000e+00  4.699211  4.699214
  6.820000e+00  4.699211  4.699213
  6.825000e+00  4.699210  4.699213
  6.830000e+00  4.699210  4.699212
  6.835000e+00  4.699209  4.699212
  6.840000e+00  4.699209  4.699211
  6.845000e+00  4.699208  4.699211
  6.850000e+00  4.699208  4.699210
  6.855000e+00  4.699207  4.699210
  6.860000e+00  4.699207  4.699209
  6.865000e+00  4.699206  4.699209
  6.870000e+00  4.699206  4.699208
  6.875000e+00  4.699205  4.699208
  6.880000e+00  4.699205  4.699207
  6.885000e+00  4.699204  4.699207
  6.890000e+00  4.699204  4.699206
  6.895000e+00  4.699203  4.699206
  6.900000e+00  4.699203  4.699205
  6.905000e+00  4.699203  4.699205
  6.910000e+00  4.699202  4.699204
  6.915000e+00  4.699202  4.699204
  6.920000e+00  4.699201  4.699204
  6.925000e+00  4.699201  4.699203
  6.930000e+00  4.699200  4.699203
  6.935000e+00  4.699200  4.699202
  6.940000e+00  4.699199  4.699202
  6.945000e+00  4.699199  4.699201
  6.950000e+00  4.699199  4.699201
  6.955000e+00  4.699198  4.699200
  6.960000e+00  4.699198  4.699200
  6.965000e+00  4.699197  4.699199
  6.970000e+00  4.699197  4.699199
  6.975000e+00  4.699196  4.699199
  6.980000e+00  4.699196  4.699198
  6.985000e+00  4.699196  4.699198
  6.990000e+00  4.699195  4.699197
  6.995000e+00  4.699195  4.699197
  7.000000e+00  4.699194  4.699196
  7.005000e+00  4.699194  4.699196
  7.010000e+00  4.699194  4.699196
  7.015000e+00  4.699193  4.699195
  7.020000e+00  4.699193  4.699195
  7.025000e+00  4.699192  4.699194
  7.030000e+00  4.699192  4.699194
  7.035000e+00  4.699192  4.699194
  7.040000e+00  4.699191  4.699193
  7.045000e+00  4.699191  4.699193
  7.050000e+00  4.699190  4.699192
  7.055000e+00  4.699190  4.699192
  7.060000e+00  4.699190  4.699192
  7.065000e+00  4.699189  4.699191
  7.070000e+00  4.699189  4.699191
  7.075000e+00  4.699188  4.699190
  7.080000e+00  4.699188  4.699190
  7.085000e+00  4.699188  4.699190
  7.090000e+00  4.699187  4.699189
  7.095000e+00  4.699187  4.699189
  7.100000e+00  4.699187  4.699189
  7.105000e+00  4.699186  4.699188
  7.110000e+00  4.699186  4.699188
  7.115000e+00  4.699186  4.699187
  7.120000e+00  4.699185  4.699187
  7.125000e+00  4.699185  4.699187
  7.130000e+00  4.699184  4.699186
  7.135000e+00  4.699184  4.699186
  7.140000e+00  4.699184  4.699186
  7.145000e+00  4.699183  4.699185
  7.150000e+00  4.699183  4.699185
  7.155000e+00  4.699183  4.699185
  7.160000e+00  4.699182  4.699184
  7.165000e+00  4.699182  4.699184
  7.170000e+00  4.699182  4.699183
  7.175000e+00  4.699181  4.699183
  7.180000e+00  4.699181  4.699183
  7.185000e+00  4.699181  4.699182
  7.190000e+00  4.699180  4.699182
  7.195000e+00  4.699180  4.699182
  7.200000e+00  4.699180  4.699181
  7.205000e+00  4.699179  4.699181
  7.210000e+00  4.699179  4.699181
  7.215000e+00  4.699179  4.699180
  7.220000e+00  4.699178  4.699180
  7.225000e+00  4.699178  4.699180
  7.230000e+00  4.699178  4.699179
  7.235000e+00  4.699177  4.699179
  7.240000e+00  4.699177  4.699179
  7.245000e+00  4.699177  4.699178
  7.250000e+00  4.699177  4.699178
  7.255000e+00  4.699176  4.699178
  7.260000e+00  4.699176  4.699178
  7.265000e+00  4.699176  4.699177
  7.270000e+00  4.699175  4.699177
  7.275000e+00  4.699175  4.699177
  7.280000e+00  4.699175  4.699176
  7.285000e+00  4.699174  4.699176
  7.290000e+00  4.699174  4.699176
  7.295000e+00  4.699174  4.699175
  7.300000e+00  4.699174  4.699175
  7.305000e+00  4.699173  4.699175
  7.310000e+00  4.699173  4.699174
  7.315000e+00  4.699173  4.699174
  7.320000e+00  4.699172  4.699174
  7.325000e+00  4.699172  4.699174
  7.330000e+00  4.699172  4.699173
  7.335000e+00  4.699172  4.699173
  7.340000e+00  4.699171  4.699173
  7.345000e+00  4.699171  4.699172
  7.350000e+00  4.699171  4.699172
  7.355000e+00  4.699170  4.699172
  7.360000e+00  4.699170  4.699172
  7.365000e+00  4.699170  4.699171
  7.370000e+00  4.699170  4.699171
  7.375000e+00  4.699169  4.699171
  7.380000e+00  4.699169  4.699171
  7.385000e+00  4.699169  4.699170
  7.390000e+00  4.699169  4.699170
  7.395000e+00  4.699168  4.699170
  7.400000e+00  4.699168  4.699169
  7.405000e+00  4.699168  4.699169
  7.410000e+00  4.699168  4.699169
  7.415000e+00  4.699167  4.699169
  7.420000e+00  4.699167  4.699168
  7.425000e+00  4.699167  4.699168
  7.430000e+00  4.699167  4.699168
  7.435000e+00  4.699166  4.699168
  7.440000e+00  4.699166  4.699167
  7.445000e+00  4.699166  4.699167
  7.450000e+00  4.699166  4.699167
  7.455000e+00  4.699165  4.699167
  7.460000e+00  4.699165  4.699166
  7.465000e+00  4.699165  4.699166
  7.470000e+00  4.699165  4.699166
  7.475000e+00  4.699164  4.699166
  7.480000e+00  4.699164  4.699165
  7.485000e+00  4.699164  4.699165
  7.490000e+00  4.699164  4.699165
  7.495000e+00  4.699163  4.699165
  7.500000e+00  4.699163  4.699164
  7.505000e+00  4.699163  4.699164
  7.510000e+00  4.699163  4.699164
  7.515000e+00  4.699162  4.699164
  7.520000e+00  4.699162  4.699163
  7.525000e+00  4.699162  4.699163
  7.530000e+00  4.699162  4.699163
  7.535000e+00  4.699162  4.699163
  7.540000e+00  4.699161  4.699162
  7.545000e+00  4.699161  4.699162
  7.550000e+00  4.699161  4.699162
  7.555000e+00  4.699161  4.699162
  7.560000e+00  4.699160  4.699162
  7.565000e+00  4.699160  4.699161
  7.570000e+00  4.699160  4.699161
  7.575000e+00  4.699160  4.699161
  7.580000e+00  4.699160  4.699161
  7.585000e+00  4.699159  4.699160
  7.590000e+00  4.699159  4.699160
  7.595000e+00  4.699159  4.699160
  7.600000e+00  4.699159  4.699160
  7.605000e+00  4.699158  4.699160
  7.610000e+00  4.699158  4.699159
  7.615000e+00  4.699158  4.699159
  7.620000e+00  4.699158  4.699159
  7.625000e+00  4.699158  4.699159
  7.630000e+00  4.699157  4.699159
  7.635000e+00  4.699157  4.699158
  7.640000e+00  4.699157  4.699158
  7.645000e+00  4.699157  4.699158
  7.650000e+00  4.699157  4.699158
  7.655000e+00  4.699156  4.699157
  7.660000e+00  4.699156  4.699157
  7.665000e+00  4.699156  4.699157
  7.670000e+00  4.699156  4.699157
  7.675000e+00  4.699156  4.699157
  7.680000e+00  4.699155  4.699156
  7.685000e+00  4.699155  4.699156
  7.690000e+00  4.699155  4.699156
  7.695000e+00  4.699155  4.699156
  7.700000e+00  4.699155  4.699156
  7.705000e+00  4.699155  4.699156
  7.710000e+00  4.699154  4.699155
  7.715000e+00  4.699154  4.699155
  7.720000e+00  4.699154  4.699155
  7.725000e+00  4.699154  4.699155
  7.730000e+00  4.699154  4.699155
  7.735000e+00  4.699153  4.699154
  7.740000e+00  4.699153  4.699154
  7.745000e+00  4.699153  4.699154
  7.750000e+00  4.699153  4.699154
  7.755000e+00  4.699153  4.699154
  7.760000e+00  4.699153  4.699153
  7.765000e+00  4.699152  4.699153
  7.770000e+00  4.699152  4.699153
  7.775000e+00  4.699152  4.699153
  7.780000e+00  4.699152  4.699153
  7.785000e+00  4.699152  4.699153
  7.790000e+00  4.699151  4.699152
  7.795000e+00  4.699151  4.699152
  7.800000e+00  4.699151  4.699152
  7.805000e+00  4.699151  4.699152
  7.810000e+00  4.699151  4.699152
  7.815000e+00  4.699151  4.699152
  7.820000e+00  4.699150  4.699151
  7.825000e+00  4.699150  4.699151
  7.830000e+00  4.699150  4.699151
  7.835000e+00  4.699150  4.699151
  7.840000e+00  4.699150  4.699151
  7.845000e+00  4.699150  4.699151
  7.850000e+00  4.699150  4.699150
  7.855000e+00  4.699149  4.699150
  7.860000e+00  4.699149  4.699150
  7.865000e+00  4.699149  4.699150
  7.870000e+00  4.699149  4.699150
  7.875000e+00  4.699149  4.699150
  7.880000e+00  4.699149  4.699149
  7.885000e+00  4.699148  4.699149
  7.890000e+00  4.699148  4.699149
  7.895000e+00  4.699148  4.699149
  7.900000e+00  4.699148  4.699149
  7.905000e+00  4.699148  4.699149
  7.910000e+00  4.699148  4.699148
  7.915000e+00  4.699148  4.699148
  7.920000e+00  4.699147  4.699148
  7.925000e+00  4.699147  4.699148
  7.930000e+00  4.699147  4.699148
  7.935000e+00  4.699147  4.699148
  7.940000e+00  4.699147  4.699148
  7.945000e+00  4.699147  4.699147
  7.950000e+00  4.699146  4.699147
  7.955000e+00  4.699146  4.699147
  7.960000e+00  4.699146  4.699147
  7.965000e+00  4.699146  4.699147
  7.970000e+00  4.699146  4.699147
  7.975000e+00  4.699146  4.699147
  7.980000e+00  4.699146  4.699146
  7.985000e+00  4.699145  4.699146
  7.990000e+00  4.699145  4.699146
  7.995000e+00  4.699145  4.699146
  8.000000e+00  4.699145  4.699146
