  1.000000e-02  9.15349086 46.68043724 
  1.500000e-02  9.15349086 50.06515953 
  2.000000e-02  9.15349086 53.13565762 
  2.500000e-02  9.15349086 56.35566775 
  3.000000e-02  9.15349086 60.34829956 
  3.500000e-02  9.15349086 62.97089238 
  4.000000e-02  9.15349086 64.41262357 
  4.500000e-02  9.15349086 64.96968342 
  5.000000e-02  9.15349086 65.13546275 
  5.500000e-02  9.15349086 65.13644393 
  6.000000e-02  9.15349086 65.16391602 
  6.500000e-02  9.15349086 65.21062902 
  7.000000e-02  9.15349086 65.29519655 
  7.500000e-02  9.15349086 65.20316308 
  8.000000e-02  9.15349086 64.97460914 
  8.500000e-02  9.15349086 64.65042414 
  9.000000e-02  9.15349086 64.28579749 
  9.500000e-02  9.15349086 63.94447119 
  1.000000e-01  9.15349086 63.67193123 
  1.050000e-01  9.15349086 63.48418013 
  1.100000e-01  9.15349086 63.38605815 
  1.150000e-01  9.15349086 63.42513071 
  1.200000e-01  9.15349086 63.54816137 
  1.250000e-01  9.15349086 63.72025248 
  1.300000e-01  9.15349086 63.90977053 
  1.350000e-01  9.15349086 64.09039924 
  1.400000e-01  9.15349086 64.24295942 
  1.450000e-01  9.15349086 64.35752290 
  1.500000e-01  9.15349086 64.43597552 
  1.550000e-01  9.15349086 64.49067932 
  1.600000e-01  9.15349086 64.53420069 
  1.650000e-01  9.15349086 64.54413509 
  1.700000e-01  9.15349086 64.53544198 
  1.750000e-01  9.15349086 64.52344592 
  1.800000e-01  9.15349086 64.51844529 
  1.850000e-01  9.15349086 64.52453899 
  1.900000e-01  9.15349086 64.56494000 
  1.950000e-01  9.15349086 64.62898938 
  2.000000e-01  9.15349086 64.70578656 
  2.050000e-01  9.15349086 64.78602954 
  2.100000e-01  9.15349086 64.86297520 
  2.150000e-01  9.15349086 64.93250507 
  2.200000e-01  9.15349086 64.99272304 
  2.250000e-01  9.15349086 65.04335331 
  2.300000e-01  9.15349086 65.08513857 
  2.350000e-01  9.15349086 65.10574397 
  2.400000e-01  9.15349086 65.11315085 
  2.450000e-01  9.15349086 65.11434665 
  2.500000e-01  9.15349086 65.12581014 
  2.550000e-01  9.15349086 65.14623730 
  2.600000e-01  9.15349086 65.17247689 
  2.650000e-01  9.15349086 65.20068963 
  2.700000e-01  9.15349086 65.22731933 
  2.750000e-01  9.15349086 65.24972058 
  2.800000e-01  9.15349086 65.26653079 
  2.850000e-01  9.15349086 65.27778563 
  2.900000e-01  9.15349086 65.27616324 
  2.950000e-01  9.15349086 65.26581944 
  3.000000e-01  9.15349086 65.25125050 
  3.050000e-01  9.15349086 65.23629929 
  3.100000e-01  9.15349086 65.22357740 
  3.150000e-01  9.15349086 65.21413610 
  3.200000e-01  9.15349086 65.21338206 
  3.250000e-01  9.15349086 65.21903022 
  3.300000e-01  9.15349086 65.22832502 
  3.350000e-01  9.15349086 65.23866481 
  3.400000e-01  9.15349086 65.24797903 
  3.450000e-01  9.15349086 65.25494439 
  3.500000e-01  9.15349086 65.25921557 
  3.550000e-01  9.15349086 65.25945673 
  3.600000e-01  9.15349086 65.25502982 
  3.650000e-01  9.15349086 65.24758180 
  3.700000e-01  9.15349086 65.23881551 
  3.750000e-01  9.15349086 65.23016032 
  3.800000e-01  9.15349086 65.22251727 
  3.850000e-01  9.15349086 65.21637428 
  3.900000e-01  9.15349086 65.21366754 
  3.950000e-01  9.15349086 65.21499996 
  4.000000e-01  9.15349086 65.21895341 
  4.050000e-01  9.15349086 65.22400490 
  4.100000e-01  9.15349086 65.22898208 
  4.150000e-01  9.15349086 65.23320773 
  4.200000e-01  9.15349086 65.23551385 
  4.250000e-01  9.15349086 65.23591467 
  4.300000e-01  9.15349086 65.23481061 
  4.350000e-01  9.15349086 65.23277785 
  4.400000e-01  9.15349086 65.23040940 
  4.450000e-01  9.15349086 65.22820781 
  4.500000e-01  9.15349086 65.22652320 
  4.550000e-01  9.15349086 65.22553226 
  4.600000e-01  9.15349086 65.22525128 
  4.650000e-01  9.15349086 65.22557373 
  4.700000e-01  9.15349086 65.22632025 
  4.750000e-01  9.15349086 65.22728943 
  4.800000e-01  9.15349086 65.22829972 
  4.850000e-01  9.15349086 65.22921681 
  4.900000e-01  9.15349086 65.22996494 
  4.950000e-01  9.15349086 65.23052395 
  5.000000e-01  9.15349086 65.23091633 
  5.050000e-01  9.15349086 65.23118944 
  5.100000e-01  9.15349086 65.23139765 
  5.150000e-01  9.15349086 65.23158815 
  5.200000e-01  9.15349086 65.23179223 
  5.250000e-01  9.15349086 65.23202255 
  5.300000e-01  9.15349086 65.23227535 
  5.350000e-01  9.15349086 65.23253592 
  5.400000e-01  9.15349086 65.23278534 
  5.450000e-01  9.15349086 65.23300664 
  5.500000e-01  9.15349086 65.23318922 
  5.550000e-01  9.15349086 65.23333080 
  5.600000e-01  9.15349086 65.23343709 
  5.650000e-01  9.15349086 65.23351950 
  5.700000e-01  9.15349086 65.23359191 
  5.750000e-01  9.15349086 65.23366722 
  5.800000e-01  9.15349086 65.23375457 
  5.850000e-01  9.15349086 65.23385758 
  5.900000e-01  9.15349086 65.23397398 
  5.950000e-01  9.15349086 65.23409635 
  6.000000e-01  9.15349086 65.23421388 
  6.050000e-01  9.15349086 65.23431451 
  6.100000e-01  9.15349086 65.23438708 
  6.150000e-01  9.15349086 65.23442312 
  6.200000e-01  9.15349086 65.23441795 
  6.250000e-01  9.15349086 65.23437110 
  6.300000e-01  9.15349086 65.23428591 
  6.350000e-01  9.15349086 65.23416868 
  6.400000e-01  9.15349086 65.23402739 
  6.450000e-01  9.15349086 65.23387044 
  6.500000e-01  9.15349086 65.23370546 
  6.550000e-01  9.15349086 65.23353844 
  6.600000e-01  9.15349086 65.23337325 
  6.650000e-01  9.15349086 65.23321152 
  6.700000e-01  9.15349086 65.23305288 
  6.750000e-01  9.15349086 65.23289548 
  6.800000e-01  9.15349086 65.23273652 
  6.850000e-01  9.15349086 65.23257290 
  6.900000e-01  9.15349086 65.23240173 
  6.950000e-01  9.15349086 65.23222070 
  7.000000e-01  9.15349086 65.23202829 
  7.050000e-01  9.15349086 65.23182381 
  7.100000e-01  9.15349086 65.23160732 
  7.150000e-01  9.15349086 65.23137939 
  7.200000e-01  9.15349086 65.23114093 
  7.250000e-01  9.15349086 65.23089291 
  7.300000e-01  9.15349086 65.23063619 
  7.350000e-01  9.15349086 65.23037138 
  7.400000e-01  9.15349086 65.23009879 
  7.450000e-01  9.15349086 65.22981839 
  7.500000e-01  9.15349086 65.22952989 
  7.550000e-01  9.15349086 65.22923280 
  7.600000e-01  9.15349086 65.22892655 
  7.650000e-01  9.15349086 65.22861056 
  7.700000e-01  9.15349086 65.22828435 
  7.750000e-01  9.15349086 65.22794759 
  7.800000e-01  9.15349086 65.22760012 
  7.850000e-01  9.15349086 65.22724199 
  7.900000e-01  9.15349086 65.22687343 
  7.950000e-01  9.15349086 65.22649486 
  8.000000e-01  9.15349086 65.22610680 
  8.050000e-01  9.15349086 65.22570989 
  8.100000e-01  9.15349086 65.22530483 
  8.150000e-01  9.15349086 65.22489236 
  8.200000e-01  9.15349086 65.22447321 
  8.250000e-01  9.15349086 65.22404810 
  8.300000e-01  9.15349086 65.22361774 
  8.350000e-01  9.15349086 65.22318281 
  8.400000e-01  9.15349086 65.22274393 
  8.450000e-01  9.15349086 65.22230172 
  8.500000e-01  9.15349086 65.22185676 
  8.550000e-01  9.15349086 65.22140961 
  8.600000e-01  9.15349086 65.22096079 
  8.650000e-01  9.15349086 65.22051084 
  8.700000e-01  9.15349086 65.22006025 
  8.750000e-01  9.15349086 65.21960951 
  8.800000e-01  9.15349086 65.21915909 
  8.850000e-01  9.15349086 65.21870943 
  8.900000e-01  9.15349086 65.21826098 
  8.950000e-01  9.15349086 65.21781411 
  9.000000e-01  9.15349086 65.21736919 
  9.050000e-01  9.15349086 65.21692654 
  9.100000e-01  9.15349086 65.21648645 
  9.150000e-01  9.15349086 65.21604916 
  9.200000e-01  9.15349086 65.21561487 
  9.250000e-01  9.15349086 65.21518374 
  9.300000e-01  9.15349086 65.21475590 
  9.350000e-01  9.15349086 65.21433145 
  9.400000e-01  9.15349086 65.21391046 
  9.450000e-01  9.15349086 65.21349298 
  9.500000e-01  9.15349086 65.21307905 
  9.550000e-01  9.15349086 65.21266869 
  9.600000e-01  9.15349086 65.21226193 
  9.650000e-01  9.15349086 65.21185877 
  9.700000e-01  9.15349086 65.21145924 
  9.750000e-01  9.15349086 65.21106334 
  9.800000e-01  9.15349086 65.21067108 
  9.850000e-01  9.15349086 65.21028245 
  9.900000e-01  9.15349086 65.20989744 
  9.950000e-01  9.15349086 65.20951605 
  1.000000e+00  9.15349086 65.20913824 
  1.005000e+00  9.15349086 65.20876398 
  1.010000e+00  9.15349086 65.20839323 
  1.015000e+00  9.15349086 65.20802593 
  1.020000e+00  9.15349086 65.20766202 
  1.025000e+00  9.15349086 65.20730142 
  1.030000e+00  9.15349086 65.20694407 
  1.035000e+00  9.15349086 65.20658988 
  1.040000e+00  9.15349086 65.20623877 
  1.045000e+00  9.15349086 65.20589067 
  1.050000e+00  9.15349086 65.20554549 
  1.055000e+00  9.15349086 65.20520315 
  1.060000e+00  9.15349086 65.20486357 
  1.065000e+00  9.15349086 65.20452668 
  1.070000e+00  9.15349086 65.20419240 
  1.075000e+00  9.15349086 65.20386067 
  1.080000e+00  9.15349086 65.20353139 
  1.085000e+00  9.15349086 65.20320450 
  1.090000e+00  9.15349086 65.20287993 
  1.095000e+00  9.15349086 65.20255758 
  1.100000e+00  9.15349086 65.20223738 
  1.105000e+00  9.15349086 65.20191923 
  1.110000e+00  9.15349086 65.20160305 
  1.115000e+00  9.15349086 65.20128875 
  1.120000e+00  9.15349086 65.20097622 
  1.125000e+00  9.15349086 65.20066536 
  1.130000e+00  9.15349086 65.20035608 
  1.135000e+00  9.15349086 65.20004827 
  1.140000e+00  9.15349086 65.19974182 
  1.145000e+00  9.15349086 65.19943664 
  1.150000e+00  9.15349086 65.19913262 
  1.155000e+00  9.15349086 65.19882966 
  1.160000e+00  9.15349086 65.19852765 
  1.165000e+00  9.15349086 65.19822652 
  1.170000e+00  9.15349086 65.19792615 
  1.175000e+00  9.15349086 65.19762646 
  1.180000e+00  9.15349086 65.19732736 
  1.185000e+00  9.15349086 65.19702877 
  1.190000e+00  9.15349086 65.19673060 
  1.195000e+00  9.15349086 65.19643277 
  1.200000e+00  9.15349086 65.19613520 
  1.205000e+00  9.15349086 65.19583781 
  1.210000e+00  9.15349086 65.19554054 
  1.215000e+00  9.15349086 65.19524331 
  1.220000e+00  9.15349086 65.19494603 
  1.225000e+00  9.15349086 65.19464865 
  1.230000e+00  9.15349086 65.19435109 
  1.235000e+00  9.15349086 65.19405328 
  1.240000e+00  9.15349086 65.19375515 
  1.245000e+00  9.15349086 65.19345664 
  1.250000e+00  9.15349086 65.19315767 
  1.255000e+00  9.15349086 65.19285817 
  1.260000e+00  9.15349086 65.19255809 
  1.265000e+00  9.15349086 65.19225736 
  1.270000e+00  9.15349086 65.19195591 
  1.275000e+00  9.15349086 65.19165368 
  1.280000e+00  9.15349086 65.19135062 
  1.285000e+00  9.15349086 65.19104666 
  1.290000e+00  9.15349086 65.19074175 
  1.295000e+00  9.15349086 65.19043584 
  1.300000e+00  9.15349086 65.19012886 
  1.305000e+00  9.15349086 65.18982078 
  1.310000e+00  9.15349086 65.18951155 
  1.315000e+00  9.15349086 65.18920112 
  1.320000e+00  9.15349086 65.18888945 
  1.325000e+00  9.15349086 65.18857650 
  1.330000e+00  9.15349086 65.18826223 
  1.335000e+00  9.15349086 65.18794660 
  1.340000e+00  9.15349086 65.18762959 
  1.345000e+00  9.15349086 65.18731117 
  1.350000e+00  9.15349086 65.18699130 
  1.355000e+00  9.15349086 65.18666997 
  1.360000e+00  9.15349086 65.18634715 
  1.365000e+00  9.15349086 65.18602281 
  1.370000e+00  9.15349086 65.18569696 
  1.375000e+00  9.15349086 65.18536955 
  1.380000e+00  9.15349086 65.18504060 
  1.385000e+00  9.15349086 65.18471009 
  1.390000e+00  9.15349086 65.18437801 
  1.395000e+00  9.15349086 65.18404435 
  1.400000e+00  9.15349086 65.18370913 
  1.405000e+00  9.15349086 65.18337234 
  1.410000e+00  9.15349086 65.18303399 
  1.415000e+00  9.15349086 65.18269408 
  1.420000e+00  9.15349086 65.18235263 
  1.425000e+00  9.15349086 65.18200966 
  1.430000e+00  9.15349086 65.18166518 
  1.435000e+00  9.15349086 65.18131922 
  1.440000e+00  9.15349086 65.18097180 
  1.445000e+00  9.15349086 65.18062294 
  1.450000e+00  9.15349086 65.18027268 
  1.455000e+00  9.15349086 65.17992106 
  1.460000e+00  9.15349086 65.17956811 
  1.465000e+00  9.15349086 65.17921387 
  1.470000e+00  9.15349086 65.17885839 
  1.475000e+00  9.15349086 65.17850172 
  1.480000e+00  9.15349086 65.17814389 
  1.485000e+00  9.15349086 65.17778497 
  1.490000e+00  9.15349086 65.17742502 
  1.495000e+00  9.15349086 65.17706408 
  1.500000e+00  9.15349086 65.17670222 
  1.505000e+00  9.15349086 65.17633950 
  1.510000e+00  9.15349086 65.17597599 
  1.515000e+00  9.15349086 65.17561175 
  1.520000e+00  9.15349086 65.17524685 
  1.525000e+00  9.15349086 65.17488136 
  1.530000e+00  9.15349086 65.17451535 
  1.535000e+00  9.15349086 65.17414890 
  1.540000e+00  9.15349086 65.17378207 
  1.545000e+00  9.15349086 65.17341494 
  1.550000e+00  9.15349086 65.17304759 
  1.555000e+00  9.15349086 65.17268009 
  1.560000e+00  9.15349086 65.17231251 
  1.565000e+00  9.15349086 65.17194494 
  1.570000e+00  9.15349086 65.17157743 
  1.575000e+00  9.15349086 65.17121008 
  1.580000e+00  9.15349086 65.17084294 
  1.585000e+00  9.15349086 65.17047610 
  1.590000e+00  9.15349086 65.17010962 
  1.595000e+00  9.15349086 65.16974358 
  1.600000e+00  9.15349086 65.16937804 
  1.605000e+00  9.15349086 65.16901307 
  1.610000e+00  9.15349086 65.16864874 
  1.615000e+00  9.15349086 65.16828510 
  1.620000e+00  9.15349086 65.16792223 
  1.625000e+00  9.15349086 65.16756019 
  1.630000e+00  9.15349086 65.16719902 
  1.635000e+00  9.15349086 65.16683879 
  1.640000e+00  9.15349086 65.16647956 
  1.645000e+00  9.15349086 65.16612137 
  1.650000e+00  9.15349086 65.16576428 
  1.655000e+00  9.15349086 65.16540832 
  1.660000e+00  9.15349086 65.16505356 
  1.665000e+00  9.15349086 65.16470003 
  1.670000e+00  9.15349086 65.16434777 
  1.675000e+00  9.15349086 65.16399682 
  1.680000e+00  9.15349086 65.16364722 
  1.685000e+00  9.15349086 65.16329900 
  1.690000e+00  9.15349086 65.16295220 
  1.695000e+00  9.15349086 65.16260684 
  1.700000e+00  9.15349086 65.16226296 
  1.705000e+00  9.15349086 65.16192057 
  1.710000e+00  9.15349086 65.16157971 
  1.715000e+00  9.15349086 65.16124039 
  1.720000e+00  9.15349086 65.16090264 
  1.725000e+00  9.15349086 65.16056646 
  1.730000e+00  9.15349086 65.16023188 
  1.735000e+00  9.15349086 65.15989892 
  1.740000e+00  9.15349086 65.15956757 
  1.745000e+00  9.15349086 65.15923786 
  1.750000e+00  9.15349086 65.15890979 
  1.755000e+00  9.15349086 65.15858337 
  1.760000e+00  9.15349086 65.15825860 
  1.765000e+00  9.15349086 65.15793549 
  1.770000e+00  9.15349086 65.15761404 
  1.775000e+00  9.15349086 65.15729425 
  1.780000e+00  9.15349086 65.15697613 
  1.785000e+00  9.15349086 65.15665966 
  1.790000e+00  9.15349086 65.15634486 
  1.795000e+00  9.15349086 65.15603170 
  1.800000e+00  9.15349086 65.15572020 
  1.805000e+00  9.15349086 65.15541034 
  1.810000e+00  9.15349086 65.15510212 
  1.815000e+00  9.15349086 65.15479553 
  1.820000e+00  9.15349086 65.15449056 
  1.825000e+00  9.15349086 65.15418720 
  1.830000e+00  9.15349086 65.15388545 
  1.835000e+00  9.15349086 65.15358529 
  1.840000e+00  9.15349086 65.15328671 
  1.845000e+00  9.15349086 65.15298970 
  1.850000e+00  9.15349086 65.15269425 
  1.855000e+00  9.15349086 65.15240035 
  1.860000e+00  9.15349086 65.15210798 
  1.865000e+00  9.15349086 65.15181713 
  1.870000e+00  9.15349086 65.15152778 
  1.875000e+00  9.15349086 65.15123993 
  1.880000e+00  9.15349086 65.15095356 
  1.885000e+00  9.15349086 65.15066866 
  1.890000e+00  9.15349086 65.15038520 
  1.895000e+00  9.15349086 65.15010319 
  1.900000e+00  9.15349086 65.14982259 
  1.905000e+00  9.15349086 65.14954339 
  1.910000e+00  9.15349086 65.14926559 
  1.915000e+00  9.15349086 65.14898917 
  1.920000e+00  9.15349086 65.14871410 
  1.925000e+00  9.15349086 65.14844038 
  1.930000e+00  9.15349086 65.14816799 
  1.935000e+00  9.15349086 65.14789691 
  1.940000e+00  9.15349086 65.14762713 
  1.945000e+00  9.15349086 65.14735863 
  1.950000e+00  9.15349086 65.14709140 
  1.955000e+00  9.15349086 65.14682542 
  1.960000e+00  9.15349086 65.14656067 
  1.965000e+00  9.15349086 65.14629714 
  1.970000e+00  9.15349086 65.14603482 
  1.975000e+00  9.15349086 65.14577369 
  1.980000e+00  9.15349086 65.14551373 
  1.985000e+00  9.15349086 65.14525492 
  1.990000e+00  9.15349086 65.14499725 
  1.995000e+00  9.15349086 65.14474071 
  2.000000e+00  9.15349086 65.14448528 
  2.005000e+00  9.15349086 65.14423094 
  2.010000e+00  9.15349086 65.14397768 
  2.015000e+00  9.15349086 65.14372548 
  2.020000e+00  9.15349086 65.14347432 
  2.025000e+00  9.15349086 65.14322420 
  2.030000e+00  9.15349086 65.14297509 
  2.035000e+00  9.15349086 65.14272697 
  2.040000e+00  9.15349086 65.14247984 
  2.045000e+00  9.15349086 65.14223368 
  2.050000e+00  9.15349086 65.14198847 
  2.055000e+00  9.15349086 65.14174419 
  2.060000e+00  9.15349086 65.14150083 
  2.065000e+00  9.15349086 65.14125838 
  2.070000e+00  9.15349086 65.14101681 
  2.075000e+00  9.15349086 65.14077612 
  2.080000e+00  9.15349086 65.14053628 
  2.085000e+00  9.15349086 65.14029728 
  2.090000e+00  9.15349086 65.14005911 
  2.095000e+00  9.15349086 65.13982175 
  2.100000e+00  9.15349086 65.13958518 
  2.105000e+00  9.15349086 65.13934940 
  2.110000e+00  9.15349086 65.13911437 
  2.115000e+00  9.15349086 65.13888010 
  2.120000e+00  9.15349086 65.13864655 
  2.125000e+00  9.15349086 65.13841373 
  2.130000e+00  9.15349086 65.13818160 
  2.135000e+00  9.15349086 65.13795016 
  2.140000e+00  9.15349086 65.13771939 
  2.145000e+00  9.15349086 65.13748928 
  2.150000e+00  9.15349086 65.13725981 
  2.155000e+00  9.15349086 65.13703096 
  2.160000e+00  9.15349086 65.13680273 
  2.165000e+00  9.15349086 65.13657508 
  2.170000e+00  9.15349086 65.13634802 
  2.175000e+00  9.15349086 65.13612152 
  2.180000e+00  9.15349086 65.13589557 
  2.185000e+00  9.15349086 65.13567016 
  2.190000e+00  9.15349086 65.13544527 
  2.195000e+00  9.15349086 65.13522088 
  2.200000e+00  9.15349086 65.13499697 
  2.205000e+00  9.15349086 65.13477355 
  2.210000e+00  9.15349086 65.13455058 
  2.215000e+00  9.15349086 65.13432806 
  2.220000e+00  9.15349086 65.13410597 
  2.225000e+00  9.15349086 65.13388430 
  2.230000e+00  9.15349086 65.13366303 
  2.235000e+00  9.15349086 65.13344214 
  2.240000e+00  9.15349086 65.13322162 
  2.245000e+00  9.15349086 65.13300147 
  2.250000e+00  9.15349086 65.13278166 
  2.255000e+00  9.15349086 65.13256217 
  2.260000e+00  9.15349086 65.13234300 
  2.265000e+00  9.15349086 65.13212413 
  2.270000e+00  9.15349086 65.13190555 
  2.275000e+00  9.15349086 65.13168724 
  2.280000e+00  9.15349086 65.13146919 
  2.285000e+00  9.15349086 65.13125138 
  2.290000e+00  9.15349086 65.13103380 
  2.295000e+00  9.15349086 65.13081644 
  2.300000e+00  9.15349086 65.13059928 
  2.305000e+00  9.15349086 65.13038231 
  2.310000e+00  9.15349086 65.13016552 
  2.315000e+00  9.15349086 65.12994889 
  2.320000e+00  9.15349086 65.12973240 
  2.325000e+00  9.15349086 65.12951605 
  2.330000e+00  9.15349086 65.12929983 
  2.335000e+00  9.15349086 65.12908371 
  2.340000e+00  9.15349086 65.12886769 
  2.345000e+00  9.15349086 65.12865175 
  2.350000e+00  9.15349086 65.12843588 
  2.355000e+00  9.15349086 65.12822007 
  2.360000e+00  9.15349086 65.12800430 
  2.365000e+00  9.15349086 65.12778856 
  2.370000e+00  9.15349086 65.12757284 
  2.375000e+00  9.15349086 65.12735713 
  2.380000e+00  9.15349086 65.12714142 
  2.385000e+00  9.15349086 65.12692569 
  2.390000e+00  9.15349086 65.12670992 
  2.395000e+00  9.15349086 65.12649412 
  2.400000e+00  9.15349086 65.12627827 
  2.405000e+00  9.15349086 65.12606235 
  2.410000e+00  9.15349086 65.12584635 
  2.415000e+00  9.15349086 65.12563027 
  2.420000e+00  9.15349086 65.12541409 
  2.425000e+00  9.15349086 65.12519780 
  2.430000e+00  9.15349086 65.12498139 
  2.435000e+00  9.15349086 65.12476486 
  2.440000e+00  9.15349086 65.12454818 
  2.445000e+00  9.15349086 65.12433135 
  2.450000e+00  9.15349086 65.12411436 
  2.455000e+00  9.15349086 65.12389720 
  2.460000e+00  9.15349086 65.12367986 
  2.465000e+00  9.15349086 65.12346233 
  2.470000e+00  9.15349086 65.12324461 
  2.475000e+00  9.15349086 65.12302667 
  2.480000e+00  9.15349086 65.12280852 
  2.485000e+00  9.15349086 65.12259014 
  2.490000e+00  9.15349086 65.12237153 
  2.495000e+00  9.15349086 65.12215268 
  2.500000e+00  9.15349086 65.12193358 
  2.505000e+00  9.15349086 65.12171423 
  2.510000e+00  9.15349086 65.12149461 
  2.515000e+00  9.15349086 65.12127472 
  2.520000e+00  9.15349086 65.12105455 
  2.525000e+00  9.15349086 65.12083409 
  2.530000e+00  9.15349086 65.12061335 
  2.535000e+00  9.15349086 65.12039231 
  2.540000e+00  9.15349086 65.12017097 
  2.545000e+00  9.15349086 65.11994932 
  2.550000e+00  9.15349086 65.11972736 
  2.555000e+00  9.15349086 65.11950508 
  2.560000e+00  9.15349086 65.11928248 
  2.565000e+00  9.15349086 65.11905955 
  2.570000e+00  9.15349086 65.11883630 
  2.575000e+00  9.15349086 65.11861271 
  2.580000e+00  9.15349086 65.11838879 
  2.585000e+00  9.15349086 65.11816453 
  2.590000e+00  9.15349086 65.11793993 
  2.595000e+00  9.15349086 65.11771499 
  2.600000e+00  9.15349086 65.11748970 
  2.605000e+00  9.15349086 65.11726407 
  2.610000e+00  9.15349086 65.11703810 
  2.615000e+00  9.15349086 65.11681177 
  2.620000e+00  9.15349086 65.11658510 
  2.625000e+00  9.15349086 65.11635809 
  2.630000e+00  9.15349086 65.11613073 
  2.635000e+00  9.15349086 65.11590302 
  2.640000e+00  9.15349086 65.11567497 
  2.645000e+00  9.15349086 65.11544659 
  2.650000e+00  9.15349086 65.11521786 
  2.655000e+00  9.15349086 65.11498880 
  2.660000e+00  9.15349086 65.11475940 
  2.665000e+00  9.15349086 65.11452968 
  2.670000e+00  9.15349086 65.11429963 
  2.675000e+00  9.15349086 65.11406926 
  2.680000e+00  9.15349086 65.11383858 
  2.685000e+00  9.15349086 65.11360758 
  2.690000e+00  9.15349086 65.11337628 
  2.695000e+00  9.15349086 65.11314468 
  2.700000e+00  9.15349086 65.11291279 
  2.705000e+00  9.15349086 65.11268062 
  2.710000e+00  9.15349086 65.11244816 
  2.715000e+00  9.15349086 65.11221544 
  2.720000e+00  9.15349086 65.11198246 
  2.725000e+00  9.15349086 65.11174922 
  2.730000e+00  9.15349086 65.11151574 
  2.735000e+00  9.15349086 65.11128202 
  2.740000e+00  9.15349086 65.11104808 
  2.745000e+00  9.15349086 65.11081392 
  2.750000e+00  9.15349086 65.11057956 
  2.755000e+00  9.15349086 65.11034500 
  2.760000e+00  9.15349086 65.11011027 
  2.765000e+00  9.15349086 65.10987536 
  2.770000e+00  9.15349086 65.10964029 
  2.775000e+00  9.15349086 65.10940508 
  2.780000e+00  9.15349086 65.10916974 
  2.785000e+00  9.15349086 65.10893428 
  2.790000e+00  9.15349086 65.10869871 
  2.795000e+00  9.15349086 65.10846305 
  2.800000e+00  9.15349086 65.10822731 
  2.805000e+00  9.15349086 65.10799151 
  2.810000e+00  9.15349086 65.10775565 
  2.815000e+00  9.15349086 65.10751977 
  2.820000e+00  9.15349086 65.10728386 
  2.825000e+00  9.15349086 65.10704796 
  2.830000e+00  9.15349086 65.10681206 
  2.835000e+00  9.15349086 65.10657620 
  2.840000e+00  9.15349086 65.10634038 
  2.845000e+00  9.15349086 65.10610462 
  2.850000e+00  9.15349086 65.10586894 
  2.855000e+00  9.15349086 65.10563336 
  2.860000e+00  9.15349086 65.10539789 
  2.865000e+00  9.15349086 65.10516255 
  2.870000e+00  9.15349086 65.10492736 
  2.875000e+00  9.15349086 65.10469233 
  2.880000e+00  9.15349086 65.10445749 
  2.885000e+00  9.15349086 65.10422285 
  2.890000e+00  9.15349086 65.10398843 
  2.895000e+00  9.15349086 65.10375424 
  2.900000e+00  9.15349086 65.10352031 
  2.905000e+00  9.15349086 65.10328666 
  2.910000e+00  9.15349086 65.10305330 
  2.915000e+00  9.15349086 65.10282025 
  2.920000e+00  9.15349086 65.10258753 
  2.925000e+00  9.15349086 65.10235516 
  2.930000e+00  9.15349086 65.10212315 
  2.935000e+00  9.15349086 65.10189153 
  2.940000e+00  9.15349086 65.10166031 
  2.945000e+00  9.15349086 65.10142951 
  2.950000e+00  9.15349086 65.10119916 
  2.955000e+00  9.15349086 65.10096926 
  2.960000e+00  9.15349086 65.10073984 
  2.965000e+00  9.15349086 65.10051091 
  2.970000e+00  9.15349086 65.10028250 
  2.975000e+00  9.15349086 65.10005462 
  2.980000e+00  9.15349086 65.09982728 
  2.985000e+00  9.15349086 65.09960051 
  2.990000e+00  9.15349086 65.09937433 
  2.995000e+00  9.15349086 65.09914875 
  3.000000e+00  9.15349086 65.09892378 
  3.005000e+00  9.15349086 65.09869945 
  3.010000e+00  9.15349086 65.09847577 
  3.015000e+00  9.15349086 65.09825276 
  3.020000e+00  9.15349086 65.09803044 
  3.025000e+00  9.15349086 65.09780882 
  3.030000e+00  9.15349086 65.09758791 
  3.035000e+00  9.15349086 65.09736774 
  3.040000e+00  9.15349086 65.09714831 
  3.045000e+00  9.15349086 65.09692965 
  3.050000e+00  9.15349086 65.09671177 
  3.055000e+00  9.15349086 65.09649468 
  3.060000e+00  9.15349086 65.09627840 
  3.065000e+00  9.15349086 65.09606295 
  3.070000e+00  9.15349086 65.09584832 
  3.075000e+00  9.15349086 65.09563455 
  3.080000e+00  9.15349086 65.09542164 
  3.085000e+00  9.15349086 65.09520961 
  3.090000e+00  9.15349086 65.09499846 
  3.095000e+00  9.15349086 65.09478822 
  3.100000e+00  9.15349086 65.09457889 
  3.105000e+00  9.15349086 65.09437048 
  3.110000e+00  9.15349086 65.09416301 
  3.115000e+00  9.15349086 65.09395649 
  3.120000e+00  9.15349086 65.09375092 
  3.125000e+00  9.15349086 65.09354632 
  3.130000e+00  9.15349086 65.09334270 
  3.135000e+00  9.15349086 65.09314007 
  3.140000e+00  9.15349086 65.09293844 
  3.145000e+00  9.15349086 65.09273782 
  3.150000e+00  9.15349086 65.09253821 
  3.155000e+00  9.15349086 65.09233962 
  3.160000e+00  9.15349086 65.09214207 
  3.165000e+00  9.15349086 65.09194555 
  3.170000e+00  9.15349086 65.09175009 
  3.175000e+00  9.15349086 65.09155568 
  3.180000e+00  9.15349086 65.09136233 
  3.185000e+00  9.15349086 65.09117004 
  3.190000e+00  9.15349086 65.09097883 
  3.195000e+00  9.15349086 65.09078871 
  3.200000e+00  9.15349086 65.09059966 
  3.205000e+00  9.15349086 65.09041171 
  3.210000e+00  9.15349086 65.09022485 
  3.215000e+00  9.15349086 65.09003909 
  3.220000e+00  9.15349086 65.08985443 
  3.225000e+00  9.15349086 65.08967089 
  3.230000e+00  9.15349086 65.08948845 
  3.235000e+00  9.15349086 65.08930713 
  3.240000e+00  9.15349086 65.08912692 
  3.245000e+00  9.15349086 65.08894784 
  3.250000e+00  9.15349086 65.08876987 
  3.255000e+00  9.15349086 65.08859303 
  3.260000e+00  9.15349086 65.08841732 
  3.265000e+00  9.15349086 65.08824274 
  3.270000e+00  9.15349086 65.08806928 
  3.275000e+00  9.15349086 65.08789696 
  3.280000e+00  9.15349086 65.08772576 
  3.285000e+00  9.15349086 65.08755570 
  3.290000e+00  9.15349086 65.08738677 
  3.295000e+00  9.15349086 65.08721896 
  3.300000e+00  9.15349086 65.08705229 
  3.305000e+00  9.15349086 65.08688675 
  3.310000e+00  9.15349086 65.08672234 
  3.315000e+00  9.15349086 65.08655906 
  3.320000e+00  9.15349086 65.08639690 
  3.325000e+00  9.15349086 65.08623587 
  3.330000e+00  9.15349086 65.08607597 
  3.335000e+00  9.15349086 65.08591718 
  3.340000e+00  9.15349086 65.08575952 
  3.345000e+00  9.15349086 65.08560297 
  3.350000e+00  9.15349086 65.08544754 
  3.355000e+00  9.15349086 65.08529322 
  3.360000e+00  9.15349086 65.08514001 
  3.365000e+00  9.15349086 65.08498791 
  3.370000e+00  9.15349086 65.08483691 
  3.375000e+00  9.15349086 65.08468701 
  3.380000e+00  9.15349086 65.08453821 
  3.385000e+00  9.15349086 65.08439049 
  3.390000e+00  9.15349086 65.08424387 
  3.395000e+00  9.15349086 65.08409833 
  3.400000e+00  9.15349086 65.08395387 
  3.405000e+00  9.15349086 65.08381049 
  3.410000e+00  9.15349086 65.08366818 
  3.415000e+00  9.15349086 65.08352693 
  3.420000e+00  9.15349086 65.08338675 
  3.425000e+00  9.15349086 65.08324762 
  3.430000e+00  9.15349086 65.08310955 
  3.435000e+00  9.15349086 65.08297252 
  3.440000e+00  9.15349086 65.08283654 
  3.445000e+00  9.15349086 65.08270159 
  3.450000e+00  9.15349086 65.08256767 
  3.455000e+00  9.15349086 65.08243478 
  3.460000e+00  9.15349086 65.08230291 
  3.465000e+00  9.15349086 65.08217205 
  3.470000e+00  9.15349086 65.08204220 
  3.475000e+00  9.15349086 65.08191336 
  3.480000e+00  9.15349086 65.08178551 
  3.485000e+00  9.15349086 65.08165866 
  3.490000e+00  9.15349086 65.08153278 
  3.495000e+00  9.15349086 65.08140789 
  3.500000e+00  9.15349086 65.08128397 
  3.505000e+00  9.15349086 65.08116102 
  3.510000e+00  9.15349086 65.08103903 
  3.515000e+00  9.15349086 65.08091799 
  3.520000e+00  9.15349086 65.08079790 
  3.525000e+00  9.15349086 65.08067876 
  3.530000e+00  9.15349086 65.08056054 
  3.535000e+00  9.15349086 65.08044326 
  3.540000e+00  9.15349086 65.08032690 
  3.545000e+00  9.15349086 65.08021146 
  3.550000e+00  9.15349086 65.08009692 
  3.555000e+00  9.15349086 65.07998329 
  3.560000e+00  9.15349086 65.07987055 
  3.565000e+00  9.15349086 65.07975870 
  3.570000e+00  9.15349086 65.07964774 
  3.575000e+00  9.15349086 65.07953765 
  3.580000e+00  9.15349086 65.07942844 
  3.585000e+00  9.15349086 65.07932009 
  3.590000e+00  9.15349086 65.07921259 
  3.595000e+00  9.15349086 65.07910594 
  3.600000e+00  9.15349086 65.07900014 
  3.605000e+00  9.15349086 65.07889518 
  3.610000e+00  9.15349086 65.07879104 
  3.615000e+00  9.15349086 65.07868773 
  3.620000e+00  9.15349086 65.07858524 
  3.625000e+00  9.15349086 65.07848356 
  3.630000e+00  9.15349086 65.07838268 
  3.635000e+00  9.15349086 65.07828260 
  3.640000e+00  9.15349086 65.07818331 
  3.645000e+00  9.15349086 65.07808480 
  3.650000e+00  9.15349086 65.07798708 
  3.655000e+00  9.15349086 65.07789012 
  3.660000e+00  9.15349086 65.07779393 
  3.665000e+00  9.15349086 65.07769850 
  3.670000e+00  9.15349086 65.07760383 
  3.675000e+00  9.15349086 65.07750989 
  3.680000e+00  9.15349086 65.07741670 
  3.685000e+00  9.15349086 65.07732424 
  3.690000e+00  9.15349086 65.07723251 
  3.695000e+00  9.15349086 65.07714150 
  3.700000e+00  9.15349086 65.07705121 
  3.705000e+00  9.15349086 65.07696162 
  3.710000e+00  9.15349086 65.07687273 
  3.715000e+00  9.15349086 65.07678455 
  3.720000e+00  9.15349086 65.07669705 
  3.725000e+00  9.15349086 65.07661023 
  3.730000e+00  9.15349086 65.07652410 
  3.735000e+00  9.15349086 65.07643863 
  3.740000e+00  9.15349086 65.07635384 
  3.745000e+00  9.15349086 65.07626970 
  3.750000e+00  9.15349086 65.07618622 
  3.755000e+00  9.15349086 65.07610338 
  3.760000e+00  9.15349086 65.07602119 
  3.765000e+00  9.15349086 65.07593964 
  3.770000e+00  9.15349086 65.07585871 
  3.775000e+00  9.15349086 65.07577841 
  3.780000e+00  9.15349086 65.07569874 
  3.785000e+00  9.15349086 65.07561967 
  3.790000e+00  9.15349086 65.07554122 
  3.795000e+00  9.15349086 65.07546337 
  3.800000e+00  9.15349086 65.07538611 
  3.805000e+00  9.15349086 65.07530945 
  3.810000e+00  9.15349086 65.07523338 
  3.815000e+00  9.15349086 65.07515789 
  3.820000e+00  9.15349086 65.07508297 
  3.825000e+00  9.15349086 65.07500863 
  3.830000e+00  9.15349086 65.07493485 
  3.835000e+00  9.15349086 65.07486163 
  3.840000e+00  9.15349086 65.07478897 
  3.845000e+00  9.15349086 65.07471686 
  3.850000e+00  9.15349086 65.07464529 
  3.855000e+00  9.15349086 65.07457426 
  3.860000e+00  9.15349086 65.07450377 
  3.865000e+00  9.15349086 65.07443381 
  3.870000e+00  9.15349086 65.07436438 
  3.875000e+00  9.15349086 65.07429547 
  3.880000e+00  9.15349086 65.07422707 
  3.885000e+00  9.15349086 65.07415919 
  3.890000e+00  9.15349086 65.07409181 
  3.895000e+00  9.15349086 65.07402493 
  3.900000e+00  9.15349086 65.07395855 
  3.905000e+00  9.15349086 65.07389266 
  3.910000e+00  9.15349086 65.07382727 
  3.915000e+00  9.15349086 65.07376235 
  3.920000e+00  9.15349086 65.07369792 
  3.925000e+00  9.15349086 65.07363396 
  3.930000e+00  9.15349086 65.07357047 
  3.935000e+00  9.15349086 65.07350744 
  3.940000e+00  9.15349086 65.07344488 
  3.945000e+00  9.15349086 65.07338277 
  3.950000e+00  9.15349086 65.07332112 
  3.955000e+00  9.15349086 65.07325992 
  3.960000e+00  9.15349086 65.07319917 
  3.965000e+00  9.15349086 65.07313885 
  3.970000e+00  9.15349086 65.07307897 
  3.975000e+00  9.15349086 65.07301953 
  3.980000e+00  9.15349086 65.07296051 
  3.985000e+00  9.15349086 65.07290192 
  3.990000e+00  9.15349086 65.07284375 
  3.995000e+00  9.15349086 65.07278599 
  4.000000e+00  9.15349086 65.07272865 
  4.005000e+00  9.15349086 65.07267172 
  4.010000e+00  9.15349086 65.07261520 
  4.015000e+00  9.15349086 65.07255907 
  4.020000e+00  9.15349086 65.07250335 
  4.025000e+00  9.15349086 65.07244802 
  4.030000e+00  9.15349086 65.07239308 
  4.035000e+00  9.15349086 65.07233853 
  4.040000e+00  9.15349086 65.07228437 
  4.045000e+00  9.15349086 65.07223058 
  4.050000e+00  9.15349086 65.07217717 
  4.055000e+00  9.15349086 65.07212414 
  4.060000e+00  9.15349086 65.07207147 
  4.065000e+00  9.15349086 65.07201918 
  4.070000e+00  9.15349086 65.07196724 
  4.075000e+00  9.15349086 65.07191567 
  4.080000e+00  9.15349086 65.07186445 
  4.085000e+00  9.15349086 65.07181359 
  4.090000e+00  9.15349086 65.07176308 
  4.095000e+00  9.15349086 65.07171291 
  4.100000e+00  9.15349086 65.07166309 
  4.105000e+00  9.15349086 65.07161362 
  4.110000e+00  9.15349086 65.07156447 
  4.115000e+00  9.15349086 65.07151567 
  4.120000e+00  9.15349086 65.07146720 
  4.125000e+00  9.15349086 65.07141905 
  4.130000e+00  9.15349086 65.07137123 
  4.135000e+00  9.15349086 65.07132374 
  4.140000e+00  9.15349086 65.07127656 
  4.145000e+00  9.15349086 65.07122971 
  4.150000e+00  9.15349086 65.07118317 
  4.155000e+00  9.15349086 65.07113694 
  4.160000e+00  9.15349086 65.07109101 
  4.165000e+00  9.15349086 65.07104540 
  4.170000e+00  9.15349086 65.07100009 
  4.175000e+00  9.15349086 65.07095508 
  4.180000e+00  9.15349086 65.07091037 
  4.185000e+00  9.15349086 65.07086595 
  4.190000e+00  9.15349086 65.07082183 
  4.195000e+00  9.15349086 65.07077799 
  4.200000e+00  9.15349086 65.07073445 
  4.205000e+00  9.15349086 65.07069119 
  4.210000e+00  9.15349086 65.07064821 
  4.215000e+00  9.15349086 65.07060552 
  4.220000e+00  9.15349086 65.07056310 
  4.225000e+00  9.15349086 65.07052096 
  4.230000e+00  9.15349086 65.07047909 
  4.235000e+00  9.15349086 65.07043749 
  4.240000e+00  9.15349086 65.07039616 
  4.245000e+00  9.15349086 65.07035510 
  4.250000e+00  9.15349086 65.07031430 
  4.255000e+00  9.15349086 65.07027376 
  4.260000e+00  9.15349086 65.07023348 
  4.265000e+00  9.15349086 65.07019346 
  4.270000e+00  9.15349086 65.07015369 
  4.275000e+00  9.15349086 65.07011417 
  4.280000e+00  9.15349086 65.07007491 
  4.285000e+00  9.15349086 65.07003589 
  4.290000e+00  9.15349086 65.06999712 
  4.295000e+00  9.15349086 65.06995860 
  4.300000e+00  9.15349086 65.06992031 
  4.305000e+00  9.15349086 65.06988227 
  4.310000e+00  9.15349086 65.06984446 
  4.315000e+00  9.15349086 65.06980689 
  4.320000e+00  9.15349086 65.06976956 
  4.325000e+00  9.15349086 65.06973245 
  4.330000e+00  9.15349086 65.06969558 
  4.335000e+00  9.15349086 65.06965893 
  4.340000e+00  9.15349086 65.06962251 
  4.345000e+00  9.15349086 65.06958631 
  4.350000e+00  9.15349086 65.06955034 
  4.355000e+00  9.15349086 65.06951459 
  4.360000e+00  9.15349086 65.06947905 
  4.365000e+00  9.15349086 65.06944373 
  4.370000e+00  9.15349086 65.06940863 
  4.375000e+00  9.15349086 65.06937374 
  4.380000e+00  9.15349086 65.06933906 
  4.385000e+00  9.15349086 65.06930459 
  4.390000e+00  9.15349086 65.06927033 
  4.395000e+00  9.15349086 65.06923628 
  4.400000e+00  9.15349086 65.06920243 
  4.405000e+00  9.15349086 65.06916878 
  4.410000e+00  9.15349086 65.06913533 
  4.415000e+00  9.15349086 65.06910209 
  4.420000e+00  9.15349086 65.06906904 
  4.425000e+00  9.15349086 65.06903618 
  4.430000e+00  9.15349086 65.06900353 
  4.435000e+00  9.15349086 65.06897106 
  4.440000e+00  9.15349086 65.06893879 
  4.445000e+00  9.15349086 65.06890670 
  4.450000e+00  9.15349086 65.06887481 
  4.455000e+00  9.15349086 65.06884310 
  4.460000e+00  9.15349086 65.06881158 
  4.465000e+00  9.15349086 65.06878024 
  4.470000e+00  9.15349086 65.06874908 
  4.475000e+00  9.15349086 65.06871811 
  4.480000e+00  9.15349086 65.06868731 
  4.485000e+00  9.15349086 65.06865669 
  4.490000e+00  9.15349086 65.06862625 
  4.495000e+00  9.15349086 65.06859598 
  4.500000e+00  9.15349086 65.06856589 
  4.505000e+00  9.15349086 65.06853597 
  4.510000e+00  9.15349086 65.06850622 
  4.515000e+00  9.15349086 65.06847665 
  4.520000e+00  9.15349086 65.06844723 
  4.525000e+00  9.15349086 65.06841799 
  4.530000e+00  9.15349086 65.06838891 
  4.535000e+00  9.15349086 65.06836000 
  4.540000e+00  9.15349086 65.06833125 
  4.545000e+00  9.15349086 65.06830266 
  4.550000e+00  9.15349086 65.06827424 
  4.555000e+00  9.15349086 65.06824597 
  4.560000e+00  9.15349086 65.06821786 
  4.565000e+00  9.15349086 65.06818991 
  4.570000e+00  9.15349086 65.06816211 
  4.575000e+00  9.15349086 65.06813447 
  4.580000e+00  9.15349086 65.06810698 
  4.585000e+00  9.15349086 65.06807964 
  4.590000e+00  9.15349086 65.06805246 
  4.595000e+00  9.15349086 65.06802542 
  4.600000e+00  9.15349086 65.06799853 
  4.605000e+00  9.15349086 65.06797179 
  4.610000e+00  9.15349086 65.06794520 
  4.615000e+00  9.15349086 65.06791875 
  4.620000e+00  9.15349086 65.06789245 
  4.625000e+00  9.15349086 65.06786629 
  4.630000e+00  9.15349086 65.06784027 
  4.635000e+00  9.15349086 65.06781439 
  4.640000e+00  9.15349086 65.06778865 
  4.645000e+00  9.15349086 65.06776306 
  4.650000e+00  9.15349086 65.06773759 
  4.655000e+00  9.15349086 65.06771227 
  4.660000e+00  9.15349086 65.06768708 
  4.665000e+00  9.15349086 65.06766203 
  4.670000e+00  9.15349086 65.06763711 
  4.675000e+00  9.15349086 65.06761232 
  4.680000e+00  9.15349086 65.06758767 
  4.685000e+00  9.15349086 65.06756314 
  4.690000e+00  9.15349086 65.06753875 
  4.695000e+00  9.15349086 65.06751448 
  4.700000e+00  9.15349086 65.06749034 
  4.705000e+00  9.15349086 65.06746633 
  4.710000e+00  9.15349086 65.06744245 
  4.715000e+00  9.15349086 65.06741869 
  4.720000e+00  9.15349086 65.06739505 
  4.725000e+00  9.15349086 65.06737154 
  4.730000e+00  9.15349086 65.06734815 
  4.735000e+00  9.15349086 65.06732488 
  4.740000e+00  9.15349086 65.06730174 
  4.745000e+00  9.15349086 65.06727871 
  4.750000e+00  9.15349086 65.06725580 
  4.755000e+00  9.15349086 65.06723301 
  4.760000e+00  9.15349086 65.06721034 
  4.765000e+00  9.15349086 65.06718778 
  4.770000e+00  9.15349086 65.06716534 
  4.775000e+00  9.15349086 65.06714301 
  4.780000e+00  9.15349086 65.06712080 
  4.785000e+00  9.15349086 65.06709870 
  4.790000e+00  9.15349086 65.06707671 
  4.795000e+00  9.15349086 65.06705484 
  4.800000e+00  9.15349086 65.06703307 
  4.805000e+00  9.15349086 65.06701142 
  4.810000e+00  9.15349086 65.06698987 
  4.815000e+00  9.15349086 65.06696843 
  4.820000e+00  9.15349086 65.06694710 
  4.825000e+00  9.15349086 65.06692588 
  4.830000e+00  9.15349086 65.06690476 
  4.835000e+00  9.15349086 65.06688375 
  4.840000e+00  9.15349086 65.06686284 
  4.845000e+00  9.15349086 65.06684204 
  4.850000e+00  9.15349086 65.06682134 
  4.855000e+00  9.15349086 65.06680075 
  4.860000e+00  9.15349086 65.06678025 
  4.865000e+00  9.15349086 65.06675986 
  4.870000e+00  9.15349086 65.06673956 
  4.875000e+00  9.15349086 65.06671937 
  4.880000e+00  9.15349086 65.06669927 
  4.885000e+00  9.15349086 65.06667928 
  4.890000e+00  9.15349086 65.06665938 
  4.895000e+00  9.15349086 65.06663957 
  4.900000e+00  9.15349086 65.06661987 
  4.905000e+00  9.15349086 65.06660026 
  4.910000e+00  9.15349086 65.06658074 
  4.915000e+00  9.15349086 65.06656132 
  4.920000e+00  9.15349086 65.06654199 
  4.925000e+00  9.15349086 65.06652276 
  4.930000e+00  9.15349086 65.06650362 
  4.935000e+00  9.15349086 65.06648457 
  4.940000e+00  9.15349086 65.06646561 
  4.945000e+00  9.15349086 65.06644675 
  4.950000e+00  9.15349086 65.06642797 
  4.955000e+00  9.15349086 65.06640928 
  4.960000e+00  9.15349086 65.06639068 
  4.965000e+00  9.15349086 65.06637217 
  4.970000e+00  9.15349086 65.06635375 
  4.975000e+00  9.15349086 65.06633541 
  4.980000e+00  9.15349086 65.06631716 
  4.985000e+00  9.15349086 65.06629900 
  4.990000e+00  9.15349086 65.06628092 
  4.995000e+00  9.15349086 65.06626293 
  5.000000e+00  9.15349086 65.06624502 
  5.005000e+00  9.15349086 65.06622719 
  5.010000e+00  9.15349086 65.06620945 
  5.015000e+00  9.15349086 65.06619179 
  5.020000e+00  9.15349086 65.06617422 
  5.025000e+00  9.15349086 65.06615672 
  5.030000e+00  9.15349086 65.06613931 
  5.035000e+00  9.15349086 65.06612197 
  5.040000e+00  9.15349086 65.06610472 
  5.045000e+00  9.15349086 65.06608754 
  5.050000e+00  9.15349086 65.06607045 
  5.055000e+00  9.15349086 65.06605343 
  5.060000e+00  9.15349086 65.06603649 
  5.065000e+00  9.15349086 65.06601963 
  5.070000e+00  9.15349086 65.06600285 
  5.075000e+00  9.15349086 65.06598614 
  5.080000e+00  9.15349086 65.06596951 
  5.085000e+00  9.15349086 65.06595295 
  5.090000e+00  9.15349086 65.06593647 
  5.095000e+00  9.15349086 65.06592006 
  5.100000e+00  9.15349086 65.06590373 
  5.105000e+00  9.15349086 65.06588747 
  5.110000e+00  9.15349086 65.06587129 
  5.115000e+00  9.15349086 65.06585517 
  5.120000e+00  9.15349086 65.06583913 
  5.125000e+00  9.15349086 65.06582316 
  5.130000e+00  9.15349086 65.06580727 
  5.135000e+00  9.15349086 65.06579144 
  5.140000e+00  9.15349086 65.06577569 
  5.145000e+00  9.15349086 65.06576000 
  5.150000e+00  9.15349086 65.06574438 
  5.155000e+00  9.15349086 65.06572884 
  5.160000e+00  9.15349086 65.06571336 
  5.165000e+00  9.15349086 65.06569795 
  5.170000e+00  9.15349086 65.06568261 
  5.175000e+00  9.15349086 65.06566733 
  5.180000e+00  9.15349086 65.06565213 
  5.185000e+00  9.15349086 65.06563699 
  5.190000e+00  9.15349086 65.06562191 
  5.195000e+00  9.15349086 65.06560690 
  5.200000e+00  9.15349086 65.06559196 
  5.205000e+00  9.15349086 65.06557708 
  5.210000e+00  9.15349086 65.06556227 
  5.215000e+00  9.15349086 65.06554752 
  5.220000e+00  9.15349086 65.06553284 
  5.225000e+00  9.15349086 65.06551822 
  5.230000e+00  9.15349086 65.06550366 
  5.235000e+00  9.15349086 65.06548916 
  5.240000e+00  9.15349086 65.06547473 
  5.245000e+00  9.15349086 65.06546036 
  5.250000e+00  9.15349086 65.06544605 
  5.255000e+00  9.15349086 65.06543181 
  5.260000e+00  9.15349086 65.06541762 
  5.265000e+00  9.15349086 65.06540349 
  5.270000e+00  9.15349086 65.06538943 
  5.275000e+00  9.15349086 65.06537542 
  5.280000e+00  9.15349086 65.06536148 
  5.285000e+00  9.15349086 65.06534759 
  5.290000e+00  9.15349086 65.06533376 
  5.295000e+00  9.15349086 65.06531999 
  5.300000e+00  9.15349086 65.06530628 
  5.305000e+00  9.15349086 65.06529263 
  5.310000e+00  9.15349086 65.06527903 
  5.315000e+00  9.15349086 65.06526549 
  5.320000e+00  9.15349086 65.06525201 
  5.325000e+00  9.15349086 65.06523858 
  5.330000e+00  9.15349086 65.06522521 
  5.335000e+00  9.15349086 65.06521190 
  5.340000e+00  9.15349086 65.06519864 
  5.345000e+00  9.15349086 65.06518544 
  5.350000e+00  9.15349086 65.06517229 
  5.355000e+00  9.15349086 65.06515920 
  5.360000e+00  9.15349086 65.06514616 
  5.365000e+00  9.15349086 65.06513317 
  5.370000e+00  9.15349086 65.06512024 
  5.375000e+00  9.15349086 65.06510736 
  5.380000e+00  9.15349086 65.06509453 
  5.385000e+00  9.15349086 65.06508176 
  5.390000e+00  9.15349086 65.06506904 
  5.395000e+00  9.15349086 65.06505637 
  5.400000e+00  9.15349086 65.06504376 
  5.405000e+00  9.15349086 65.06503119 
  5.410000e+00  9.15349086 65.06501868 
  5.415000e+00  9.15349086 65.06500622 
  5.420000e+00  9.15349086 65.06499381 
  5.425000e+00  9.15349086 65.06498144 
  5.430000e+00  9.15349086 65.06496913 
  5.435000e+00  9.15349086 65.06495687 
  5.440000e+00  9.15349086 65.06494466 
  5.445000e+00  9.15349086 65.06493250 
  5.450000e+00  9.15349086 65.06492038 
  5.455000e+00  9.15349086 65.06490832 
  5.460000e+00  9.15349086 65.06489630 
  5.465000e+00  9.15349086 65.06488434 
  5.470000e+00  9.15349086 65.06487242 
  5.475000e+00  9.15349086 65.06486054 
  5.480000e+00  9.15349086 65.06484872 
  5.485000e+00  9.15349086 65.06483694 
  5.490000e+00  9.15349086 65.06482521 
  5.495000e+00  9.15349086 65.06481353 
  5.500000e+00  9.15349086 65.06480189 
  5.505000e+00  9.15349086 65.06479030 
  5.510000e+00  9.15349086 65.06477875 
  5.515000e+00  9.15349086 65.06476725 
  5.520000e+00  9.15349086 65.06475580 
  5.525000e+00  9.15349086 65.06474439 
  5.530000e+00  9.15349086 65.06473302 
  5.535000e+00  9.15349086 65.06472170 
  5.540000e+00  9.15349086 65.06471043 
  5.545000e+00  9.15349086 65.06469920 
  5.550000e+00  9.15349086 65.06468801 
  5.555000e+00  9.15349086 65.06467687 
  5.560000e+00  9.15349086 65.06466577 
  5.565000e+00  9.15349086 65.06465471 
  5.570000e+00  9.15349086 65.06464370 
  5.575000e+00  9.15349086 65.06463273 
  5.580000e+00  9.15349086 65.06462180 
  5.585000e+00  9.15349086 65.06461091 
  5.590000e+00  9.15349086 65.06460007 
  5.595000e+00  9.15349086 65.06458927 
  5.600000e+00  9.15349086 65.06457851 
  5.605000e+00  9.15349086 65.06456779 
  5.610000e+00  9.15349086 65.06455711 
  5.615000e+00  9.15349086 65.06454648 
  5.620000e+00  9.15349086 65.06453588 
  5.625000e+00  9.15349086 65.06452533 
  5.630000e+00  9.15349086 65.06451481 
  5.635000e+00  9.15349086 65.06450434 
  5.640000e+00  9.15349086 65.06449391 
  5.645000e+00  9.15349086 65.06448351 
  5.650000e+00  9.15349086 65.06447316 
  5.655000e+00  9.15349086 65.06446284 
  5.660000e+00  9.15349086 65.06445257 
  5.665000e+00  9.15349086 65.06444233 
  5.670000e+00  9.15349086 65.06443213 
  5.675000e+00  9.15349086 65.06442197 
  5.680000e+00  9.15349086 65.06441185 
  5.685000e+00  9.15349086 65.06440177 
  5.690000e+00  9.15349086 65.06439172 
  5.695000e+00  9.15349086 65.06438172 
  5.700000e+00  9.15349086 65.06437175 
  5.705000e+00  9.15349086 65.06436181 
  5.710000e+00  9.15349086 65.06435192 
  5.715000e+00  9.15349086 65.06434206 
  5.720000e+00  9.15349086 65.06433224 
  5.725000e+00  9.15349086 65.06432246 
  5.730000e+00  9.15349086 65.06431271 
  5.735000e+00  9.15349086 65.06430300 
  5.740000e+00  9.15349086 65.06429332 
  5.745000e+00  9.15349086 65.06428368 
  5.750000e+00  9.15349086 65.06427408 
  5.755000e+00  9.15349086 65.06426451 
  5.760000e+00  9.15349086 65.06425498 
  5.765000e+00  9.15349086 65.06424548 
  5.770000e+00  9.15349086 65.06423602 
  5.775000e+00  9.15349086 65.06422659 
  5.780000e+00  9.15349086 65.06421720 
  5.785000e+00  9.15349086 65.06420784 
  5.790000e+00  9.15349086 65.06419852 
  5.795000e+00  9.15349086 65.06418923 
  5.800000e+00  9.15349086 65.06417997 
  5.805000e+00  9.15349086 65.06417075 
  5.810000e+00  9.15349086 65.06416156 
  5.815000e+00  9.15349086 65.06415241 
  5.820000e+00  9.15349086 65.06414328 
  5.825000e+00  9.15349086 65.06413420 
  5.830000e+00  9.15349086 65.06412514 
  5.835000e+00  9.15349086 65.06411612 
  5.840000e+00  9.15349086 65.06410713 
  5.845000e+00  9.15349086 65.06409817 
  5.850000e+00  9.15349086 65.06408925 
  5.855000e+00  9.15349086 65.06408036 
  5.860000e+00  9.15349086 65.06407150 
  5.865000e+00  9.15349086 65.06406267 
  5.870000e+00  9.15349086 65.06405387 
  5.875000e+00  9.15349086 65.06404511 
  5.880000e+00  9.15349086 65.06403638 
  5.885000e+00  9.15349086 65.06402768 
  5.890000e+00  9.15349086 65.06401900 
  5.895000e+00  9.15349086 65.06401037 
  5.900000e+00  9.15349086 65.06400176 
  5.905000e+00  9.15349086 65.06399318 
  5.910000e+00  9.15349086 65.06398463 
  5.915000e+00  9.15349086 65.06397612 
  5.920000e+00  9.15349086 65.06396763 
  5.925000e+00  9.15349086 65.06395917 
  5.930000e+00  9.15349086 65.06395075 
  5.935000e+00  9.15349086 65.06394235 
  5.940000e+00  9.15349086 65.06393398 
  5.945000e+00  9.15349086 65.06392565 
  5.950000e+00  9.15349086 65.06391734 
  5.955000e+00  9.15349086 65.06390906 
  5.960000e+00  9.15349086 65.06390081 
  5.965000e+00  9.15349086 65.06389259 
  5.970000e+00  9.15349086 65.06388440 
  5.975000e+00  9.15349086 65.06387624 
  5.980000e+00  9.15349086 65.06386811 
  5.985000e+00  9.15349086 65.06386000 
  5.990000e+00  9.15349086 65.06385192 
  5.995000e+00  9.15349086 65.06384388 
  6.000000e+00  9.15349086 65.06383586 
  6.005000e+00  9.15349086 65.06382786 
  6.010000e+00  9.15349086 65.06381990 
  6.015000e+00  9.15349086 65.06381196 
  6.020000e+00  9.15349086 65.06380405 
  6.025000e+00  9.15349086 65.06379617 
  6.030000e+00  9.15349086 65.06378832 
  6.035000e+00  9.15349086 65.06378049 
  6.040000e+00  9.15349086 65.06377269 
  6.045000e+00  9.15349086 65.06376492 
  6.050000e+00  9.15349086 65.06375717 
  6.055000e+00  9.15349086 65.06374945 
  6.060000e+00  9.15349086 65.06374176 
  6.065000e+00  9.15349086 65.06373410 
  6.070000e+00  9.15349086 65.06372646 
  6.075000e+00  9.15349086 65.06371884 
  6.080000e+00  9.15349086 65.06371126 
  6.085000e+00  9.15349086 65.06370369 
  6.090000e+00  9.15349086 65.06369616 
  6.095000e+00  9.15349086 65.06368865 
  6.100000e+00  9.15349086 65.06368117 
  6.105000e+00  9.15349086 65.06367371 
  6.110000e+00  9.15349086 65.06366627 
  6.115000e+00  9.15349086 65.06365887 
  6.120000e+00  9.15349086 65.06365149 
  6.125000e+00  9.15349086 65.06364413 
  6.130000e+00  9.15349086 65.06363680 
  6.135000e+00  9.15349086 65.06362949 
  6.140000e+00  9.15349086 65.06362221 
  6.145000e+00  9.15349086 65.06361495 
  6.150000e+00  9.15349086 65.06360772 
  6.155000e+00  9.15349086 65.06360051 
  6.160000e+00  9.15349086 65.06359332 
  6.165000e+00  9.15349086 65.06358616 
  6.170000e+00  9.15349086 65.06357903 
  6.175000e+00  9.15349086 65.06357191 
  6.180000e+00  9.15349086 65.06356483 
  6.185000e+00  9.15349086 65.06355776 
  6.190000e+00  9.15349086 65.06355072 
  6.195000e+00  9.15349086 65.06354370 
  6.200000e+00  9.15349086 65.06353671 
  6.205000e+00  9.15349086 65.06352974 
  6.210000e+00  9.15349086 65.06352279 
  6.215000e+00  9.15349086 65.06351587 
  6.220000e+00  9.15349086 65.06350897 
  6.225000e+00  9.15349086 65.06350209 
  6.230000e+00  9.15349086 65.06349524 
  6.235000e+00  9.15349086 65.06348841 
  6.240000e+00  9.15349086 65.06348160 
  6.245000e+00  9.15349086 65.06347481 
  6.250000e+00  9.15349086 65.06346805 
  6.255000e+00  9.15349086 65.06346131 
  6.260000e+00  9.15349086 65.06345459 
  6.265000e+00  9.15349086 65.06344789 
  6.270000e+00  9.15349086 65.06344121 
  6.275000e+00  9.15349086 65.06343456 
  6.280000e+00  9.15349086 65.06342793 
  6.285000e+00  9.15349086 65.06342132 
  6.290000e+00  9.15349086 65.06341473 
  6.295000e+00  9.15349086 65.06340817 
  6.300000e+00  9.15349086 65.06340162 
  6.305000e+00  9.15349086 65.06339510 
  6.310000e+00  9.15349086 65.06338860 
  6.315000e+00  9.15349086 65.06338212 
  6.320000e+00  9.15349086 65.06337566 
  6.325000e+00  9.15349086 65.06336922 
  6.330000e+00  9.15349086 65.06336281 
  6.335000e+00  9.15349086 65.06335641 
  6.340000e+00  9.15349086 65.06335004 
  6.345000e+00  9.15349086 65.06334368 
  6.350000e+00  9.15349086 65.06333735 
  6.355000e+00  9.15349086 65.06333104 
  6.360000e+00  9.15349086 65.06332474 
  6.365000e+00  9.15349086 65.06331847 
  6.370000e+00  9.15349086 65.06331222 
  6.375000e+00  9.15349086 65.06330599 
  6.380000e+00  9.15349086 65.06329978 
  6.385000e+00  9.15349086 65.06329359 
  6.390000e+00  9.15349086 65.06328742 
  6.395000e+00  9.15349086 65.06328127 
  6.400000e+00  9.15349086 65.06327513 
  6.405000e+00  9.15349086 65.06326902 
  6.410000e+00  9.15349086 65.06326293 
  6.415000e+00  9.15349086 65.06325686 
  6.420000e+00  9.15349086 65.06325081 
  6.425000e+00  9.15349086 65.06324477 
  6.430000e+00  9.15349086 65.06323876 
  6.435000e+00  9.15349086 65.06323276 
  6.440000e+00  9.15349086 65.06322679 
  6.445000e+00  9.15349086 65.06322083 
  6.450000e+00  9.15349086 65.06321490 
  6.455000e+00  9.15349086 65.06320898 
  6.460000e+00  9.15349086 65.06320308 
  6.465000e+00  9.15349086 65.06319720 
  6.470000e+00  9.15349086 65.06319133 
  6.475000e+00  9.15349086 65.06318549 
  6.480000e+00  9.15349086 65.06317967 
  6.485000e+00  9.15349086 65.06317386 
  6.490000e+00  9.15349086 65.06316807 
  6.495000e+00  9.15349086 65.06316230 
  6.500000e+00  9.15349086 65.06315655 
  6.505000e+00  9.15349086 65.06315082 
  6.510000e+00  9.15349086 65.06314510 
  6.515000e+00  9.15349086 65.06313941 
  6.520000e+00  9.15349086 65.06313373 
  6.525000e+00  9.15349086 65.06312807 
  6.530000e+00  9.15349086 65.06312242 
  6.535000e+00  9.15349086 65.06311680 
  6.540000e+00  9.15349086 65.06311119 
  6.545000e+00  9.15349086 65.06310560 
  6.550000e+00  9.15349086 65.06310003 
  6.555000e+00  9.15349086 65.06309447 
  6.560000e+00  9.15349086 65.06308894 
  6.565000e+00  9.15349086 65.06308342 
  6.570000e+00  9.15349086 65.06307791 
  6.575000e+00  9.15349086 65.06307243 
  6.580000e+00  9.15349086 65.06306696 
  6.585000e+00  9.15349086 65.06306151 
  6.590000e+00  9.15349086 65.06305607 
  6.595000e+00  9.15349086 65.06305066 
  6.600000e+00  9.15349086 65.06304526 
  6.605000e+00  9.15349086 65.06303987 
  6.610000e+00  9.15349086 65.06303450 
  6.615000e+00  9.15349086 65.06302915 
  6.620000e+00  9.15349086 65.06302382 
  6.625000e+00  9.15349086 65.06301850 
  6.630000e+00  9.15349086 65.06301320 
  6.635000e+00  9.15349086 65.06300792 
  6.640000e+00  9.15349086 65.06300265 
  6.645000e+00  9.15349086 65.06299740 
  6.650000e+00  9.15349086 65.06299216 
  6.655000e+00  9.15349086 65.06298694 
  6.660000e+00  9.15349086 65.06298174 
  6.665000e+00  9.15349086 65.06297655 
  6.670000e+00  9.15349086 65.06297138 
  6.675000e+00  9.15349086 65.06296623 
  6.680000e+00  9.15349086 65.06296109 
  6.685000e+00  9.15349086 65.06295596 
  6.690000e+00  9.15349086 65.06295086 
  6.695000e+00  9.15349086 65.06294576 
  6.700000e+00  9.15349086 65.06294069 
  6.705000e+00  9.15349086 65.06293563 
  6.710000e+00  9.15349086 65.06293058 
  6.715000e+00  9.15349086 65.06292555 
  6.720000e+00  9.15349086 65.06292054 
  6.725000e+00  9.15349086 65.06291554 
  6.730000e+00  9.15349086 65.06291055 
  6.735000e+00  9.15349086 65.06290558 
  6.740000e+00  9.15349086 65.06290063 
  6.745000e+00  9.15349086 65.06289569 
  6.750000e+00  9.15349086 65.06289077 
  6.755000e+00  9.15349086 65.06288586 
  6.760000e+00  9.15349086 65.06288097 
  6.765000e+00  9.15349086 65.06287609 
  6.770000e+00  9.15349086 65.06287122 
  6.775000e+00  9.15349086 65.06286637 
  6.780000e+00  9.15349086 65.06286154 
  6.785000e+00  9.15349086 65.06285672 
  6.790000e+00  9.15349086 65.06285191 
  6.795000e+00  9.15349086 65.06284712 
  6.800000e+00  9.15349086 65.06284235 
  6.805000e+00  9.15349086 65.06283759 
  6.810000e+00  9.15349086 65.06283284 
  6.815000e+00  9.15349086 65.06282810 
  6.820000e+00  9.15349086 65.06282339 
  6.825000e+00  9.15349086 65.06281868 
  6.830000e+00  9.15349086 65.06281399 
  6.835000e+00  9.15349086 65.06280931 
  6.840000e+00  9.15349086 65.06280465 
  6.845000e+00  9.15349086 65.06280000 
  6.850000e+00  9.15349086 65.06279537 
  6.855000e+00  9.15349086 65.06279075 
  6.860000e+00  9.15349086 65.06278614 
  6.865000e+00  9.15349086 65.06278155 
  6.870000e+00  9.15349086 65.06277697 
  6.875000e+00  9.15349086 65.06277240 
  6.880000e+00  9.15349086 65.06276785 
  6.885000e+00  9.15349086 65.06276331 
  6.890000e+00  9.15349086 65.06275879 
  6.895000e+00  9.15349086 65.06275427 
  6.900000e+00  9.15349086 65.06274978 
  6.905000e+00  9.15349086 65.06274529 
  6.910000e+00  9.15349086 65.06274082 
  6.915000e+00  9.15349086 65.06273636 
  6.920000e+00  9.15349086 65.06273192 
  6.925000e+00  9.15349086 65.06272749 
  6.930000e+00  9.15349086 65.06272307 
  6.935000e+00  9.15349086 65.06271866 
  6.940000e+00  9.15349086 65.06271427 
  6.945000e+00  9.15349086 65.06270989 
  6.950000e+00  9.15349086 65.06270552 
  6.955000e+00  9.15349086 65.06270117 
  6.960000e+00  9.15349086 65.06269683 
  6.965000e+00  9.15349086 65.06269250 
  6.970000e+00  9.15349086 65.06268819 
  6.975000e+00  9.15349086 65.06268389 
  6.980000e+00  9.15349086 65.06267960 
  6.985000e+00  9.15349086 65.06267532 
  6.990000e+00  9.15349086 65.06267105 
  6.995000e+00  9.15349086 65.06266680 
  7.000000e+00  9.15349086 65.06266256 
  7.005000e+00  9.15349086 65.06265834 
  7.010000e+00  9.15349086 65.06265412 
  7.015000e+00  9.15349086 65.06264992 
  7.020000e+00  9.15349086 65.06264573 
  7.025000e+00  9.15349086 65.06264155 
  7.030000e+00  9.15349086 65.06263739 
  7.035000e+00  9.15349086 65.06263323 
  7.040000e+00  9.15349086 65.06262909 
  7.045000e+00  9.15349086 65.06262496 
  7.050000e+00  9.15349086 65.06262085 
  7.055000e+00  9.15349086 65.06261674 
  7.060000e+00  9.15349086 65.06261265 
  7.065000e+00  9.15349086 65.06260857 
  7.070000e+00  9.15349086 65.06260450 
  7.075000e+00  9.15349086 65.06260044 
  7.080000e+00  9.15349086 65.06259640 
  7.085000e+00  9.15349086 65.06259236 
  7.090000e+00  9.15349086 65.06258834 
  7.095000e+00  9.15349086 65.06258433 
  7.100000e+00  9.15349086 65.06258033 
  7.105000e+00  9.15349086 65.06257634 
  7.110000e+00  9.15349086 65.06257237 
  7.115000e+00  9.15349086 65.06256841 
  7.120000e+00  9.15349086 65.06256445 
  7.125000e+00  9.15349086 65.06256051 
  7.130000e+00  9.15349086 65.06255658 
  7.135000e+00  9.15349086 65.06255266 
  7.140000e+00  9.15349086 65.06254876 
  7.145000e+00  9.15349086 65.06254486 
  7.150000e+00  9.15349086 65.06254098 
  7.155000e+00  9.15349086 65.06253710 
  7.160000e+00  9.15349086 65.06253324 
  7.165000e+00  9.15349086 65.06252939 
  7.170000e+00  9.15349086 65.06252555 
  7.175000e+00  9.15349086 65.06252172 
  7.180000e+00  9.15349086 65.06251790 
  7.185000e+00  9.15349086 65.06251409 
  7.190000e+00  9.15349086 65.06251030 
  7.195000e+00  9.15349086 65.06250651 
  7.200000e+00  9.15349086 65.06250274 
  7.205000e+00  9.15349086 65.06249898 
  7.210000e+00  9.15349086 65.06249522 
  7.215000e+00  9.15349086 65.06249148 
  7.220000e+00  9.15349086 65.06248775 
  7.225000e+00  9.15349086 65.06248403 
  7.230000e+00  9.15349086 65.06248032 
  7.235000e+00  9.15349086 65.06247662 
  7.240000e+00  9.15349086 65.06247293 
  7.245000e+00  9.15349086 65.06246925 
  7.250000e+00  9.15349086 65.06246558 
  7.255000e+00  9.15349086 65.06246193 
  7.260000e+00  9.15349086 65.06245828 
  7.265000e+00  9.15349086 65.06245464 
  7.270000e+00  9.15349086 65.06245102 
  7.275000e+00  9.15349086 65.06244740 
  7.280000e+00  9.15349086 65.06244379 
  7.285000e+00  9.15349086 65.06244020 
  7.290000e+00  9.15349086 65.06243661 
  7.295000e+00  9.15349086 65.06243304 
  7.300000e+00  9.15349086 65.06242947 
  7.305000e+00  9.15349086 65.06242592 
  7.310000e+00  9.15349086 65.06242237 
  7.315000e+00  9.15349086 65.06241884 
  7.320000e+00  9.15349086 65.06241531 
  7.325000e+00  9.15349086 65.06241180 
  7.330000e+00  9.15349086 65.06240829 
  7.335000e+00  9.15349086 65.06240480 
  7.340000e+00  9.15349086 65.06240131 
  7.345000e+00  9.15349086 65.06239784 
  7.350000e+00  9.15349086 65.06239437 
  7.355000e+00  9.15349086 65.06239091 
  7.360000e+00  9.15349086 65.06238747 
  7.365000e+00  9.15349086 65.06238403 
  7.370000e+00  9.15349086 65.06238060 
  7.375000e+00  9.15349086 65.06237719 
  7.380000e+00  9.15349086 65.06237378 
  7.385000e+00  9.15349086 65.06237038 
  7.390000e+00  9.15349086 65.06236699 
  7.395000e+00  9.15349086 65.06236361 
  7.400000e+00  9.15349086 65.06236024 
  7.405000e+00  9.15349086 65.06235688 
  7.410000e+00  9.15349086 65.06235353 
  7.415000e+00  9.15349086 65.06235019 
  7.420000e+00  9.15349086 65.06234686 
  7.425000e+00  9.15349086 65.06234354 
  7.430000e+00  9.15349086 65.06234022 
  7.435000e+00  9.15349086 65.06233692 
  7.440000e+00  9.15349086 65.06233362 
  7.445000e+00  9.15349086 65.06233034 
  7.450000e+00  9.15349086 65.06232706 
  7.455000e+00  9.15349086 65.06232379 
  7.460000e+00  9.15349086 65.06232053 
  7.465000e+00  9.15349086 65.06231728 
  7.470000e+00  9.15349086 65.06231404 
  7.475000e+00  9.15349086 65.06231081 
  7.480000e+00  9.15349086 65.06230759 
  7.485000e+00  9.15349086 65.06230438 
  7.490000e+00  9.15349086 65.06230117 
  7.495000e+00  9.15349086 65.06229798 
  7.500000e+00  9.15349086 65.06229479 
  7.505000e+00  9.15349086 65.06229161 
  7.510000e+00  9.15349086 65.06228844 
  7.515000e+00  9.15349086 65.06228528 
  7.520000e+00  9.15349086 65.06228213 
  7.525000e+00  9.15349086 65.06227899 
  7.530000e+00  9.15349086 65.06227585 
  7.535000e+00  9.15349086 65.06227273 
  7.540000e+00  9.15349086 65.06226961 
  7.545000e+00  9.15349086 65.06226650 
  7.550000e+00  9.15349086 65.06226340 
  7.555000e+00  9.15349086 65.06226031 
  7.560000e+00  9.15349086 65.06225723 
  7.565000e+00  9.15349086 65.06225415 
  7.570000e+00  9.15349086 65.06225109 
  7.575000e+00  9.15349086 65.06224803 
  7.580000e+00  9.15349086 65.06224498 
  7.585000e+00  9.15349086 65.06224194 
  7.590000e+00  9.15349086 65.06223891 
  7.595000e+00  9.15349086 65.06223589 
  7.600000e+00  9.15349086 65.06223287 
  7.605000e+00  9.15349086 65.06222986 
  7.610000e+00  9.15349086 65.06222686 
  7.615000e+00  9.15349086 65.06222387 
  7.620000e+00  9.15349086 65.06222089 
  7.625000e+00  9.15349086 65.06221792 
  7.630000e+00  9.15349086 65.06221495 
  7.635000e+00  9.15349086 65.06221199 
  7.640000e+00  9.15349086 65.06220904 
  7.645000e+00  9.15349086 65.06220610 
  7.650000e+00  9.15349086 65.06220317 
  7.655000e+00  9.15349086 65.06220024 
  7.660000e+00  9.15349086 65.06219732 
  7.665000e+00  9.15349086 65.06219441 
  7.670000e+00  9.15349086 65.06219151 
  7.675000e+00  9.15349086 65.06218861 
  7.680000e+00  9.15349086 65.06218573 
  7.685000e+00  9.15349086 65.06218285 
  7.690000e+00  9.15349086 65.06217998 
  7.695000e+00  9.15349086 65.06217712 
  7.700000e+00  9.15349086 65.06217426 
  7.705000e+00  9.15349086 65.06217141 
  7.710000e+00  9.15349086 65.06216857 
  7.715000e+00  9.15349086 65.06216574 
  7.720000e+00  9.15349086 65.06216292 
  7.725000e+00  9.15349086 65.06216010 
  7.730000e+00  9.15349086 65.06215729 
  7.735000e+00  9.15349086 65.06215449 
  7.740000e+00  9.15349086 65.06215170 
  7.745000e+00  9.15349086 65.06214891 
  7.750000e+00  9.15349086 65.06214613 
  7.755000e+00  9.15349086 65.06214336 
  7.760000e+00  9.15349086 65.06214060 
  7.765000e+00  9.15349086 65.06213784 
  7.770000e+00  9.15349086 65.06213509 
  7.775000e+00  9.15349086 65.06213235 
  7.780000e+00  9.15349086 65.06212962 
  7.785000e+00  9.15349086 65.06212689 
  7.790000e+00  9.15349086 65.06212417 
  7.795000e+00  9.15349086 65.06212146 
  7.800000e+00  9.15349086 65.06211876 
  7.805000e+00  9.15349086 65.06211606 
  7.810000e+00  9.15349086 65.06211337 
  7.815000e+00  9.15349086 65.06211069 
  7.820000e+00  9.15349086 65.06210801 
  7.825000e+00  9.15349086 65.06210534 
  7.830000e+00  9.15349086 65.06210268 
  7.835000e+00  9.15349086 65.06210003 
  7.840000e+00  9.15349086 65.06209738 
  7.845000e+00  9.15349086 65.06209474 
  7.850000e+00  9.15349086 65.06209211 
  7.855000e+00  9.15349086 65.06208948 
  7.860000e+00  9.15349086 65.06208687 
  7.865000e+00  9.15349086 65.06208425 
  7.870000e+00  9.15349086 65.06208165 
  7.875000e+00  9.15349086 65.06207905 
  7.880000e+00  9.15349086 65.06207646 
  7.885000e+00  9.15349086 65.06207388 
  7.890000e+00  9.15349086 65.06207130 
  7.895000e+00  9.15349086 65.06206873 
  7.900000e+00  9.15349086 65.06206617 
  7.905000e+00  9.15349086 65.06206361 
  7.910000e+00  9.15349086 65.06206106 
  7.915000e+00  9.15349086 65.06205852 
  7.920000e+00  9.15349086 65.06205598 
  7.925000e+00  9.15349086 65.06205346 
  7.930000e+00  9.15349086 65.06205093 
  7.935000e+00  9.15349086 65.06204842 
  7.940000e+00  9.15349086 65.06204591 
  7.945000e+00  9.15349086 65.06204341 
  7.950000e+00  9.15349086 65.06204091 
  7.955000e+00  9.15349086 65.06203842 
  7.960000e+00  9.15349086 65.06203594 
  7.965000e+00  9.15349086 65.06203346 
  7.970000e+00  9.15349086 65.06203100 
  7.975000e+00  9.15349086 65.06202853 
  7.980000e+00  9.15349086 65.06202608 
  7.985000e+00  9.15349086 65.06202363 
  7.990000e+00  9.15349086 65.06202118 
  7.995000e+00  9.15349086 65.06201875 
  8.000000e+00  9.15349086 65.06201632 
